359347
359348
359349
359350
359351
359352
359353
359354
359355
359356
359357
359358
359359
359360
359361
359362
359363
359364
359365
359366
359367
359368
359369
359370
359371
359372
359425
359426
359427
359428
359429
359430
359431
359432
359433
359434
359435
359436
359437
359438
359439
359440
359441
359442
359443
359444
359445
359446
359447
359448
359449
359450
359503
359504
359505
359506
359507
359508
359509
359510
359511
359512
359513
359514
359515
359516
359517
359518
359519
359520
359521
359522
359523
359524
359525
359526
359527
359555
359556
359557
359558
359559
359560
359561
359562
359563
359564
359565
359566
359567
359568
359569
359570
359571
359572
359573
359574
359575
359576
359577
359578
359579
359580
359607
359608
359609
359610
359611
359612
359613
359614
359615
359616
359617
359618
359619
359620
359621
359622
359623
359624
359625
359626
359627
359628
359629
359630
359631
359632
359659
359660
359661
359662
359663
359664
359665
359666
359667
359668
359669
359670
359671
359672
359673
359674
359675
359676
359677
359678
359679
359680
359681
359682
359683
359684
359711
359712
359713
359714
359715
359716
359717
359718
359719
359720
359721
359722
359723
359724
359725
359726
359727
359728
359729
359730
359731
359732
359733
359734
359735
359736
359763
359764
359765
359766
359767
359768
359769
359770
359771
359772
359773
359774
359775
359776
359777
359778
359779
359780
359781
359782
359783
359784
359785
359786
359787
359788
359815
359816
359817
359818
359819
359820
359821
359822
359823
359824
359825
359826
359827
359828
359829
359830
359831
359832
359833
359834
359835
359836
359837
359838
359839
359840
359867
359868
359869
359870
359871
359872
359873
359874
359875
359876
359877
359878
359879
359880
359881
359882
359883
359884
359885
359886
359887
359888
359889
359890
359891
359892
359894
359895
359896
359897
359898
359899
359900
359901
359902
359903
359904
359905
359906
359907
359908
359909
359910
359911
359912
359913
359914
359915
359916
359917
359918
359945
359946
359947
359948
359949
359950
359951
359952
359953
359954
359955
359956
359957
359958
359959
359960
359961
359962
359963
359964
359965
359966
359967
359968
359969
359970
360075
360076
360077
360078
360079
360080
360081
360082
360083
360084
360085
360086
360087
360088
360089
360090
360091
360092
360093
360094
360095
360096
360097
360098
360099
360100
360127
360128
360129
360130
360131
360132
360133
360134
360135
360136
360137
360138
360139
360140
360141
360142
360143
360144
360145
360146
360147
360148
360149
360150
360151
360152
360179
360180
360181
360182
360183
360184
360185
360186
360187
360188
360189
360190
360191
360192
360193
360194
360195
360196
360197
360198
360199
360200
360201
360202
360203
360204
360231
360232
360233
360234
360235
360236
360237
360238
360239
360240
360241
360242
360243
360244
360245
360246
360247
360248
360249
360250
360251
360252
360253
360254
360255
360256
360309
360310
360311
360312
360313
360314
360315
360316
360317
360318
360319
360320
360321
360322
360323
360324
360325
360326
360327
360328
360329
360330
360331
360332
360333
360334
360335
360337
360338
360339
360340
360341
360342
360343
360344
360345
360346
360347
360348
360349
360350
360351
360352
360353
360354
360355
360356
360357
360358
360359
360360
360361
360363
360364
360365
360366
360367
360368
360369
360370
360371
360372
360373
360374
360375
360376
360377
360378
360379
360380
360381
360382
360383
360384
360385
360386
360413
360414
360415
360416
360417
360418
360419
360420
360421
360422
360423
360424
360425
360426
360427
360428
360429
360430
360431
360433
360434
360435
360436
360437
360438
360465
360466
360467
360468
360469
360470
360471
360472
360473
360474
360475
360476
360477
360478
360479
360480
360481
360482
360483
360484
360485
360486
360487
360488
360489
360490
360492
360493
360495
360496
360497
360498
360499
360500
360501
360502
360503
360504
360505
360506
360507
360508
360509
360510
360511
360512
360513
360514
360515
360516
360569
360570
360571
360572
360573
360574
360575
360576
360577
360578
360579
360580
360581
360582
360583
360584
360585
360586
360587
360588
360589
360590
360591
360592
360593
360594
360647
360648
360649
360650
360651
360652
360653
360654
360655
360656
360657
360658
360659
360660
360661
360662
360663
360664
360665
360666
360667
360668
360669
360670
360671
360672
360675
360676
360677
360678
360679
360680
360681
360682
360683
360684
360685
360686
360687
360688
360689
360690
360691
360692
360693
360694
360695
360696
360697
360698
360751
360752
360753
360754
360755
360756
360757
360758
360759
360760
360761
360762
360763
360764
360765
360766
360767
360768
360769
360770
360771
360772
360773
360774
360775
360776
360803
360804
360805
360806
360807
360808
360809
360810
360811
360812
360813
360814
360815
360816
360817
360818
360819
360820
360821
360822
360823
360824
360825
360826
360827
360828
360855
360856
360857
360858
360859
360860
360861
360862
360863
360864
360865
360866
360867
360868
360869
360870
360871
360872
360873
360874
360875
360876
360877
360878
360879
360880
360933
360934
360935
360936
360937
360938
360939
360940
360941
360942
360943
360944
360945
360946
360947
360948
360949
360950
360951
360952
360953
360954
360955
360956
360957
360958
361011
361012
361013
361014
361015
361016
361017
361018
361019
361020
361021
361022
361023
361024
361025
361026
361027
361028
361029
361030
361031
361032
361033
361034
361035
361036
361037
361038
361040
361041
361042
361043
361044
361045
361046
361047
361048
361049
361050
361051
361052
361053
361054
361055
361056
361057
361058
361059
361060
361061
361062
361089
361090
361091
361092
361093
361094
361095
361096
361097
361098
361099
361100
361101
361102
361103
361104
361105
361106
361107
361108
361109
361110
361111
361112
361113
361114
361167
361168
361169
361170
361171
361172
361173
361175
361176
361177
361178
361179
361180
361181
361182
361183
361184
361185
361186
361187
361188
361189
361190
361191
361192
361271
361272
361273
361274
361275
361276
361277
361278
361279
361280
361281
361282
361283
361284
361285
361286
361287
361288
361289
361290
361291
361292
361293
361294
361295
361296
361323
361324
361325
361326
361327
361328
361329
361330
361331
361332
361333
361334
361335
361336
361337
361338
361339
361340
361341
361342
361343
361344
361345
361346
361347
361348
361349
361351
361352
361353
361354
361355
361356
361357
361358
361359
361360
361361
361362
361363
361364
361365
361366
361367
361368
361369
361370
361371
361372
361373
361374
361427
361428
361429
361430
361431
361432
361433
361434
361435
361436
361437
361438
361440
361441
361442
361443
361444
361445
361446
361447
361448
361449
361450
361451
361452
361453
361454
361455
361456
361457
361458
361459
361460
361461
361462
361463
361464
361465
361466
361467
361468
361469
361470
361471
361472
361473
361474
361475
361476
361477
361478
361505
361506
361507
361508
361509
361510
361511
361512
361513
361514
361515
361516
361517
361518
361519
361521
361522
361523
361524
361525
361526
361527
361528
361529
361530
361532
361533
361534
361535
361536
361537
361538
361539
361540
361541
361542
361543
361544
361545
361546
361547
361548
361549
361550
361551
361552
361553
361554
361555
361556
361583
361584
361585
361586
361587
361588
361589
361590
361591
361592
361593
361594
361595
361596
361597
361598
361599
361600
361601
361602
361603
361604
361605
361606
361607
361608
361610
361611
361612
361613
361614
361615
361616
361617
361618
361620
361621
361622
361623
361624
361625
361626
361627
361628
361629
361630
361631
361632
361633
361634
361636
361637
361638
361639
361640
361641
361642
361643
361644
361645
361646
361647
361648
361649
361650
361651
361652
361653
361654
361655
361656
361657
361658
361659
361660
361739
361740
361741
361742
361743
361744
361745
361746
361747
361748
361749
361750
361751
361752
361753
361754
361755
361756
361757
361758
361759
361760
361761
361762
361763
361764
361843
361844
361845
361846
361847
361848
361849
361850
361851
361852
361853
361854
361855
361856
361857
361858
361859
361860
361861
361862
361863
361864
361865
361866
361867
361868
361895
361896
361897
361898
361899
361900
361901
361902
361903
361904
361905
361906
361907
361908
361909
361910
361911
361912
361913
361914
361915
361916
361917
361918
361919
361920
361921
361922
361923
361924
361925
361926
361927
361928
361929
361930
361931
361933
361934
361935
361936
361937
361938
361939
361940
361941
361942
361943
361944
361945
361946
361973
361974
361976
361977
361978
361979
361980
361981
361982
361983
361984
361985
361986
361988
361989
361990
361991
361992
361993
361994
361995
361996
361997
361998
362051
362052
362053
362054
362055
362056
362057
362058
362059
362060
362061
362062
362063
362064
362065
362066
362067
362068
362069
362070
362071
362072
362073
362074
362075
362076
362078
362079
362080
362081
362082
362083
362084
362085
362086
362087
362088
362089
362090
362091
362092
362093
362094
362095
362096
362097
362098
362099
362100
362101
362102
362129
362130
362131
362132
362133
362134
362135
362136
362137
362138
362139
362140
362141
362142
362143
362144
362145
362146
362147
362148
362149
362150
362151
362152
362153
362154
362233
362234
362235
362236
362237
362238
362239
362240
362241
362242
362243
362244
362245
362246
362247
362248
362249
362250
362251
362252
362253
362254
362255
362256
362257
362258
362311
362312
362313
362314
362315
362316
362317
362318
362319
362320
362321
362322
362323
362324
362325
362326
362327
362328
362329
362330
362331
362332
362333
362334
362335
362336
362338
362339
362340
362341
362342
362343
362344
362346
362347
362348
362349
362350
362351
362352
362353
362354
362355
362356
362357
362358
362359
362360
362361
362362
362415
362416
362417
362418
362419
362420
362421
362422
362423
362424
362425
362426
362427
362428
362429
362430
362431
362432
362434
362435
362436
362437
362438
362439
362440
362441
362442
362444
362445
362446
362447
362448
362449
362450
362451
362452
362453
362454
362455
362456
362457
362458
362459
362460
362461
362462
362463
362464
362465
362466
362467
362468
362469
362470
362471
362472
362473
362474
362475
362476
362477
362478
362479
362480
362481
362482
362483
362484
362485
362486
362487
362488
362489
362490
362491
362492
362493
362495
362496
362497
362498
362499
362500
362501
362502
362503
362504
362505
362506
362507
362508
362509
362510
362511
362512
362513
362514
362515
362516
362517
362518
362519
362520
362521
362522
362523
362524
362525
362526
362527
362528
362529
362530
362531
362532
362533
362534
362535
362536
362537
362538
362539
362540
362541
362542
362543
362544
362597
362598
362599
362600
362601
362602
362603
362604
362605
362606
362607
362608
362609
362610
362611
362612
362613
362614
362615
362616
362617
362618
362619
362620
362621
362622
362649
362650
362651
362652
362653
362654
362655
362656
362657
362658
362659
362660
362661
362662
362663
362664
362665
362666
362667
362668
362669
362670
362671
362672
362673
362674
362676
362677
362678
362679
362680
362681
362682
362683
362684
362685
362686
362687
362688
362690
362691
362692
362693
362694
362695
362696
362697
362698
362699
362700
362779
362780
362781
362782
362783
362784
362785
362786
362787
362788
362789
362790
362791
362792
362793
362794
362795
362796
362797
362799
362800
362801
362802
362803
362804
362805
362806
362807
362808
362809
362810
362811
362812
362813
362814
362815
362816
362817
362818
362819
362820
362821
362822
362823
362824
362825
362826
362827
362828
362829
362830
362832
362833
362834
362835
362836
362837
362838
362839
362840
362841
362842
362843
362844
362845
362846
362847
362848
362849
362850
362851
362852
362853
362854
362855
362856
362909
362910
362911
362912
362913
362914
362915
362916
362917
362918
362919
362920
362921
362922
362923
362924
362925
362926
362927
362928
362929
362930
362931
362932
362933
362934
362935
362936
362938
362941
362942
362943
362944
362945
362946
362947
362948
362949
362950
362951
362952
362953
362954
362955
362956
362957
362958
362959
362960
363013
363014
363015
363016
363017
363018
363019
363020
363021
363022
363024
363025
363026
363027
363028
363029
363030
363031
363032
363033
363034
363035
363036
363037
363038
363143
363144
363145
363146
363147
363148
363149
363151
363152
363154
363155
363156
363158
363159
363160
363161
363162
363163
363164
363165
363166
363167
363168
363169
363171
363172
363173
363174
363175
363176
363177
363178
363180
363181
363182
363183
363184
363185
363186
363187
363188
363189
363190
363191
363193
363194
363221
363222
363224
363225
363226
363227
363229
363230
363231
363232
363233
363234
363235
363236
363237
363238
363239
363240
363241
363242
363243
363244
363245
363246
363247
363248
363249
363250
363251
363252
363253
363254
363255
363256
363257
363258
363259
363260
363261
363262
363263
363264
363265
363266
363267
363268
363269
363270
363271
363272
363299
363300
363301
363302
363303
363304
363305
363306
363307
363308
363309
363310
363311
363312
363313
363314
363315
363316
363317
363318
363319
363320
363322
363323
363324
363403
363404
363405
363406
363407
363408
363409
363410
363411
363412
363413
363414
363415
363417
363419
363421
363422
363423
363424
363425
363426
363427
363428
363430
363431
363432
363433
363434
363435
363436
363437
363438
363439
363440
363441
363442
363443
363444
363445
363446
363447
363448
363449
363450
363451
363452
363453
363454
363533
363534
363535
363536
363537
363538
363539
363540
363541
363542
363543
363544
363545
363546
363547
363548
363549
363550
363551
363552
363553
363554
363555
363556
363557
363558
363663
363664
363665
363666
363667
363668
363669
363670
363671
363672
363673
363674
363675
363676
363677
363678
363679
363680
363681
363682
363683
363684
363685
363686
363687
363688
363690
363695
363696
363697
363698
363699
363700
363701
363702
363703
363704
363705
363706
363707
363708
363709
363710
363711
363712
363713
363714
363715
363716
363717
363718
363719
363720
363721
363722
363723
363724
363725
363726
363727
363728
363729
363730
363731
363732
363733
363734
363735
363736
363737
363738
363739
363740
363741
363742
363743
363744
363745
363746
363747
363748
363749
363750
363751
363752
363753
363754
363755
363756
363757
363758
363759
363760
363761
363762
363763
363764
363765
363766
363793
363794
363795
363796
363797
363798
363799
363800
363801
363802
363803
363804
363805
363806
363807
363808
363809
363810
363811
363812
363813
363814
363815
363816
363817
363818
363819
363821
363822
363823
363824
363825
363826
363827
363828
363829
363830
363831
363832
363833
363834
363835
363836
363837
363838
363839
363840
363841
363842
363843
363844
363845
363846
363847
363848
363849
363850
363851
363852
363853
363854
363855
363856
363857
363858
363859
363860
363861
363862
363863
363864
363865
363866
363867
363868
363869
363870
363949
363950
363951
363952
363953
363954
363955
363956
363957
363958
363959
363960
363961
363962
363963
363964
363965
363966
363967
363968
363969
363970
363972
363973
363974
364027
364028
364029
364030
364031
364032
364034
364035
364036
364037
364038
364039
364040
364041
364042
364043
364044
364045
364046
364047
364048
364049
364050
364051
364052
364053
364054
364055
364056
364059
364060
364061
364062
364063
364064
364066
364067
364068
364069
364070
364071
364072
364073
364074
364075
364076
364077
364078
364131
364132
364133
364134
364135
364136
364137
364138
364139
364140
364141
364142
364143
364144
364145
364146
364147
364150
364151
364152
364153
364154
364155
364156
364161
364162
364165
364166
364167
364168
364169
364170
364171
364172
364175
364176
364177
364178
364179
364180
364181
364182
