362337
364209
364210
364211
364212
364213
364214
364215
364216
364217
364218
364219
364220
364221
364222
364223
364224
364225
364226
364227
364228
364229
364230
364231
364232
364233
364234
364235
364236
364237
364238
364239
364240
364241
364242
364243
364244
364245
364246
364247
364248
364249
364250
364251
364252
364253
364254
364255
364256
364257
364258
364259
364260
364365
364366
364367
364368
364369
364370
364371
364372
364373
364374
364375
364376
364377
364378
364379
364380
364381
364382
364383
364384
364385
364386
364387
364388
364389
364390
364547
364548
364549
364550
364551
364552
364553
364554
364555
364556
364557
364558
364559
364560
364561
364562
364563
364564
364565
364566
364567
364568
364569
364570
364571
364572
364599
364600
364601
364602
364603
364604
364605
364606
364607
364608
364609
364610
364611
364612
364613
364614
364615
364616
364617
364618
364619
364620
364621
364622
364623
364624
364625
364626
364627
364628
364629
364630
364631
364632
364633
364634
364635
364636
364637
364638
364639
364640
364641
364642
364643
364644
364645
364646
364647
364648
364649
364650
364677
364678
364679
364680
364681
364682
364683
364684
364685
364686
364687
364688
364689
364690
364691
364692
364693
364694
364695
364696
364697
364698
364699
364700
364701
364702
364807
364808
364809
364810
364811
364812
364813
364814
364815
364816
364817
364818
364819
364820
364821
364822
364823
364824
364825
364826
364827
364828
364829
364830
364831
364832
364833
364834
364835
364836
364837
364838
364839
364840
364841
364842
364843
364844
364845
364846
364847
364848
364849
364850
364851
364852
364853
364854
364855
364856
364857
364858
365067
365068
365069
365070
365071
365072
365073
365074
365075
365076
365077
365078
365079
365080
365081
365082
365083
365084
365085
365086
365087
365088
365089
365090
365091
365092
365093
365096
365097
365098
365099
365100
365101
365102
365103
365104
365105
365106
365107
365108
365109
365110
365111
365112
365113
365114
365115
365116
365117
365118
365120
365121
365122
365123
365124
365125
365126
365127
365128
365129
365130
365131
365132
365133
365134
365135
365136
365137
365138
365139
365140
365141
365142
365143
365144
365223
365224
365225
365226
365227
365228
365229
365230
365231
365232
365233
365234
365235
365236
365237
365238
365239
365240
365241
365242
365243
365244
365245
365246
365247
365248
365275
365276
365277
365278
365279
365280
365281
365282
365283
365284
365285
365286
365287
365288
365289
365290
365291
365292
365293
365294
365295
365296
365297
365298
365299
365300
365327
365328
365329
365330
365331
365332
365333
365334
365335
365336
365337
365338
365339
365340
365341
365342
365343
365344
365345
365346
365347
365348
365349
365350
365351
365352
365354
365355
365356
365357
365358
365359
365360
365361
365362
365363
365364
365365
365366
365367
365368
365369
365370
365371
365372
365373
365374
365375
365376
365377
365378
365457
365459
365460
365461
365462
365463
365464
365465
365466
365467
365468
365469
365470
365471
365472
365473
365474
365475
365476
365477
365478
365479
365480
365481
365482
365509
365510
365511
365512
365513
365514
365515
365516
365517
365518
365519
365521
365522
365523
365524
365525
365526
365527
365528
365529
365530
365531
365532
365533
365534
365587
365588
365589
365590
365591
365592
365593
365594
365595
365596
365597
365598
365599
365600
365601
365602
365603
365604
365605
365606
365607
365608
365609
365610
365611
365612
365665
365666
365667
365668
365669
365670
365671
365672
365673
365674
365675
365676
365677
365678
365679
365680
365681
365682
365683
365684
365685
365686
365687
365688
365689
365690
365691
365692
365693
365694
365695
365696
365697
365698
365699
365700
365701
365702
365703
365704
365705
365706
365707
365708
365709
365710
365711
365712
365713
365714
365715
365716
365717
365718
365720
365721
365722
365723
365724
365725
365726
365727
365728
365729
365730
365731
365732
365733
365734
365735
365736
365737
365738
365739
365740
365741
365742
365795
365796
365797
365798
365799
365800
365801
365802
365803
365804
365805
365806
365807
365808
365809
365810
365811
365812
365813
365814
365815
365816
365817
365818
365819
365820
365821
365824
365825
365826
365827
365828
365829
365830
365831
365832
365833
365834
365835
365836
365837
365838
365839
365840
365841
365842
365843
365844
365845
365846
365851
365852
365854
365855
365856
365857
365858
365859
365860
365861
365862
365863
365864
365865
365866
365867
365868
365869
365870
365871
365872
365874
365875
365876
365877
365878
365879
365880
365881
365882
365883
365884
365885
365886
365887
365888
365889
365890
365891
365892
365893
365894
365895
365896
365897
365898
365899
365900
365901
365902
365903
365904
365905
365906
365907
365908
365909
365910
365911
365912
365913
365914
365915
365916
365917
365918
365919
365920
365921
365922
365923
365924
365925
365926
365927
365928
365929
365930
365931
365932
365933
365934
365935
365936
365937
365938
365939
365940
365941
365942
365943
365944
365945
365946
365947
365948
365949
365950
365951
365953
365954
365955
365956
365957
365958
365959
365960
365961
365962
365963
365964
365965
365966
365967
365968
365969
365970
365971
365972
365973
365974
365975
365976
366003
366004
366005
366006
366007
366008
366009
366010
366011
366012
366013
366014
366015
366016
366017
366018
366019
366020
366021
366022
366023
366024
366025
366026
366027
366028
366055
366056
366057
366058
366059
366060
366061
366062
366063
366064
366065
366066
366067
366068
366069
366070
366071
366072
366073
366074
366075
366076
366077
366078
366079
366080
366159
366160
366161
366162
366163
366164
366165
366166
366167
366168
366169
366170
366171
366172
366173
366174
366175
366176
366177
366178
366179
366180
366181
366182
366183
366184
366211
366212
366213
366214
366215
366216
366217
366218
366219
366220
366221
366222
366223
366224
366225
366226
366227
366228
366229
366230
366231
366232
366233
366234
366235
366236
366237
366238
366239
366240
366241
366242
366243
366244
366245
366246
366247
366248
366249
366250
366251
366252
366253
366254
366255
366256
366257
366258
366259
366260
366261
366262
366264
366265
366266
366267
366268
366269
366270
366271
366272
366273
366274
366275
366276
366277
366278
366279
366280
366281
366282
366283
366284
366285
366286
366287
366288
366290
366291
366292
366293
366294
366295
366296
366297
366298
366299
366300
366301
366302
366303
366304
366305
366306
366307
366308
366309
366310
366311
366312
366313
366314
366341
366342
366343
366344
366345
366346
366347
366348
366349
366350
366351
366352
366353
366354
366355
366356
366357
366358
366359
366360
366361
366362
366363
366364
366365
366366
366367
366368
366369
366370
366371
366372
366373
366374
366375
366376
366377
366378
366379
366380
366381
366382
366383
366384
366385
366386
366387
366388
366389
366390
366391
366392
366471
366472
366473
366474
366475
366476
366477
366478
366479
366480
366481
366482
366483
366484
366485
366486
366487
366488
366489
366490
366491
366492
366493
366494
366495
366496
366575
366576
366577
366578
366579
366580
366581
366582
366583
366584
366585
366586
366587
366588
366589
366590
366591
366592
366593
366594
366595
366596
366597
366598
366599
366600
366627
366628
366629
366630
366631
366632
366633
366634
366635
366636
366637
366638
366639
366640
366641
366642
366643
366644
366645
366646
366647
366648
366649
366650
366651
366652
366653
366654
366655
366656
366657
366658
366659
366660
366661
366662
366663
366664
366665
366666
366667
366668
366669
366670
366671
366672
366673
366674
366675
366676
366677
366678
366679
366680
366681
366682
366683
366684
366685
366686
366687
366688
366689
366690
366691
366692
366693
366694
366695
366696
366697
366698
366699
366700
366701
366702
366703
366704
366706
366707
366708
366709
366710
366711
366712
366714
366715
366717
366718
366719
366720
366721
366722
366723
366724
366725
366726
366727
366728
366729
366730
366732
366733
366736
366737
366738
366739
366740
366741
366742
366743
366744
366745
366746
366747
366748
366749
366750
366751
366752
366753
366754
366755
366756
366783
366784
366785
366786
366787
366788
366789
366790
366791
366792
366793
366794
366795
366796
366797
366798
366799
366800
366801
366802
366803
366804
366805
366806
366807
366808
366887
366888
366889
366890
366891
366892
366893
366894
366895
366896
366897
366898
366899
366900
366901
366902
366903
366904
366905
366906
366907
366908
366909
366910
366911
366912
366913
366915
366916
366919
366920
366921
366922
366923
366924
366925
366926
366927
366928
366929
366930
366931
366932
366933
366934
366935
366936
366937
366938
366991
366992
366993
366994
366995
366996
366997
366998
366999
367000
367001
367002
367003
367004
367005
367006
367007
367008
367009
367010
367011
367012
367013
367014
367015
367016
367043
367044
367045
367046
367047
367048
367049
367050
367051
367052
367053
367054
367055
367056
367057
367058
367059
367060
367061
367062
367063
367064
367065
367066
367067
367068
367095
367096
367097
367098
367099
367100
367101
367102
367103
367104
367105
367106
367107
367108
367109
367110
367111
367113
367114
367115
367116
367117
367118
367119
367120
367147
367148
367149
367150
367151
367152
367153
367154
367155
367156
367157
367158
367159
367160
367161
367162
367163
367164
367165
367166
367167
367168
367169
367170
367171
367172
367174
367175
367176
367177
367178
367179
367180
367181
367182
367183
367184
367185
367186
367187
367188
367189
367190
367191
367192
367193
367194
367195
367196
367197
367198
367225
367226
367227
367228
367229
367230
367231
367232
367233
367234
367235
367236
367237
367238
367239
367240
367241
367242
367243
367244
367245
367246
367247
367248
367249
367250
367355
367356
367357
367358
367359
367360
367361
367362
367363
367364
367365
367366
367367
367368
367369
367370
367371
367372
367373
367374
367375
367376
367377
367378
367379
367380
367407
367408
367409
367410
367411
367412
367413
367414
367415
367416
367417
367418
367419
367420
367421
367422
367423
367424
367425
367426
367427
367428
367429
367430
367431
367432
367459
367460
367461
367462
367463
367464
367465
367466
367467
367468
367469
367470
367471
367472
367473
367474
367475
367476
367477
367478
367479
367480
367482
367483
367484
367485
367486
367487
367488
367489
367490
367491
367492
367493
367494
367495
367496
367497
367498
367499
367500
367501
367502
367503
367504
367505
367506
367507
367508
367509
367510
367537
367538
367539
367540
367541
367542
367543
367544
367545
367546
367547
367548
367549
367550
367551
367552
367553
367554
367555
367556
367557
367558
367559
367560
367561
367562
367564
367568
367569
367570
367571
367572
367573
367574
367575
367576
367577
367578
367579
367580
367581
367582
367583
367584
367585
367586
367587
367588
367667
367668
367669
367670
367671
367672
367673
367674
367675
367676
367677
367678
367679
367680
367681
367682
367683
367684
367685
367686
367687
367688
367689
367690
367691
367692
367875
367876
367877
367878
367879
367880
367881
367882
367883
367884
367885
367886
367887
367888
367889
367890
367891
367892
367893
367894
367895
367896
367897
367898
367899
367900
367953
367954
367955
367957
367958
367959
367960
367961
367962
367963
367964
367965
367966
367967
367968
367969
367970
367971
367972
367973
367974
367975
367976
367977
367978
368187
368188
368189
368190
368191
368192
368193
368194
368195
368196
368197
368198
368199
368200
368201
368202
368203
368204
368205
368206
368207
368210
368212
368240
368241
368242
368243
368244
368245
368246
368247
368248
368249
368250
368251
368252
368253
368254
368255
368256
368257
368258
368260
368261
368262
368263
368264
368395
368396
368397
368398
368399
368401
368402
368403
368404
368405
368406
368407
368408
368409
368410
368413
368414
368415
368416
368417
368418
368419
368420
368447
368448
368449
368450
368451
368452
368453
368454
368455
368456
368457
368458
368459
368460
368461
368462
368464
368465
368466
368467
368468
368469
368470
368471
368472
368499
368500
368501
368502
368503
368505
368506
368507
368508
368509
368510
368511
368512
368513
368514
368515
368516
368517
368518
368519
368520
368521
368522
368523
368524
368551
368552
368553
368554
368555
368556
368557
368558
368559
368560
368561
368562
368563
368564
368565
368566
368567
368568
368569
368570
368571
368572
368573
368574
368575
368576
368577
368578
368579
368580
368581
368582
368583
368584
368585
368586
368588
368589
368590
368591
368592
368593
368594
368595
368596
368597
368598
368599
368600
368601
368602
368629
368630
368631
368632
368633
368634
368635
368636
368637
368638
368639
368640
368641
368642
368643
368644
368645
368646
368647
368648
368649
368650
368651
368652
368653
368654
368681
368682
368683
368684
368685
368686
368687
368688
368689
368690
368691
368692
368693
368694
368695
368696
368697
368698
368699
368700
368701
368702
368703
368704
368705
368706
368759
368760
368761
368762
368763
368764
368765
368766
368767
368768
368769
368770
368771
368772
368773
368774
368775
368776
368777
368778
368779
368780
368781
368782
368783
368784
368811
368812
368813
368814
368815
368816
368817
368818
368819
368820
368821
368822
368823
368824
368825
368826
368827
368828
368829
368830
368831
368832
368833
368834
368835
368836
368837
368838
368839
368840
368841
368842
368843
368844
368845
368846
368847
368848
368849
368850
368851
368852
368853
368854
368855
368856
368857
368858
368859
368860
368861
368862
368863
368864
368866
368867
368868
368869
368870
368871
368872
368873
368874
368875
368876
368877
368878
368879
368880
368881
368882
368883
368884
368885
368886
368887
368888
368889
368890
368891
368892
368893
368894
368895
368896
368897
368898
368899
368900
368901
368902
368903
368904
368905
368906
368907
368908
368909
368910
368911
368912
368913
368914
368915
368916
368917
368918
368919
368920
368921
368922
368923
368924
368925
368926
368927
368928
368929
368930
368931
368932
368933
368934
368935
368936
368937
368938
368939
368940
368941
368942
368943
368944
368945
368946
368947
368948
368949
368951
368952
368953
368954
368955
368956
368957
368958
368959
368960
368961
368962
368963
368964
368965
368966
369019
369020
369021
369022
369023
369024
369025
369026
369027
369028
369029
369030
369031
369032
369033
369034
369035
369036
369037
369038
369039
369040
369041
369042
369043
369044
369071
369072
369073
369074
369075
369076
369077
369078
369079
369080
369081
369082
369083
369084
369085
369086
369087
369088
369089
369090
369091
369092
369093
369094
369095
369096
369123
369125
369126
369127
369128
369129
369130
369131
369132
369133
369135
369136
369137
369138
369139
369140
369141
369142
369144
369145
369146
369147
369148
369149
369151
369153
369154
369157
369158
369159
369160
369161
369162
369165
369167
369168
369169
369171
369173
369227
369229
369231
369232
369233
369234
369235
369236
369237
369238
369239
369240
369241
369243
369244
369245
369246
369247
369248
369250
