369305
369306
369307
369308
369309
369310
369311
369312
369313
369314
369315
369316
369317
369318
369319
369320
369321
369322
369323
369324
369325
369326
369327
369328
369329
369330
369331
369332
369334
369335
369336
369337
369338
369339
369340
369341
369342
369343
369344
369345
369346
369347
369348
369349
369350
369351
369352
369353
369354
369355
369356
369357
369358
369359
369360
369361
369362
369363
369364
369365
369366
369367
369368
369369
369370
369371
369372
369373
369374
369375
369376
369377
369378
369379
369380
369381
369382
369461
369462
369463
369464
369465
369466
369467
369468
369469
369470
369471
369472
369473
369474
369475
369476
369477
369478
369479
369480
369481
369482
369483
369484
369485
369486
369513
369514
369515
369516
369517
369518
369519
369520
369521
369522
369523
369524
369525
369526
369527
369528
369529
369530
369531
369532
369533
369534
369535
369536
369537
369538
369565
369566
369567
369568
369569
369570
369571
369572
369573
369574
369575
369576
369577
369578
369579
369580
369581
369582
369583
369584
369585
369586
369587
369588
369589
369590
369643
369644
369645
369646
369647
369648
369649
369650
369651
369652
369653
369654
369655
369656
369657
369658
369659
369660
369661
369662
369663
369664
369665
369666
369667
369668
369669
369670
369671
369672
369673
369674
369675
369676
369677
369678
369679
369680
369681
369682
369683
369684
369685
369686
369687
369688
369689
369690
369691
369692
369693
369694
369695
369696
369697
369698
369699
369700
369701
369702
369703
369704
369705
369706
369707
369708
369709
369710
369711
369712
369713
369714
369715
369716
369717
369718
369719
369720
369721
369722
369723
369724
369725
369726
369727
369728
369729
369730
369731
369732
369733
369734
369735
369736
369737
369738
369739
369740
369741
369742
369743
369744
369745
369746
369747
369748
369749
369750
369751
369752
369753
369754
369755
369756
369757
369758
369759
369760
369761
369762
369763
369764
369765
369766
369767
369768
369769
369770
369771
369772
369851
369852
369853
369854
369855
369856
369857
369858
369859
369860
369861
369862
369863
369864
369865
369866
369867
369868
369869
369870
369871
369872
369873
369874
369875
369876
369877
369878
369879
369880
369881
369882
369883
369884
369885
369886
369887
369888
369889
369890
369891
369892
369893
369894
369895
369896
369897
369898
369899
369900
369901
369902
369903
369904
369905
369906
369907
369908
369909
369910
369911
369912
369913
369914
369915
369916
369917
369918
369919
369920
369921
369923
369924
369925
369926
369927
369928
369929
369930
369931
369932
369933
369934
369935
369936
369937
369938
369939
369940
369941
369942
369943
369944
369945
369946
369947
369948
369949
369950
369951
369952
369953
369954
369955
369956
369957
369958
369959
369960
369961
369962
369963
369964
369965
369966
369967
369968
369969
369970
369971
369972
369973
369974
369975
369976
369977
369978
369979
369980
369982
369983
369984
369985
369986
369987
369988
369989
369990
369991
369992
369993
369994
369995
369996
369997
369998
369999
370000
370001
370002
370003
370004
370005
370006
370059
370060
370061
370062
370063
370064
370065
370066
370067
370068
370069
370070
370071
370072
370073
370074
370075
370076
370077
370078
370079
370080
370081
370082
370083
370084
370111
370112
370113
370114
370115
370116
370117
370118
370119
370120
370121
370122
370123
370124
370125
370126
370127
370128
370129
370130
370131
370132
370133
370134
370135
370136
370137
370138
370139
370140
370141
370142
370143
370144
370145
370146
370147
370148
370149
370150
370151
370152
370153
370154
370155
370156
370157
370158
370159
370161
370162
370215
370216
370217
370218
370219
370220
370221
370222
370223
370224
370225
370226
370227
370228
370229
370230
370231
370232
370233
370234
370235
370236
370237
370238
370239
370240
370267
370268
370269
370270
370271
370272
370273
370274
370275
370276
370277
370278
370279
370280
370281
370282
370283
370284
370285
370286
370287
370288
370289
370290
370291
370292
370294
370295
370296
370297
370298
370299
370300
370301
370302
370303
370304
370305
370306
370307
370308
370309
370310
370311
370312
370313
370314
370315
370316
370317
370318
370319
370320
370321
370322
370323
370324
370325
370326
370327
370328
370329
370330
370331
370332
370333
370334
370335
370336
370337
370338
370339
370340
370341
370342
370343
370344
370371
370372
370373
370374
370375
370376
370377
370378
370379
370380
370381
370382
370383
370384
370385
370386
370387
370388
370389
370390
370391
370392
370393
370394
370395
370396
370423
370424
370425
370426
370427
370428
370429
370430
370431
370432
370433
370434
370435
370436
370437
370438
370439
370440
370441
370442
370443
370444
370445
370446
370447
370448
370501
370502
370503
370504
370505
370506
370507
370508
370509
370510
370511
370512
370513
370514
370515
370516
370517
370518
370519
370520
370521
370522
370523
370524
370525
370526
370553
370554
370555
370556
370557
370558
370559
370560
370561
370562
370563
370564
370565
370566
370567
370568
370569
370570
370571
370572
370573
370574
370575
370576
370577
370579
370580
370581
370582
370583
370584
370585
370586
370587
370588
370589
370590
370591
370592
370593
370594
370595
370596
370597
370598
370599
370600
370601
370602
370603
370604
370631
370632
370633
370634
370635
370636
370637
370638
370639
370640
370641
370642
370643
370644
370645
370646
370647
370648
370649
370650
370651
370652
370653
370654
370655
370656
370658
370659
370660
370661
370662
370663
370664
370665
370666
370667
370668
370669
370670
370671
370672
370673
370674
370675
370676
370677
370678
370679
370680
370681
370682
370709
370710
370711
370712
370713
370714
370715
370716
370717
370718
370719
370720
370721
370722
370723
370724
370725
370726
370727
370728
370729
370730
370731
370732
370733
370734
370735
370736
370737
370738
370739
370740
370741
370742
370743
370744
370745
370746
370747
370748
370749
370750
370751
370752
370753
370754
370755
370756
370757
370758
370759
370760
370813
370814
370815
370816
370817
370818
370819
370820
370821
370822
370823
370824
370825
370826
370827
370828
370829
370830
370831
370832
370833
370834
370835
370836
370837
370838
370842
370843
370844
370845
370846
370847
370848
370849
370850
370851
370852
370853
370854
370855
370856
370857
370858
370859
370860
370861
370862
370863
370864
370868
370869
370870
370871
370872
370873
370874
370875
370876
370877
370878
370879
370880
370881
370882
370883
370884
370885
370886
370887
370888
370889
370890
370969
370970
370971
370972
370973
370974
370975
370976
370977
370978
370979
370980
370981
370982
370983
370984
370985
370986
370987
370988
370989
370990
370991
370992
370993
370994
370996
370997
370998
370999
371000
371001
371002
371003
371004
371005
371006
371007
371008
371009
371010
371011
371012
371013
371014
371015
371016
371017
371018
371019
371020
371073
371074
371075
371076
371077
371078
371079
371080
371081
371082
371083
371084
371085
371086
371087
371088
371089
371090
371091
371092
371093
371094
371095
371096
371097
371098
371101
371102
371103
371104
371105
371106
371107
371108
371109
371110
371111
371112
371113
371114
371115
371116
371117
371118
371119
371120
371121
371122
371123
371124
371125
371127
371128
371129
371130
371131
371132
371133
371134
371135
371136
371137
371138
371139
371140
371141
371142
371143
371144
371145
371146
371147
371148
371149
371150
371229
371230
371231
371232
371233
371234
371235
371236
371237
371238
371239
371240
371241
371242
371243
371244
371245
371246
371247
371248
371249
371250
371251
371252
371253
371254
371281
371282
371283
371284
371285
371286
371287
371288
371289
371290
371291
371292
371293
371294
371295
371296
371297
371298
371299
371300
371301
371302
371303
371304
371305
371306
371359
371360
371361
371362
371363
371364
371365
371366
371367
371368
371369
371370
371371
371372
371373
371374
371375
371376
371377
371378
371379
371380
371381
371382
371383
371384
371411
371412
371413
371414
371415
371416
371417
371418
371419
371420
371421
371422
371423
371424
371425
371426
371427
371428
371429
371430
371431
371432
371433
371434
371435
371438
371439
371440
371441
371442
371443
371444
371445
371446
371447
371448
371449
371450
371451
371452
371453
371454
371455
371456
371457
371458
371459
371460
371461
371462
371541
371542
371543
371544
371545
371546
371547
371548
371549
371550
371551
371552
371553
371554
371555
371556
371557
371558
371559
371560
371561
371562
371563
371564
371565
371566
371697
371698
371699
371700
371701
371702
371703
371704
371705
371706
371707
371708
371709
371710
371711
371712
371713
371714
371715
371716
371717
371718
371719
371720
371721
371722
371724
371725
371726
371727
371728
371729
371730
371731
371732
371733
371734
371735
371736
371737
371738
371739
371740
371741
371742
371743
371744
371745
371746
371747
371748
371775
371776
371777
371778
371779
371780
371781
371782
371783
371784
371785
371786
371787
371788
371789
371790
371791
371792
371793
371794
371795
371796
371797
371798
371799
371800
371853
371854
371855
371856
371857
371858
371859
371860
371861
371862
371863
371864
371865
371866
371867
371868
371869
371870
371871
371872
371873
371874
371875
371876
371877
371878
371931
371932
371933
371934
371935
371936
371937
371938
371939
371940
371941
371942
371943
371944
371945
371946
371947
371948
371949
371950
371951
371952
371953
371954
371955
371956
371960
371961
371962
371963
371964
371965
371966
371967
371968
371969
371970
371971
371972
371973
371974
371975
371976
371977
371978
371979
371980
371981
371982
371984
371985
371986
371987
371988
371989
371990
371991
371992
371993
371994
371995
371996
371997
371998
371999
372000
372001
372002
372003
372004
372005
372006
372007
372008
372009
372010
372012
372013
372014
372015
372018
372019
372020
372021
372023
372025
372026
372028
372029
372030
372031
372032
372035
372037
372041
372042
372044
372045
372046
372047
372048
372049
372050
372051
372052
372053
372054
372055
372056
372057
372058
372059
372060
372087
372088
372089
372090
372091
372092
372093
372094
372095
372096
372097
372098
372099
372100
372101
372102
372103
372104
372105
372106
372107
372108
372109
372110
372111
372112
372139
372140
372141
372142
372143
372144
372145
372146
372147
372148
372149
372150
372151
372152
372153
372154
372155
372156
372157
372158
372159
372160
372161
372162
372163
372164
372191
372192
372193
372194
372195
372196
372197
372198
372199
372200
372201
372202
372203
372204
372205
372206
372207
372208
372209
372210
372211
372212
372213
372214
372215
372216
372269
372270
372271
372272
372273
372274
372275
372276
372277
372278
372279
372280
372281
372282
372283
372284
372285
372286
372287
372288
372289
372290
372291
372292
372293
372294
372321
372322
372323
372324
372325
372326
372327
372328
372329
372330
372331
372332
372333
372334
372335
372336
372337
372338
372339
372340
372341
372342
372343
372344
372345
372346
372347
372349
372350
372351
372352
372353
372354
372355
372356
372357
372359
372360
372361
372362
372363
372364
372365
372366
372367
372368
372369
372370
372371
372372
372373
372374
372375
372376
372378
372379
372380
372381
372382
372383
372384
372385
372386
372387
372388
372389
372390
372391
372392
372393
372394
372395
372396
372397
372398
372399
372400
372401
372402
372403
372404
372405
372406
372407
372408
372409
372410
372411
372412
372413
372414
372415
372416
372417
372418
372419
372420
372421
372422
372423
372424
372477
372478
372479
372480
372481
372482
372483
372484
372485
372486
372487
372488
372489
372490
372491
372492
372493
372494
372495
372496
372497
372498
372499
372500
372501
372502
372529
372530
372531
372532
372533
372534
372535
372536
372537
372538
372539
372540
372541
372542
372543
372544
372545
372546
372547
372548
372549
372550
372551
372552
372553
372554
372581
372582
372583
372584
372585
372586
372587
372588
372589
372590
372591
372592
372593
372594
372595
372596
372597
372598
372599
372600
372601
372602
372603
372604
372605
372606
372633
372634
372635
372636
372637
372638
372639
372640
372641
372642
372643
372644
372645
372646
372647
372648
372649
372650
372651
372652
372653
372654
372655
372656
372657
372658
372685
372686
372687
372688
372689
372690
372691
372692
372693
372694
372695
372697
372698
372699
372700
372701
372702
372703
372704
372705
372706
372707
372708
372709
372710
372711
372712
372714
372715
372716
372717
372718
372719
372720
372721
372722
372723
372724
372725
372726
372727
372728
372729
372730
372731
372733
372734
372735
372736
372841
372842
372843
372844
372845
372846
372847
372848
372849
372850
372851
372852
372853
372854
372855
372856
372857
372858
372859
372860
372861
372862
372863
372864
372865
372866
372945
372946
372947
372948
372949
372950
372951
372952
372953
372954
372955
372956
372957
372958
372959
372960
372961
372962
372964
372965
372966
372967
372968
372969
372970
372971
372972
372973
372974
372975
372976
372977
372978
372979
372980
372981
372982
372983
372984
372985
372986
372987
372988
372989
372990
372991
372992
372993
372994
372995
372996
372997
372998
373000
373001
373002
373003
373004
373005
373006
373007
373008
373009
373010
373011
373012
373013
373014
373015
373016
373017
373018
373019
373020
373021
373022
373049
373050
373051
373052
373053
373054
373055
373056
373057
373058
373059
373060
373061
373062
373063
373065
373066
373067
373068
373069
373070
373071
373072
373073
373074
373153
373154
373155
373156
373157
373158
373159
373160
373161
373162
373163
373164
373165
373166
373167
373168
373169
373170
373171
373172
373173
373175
373176
373177
373178
373179
373180
373181
373182
373183
373184
373185
373186
373187
373188
373189
373190
373191
373192
373193
373194
373195
373196
373197
373198
373199
373200
373201
373202
373203
373204
373231
373232
373233
373234
373235
373236
373237
373238
373240
373241
373242
373243
373244
373245
373246
373247
373248
373249
373251
373252
373253
373254
373255
373256
373309
373310
373311
373312
373313
373314
373315
373316
373317
373318
373319
373320
373322
373323
373324
373325
373326
373327
373328
373329
373330
373331
373332
373333
373334
373335
373337
373338
373339
373340
373341
373342
373343
373344
373345
373346
373347
373348
373349
373350
373351
373352
373353
373354
373355
373356
373357
373358
373359
373360
373439
373440
373441
373442
373443
373444
373445
373446
373447
373449
373450
373451
373452
373453
373455
373456
373457
373458
373459
373460
373461
373462
373463
373464
373466
373467
373468
373469
373470
373471
373472
373473
373474
373475
373476
373478
373479
373480
373481
373482
373483
373484
373485
373486
373487
373488
373489
373490
373517
373518
373519
373520
373521
373522
373523
373524
373526
373527
373529
373530
373531
373532
373533
373534
373535
373536
373537
373538
373539
373540
373541
373542
373543
373544
373545
373546
373547
373548
373549
373550
373551
373552
373553
373554
373555
373556
373558
373559
373560
373561
373562
373563
373564
373565
373566
373567
373568
373569
373570
373571
373572
373573
373574
373575
373576
373577
373578
373579
373580
373581
373584
373585
373586
373587
373588
373589
373590
373591
373592
373594
373596
373597
373598
373599
373600
373601
373602
373603
373604
373605
373606
373607
373608
373609
373610
373611
373612
373613
373614
373615
373616
373617
373618
373619
373620
373700
373701
373703
373704
373705
373706
373707
373708
373709
373710
373711
373712
373713
373714
373715
373716
373717
373718
373719
373720
373721
373722
373723
373724
373803
373804
373805
373806
373807
373808
373809
373810
373811
373812
373813
373814
373815
373816
373817
373818
373819
373820
373821
373822
373823
373824
373825
373826
373827
373828
373881
373882
373883
373884
373885
373886
373887
373888
373889
373890
373891
373892
373893
373894
373895
373896
373897
373898
373899
373900
373901
373902
373903
373904
373905
373906
373907
373909
373910
373911
373912
373913
373914
373915
373916
373917
373918
373919
373920
373921
373922
373923
373924
373925
373926
373927
373928
373929
373930
373931
373932
374063
374064
374065
374066
374067
374068
374069
374070
374071
374072
374073
374074
374075
374076
374077
374078
374079
374080
374081
374082
374083
374084
374085
374086
374087
374088
374090
374092
374093
374094
374095
374096
374097
374098
374099
374100
374101
374102
374103
374104
374105
374106
374107
374108
374109
374110
374111
374112
374113
374114
374141
374142
374143
374144
374145
374146
374147
374148
374149
374150
374151
374152
374153
374154
374155
374156
374157
374158
374159
374160
374161
374162
374163
374164
374165
374166
374193
374194
374195
374197
374198
374199
374200
374201
374202
374203
374204
374205
374206
374207
374208
374209
374210
374211
374212
374213
374214
374215
374216
374217
374218
374245
374246
374247
374248
374249
374250
374251
374252
374253
374254
374255
374256
374257
374258
374259
374260
374261
374262
374263
374264
374265
374266
374267
374268
374269
374270
374272
374273
374274
374275
374279
374282
374283
374284
374285
374286
374287
374288
374289
374291
374292
374293
374294
374295
374349
374350
374351
374352
374353
374354
374356
374357
374358
374359
374360
374361
374362
374363
374364
374365
374366
374367
374368
374369
374370
374371
374372
374373
374374
374401
374403
374404
374405
374407
374408
374409
374410
374412
374413
374417
374418
374419
374421
374422
