375571
375572
375573
375574
375575
375576
375577
375578
375579
375580
375581
375582
375583
375584
375585
375586
375587
375588
375589
375590
375591
375592
375593
375594
375595
375596
375649
375650
375651
375652
375653
375654
375655
375656
375657
375658
375659
375660
375661
375662
375663
375664
375665
375666
375667
375668
375669
375670
375671
375672
375673
375674
375675
375676
375677
375678
375679
375680
375681
375682
375683
375684
375685
375686
375687
375688
375689
375690
375691
375692
375693
375694
375695
375696
375697
375698
375699
375700
375701
375702
375703
375704
375705
375706
375707
375708
375709
375710
375711
375712
375713
375714
375715
375716
375717
375718
375719
375720
375721
375722
375723
375724
375725
375726
375728
375729
375730
375731
375732
375733
375734
375735
375736
375737
375738
375739
375740
375741
375742
375743
375744
375745
375746
375747
375748
375749
375750
375751
375752
375805
375806
375807
375808
375809
375810
375811
375812
375813
375814
375815
375816
375817
375818
375819
375820
375821
375822
375823
375824
375825
375826
375827
375828
375829
375830
375831
375833
375834
375835
375836
375837
375838
375839
375840
375841
375842
375843
375844
375845
375846
375847
375848
375849
375850
375851
375852
375853
375854
375855
375856
375883
375884
375885
375886
375887
375888
375889
375890
375892
375893
375894
375895
375896
375897
375898
375899
375900
375901
375902
375903
375904
375905
375906
375907
375908
375909
375910
375911
375912
375913
375914
375915
375916
375917
375918
375919
375920
375921
375922
375923
375924
375925
375926
375927
375928
375929
375930
375931
375932
375933
375934
375987
375988
375989
375990
375991
375992
375993
375994
375995
375996
375997
375998
375999
376000
376001
376002
376003
376004
376005
376006
376007
376008
376010
376011
376012
376013
376014
376016
376017
376018
376020
376021
376022
376023
376024
376026
376027
376028
376029
376030
376031
376033
376034
376036
376037
376038
376039
376040
376041
376042
376043
376044
376045
376046
376047
376048
376049
376050
376051
376052
376054
376055
376056
376057
376058
376059
376060
376061
376062
376063
376064
376066
376067
376068
376069
376070
376071
376072
376073
376074
376075
376076
376077
376078
376079
376080
376081
376082
376083
376084
376085
376086
376087
376088
376089
376090
376169
376170
376171
376172
376173
376174
376175
376176
376177
376178
376179
376180
376181
376182
376183
376185
376186
376187
376188
376189
376190
376191
376192
376193
376194
376195
376198
376200
376201
376202
376203
376204
376205
376206
376207
376208
376209
376210
376211
376212
376213
376214
376215
376216
376217
376218
376219
376220
376223
376224
376225
376226
376227
376228
376229
376230
376231
376232
376233
376234
376235
376236
376237
376238
376239
376240
376241
376242
376243
376244
376245
376246
376247
376248
376249
376250
376251
376252
376253
376254
376255
376256
376257
376258
376259
376260
376261
376262
376263
376264
376265
376266
376267
376268
376269
376270
376271
376272
376274
376275
376276
376277
376278
376279
376280
376281
376282
376284
376285
376287
376289
376290
376291
376292
376293
376295
376296
376297
376298
376299
376300
376301
376302
376303
376304
376305
376306
376307
376308
376309
376310
376311
376312
376313
376314
376315
376316
376317
376319
376320
376321
376322
376323
376324
376377
376378
376379
376380
376381
376382
376384
376386
376387
376388
376390
376391
376392
376393
376394
376395
376396
376397
376398
376400
376401
376402
376429
376430
376431
376432
376433
376434
376435
376436
376437
376438
376439
376440
376441
376443
376444
376445
376446
376447
376448
376449
376450
376451
376452
376453
376454
376481
376482
376483
376484
376485
376486
376487
376488
376489
376490
376491
376492
376493
376494
376496
376497
376498
376499
376500
376501
376503
376504
376505
376506
376533
376534
376535
376536
376537
376538
376539
376540
376541
376542
376543
376544
376545
376546
376547
376548
376549
376550
376551
376552
376553
376554
376555
376556
376557
376558
376585
376586
376587
376588
376589
376590
376591
376592
376593
376594
376595
376596
376597
376598
376599
376600
376601
376602
376603
376604
376605
376606
376607
376608
376609
376610
376611
376612
376613
376614
376615
376616
376617
376618
376619
376620
376621
376622
376623
376624
376625
376626
376627
376628
376629
376630
376631
376632
376633
376634
376635
376636
376663
376664
376665
376666
376667
376668
376669
376670
376671
376672
376673
376674
376675
376676
376677
376678
376679
376680
376681
376682
376683
376684
376685
376686
376687
376688
376793
376794
376795
376796
376797
376798
376799
376800
376801
376802
376803
376804
376805
376806
376807
376808
376809
376810
376811
376812
376813
376814
376815
376816
376817
376818
376897
376898
376899
376900
376901
376902
376903
376904
376905
376906
376907
376908
376909
376910
376911
376912
376913
376914
376915
376916
376917
376918
376919
376920
376921
376922
376949
376950
376951
376952
376953
376954
376955
376956
376957
376958
376959
