376960
376961
376962
376963
376964
376965
376966
376967
376968
376969
376970
376971
376972
376973
376974
376976
376977
376978
376979
376980
376981
376982
376983
376984
376985
376986
376987
376988
376989
376990
376991
376992
376993
376994
376995
376996
376997
376998
376999
377000
377001
377002
377003
377004
377005
377006
377007
377008
377009
377010
377011
377012
377013
377014
377015
377016
377017
377018
377019
377020
377021
377022
377023
377024
377025
377026
377105
377106
377107
377108
377109
377110
377111
377112
377113
377114
377115
377116
377117
377118
377119
377120
377121
377122
377123
377124
377125
377126
377127
377128
377129
377130
377235
377236
377237
377238
377239
377240
377241
377242
377243
377244
377245
377246
377247
377248
377249
377250
377251
377252
377253
377254
377255
377256
377257
377258
377259
377260
377287
377288
377289
377290
377291
377292
377293
377294
377295
377296
377297
377298
377299
377300
377301
377302
377303
377304
377305
377306
377307
377308
377309
377310
377311
377312
377314
377315
377316
377317
377318
377319
377320
377321
377322
377323
377324
377325
377326
377327
377328
377329
377330
377331
377332
377333
377334
377335
377336
377337
377338
377365
377366
377367
377368
377369
377370
377371
377372
377373
377374
377375
377376
377377
377378
377379
377380
377381
377382
377383
377384
377385
377386
377387
377388
377389
377390
377392
377393
377394
377395
377396
377397
377398
377399
377400
377401
377402
377403
377404
377405
377406
377407
377408
377409
377410
377411
377412
377413
377414
377415
377416
377521
377522
377523
377524
377525
377526
377527
377528
377529
377530
377531
377532
377533
377534
377535
377536
377537
377538
377539
377540
377541
377542
377543
377544
377545
377546
377599
377600
377601
377602
377603
377604
377605
377606
377607
377608
377609
377610
377611
377612
377613
377614
377615
377616
377617
377618
377619
377620
377621
377622
377623
377624
377703
377704
377705
377706
377707
377708
377709
377710
377711
377712
377713
377714
377715
377716
377717
377718
377719
377720
377721
377722
377723
377724
377725
377726
377727
377728
377755
377756
377757
377758
377759
377760
377761
377762
377763
377764
377765
377766
377767
377768
377769
377770
377771
377772
377773
377774
377775
377776
377777
377778
377779
377780
377833
377834
377835
377836
377837
377838
377839
377840
377841
377842
377843
377844
377845
377846
377847
377848
377849
377850
377851
377852
377853
377854
377855
377856
377857
377858
377885
377886
377887
377888
377889
377890
377891
377892
377893
377894
377895
377896
377897
377898
377899
377900
377901
377902
377903
377904
377905
377906
377907
377908
377909
377910
378015
378016
378017
378018
378019
378020
378021
378022
378023
378024
378025
378026
378027
378028
378029
378030
378031
378032
378033
378034
378035
378036
378037
378038
378039
378040
378093
378094
378095
378096
378097
378098
378099
378100
378101
378102
378103
378104
378105
378106
378107
378108
378109
378110
378111
378112
378113
378114
378115
378116
378117
378118
378171
378172
378173
378174
378175
378176
378177
378178
378179
378180
378181
378182
378183
378184
378185
378186
378187
378188
378189
378190
378191
378192
378193
378194
378195
378196
378223
378224
378225
378226
378227
378228
378229
378230
378231
378232
378233
378234
378235
378236
378237
378238
378239
378240
378241
378242
378243
378244
378245
378246
378247
378248
378249
378250
378251
378252
378253
378254
378255
378256
378257
378258
378259
378260
378261
378262
378263
378264
378265
378266
378267
378268
378269
378270
378271
378272
378273
378274
378353
378354
378355
378356
378357
378358
378359
378360
378361
378362
378363
378365
378366
378367
378368
378369
378370
378371
378372
378373
378374
378375
378376
378377
378378
378431
378432
378433
378434
378435
378436
378437
378438
378439
378440
378441
378442
378443
378444
378445
378446
378447
378448
378449
378450
378451
378452
378453
378454
378455
378456
378535
378536
378537
378538
378539
378540
378541
378542
378543
378544
378545
378546
378547
378548
378549
378550
378551
378552
378553
378554
378555
378556
378557
378558
378559
378560
378561
378562
378563
378564
378566
378567
378568
378569
378570
378571
378572
378573
378574
378575
378576
378577
378578
378579
378580
378581
378582
378583
378584
378585
378586
378613
378614
378615
378617
378618
378619
378620
378621
378622
378623
378624
378625
378626
378627
378628
378629
378630
378631
378632
378633
378634
378635
378636
378637
378638
378639
378641
378642
378643
378644
378645
378646
378647
378648
378649
378650
378651
378652
378653
378654
378655
378656
378657
378658
378659
378660
378661
378662
378663
378664
378665
378666
378667
378668
378669
378670
378671
378672
378673
378674
378675
378676
378677
378678
378679
378680
378681
378682
378683
378684
378685
378686
378687
378688
378689
378690
378717
378718
378719
378720
378721
378722
378723
378724
378725
378726
378727
378728
378729
378730
378731
378732
378733
378734
378735
378736
378737
378738
378739
378740
378741
378742
378744
378746
378747
378748
378749
378750
378751
378752
378753
378754
378755
378756
378757
378758
378759
378760
378761
378762
378763
378764
378765
378766
378767
378768
378769
378770
378771
378772
378773
378774
378775
378776
378777
378778
378779
378780
378781
378782
378783
378784
378785
378786
378787
378788
378789
378790
378791
378792
378793
378794
378821
378822
378823
378824
378825
378826
378827
378828
378829
378830
378831
378832
378833
378834
378835
378836
378837
378838
378839
378840
378841
378842
378843
378844
378845
378846
378847
378850
378852
378853
378854
378855
378856
378857
378858
378859
378860
378861
378862
378863
378864
378865
378866
378867
378868
378869
378870
378871
378872
378873
378874
378876
378877
378878
378879
378881
378882
378883
378884
378885
378886
378887
378888
378889
378890
378891
378892
378893
378894
378895
378896
378897
378898
378951
378952
378953
378954
378955
378956
378957
378958
378959
378960
378961
378962
378963
378964
378965
378966
378967
378968
378969
378970
378971
378972
378973
378974
378975
378976
379081
379082
379083
379084
379085
379086
379087
379088
379089
379090
379091
379092
379093
379094
379095
379096
379097
379098
379099
379100
379101
379102
379103
379104
379105
379106
379107
379110
379111
379112
379113
379114
379115
379116
379117
379118
379119
379120
379121
379122
379123
379124
379125
379126
379127
379128
379129
379130
379131
379132
379134
379135
379136
379137
379138
379139
379140
379141
379142
379143
379144
379145
379146
379147
379148
379149
379150
379151
379152
379153
379154
379155
379156
379157
379158
379159
379160
379161
379162
379163
379164
379165
379166
379167
379169
379170
379171
379172
379174
379175
379176
379177
379178
379179
379180
379181
379182
379183
379211
379212
379213
379214
379215
379216
379217
379218
379219
379220
379221
379222
379223
379224
379225
379226
379227
379228
379229
379230
379231
379232
379233
379234
379235
379236
379238
379239
379240
379241
379242
379243
379244
379245
379246
379247
379248
379249
379250
379251
379252
379253
379254
379255
379256
379257
379258
379259
379260
379261
379262
379264
379265
379266
379267
379268
379269
379270
379271
379272
379273
379274
379275
379276
379277
379278
379279
379280
379281
379282
379283
379284
379285
379286
379287
379288
379341
379342
379343
379344
379345
379346
379347
379348
379349
379350
379351
379352
379353
379354
379355
379356
379357
379358
379359
379360
379361
379362
379363
379364
379365
379366
379367
379368
379369
379370
379371
379372
379373
379374
379375
379376
379377
379378
379379
379380
379381
379382
379383
379384
379385
379386
379387
379388
379389
379390
379391
379392
379393
379394
379395
379396
379397
379398
379399
379400
379401
379402
379403
379404
379405
379406
379407
379408
379409
379410
379411
379412
379413
379414
379415
379416
379417
379418
379420
379421
379423
379424
379425
379426
379427
379428
379429
379430
379431
379432
379433
379434
379435
379436
379437
379438
379439
379440
379441
379442
379443
379444
379445
379446
379447
379448
379449
379450
379451
379452
379453
379454
379455
379456
379457
379458
379459
379460
379461
379462
379463
379464
379465
379466
379467
379468
379469
379470
379472
379473
379474
379475
379476
379477
379478
379479
379480
379481
379482
379483
379484
379485
379486
379487
379488
379489
379490
379491
379492
379493
379494
379495
379496
379523
379524
379525
379526
379527
379528
379529
379530
379531
379532
379533
379534
379535
379536
379537
379538
379539
379540
379541
379542
379543
379544
379545
379546
379547
379548
379601
379602
379603
379604
379605
379606
379607
379608
379609
379610
379611
379612
379613
379614
379615
379616
379617
379618
379619
379620
379621
379622
379623
379624
379625
379626
379679
379680
379681
379682
379683
379684
379685
379686
379687
379688
379689
379690
379691
379692
379693
379694
379695
379696
379697
379698
379699
379700
379701
379702
379703
379704
379731
379732
379733
379734
379735
379736
379737
379738
379739
379740
379741
379742
379743
379744
379745
379746
379747
379748
379749
379750
379751
379752
379753
379754
379755
379756
379783
379784
379785
379786
379787
379788
379789
379790
379791
379792
379793
379794
379795
379796
379797
379798
379799
379800
379801
379802
379803
379804
379805
379806
379807
379808
379835
379836
379837
379838
379839
379840
379841
379842
379843
379844
379845
379846
379847
379848
379849
379850
379851
379852
379853
379854
379855
379856
379857
379858
379859
379860
379887
379888
379889
379890
379891
379892
379893
379894
379895
379896
379897
379898
379899
379900
379901
379902
379903
379904
379905
379906
379907
379908
379909
379910
379911
379912
379913
379916
379917
379918
379919
379920
379921
379922
379923
379924
379925
379926
379928
379929
379930
379931
379932
379933
379934
379935
379936
379937
379938
379965
379966
379967
379968
379969
379970
379971
379972
379973
379974
379975
379976
379977
379978
379979
379980
379981
379983
379984
379985
379986
379987
379988
379989
379990
380017
380018
380019
380020
380021
380022
380023
380024
380025
380026
380027
380028
380029
380030
380031
380032
380033
380034
380035
380036
380037
380038
380039
380040
380041
380042
380251
380252
380253
380254
380255
380256
380257
380258
380259
380260
380261
380262
380263
380264
380265
380266
380267
380268
380269
380270
380271
380272
380273
380274
380275
380276
380278
380279
380280
380281
380282
380283
380284
380285
380286
380287
380288
380289
380290
380291
380292
380293
380294
380295
380296
380297
380298
380299
380300
380301
380302
380303
380305
380306
380307
380308
380309
380310
380311
380312
380313
380314
380315
380316
380317
380318
380319
380320
380321
380322
380323
380324
380325
380326
380327
380328
380329
380330
380332
380333
380334
380335
380336
380337
380338
380339
380340
380341
380342
380343
380344
380345
380346
380347
380348
380349
380350
380351
380352
380353
380354
380355
380357
380359
380360
380361
380362
380363
380364
380365
380366
380367
380368
380369
380370
380371
380372
380373
380374
380375
380376
380377
380378
380379
380380
380433
380434
380435
380436
380437
380438
380439
380440
380441
380442
380443
380444
380445
380446
380447
380448
380449
380450
380451
380452
380453
380454
380455
380456
380457
380458
380459
380460
380461
380462
380463
380465
380466
380467
380468
380469
380471
380472
380473
380474
380475
380476
380477
380478
380479
380480
380481
380482
380483
380484
380487
380489
380490
380491
380492
380493
380494
380495
380496
380497
380498
380499
380500
380501
380502
380503
380504
380505
380506
380507
380508
380509
380510
380537
380538
380539
380540
380541
380542
380543
380544
380545
380546
380547
380548
380549
380550
380551
380552
380553
380554
380555
380557
380558
380559
380560
380561
380562
380589
380590
380591
380592
380593
380594
380595
380596
380597
380598
380599
380600
380601
380602
380603
380604
380605
380606
380607
380608
380609
380610
380611
380612
380613
380614
380616
380617
380618
380619
380620
380621
380622
380623
380624
380625
380626
380627
380628
380629
380631
380632
380633
380634
380635
380636
380637
380638
380639
380667
380668
380669
380670
380671
380672
380673
380674
380676
380677
380678
380680
380681
380682
380683
380684
380685
380686
380687
380688
380689
380690
380691
380692
380745
380746
380747
380749
380750
380751
380752
380753
380754
380755
380756
380757
380758
380759
380760
380761
380762
380763
380764
380765
380766
380767
380768
380769
380770
380771
380773
380774
380775
380776
380777
380778
380779
380780
380781
380782
380783
380785
380786
380787
380788
380789
380790
380791
380792
380793
380795
380796
380927
380928
380929
380930
380931
380932
380933
380934
380935
380936
380937
380938
380939
380940
380941
380943
380944
380946
380947
380948
380949
380950
380951
380952
381005
381006
381007
381008
381009
381010
381011
381012
381013
381014
381015
381016
381018
381019
381020
381021
381022
381023
381024
381025
381026
381027
381028
381029
381030
381033
381037
381038
381039
381040
381041
381042
381043
381044
381045
381046
381047
381048
381049
381050
381051
381052
381053
381054
381055
381056
381058
381060
381061
381062
381063
381064
381065
381067
381068
381069
381070
381071
381072
381073
381074
381075
381076
381077
381078
381079
381080
381081
381082
381109
381110
381111
381112
381113
381114
381115
381116
381117
381118
381119
381120
381121
381122
381123
381124
381125
381126
381127
381128
381129
381130
381132
381133
381134
381213
381214
381215
381216
381217
381218
381219
381220
381221
381222
381223
381224
381225
381226
381227
381228
381229
381230
381231
381232
381233
381234
381235
381236
381237
381238
381239
381240
381241
381242
381243
381244
381245
381246
381247
381248
381249
381250
381251
381252
381253
381254
381255
381256
381257
381258
381259
381260
381261
381262
381263
381264
381317
381318
381319
381320
381321
381322
381323
381324
381325
381326
381327
381328
381329
381330
381331
381332
381333
381334
381335
381336
381337
381338
381339
381340
381341
381342
381369
381370
381371
381372
381373
381374
381375
381376
381377
381378
381379
381380
381381
381382
381383
381384
381385
381386
381387
381388
381389
381390
381391
381392
381393
381394
381499
381500
381501
381502
381503
381504
381505
381506
381507
381508
381509
381510
381511
381512
381513
381514
381515
381516
381517
381518
381519
381520
381521
381522
381523
381524
381525
381526
381527
381528
381529
381530
381531
381532
381533
381534
381535
381536
381537
381538
381539
381540
381541
381542
381543
381544
381545
381546
381547
381548
381549
381550
381577
381578
381579
381580
381581
381582
381583
381584
381585
381586
381587
381588
381589
381590
381591
381592
381593
381594
381595
381596
381597
381598
381599
381600
381601
381602
381603
381604
381605
381606
381607
381608
381609
381610
381611
381612
381613
381614
381615
381616
381617
381618
381619
381620
381621
381622
381623
381624
381625
381626
381627
381628
381655
381656
381657
381658
381659
381660
381661
381662
381663
381664
381665
381666
381667
381668
381669
381670
381671
381672
381673
381674
381675
381676
381677
381678
381679
381680
381681
381682
381683
381684
381685
381686
381687
381688
381689
381690
381691
381692
381693
381694
381695
381696
381697
381698
381699
381700
381701
381702
381703
381704
381705
381706
381759
381760
381761
381762
381763
381764
381765
381766
381767
381768
381769
381770
381771
381772
381773
381774
381775
381776
381777
381778
381779
381780
381781
381782
381783
381784
381785
381786
381787
381788
381790
381791
381792
381793
381795
381798
381800
381801
381802
381803
381804
381805
381806
381807
381808
381809
381810
381811
381814
381815
381818
381819
381821
381822
381823
381824
381825
381826
381827
381828
381829
381830
381831
381834
381835
381836
381863
381864
381865
381866
381867
381868
381869
381870
381871
381872
381873
381874
381875
381876
381877
381878
381879
381880
381881
381882
381883
381884
381885
381886
381887
381888
