386829
386830
386831
386832
386833
386834
386835
386836
386837
386838
386839
386840
386841
386842
386843
386844
386845
386846
386847
386848
386849
386850
386851
386852
386853
386854
386881
386882
386883
386884
386885
386886
386887
386888
386889
386890
386891
386892
386893
386894
386895
386896
386897
386898
386899
386900
386901
386902
386903
386904
386905
386906
386959
386960
386961
386962
386963
386964
386965
386966
386967
386968
386969
386970
386971
386972
386973
386974
386975
386976
386977
386978
386979
386980
386981
386982
386983
386984
386985
386986
386987
386988
386989
386990
386991
386992
386993
386994
386995
386996
386997
386998
386999
387000
387001
387002
387003
387004
387005
387006
387007
387008
387009
387010
387011
387012
387013
387014
387015
387016
387017
387018
387019
387020
387021
387022
387023
387024
387025
387026
387027
387028
387029
387030
387031
387032
387033
387034
387035
387036
387089
387090
387091
387092
387093
387094
387095
387096
387097
387098
387099
387100
387101
387102
387103
387104
387105
387106
387107
387108
387109
387110
387111
387112
387113
387114
387116
387117
387118
387119
387120
387121
387122
387123
387124
387125
387126
387127
387128
387129
387130
387131
387132
387133
387134
387135
387136
387137
387138
387139
387140
387167
387168
387169
387170
387171
387172
387173
387174
387175
387176
387177
387178
387179
387180
387181
387182
387183
387184
387185
387186
387187
387188
387189
387190
387191
387192
387193
387194
387195
387196
387197
387198
387199
387200
387201
387202
387203
387204
387205
387206
387207
387208
387209
387210
387211
387212
387213
387214
387215
387216
387217
387218
387219
387220
387221
387222
387223
387224
387225
387226
387227
387228
387229
387230
387231
387232
387233
387234
387235
387236
387237
387238
387239
387240
387241
387242
387243
387244
387271
387272
387273
387274
387275
387276
387277
387278
387279
387280
387281
387282
387283
387284
387285
387286
387287
387288
387289
387290
387291
387292
387293
387294
387295
387296
387298
387299
387300
387301
387302
387303
387304
387305
387306
387307
387308
387309
387310
387311
387312
387313
387314
387315
387316
387317
387318
387319
387320
387321
387322
387323
387324
387325
387327
387328
387330
387331
387332
387333
387334
387335
387336
387337
387338
387339
387340
387341
387342
387343
387344
387345
387346
387347
387348
387375
387376
387377
387378
387379
387380
387381
387382
387383
387384
387385
387386
387387
387388
387389
387390
387391
387392
387393
387394
387395
387396
387397
387398
387399
387400
387505
387506
387507
387508
387509
387510
387511
387512
387513
387514
387515
387516
387517
387518
387519
387520
387521
387522
387523
387524
387525
387526
387527
387528
387529
387530
387687
387688
387689
387690
387691
387692
387693
387694
387695
387696
387697
387698
387699
387700
387701
387702
387703
387704
387705
387706
387707
387708
387709
387710
387711
387712
387817
387818
387819
387820
387821
387822
387823
387824
387825
387826
387827
387828
387829
387830
387831
387832
387833
387834
387835
387836
387837
387838
387839
387840
387841
387842
387844
387845
387846
387847
387848
387849
387850
387851
387852
387853
387854
387855
387856
387857
387858
387859
387860
387861
387862
387863
387864
387865
387866
387867
387868
387921
387922
387923
387924
387925
387926
387927
387928
387929
387930
387931
387932
387933
387934
387935
387936
387937
387938
387939
387940
387941
387942
387943
387944
387945
387946
387973
387974
387975
387976
387977
387978
387979
387980
387981
387982
387983
387984
387985
387986
387987
387988
387989
387990
387991
387992
387993
387994
387995
387996
387997
387998
388025
388026
388027
388028
388029
388030
388031
388032
388033
388034
388035
388036
388037
388038
388039
388040
388041
388042
388043
388044
388045
388047
388048
388049
388050
388053
388054
388055
388056
388057
388058
388059
388060
388061
388062
388063
388064
388065
388066
388067
388068
388069
388070
388071
388072
388073
388074
388075
388076
388259
388260
388261
388262
388263
388264
388265
388266
388267
388268
388269
388270
388271
388272
388273
388274
388275
388276
388277
388278
388279
388280
388281
388282
388283
388284
388287
388288
388289
388290
388291
388292
388293
388294
388295
388296
388297
388298
388299
388300
388301
388302
388303
388304
388305
388306
388307
388308
388309
388310
388337
388338
388339
388340
388341
388342
388343
388344
388345
388346
388347
388348
388349
388350
388351
388352
388353
388354
388355
388356
388357
388358
388359
388360
388362
388415
388416
388418
388419
388420
388421
388422
388423
388424
388425
388426
388427
388428
388429
388430
388431
388432
388433
388434
388435
388436
388437
388438
388439
388440
388467
388468
388469
388470
388471
388472
388473
388474
388475
388476
388477
388478
388479
388480
388481
388482
388483
388484
388485
388486
388487
388488
388489
388490
388491
388492
388493
388494
388495
388496
388497
388498
388499
388500
388501
388502
388503
388504
388505
388506
388507
388508
388509
388510
388511
388512
388513
388514
388515
388516
388517
388518
388519
388520
388521
388522
388523
388524
388525
388526
388527
388528
388529
388530
388531
388532
388533
388534
388535
388536
388537
388538
388539
388540
388541
388542
388543
388544
388545
388546
388548
388549
388550
388551
388552
388553
388554
388555
388556
388557
388558
388559
388560
388561
388562
388563
388564
388565
388566
388567
388568
388569
388570
388623
388624
388625
388626
388627
388628
388629
388630
388631
388632
388633
388634
388635
388636
388637
388638
388639
388640
388641
388642
388643
388644
388645
388646
388647
388648
388675
388676
388677
388678
388679
388680
388681
388682
388683
388684
388685
388686
388687
388688
388689
388690
388691
388692
388693
388694
388695
388696
388697
388698
388699
388700
388701
388702
388703
388704
388705
388706
388707
388708
388709
388710
388711
388712
388713
388714
388715
388716
388717
388718
388719
388720
388721
388722
388723
388724
388725
388726
388753
388754
388755
388756
388757
388758
388759
388760
388761
388762
388763
388764
388765
388766
388767
388768
388769
388770
388771
388772
388773
388774
388775
388776
388777
388778
388779
388781
388782
388783
388784
388785
388786
388787
388788
388789
388790
388791
388792
388793
388794
388795
388796
388797
388798
388799
388800
388801
388802
388803
388804
388831
388832
388833
388834
388835
388836
388837
388838
388839
388840
388841
388842
388843
388844
388845
388846
388847
388848
388849
388850
388851
388852
388853
388854
388855
388856
388909
388910
388911
388912
388913
388914
388915
388916
388917
388918
388919
388920
388921
388922
388923
388924
388925
388926
388927
388928
388929
388930
388931
388932
388933
388934
388935
388937
388938
388939
388940
388941
388942
388943
388944
388945
388946
388947
388948
388949
388950
388951
388952
388953
388954
388955
388956
388957
388958
388959
388960
388961
388962
388963
388964
388965
388966
388967
388968
388969
388970
388971
388972
388973
388974
388975
388976
388977
388978
388979
388980
388981
388982
388983
388984
388985
388986
388987
388988
388989
388990
388991
388992
388993
388994
388995
388996
388997
388998
388999
389000
389001
389002
389003
389004
389005
389006
389007
389008
389009
389010
389011
389012
389039
389040
389041
389042
389043
389044
389045
389046
389047
389048
389049
389050
389051
389052
389053
389054
389055
389056
389057
389058
389059
389060
389061
389062
389063
389064
389091
389092
389093
389094
389095
389096
389097
389098
389099
389100
389101
389102
389103
389104
389105
389106
389107
389108
389109
389110
389111
389112
389113
389114
389115
389116
389143
389144
389145
389146
389147
389148
389149
389150
389151
389152
389153
389154
389155
389156
389157
389158
389159
389160
389161
389162
389163
389164
389165
389166
389167
389168
389221
389222
389223
389224
389225
389226
389227
389228
389229
389230
389231
389232
389233
389234
389235
389236
389237
389238
389239
389240
389241
389242
389243
389244
389245
389246
389247
389248
389249
389250
389251
389252
389253
389254
389255
389256
389257
389258
389259
389260
389261
389262
389263
389264
389265
389266
389267
389268
389269
389270
389271
389272
389299
389300
389301
389302
389303
389304
389305
389306
389307
389308
389309
389310
389311
389312
389313
389314
389315
389316
389317
389318
389319
389320
389321
389322
389323
389324
389351
389352
389353
389354
389355
389356
389357
389358
389359
389360
389361
389362
389363
389364
389365
389366
389367
389368
389369
389370
389371
389372
389373
389374
389375
389376
389403
389404
389405
389406
389407
389408
389409
389410
389411
389412
389413
389414
389415
389416
389417
389418
389419
389420
389421
389422
389423
389424
389425
389426
389427
389428
389507
389508
389509
389510
389511
389512
389513
389514
389515
389516
389517
389518
389519
389520
389521
389522
389523
389524
389525
389526
389527
389528
389529
389530
389531
389532
389533
389534
389535
389536
389537
389538
389539
389540
389541
389543
389544
389545
389546
389547
389548
389549
389550
389551
389552
389553
389554
389555
389556
389557
389558
389611
389612
389613
389614
389615
389616
389617
389618
389619
389620
389621
389622
389623
389624
389625
389626
389627
389628
389629
389630
389631
389632
389633
389634
389635
389636
389638
389639
389640
389641
389642
389643
389644
389645
389646
389647
389648
389649
389650
389651
389652
389653
389654
389655
389656
389657
389658
389659
389660
389661
389662
389689
389690
389691
389692
389693
389694
389695
389696
389697
389698
389699
389700
389701
389702
389703
389704
389705
389706
389707
389708
389709
389710
389711
389712
389713
389714
389715
389716
389719
389720
389721
389722
389723
389724
389725
389726
389727
389728
389729
389730
389731
389732
389733
389734
389735
389736
389737
389738
389739
389740
389767
389768
389769
389770
389771
389772
389773
389774
389775
389776
389777
389778
389779
389780
389781
389782
389783
389784
389785
389786
389787
389788
389789
389790
389791
389792
389794
389797
389799
389800
389801
389802
389803
389804
389805
389806
389807
389808
389809
389810
389811
389812
389813
389814
389815
389816
389817
389818
389845
389846
389847
389848
389849
389850
389851
389852
389853
389854
389855
389856
389857
389858
389859
389860
389861
389862
389863
389864
389865
389866
389867
389868
389870
390027
390028
390029
390030
390031
390032
390033
390034
390035
390036
390037
390038
390039
390040
390041
390042
390043
390044
390045
390046
390047
390048
390049
390050
390051
390052
390157
390158
390159
390160
390161
390162
390163
390164
390165
390166
390167
390168
390169
390170
390171
390172
390173
390174
390175
390176
390177
390178
390179
390180
390181
390182
390184
390185
390186
390187
390188
390189
390190
390191
390192
390193
390194
390195
390196
390197
390198
390199
390200
390201
390202
390203
390204
390205
390206
390207
390208
390209
390210
390211
390213
390214
390215
390216
390217
390218
390219
390220
390221
390222
390223
390224
390225
390226
390227
390228
390229
390230
390231
390232
390233
390234
390287
390288
390289
390290
390291
390292
390293
390294
390295
390296
390297
390298
390299
390300
390301
390302
390303
390304
390305
390306
390307
390308
390309
390310
390311
390312
390315
390316
390317
390318
390319
390320
390321
390322
390323
390324
390325
390326
390327
390328
390329
390330
390331
390332
390333
390334
390335
390336
390337
390338
390365
390366
390367
390368
390369
390370
390371
390372
390373
390374
390375
390376
390377
390378
390379
390380
390381
390382
390383
390384
390385
390386
390387
390388
390389
390390
390443
390444
390445
390446
390447
390448
390449
390450
390451
390452
390453
390454
390455
390457
390458
390459
390460
390461
390462
390463
390464
390465
390466
390467
390468
390547
390548
390549
390550
390551
390552
390553
390554
390555
390557
390558
390559
390560
390561
390563
390564
390566
390567
390568
390569
390570
390571
390572
390599
390600
390601
390602
390603
390604
390605
390606
390607
390608
390609
390610
390611
390612
390614
390615
390616
390617
390618
390619
390620
390621
390622
390623
390624
390781
390782
390783
390784
390785
390786
390787
390789
390790
390791
390792
390793
390794
390795
390796
390797
390798
390799
390800
390801
390802
390803
390804
390805
390806
390859
390860
390861
390862
390863
390864
390865
390866
390867
390868
390869
390870
390871
390872
390873
390874
390875
390876
390877
390878
390879
390881
390882
390883
390884
390885
390886
390888
390889
390891
390892
390893
390894
390895
390896
390897
390898
390899
390900
390901
390902
390903
390904
390905
390906
390907
390908
390909
390910
390938
390939
390941
390942
390943
390944
390946
390947
390948
390949
390950
390951
390952
390953
390954
390956
390957
390958
390959
390960
390961
390962
390963
390964
390965
390966
390967
390968
390969
390970
390971
390972
390973
390974
390975
390976
390977
390978
390979
390980
390981
390982
390983
390984
390986
390987
390988
391015
391016
391017
391018
391019
391020
391021
391022
391023
391024
391025
391026
391027
391028
391029
391030
391031
391032
391033
391034
391035
391036
391037
391038
391039
391040
391041
391042
391043
391044
391045
391046
391047
391048
391049
391050
391051
391052
391053
391054
391055
391056
391057
391058
391059
391060
391061
391062
391063
391064
391065
391066
391093
391094
391095
391096
391097
391098
391099
391100
391101
391102
391103
391104
391105
391106
391107
391108
391109
391110
391111
391112
391113
391114
391115
391116
391117
391118
391120
391122
391123
391124
391125
391126
391127
391128
391129
391130
391131
391132
391133
391134
391135
391136
391137
391138
391139
391140
391141
391142
391143
391144
391171
391172
391173
391174
391175
391176
391177
391178
391179
391180
391181
391182
391183
391184
391185
391186
391187
391188
391189
391190
391191
391192
391193
391194
391195
391196
391249
391250
391251
391252
391253
391254
391255
391256
391257
391258
391259
391260
391261
391262
391263
391264
391265
391266
391267
391268
391269
391270
391271
391272
391273
391274
391275
391276
391277
391278
391279
391280
391281
391282
391283
391284
391285
391286
391287
391288
391289
391290
391291
391292
391293
391294
391295
391296
391297
391298
391299
391300
391327
391328
391329
391330
391331
391332
391333
391334
391335
391336
391337
391338
391339
391340
391341
391342
391343
391344
391345
391346
391347
391348
391349
391350
391351
391352
391353
391354
391355
391356
391357
391358
391359
391360
391361
391362
391363
391364
391365
391366
391367
391368
391369
391370
391371
391372
391373
391374
391375
391376
391377
391378
391431
391432
391433
391434
391435
391436
391437
391438
391439
391440
391441
391442
391443
391444
391445
391446
391447
391448
391449
391450
391451
391452
391453
391454
391455
391456
391458
391461
391462
391463
391464
391465
391466
391467
391468
391469
391470
391471
391472
391473
391474
391475
391476
391477
391478
391479
391480
391481
391482
391484
391485
391486
391487
391488
391489
391490
391491
391492
391493
391494
391495
391496
391497
391498
391499
391500
391501
391502
391503
391504
391505
391506
391507
391508
391509
391510
391511
391512
391513
391514
391515
391516
391517
391518
391519
391520
391521
391522
391523
391524
391525
391526
391527
391528
391529
391530
391531
391532
391533
391534
391535
391536
391537
391538
391539
391540
391541
391542
391543
391544
391545
391546
391547
391548
391549
391550
391551
391552
391553
391554
391555
391556
391557
391558
391559
391560
391588
391589
391590
391592
391593
391594
391595
391596
391597
391598
391599
391600
391601
391602
391603
391604
391605
391606
391607
391608
391609
391610
391611
391666
391667
391668
391670
391671
391672
391674
391675
391676
391677
391678
391679
391680
391681
391682
391683
391684
391685
391686
391687
391688
391689
391690
391691
391694
391695
391697
391698
391700
391702
391706
391709
391712
391713
391715
