391718
391719
391720
391721
391722
391723
391724
391725
391726
391727
391728
391729
391730
391731
391732
391733
391734
391735
391736
391737
391738
391739
391740
391741
391742
391744
391745
391746
391747
391748
391749
391750
391751
391752
391753
391754
391755
391756
391757
391758
391759
391760
391761
391762
391763
391764
391765
391766
391767
391768
391795
391796
391797
391798
391799
391800
391801
391802
391803
391804
391805
391806
391807
391808
391809
391810
391811
391812
391813
391814
391815
391816
391817
391818
391819
391820
391821
391822
391823
391824
391826
391827
391828
391829
391830
391831
391832
391833
391834
391835
391836
391837
391838
391839
391840
391841
391842
391843
391844
391845
391846
391848
391849
391850
391851
391852
391853
391854
391855
391856
391857
391858
391859
391860
391861
391862
391863
391864
391865
391866
391867
391868
391869
391870
391871
391872
391874
391875
391876
391877
391878
391879
391880
391881
391882
391883
391884
391885
391886
391887
391888
391889
391890
391891
391892
391893
391894
391895
391896
391897
391898
391899
391900
391901
391902
391903
391904
391905
391906
391907
391908
391909
391910
391911
391912
391913
391914
391915
391916
391917
391918
391919
391920
391921
391922
391923
391924
391951
391952
391953
391954
391955
391956
391957
391958
391959
391960
391961
391962
391963
391964
391965
391966
391967
391968
391969
391970
391971
391972
391973
391974
391975
391976
392003
392004
392005
392006
392007
392008
392009
392010
392011
392012
392013
392014
392015
392016
392017
392018
392019
392020
392021
392022
392023
392024
392025
392026
392027
392028
392029
392030
392031
392032
392033
392034
392035
392036
392037
392038
392039
392040
392041
392042
392043
392044
392045
392046
392047
392048
392049
392050
392051
392052
392053
392054
392081
392082
392083
392084
392085
392086
392087
392088
392089
392090
392091
392092
392093
392094
392095
392096
392097
392098
392099
392100
392101
392102
392103
392104
392105
392106
392133
392134
392135
392136
392137
392138
392139
392140
392141
392142
392143
392144
392145
392146
392147
392148
392149
392150
392151
392152
392153
392154
392155
392156
392157
392158
392159
392160
392161
392162
392163
392164
392165
392166
392167
392168
392169
392170
392171
392172
392173
392174
392175
392176
392177
392178
392179
392180
392181
392182
392183
392184
392185
392186
392187
392188
392189
392190
392191
392192
392193
392194
392195
392196
392197
392198
392199
392200
392201
392202
392203
392204
392205
392206
392207
392208
392209
392210
392263
392264
392265
392266
392267
392268
392269
392270
392271
392272
392273
392274
392275
392276
392277
392278
392279
392280
392281
392282
392283
392284
392285
392286
392287
392288
392367
392368
392369
392370
392371
392372
392373
392374
392375
392376
392377
392378
392379
392380
392381
392382
392383
392384
392385
392386
392387
392388
392389
392390
392391
392392
392419
392420
392421
392422
392423
392424
392425
392426
392427
392428
392429
392430
392431
392432
392433
392434
392435
392436
392437
392438
392439
392440
392441
392442
392443
392444
392445
392446
392447
392448
392449
392450
392451
392452
392453
392454
392455
392456
392457
392458
392459
392460
392461
392462
392463
392464
392465
392466
392467
392468
392469
392470
392497
392498
392499
392500
392501
392502
392503
392504
392505
392506
392507
392508
392509
392510
392511
392512
392513
392514
392515
392516
392517
392518
392519
392520
392521
392522
392524
392525
392526
392527
392528
392529
392530
392531
392532
392533
392534
392535
392536
392537
392538
392539
392540
392541
392542
392543
392544
392545
392546
392547
392548
392575
392576
392577
392578
392579
392580
392581
392582
392583
392584
392585
392586
392587
392588
392589
392590
392591
392592
392593
392594
392595
392596
392597
392598
392599
392600
392757
392758
392759
392760
392761
392762
392763
392764
392765
392766
392767
392768
392769
392770
392771
392772
392773
392774
392775
392776
392777
392778
392779
392780
392781
392782
392783
392784
392786
392787
392788
392789
392790
392791
392792
392793
392794
392795
392796
392797
392798
392799
392800
392801
392802
392803
392804
392805
392806
392807
392808
392913
392914
392915
392916
392917
392918
392919
392920
392921
392922
392923
392924
392925
392926
392927
392928
392929
392930
392931
392932
392933
392934
392935
392936
392937
392938
392940
392941
392942
392943
392944
392945
392946
392947
392948
392949
392950
392951
392952
392953
392954
392955
392956
392957
392958
392959
392960
392961
392962
392963
392964
393017
393018
393019
393020
393021
393022
393023
393024
393025
393026
393027
393028
393029
393030
393031
393032
393033
393034
393035
393036
393037
393038
393039
393040
393041
393043
393045
393046
393047
393048
393049
393050
393051
393052
393053
393054
393055
393056
393057
393058
393059
393060
393061
393062
393063
393064
393065
393066
393067
393068
393095
393096
393097
393098
393099
393100
393101
393102
393103
393104
393105
393106
393107
393108
393109
393110
393111
393112
393113
393114
393115
393116
393117
393118
393119
393120
393121
393122
393123
393124
393125
393126
393127
393128
393129
393130
393131
393132
393133
393134
393135
393136
393137
393138
393139
393140
393141
393142
393143
393144
393145
393146
393147
393148
393149
393150
393151
393152
393153
393154
393155
393156
393157
393158
393159
393160
393161
393162
393163
393164
393165
393166
393167
393168
393169
393170
393171
393172
393199
393200
393201
393202
393203
393204
393205
393206
393207
393208
393209
393210
393211
393212
393213
393214
393215
393216
393217
393218
393219
393220
393221
393222
393223
393224
393251
393252
393253
393254
393255
393256
393257
393258
393259
393260
393261
393262
393263
393264
393265
393266
393267
393268
393269
393270
393271
393272
393273
393274
393275
393276
393278
393279
393280
393281
393282
393283
393284
393285
393286
393287
393288
393289
393290
393291
393292
393293
393294
393295
393296
393297
393298
393299
393300
393301
393302
393303
393304
393305
393306
393307
393308
393309
393310
393311
393312
393313
393314
393315
393316
393317
393318
393319
393320
393321
393322
393323
393324
393325
393326
393327
393328
393329
393330
393331
393332
393333
393334
393335
393336
393337
393338
393339
393340
393341
393342
393343
393344
393345
393346
393347
393348
393349
393350
393351
393352
393353
393354
393433
393434
393435
393436
393437
393438
393439
393440
393441
393442
393443
393444
393445
393446
393447
393448
393449
393450
393451
393452
393453
393454
393455
393456
393457
393458
393460
393462
393464
393465
393466
393467
393468
393469
393470
393471
393472
393473
393474
393475
393476
393477
393478
393479
393480
393481
393482
393483
393484
393485
393487
393488
393489
393490
393491
393492
393493
393494
393495
393496
393497
393498
393499
393500
393501
393502
393503
393504
393505
393506
393507
393508
393509
393510
393512
393513
393514
393515
393516
393517
393518
393519
393520
393521
393522
393523
393524
393525
393526
393527
393528
393529
393530
393531
393532
393533
393534
393535
393536
393563
393564
393565
393566
393567
393568
393569
393570
393571
393572
393573
393574
393575
393576
393577
393578
393579
393580
393581
393582
393583
393584
393585
393586
393587
393588
393589
393590
393591
393592
393593
393594
393595
393596
393597
393598
393599
393600
393601
393602
393603
393604
393605
393606
393607
393608
393609
393610
393611
393612
393613
393614
393616
393617
393618
393619
393620
393621
393622
393623
393624
393625
393626
393627
393628
393629
393630
393631
393632
393633
393634
393635
393636
393637
393638
393639
393640
393642
393643
393644
393645
393646
393647
393648
393649
393650
393651
393652
393653
393654
393656
393657
393658
393659
393660
393661
393662
393663
393664
393665
393666
393667
393668
393670
393671
393673
393674
393675
393676
393677
393678
393679
393680
393681
393682
393683
393684
393685
393686
393687
393688
393689
393690
393691
393692
393719
393720
393721
393722
393723
393724
393725
393726
393727
393728
393729
393730
393731
393732
393733
393734
393735
393736
393737
393738
393739
393740
393741
393742
393743
393744
393771
393772
393773
393774
393775
393776
393777
393778
393779
393780
393781
393782
393783
393784
393785
393786
393787
393788
393789
393790
393791
393792
393793
393794
393795
393796
393823
393824
393825
393826
393827
393828
393829
393830
393831
393832
393833
393834
393835
393836
393837
393838
393839
393840
393841
393842
393843
393844
393845
393846
393847
393848
393849
393851
393852
393853
393854
393855
393856
393857
393858
393859
393860
393861
393862
393863
393864
393865
393866
393867
393868
393869
393870
393871
393872
393873
393874
393875
393876
393877
393878
393879
393880
393881
393882
393883
393884
393885
393886
393887
393888
393889
393890
393891
393892
393893
393894
393895
393896
393897
393898
393899
393900
393927
393928
393929
393930
393931
393932
393933
393934
393935
393936
393937
393938
393939
393940
393941
393942
393943
393944
393945
393946
393947
393948
393949
393950
393951
393952
393980
393981
393982
393983
393984
393985
393986
393987
393988
393989
393990
393991
393992
393993
393994
393995
393996
393997
393998
393999
394000
394001
394002
394003
394004
394006
394007
394009
394010
394011
394012
394013
394014
394015
394016
394017
394018
394019
394020
394021
394022
394023
394024
394025
394026
394027
394028
394029
394030
394031
394032
394033
394034
394035
394036
394037
394038
394039
394040
394041
394042
394043
394044
394045
394046
394047
394048
394049
394050
394051
394052
394053
394054
394055
394056
394083
394084
394085
394086
394087
394088
394089
394090
394091
394092
394093
394094
394095
394096
394097
394098
394099
394100
394101
394102
394103
394104
394105
394106
394107
394108
394110
394111
394112
394113
394114
394115
394116
394117
394118
394119
394120
394121
394122
394123
394124
394125
394126
394127
394128
394129
394130
394131
394132
394133
394134
394161
394162
394163
394164
394165
394166
394167
394168
394169
394170
394171
394172
394173
394174
394175
394176
394177
394178
394179
394180
394181
394182
394183
394184
394185
394186
394187
394190
394191
394192
394193
394194
394195
394196
394197
394198
394199
394200
394201
394202
394203
394204
394205
394206
394207
394208
394209
394210
394211
394212
394291
394292
394293
394294
394295
394296
394297
394298
394299
394300
394301
394302
394303
394304
394305
394306
394307
394308
394309
394310
394311
394312
394313
394314
394315
394316
394317
394318
394319
394320
394321
394322
394323
394324
394325
394326
394327
394328
394329
394330
394331
394332
394333
394334
394335
394336
394337
394338
394339
394340
394341
394342
394369
394370
394371
394372
394373
394374
394375
394376
394377
394378
394379
394380
394381
394382
394383
394384
394385
394386
394387
394388
394389
394390
394391
394392
394393
394394
394395
394397
394398
394399
394400
394401
394402
394403
394404
394405
394406
394407
394408
394409
394410
394411
394412
394413
394414
394415
394416
394417
394418
394419
394420
394447
394448
394449
394450
394451
394452
394453
394454
394455
394456
394457
394458
394459
394460
394462
394463
394464
394465
394466
394467
394468
394469
394470
394471
394472
394525
394526
394527
394528
394529
394530
394531
394532
394533
394534
394535
394536
394537
394538
394539
394540
394541
394542
394543
394544
394545
394546
394547
394548
394549
394550
394577
394578
394579
394580
394581
394582
394583
394584
394585
394586
394587
394588
394589
394590
394591
394592
394593
394594
394595
394596
394597
394598
394599
394600
394601
394602
394629
394630
394631
394632
394633
394634
394635
394636
394637
394638
394639
394640
394641
394642
394643
394644
394645
394646
394647
394648
394649
394650
394651
394652
394653
394654
394655
394656
394657
394658
394659
394660
394661
394662
394663
394664
394665
394666
394667
394668
394669
394670
394671
394672
394673
394674
394675
394676
394677
394678
394679
394680
394707
394708
394709
394710
394711
394712
394713
394714
394715
394716
394717
394718
394719
394720
394721
394722
394723
394724
394725
394726
394727
394728
394729
394730
394731
394732
394734
394735
394736
394737
394738
394739
394740
394741
394742
394743
394744
394745
394746
394747
394748
394749
394750
394751
394752
394753
394754
394755
394756
394757
394758
394759
394760
394761
394762
394763
394764
394765
394766
394767
394768
394769
394770
394771
394772
394773
394774
394775
394776
394777
394778
394779
394780
394781
394782
394783
394784
394786
394788
394789
394790
394791
394792
394793
394794
394795
394796
394797
394798
394799
394800
394801
394802
394803
394804
394805
394806
394807
394808
394809
394810
394837
394838
394839
394840
394841
394842
394843
394844
394845
394846
394847
394848
394849
394850
394851
394852
394853
394854
394855
394856
394857
394858
394859
394860
394861
394862
394864
394865
394866
394867
394868
394869
394870
394871
394872
394873
394874
394875
394877
394878
394879
394880
394881
394882
394883
394884
394885
394886
394887
394888
394915
394916
394917
394918
394919
394920
394921
394922
394923
394924
394925
394926
394927
394928
394929
394930
394931
394932
394933
394934
394935
394936
394937
394938
394939
394940
394941
394942
394943
394944
394945
394946
394947
394948
394949
394950
394951
394952
394953
394954
394955
394956
394957
394958
394959
394960
394961
394962
394963
394964
394965
394966
394968
394969
394970
394971
394972
394973
394974
394975
394976
394977
394978
394979
394980
394982
394983
394984
394985
394986
394987
394988
394989
394990
394991
394992
394993
394995
394997
394998
394999
395000
395001
395002
395003
395004
395005
395006
395007
395008
395009
395010
395011
395012
395013
395014
395015
395016
395017
395018
395175
395176
395177
395178
395179
395180
395181
395182
395183
395184
395185
395186
395187
395188
395189
395190
395191
395192
395193
395194
395195
395196
395197
395198
395199
395200
395227
395228
395229
395230
395231
395232
395233
395234
395235
395236
395237
395238
395239
395240
395241
395242
395243
395244
395245
395246
395247
395248
395249
395250
395251
395252
395254
395255
395256
395257
395259
395260
395261
395262
395263
395264
395265
395266
395267
395268
395269
395270
395271
395272
395273
395274
395275
395276
395277
395278
395305
395306
395307
395308
395309
395310
395311
395312
395313
395314
395315
395316
395317
395318
395319
395320
395321
395322
395323
395324
395325
395326
395327
395328
395329
395330
395383
395384
395385
395386
395387
395388
395389
395390
395391
395392
395393
395394
395395
395396
395397
395398
395399
395400
395401
395402
395403
395404
395405
395406
395407
395408
395487
395488
395489
395490
395491
395492
395493
395494
395495
395496
395497
395498
395499
395500
395501
395502
395503
395504
395505
395506
395507
395508
395509
395510
395511
395512
395565
395566
395567
395568
395569
395570
395571
395572
395573
395574
395575
395576
395577
395578
395579
395580
395581
395582
395583
395584
395585
395586
395587
395589
395590
395592
395593
395594
395595
395596
395597
395598
395599
395600
395601
395602
395603
395604
395605
395606
395607
395608
395609
395610
395611
395612
395613
395614
395615
395616
395643
395644
395645
395646
395647
395648
395650
395651
395652
395653
395654
395655
395656
395657
395658
395659
395660
395661
395662
395663
395664
395665
395666
395667
395668
395695
395696
395697
395698
395699
395700
395701
395702
395703
395705
395706
395707
395708
395709
395710
395711
395712
395713
395714
395715
395716
395717
395718
395719
395720
395747
395748
395749
395750
395751
395752
395753
395754
395755
395756
395757
395758
395759
395760
395761
395762
395763
395764
395765
395766
395767
395768
395769
395770
395771
395772
395773
395774
395776
395777
395778
395779
395780
395781
395782
395783
395784
395785
395786
395787
395788
395790
395791
395792
395793
395794
395795
395796
395797
395798
395825
395826
395827
395828
395829
395830
395831
395832
395833
395834
395835
395836
395837
395838
395839
395840
395841
395842
395843
395844
395845
395847
395848
395849
395850
395852
395853
395854
395855
395856
395857
395858
395859
395860
395861
395862
395863
395864
395866
395867
395868
395869
395870
395871
395872
395873
395874
395875
395876
395878
395879
395880
395881
395882
395883
395884
395885
395886
395887
395888
395889
395890
395891
395892
395893
395894
395895
395896
395897
395898
395899
395900
395901
395902
395929
395930
395931
395932
395933
395934
395935
395936
395937
395938
395939
395940
395941
395945
395946
395947
395948
395949
395950
395951
395952
395953
395954
396085
396086
396087
396089
396090
396091
396092
396093
396094
396095
396096
396098
396099
396100
396101
396102
396103
396104
396105
396106
396107
396108
396110
396111
396113
396114
396115
396116
396117
396118
396119
396120
396121
396122
396123
396124
396125
396126
396127
396128
396129
396130
396131
396132
396133
396134
396135
396136
396163
396164
396165
396166
396167
396168
396169
396170
396171
396172
396173
396174
396175
396176
396177
396178
396179
396181
396182
396183
396184
396185
396186
396187
396188
396189
396190
396191
396192
396193
396194
396195
396196
396197
396198
396199
396200
396201
396202
396203
396204
396205
396206
396207
396208
396209
396210
396211
396212
396213
396214
396267
396268
396269
396270
396271
396272
396273
396274
396275
396276
396277
396278
396279
396280
396281
396282
396283
396284
396285
396286
396287
396288
396289
396290
396291
396292
396294
396295
396296
396297
396298
396299
396300
396301
396302
396303
396304
396305
396306
396307
396308
396309
396310
396311
396312
396313
396314
396315
396316
396317
396318
396345
396346
396347
396348
396349
396350
396351
396352
396353
396354
396355
396356
396357
396358
396359
396360
396361
396362
396363
396364
396365
396366
396367
396368
396369
396370
396371
396372
396373
396374
396375
396376
396377
396378
396379
396380
396381
396382
396383
396384
396385
396386
396387
396388
396389
396390
396391
396392
396393
396394
396395
396396
396397
396399
396400
396401
396402
396403
396404
396405
396406
396407
396408
396409
396410
396411
396412
396413
396414
396415
396416
396417
396418
396419
396420
396421
396422
396475
396476
396477
396478
396479
396480
396481
396482
396483
396484
396485
396486
396487
396488
396489
396490
396491
396492
396493
396494
396495
396496
396497
396498
396499
396500
396502
396503
396504
396505
396506
396507
396508
396509
396510
396511
396512
396513
396514
396515
396516
396517
396518
396519
396520
396521
396522
396523
396524
396525
396526
396553
396554
396555
396556
396557
396558
396559
396560
396561
396562
396563
396564
396565
396566
396567
396568
396569
396570
396571
396572
396573
396574
396575
396576
396577
396578
396579
396580
396581
396582
396583
396584
396585
396586
396587
396588
396589
396590
396591
396592
396593
396594
396595
396596
396597
396598
396599
396600
396601
396602
396603
396604
396631
396632
396633
396634
396635
396636
396637
396638
396639
396640
396641
396642
396643
396644
396645
396646
396647
396648
396649
396650
396651
396652
396653
396654
396655
396656
396658
396659
396660
396661
396662
396663
396664
396665
396666
396667
396668
396669
396670
396671
396672
396673
396674
396675
396676
396677
396678
396679
396680
396681
396682
396684
396685
396686
396687
396688
396689
396690
396691
396692
396693
396694
396695
396696
396697
396698
396699
396700
396701
396702
396703
396704
396705
396706
396707
396708
396735
396736
396737
396738
396739
396740
396741
396742
396743
396744
396745
396746
396747
396748
396749
396750
396751
396752
396753
396754
396755
396756
396757
396758
396759
396760
396761
396763
396764
396765
396766
396769
396770
396771
396772
396773
396774
396775
396776
396777
396778
396779
396780
396782
396783
396784
396785
396786
396839
396840
396841
396842
396843
396844
396845
396846
396847
396848
396849
396850
396851
396852
396853
396854
396855
396856
396857
396858
396859
396860
396861
396862
396863
396864
396865
396866
396869
396871
396873
396874
396875
396876
396878
396881
396882
396884
396885
396886
396887
396888
396889
396890
