402158
402159
402160
402161
402162
402163
402164
402165
402166
402167
402168
402195
402196
402197
402198
402199
402200
402201
402202
402203
402204
402205
402206
402207
402208
402209
402210
402211
402212
402213
402214
402215
402216
402217
402218
402219
402220
402221
402222
402223
402224
402225
402226
402227
402228
402229
402230
402231
402232
402233
402234
402235
402236
402237
402238
402239
402240
402241
402242
402243
402244
402245
402246
402249
402250
402251
402252
402253
402254
402255
402256
402257
402258
402259
402260
402261
402262
402263
402264
402265
402266
402267
402268
402269
402270
402271
402272
402299
402300
402301
402302
402303
402304
402305
402306
402307
402308
402309
402310
402311
402312
402313
402314
402315
402316
402317
402318
402319
402320
402321
402322
402323
402324
402351
402352
402353
402354
402355
402356
402357
402358
402359
402360
402361
402362
402363
402364
402365
402366
402367
402368
402369
402370
402371
402372
402373
402374
402375
402376
402403
402404
402405
402406
402407
402408
402409
402410
402411
402412
402413
402414
402415
402416
402417
402419
402420
402421
402422
402423
402424
402425
402426
402427
402428
402429
402430
402431
402432
402433
402434
402435
402436
402437
402438
402439
402440
402441
402442
402443
402444
402445
402446
402447
402448
402449
402450
402451
402452
402453
402454
402455
402457
402458
402459
402460
402461
402462
402463
402464
402465
402466
402467
402468
402469
402470
402471
402472
402473
402474
402475
402476
402477
402478
402480
402482
402483
402484
402485
402486
402487
402488
402489
402490
402491
402492
402493
402494
402495
402496
402497
402498
402499
402500
402501
402502
402503
402504
402505
402506
402585
402586
402587
402588
402589
402590
402591
402592
402593
402594
402595
402596
402597
402598
402599
402600
402601
402602
402603
402605
402606
402607
402609
402610
402611
402612
402613
402614
402615
402616
402617
402618
402619
402620
402621
402622
402623
402624
402625
402626
402627
402628
402629
402630
402631
402632
402633
402634
402635
402636
402637
402638
402639
402640
402641
402642
402643
402644
402645
402646
402647
402648
402649
402650
402651
402652
402653
402654
402655
402656
402657
402658
402659
402660
402661
402662
402715
402716
402717
402718
402719
402720
402721
402722
402723
402724
402725
402726
402727
402728
402729
402730
402731
402732
402733
402734
402735
402736
402737
402738
402739
402740
402819
402820
402821
402822
402823
402824
402825
402826
402827
402828
402829
402830
402831
402832
402833
402834
402835
402836
402837
402838
402839
402840
402841
402842
402843
402844
402845
402846
402847
402848
402849
402850
402851
402852
402853
402854
402855
402856
402857
402858
402859
402860
402861
402862
402863
402864
402865
402866
402867
402868
402869
402870
402871
402872
402873
402874
402875
402876
402877
402878
402879
402880
402881
402882
402883
402884
402885
402886
402887
402888
402889
402890
402891
402892
402893
402894
402895
402896
402923
402924
402925
402926
402927
402928
402929
402930
402931
402932
402933
402934
402935
402936
402937
402938
402939
402940
402941
402942
402943
402944
402945
402946
402947
402948
402975
402976
402977
402978
402979
402980
402982
402983
402984
402985
402986
402987
402988
402989
402990
402991
402992
402994
402995
402996
402997
402998
402999
403000
403053
403054
403055
403056
403058
403059
403060
403061
403062
403063
403064
403065
403066
403067
403068
403069
403070
403071
403072
403073
403074
403075
403076
403077
403078
403079
403080
403082
403083
403084
403085
403086
403087
403088
403089
403090
403091
403092
403093
403094
403095
403096
403097
403098
403099
403100
403101
403102
403103
403104
403131
403132
403133
403134
403135
403136
403137
403138
403139
403140
403141
403142
403143
403144
403145
403146
403147
403148
403149
403150
403151
403152
403153
403154
403155
403156
403157
403158
403159
403160
403161
403162
403165
403166
403167
403168
403169
403170
403171
403172
403173
403174
403175
403176
403177
403178
403179
403180
403181
403182
403183
403184
403185
403186
403187
403188
403189
403190
403191
403192
403193
403194
403195
403196
403197
403198
403199
403200
403201
403202
403203
403204
403205
403206
403207
403208
403209
403210
403211
403212
403213
403214
403215
403216
403217
403218
403219
403220
403221
403222
403223
403224
403225
403226
403227
403228
403229
403230
403231
403232
403233
403234
