403261
403262
403263
403264
403266
403267
403268
403269
403270
403271
403272
403273
403274
403275
403276
403277
403278
403279
403280
403281
403282
403283
403284
403285
403286
403313
403314
403315
403316
403317
403318
403319
403320
403321
403322
403323
403324
403325
403326
403327
403328
403329
403330
403331
403332
403333
403334
403335
403336
403337
403338
403365
403366
403367
403368
403369
403370
403371
403372
403373
403374
403375
403376
403377
403378
403379
403380
403381
403382
403383
403384
403385
403386
403387
403388
403389
403390
403495
403496
403497
403498
403499
403500
403501
403502
403503
403504
403505
403506
403507
403508
403509
403510
403511
403512
403513
403514
403515
403516
403517
403518
403519
403520
403547
403548
403549
403550
403551
403552
403553
403554
403555
403556
403557
403558
403559
403560
403561
403562
403563
403564
403565
403566
403567
403568
403569
403570
403571
403572
403573
403574
403575
403576
403577
403578
403580
403581
403582
403583
403584
403585
403586
403587
403588
403589
403590
403591
403592
403593
403594
403595
403596
403597
403598
403599
403600
403601
403602
403603
403604
403605
403606
403607
403608
403609
403610
403611
403612
403613
403614
403615
403616
403617
403618
403619
403620
403621
403622
403623
403624
403625
403626
403627
403628
403629
403630
403631
403632
403633
403634
403635
403636
403637
403638
403639
403640
403641
403642
403643
403644
403645
403646
403647
403648
403649
403650
403677
403679
403680
403681
403682
403683
403684
403685
403686
403687
403688
403689
403690
403691
403692
403693
403694
403695
403696
403697
403698
403699
403700
403701
403702
403885
403886
403887
403888
403889
403890
403891
403892
403893
403894
403895
403896
403897
403898
403899
403900
403901
403902
403903
403904
403905
403906
403907
403908
403909
403910
403912
403913
403914
403915
403916
403917
403918
403919
403920
403921
403922
403923
403924
403925
403926
403927
403928
403929
403930
403931
403932
403933
403934
403935
403936
403937
403938
403939
403940
403941
403942
403943
403944
403945
403946
403947
403948
403949
403950
403951
403952
403953
403954
403955
403956
403957
403958
403959
403960
403961
403962
404068
404069
404070
404071
404072
404073
404074
404075
404076
404077
404078
404079
404080
404081
404082
404083
404084
404085
404086
404088
404089
404090
404091
404092
404093
404094
404095
404096
404097
404098
404099
404100
404102
404103
404104
404106
404107
404108
404109
404110
404111
404112
404113
404114
404115
404116
404117
404118
404145
404146
404147
404148
404149
404150
404151
404152
404153
404154
404155
404156
404157
404158
404159
404160
404161
404162
404163
404164
404165
404166
404167
404168
404169
404170
404171
404172
404173
404174
404175
404176
404177
404178
404179
404180
404181
404182
404183
404184
404185
404186
404187
404188
404189
404190
404191
404192
404193
404194
404195
404196
404199
404200
404201
404202
404203
404204
404205
404206
404207
404208
404209
404210
404211
404212
404213
404214
404215
404216
404217
404218
404219
404220
404221
404222
404249
404250
404251
404252
404253
404255
404256
404257
404258
404259
404260
404261
404263
404264
404265
404266
404267
404268
404269
404270
404271
404272
404273
404274
404276
404277
404278
404279
404280
404281
404282
404283
404284
404285
404286
404287
404288
404289
404290
404291
404292
404293
404295
404296
404297
404298
404299
404300
404301
404302
404303
404304
404305
404306
404308
404310
404311
404313
404314
404315
404316
404317
404318
404319
404320
404321
404323
404324
404325
404326
404327
404328
404329
404330
404331
404332
404333
404334
404335
404336
404337
404338
404339
404340
404341
404342
404343
404344
404345
404346
404347
404348
404349
404350
404351
404352
404354
404355
404356
404357
404358
404359
404360
404361
404362
404363
404364
404365
404366
404367
404368
404369
404370
404371
404372
404373
404374
404375
404376
404377
404378
404379
404380
404381
404382
404383
404384
404385
404386
404387
404388
404389
404390
404391
404392
404393
404394
404395
404396
404397
404398
404399
404400
404401
404402
404403
404404
404431
404432
404433
404434
404435
404436
404437
404438
404439
404440
404441
404442
404443
404444
404445
404446
404447
404448
404449
404450
404451
404452
404453
404454
404455
404456
404457
404458
404460
404461
404462
404463
404464
404465
404466
404467
404468
404469
404470
404471
404472
404473
404474
404475
404476
404477
404478
404479
404480
404481
404482
404535
404536
404537
404538
404539
404540
404541
404542
404543
404544
404545
404546
404547
404548
404549
404550
404551
404552
404553
404554
404555
404556
404557
404558
404559
404560
404691
404692
404693
404694
404695
404696
404697
404698
404699
404700
404701
404702
404703
404704
404705
404706
404707
404708
404709
404710
404711
404712
404713
404714
404715
404716
404717
404718
404719
404720
404721
404722
404723
404724
404725
404726
404727
404728
404729
404730
404731
404732
404733
404734
404735
404736
404737
404738
404739
404740
404741
404742
