404795
404796
404797
404798
404799
404800
404801
404802
404803
404804
404805
404806
404807
404808
404809
404810
404811
404812
404813
404814
404815
404816
404817
404818
404819
404820
404821
404822
404823
404824
404825
404826
404827
404828
404829
404830
404831
404832
404833
404834
404835
404836
404837
404838
404839
404840
404841
404842
404843
404844
404845
404846
404873
404874
404875
404876
404877
404878
404879
404880
404881
404882
404883
404884
404885
404886
404887
404888
404889
404890
404891
404892
404893
404894
404895
404896
404897
404898
404925
404926
404927
404928
404929
404930
404931
404932
404933
404934
404935
404936
404937
404938
404939
404940
404941
404942
404943
404944
404945
404946
404947
404948
404949
404950
404951
404952
404953
404954
404955
404956
404957
404958
404959
404960
404961
404962
404963
404964
404965
404966
404967
404968
404969
404970
404971
404972
404973
404974
404975
404976
404977
404978
404979
404980
404981
404982
404983
404984
404985
404986
404987
404988
404989
404990
404991
404992
404993
404994
404995
404996
404997
404998
404999
405000
405001
405002
405029
405030
405031
405032
405033
405034
405035
405036
405037
405038
405039
405040
405041
405042
405043
405044
405045
405046
405047
405048
405049
405050
405051
405052
405053
405054
405081
405082
405083
405084
405085
405086
405087
405088
405089
405090
405091
405092
405093
405094
405095
405096
405097
405098
405099
405100
405101
405102
405103
405104
405105
405106
405185
405186
405187
405188
405189
405190
405191
405192
405193
405194
405195
405196
405197
405198
405199
405200
405201
405202
405203
405204
405205
405206
405207
405208
405209
405210
405211
405212
405213
405214
405215
405216
405217
405218
405219
405220
405221
405222
405223
405224
405225
405226
405227
405228
405229
405230
405231
405232
405233
405234
405235
405236
405237
405238
405239
405240
405241
405242
405243
405244
405245
405246
405247
405248
405249
405250
405251
405252
405253
405254
405255
405256
405257
405258
405259
405260
405261
405262
405289
405290
405291
405292
405293
405294
405295
405296
405297
405298
405299
405300
405301
405302
405303
405304
405305
405306
405307
405308
405309
405310
405311
405312
405313
405314
405315
405316
405317
405318
405319
405320
405321
405322
405323
405324
405325
405326
405327
405328
405329
405330
405331
405332
405333
405334
405335
405336
405337
405338
405339
405340
405367
405368
405369
405370
405371
405372
405373
405374
405375
405376
405377
405378
405379
405380
405381
405382
405383
405384
405385
405386
405387
405388
405389
405390
405391
405392
405394
405395
405396
405397
405398
405399
405400
405401
405402
405403
405404
405405
405406
405407
405408
405409
405410
405411
405412
405413
405414
405415
405416
405417
405418
405420
405421
405424
405425
405426
405427
405428
405429
405430
405431
405432
405433
405434
405435
405436
405437
405438
405439
405440
405441
405442
405443
405444
405445
405446
405447
405448
405449
405450
405451
405452
405453
405454
405455
405456
405457
405458
405459
405460
405461
405462
405463
405464
405465
405466
405467
405468
405469
405470
405471
405473
405474
405475
405476
405477
405478
405479
405480
405481
405482
405483
405484
405485
405486
405487
405488
405489
405490
405491
405492
405493
405494
405495
405496
405549
405550
405551
405552
405553
405554
405555
405556
405557
405558
405559
405560
405561
405562
405563
405564
405565
405566
405567
405568
405569
405570
405571
405572
405573
405574
405575
405576
405577
405578
405579
405580
405581
405582
405583
405584
405585
405586
405587
405588
405589
405590
405591
405592
405593
405594
405595
405596
405597
405598
405599
405600
405653
405654
405655
405656
405657
405658
405659
405660
405661
405662
405663
405664
405665
405666
405667
405668
405669
405670
405671
405672
405673
405674
405675
405676
405677
405678
405680
405681
405682
405683
405684
405685
405686
405687
405688
405689
405690
405691
405692
405693
405694
405695
405696
405697
405698
405699
405700
405701
405702
405703
405704
405757
405758
405759
405760
405761
405762
405763
405764
405765
405766
405767
405768
405769
405770
405771
405772
405773
405774
405775
405776
405777
405778
405779
405780
405781
405782
405809
405810
405811
405812
405813
405814
405815
405816
405817
405818
405819
405820
405821
405822
405823
405824
405825
405826
405827
405828
405829
405830
405831
405832
405833
405834
405836
405837
405838
405839
405840
405841
405842
405843
405844
405845
405846
405847
405848
405849
405850
405851
405852
405853
405854
405855
405856
405857
405858
405859
405860
405887
405888
405889
405890
405891
405892
405893
405894
405895
405896
405897
405898
405899
405900
405901
405902
405903
405904
405905
405906
405907
405908
405909
405910
405911
405912
405914
405915
405916
405917
405918
405919
405920
405921
405922
405923
405924
405925
405926
405927
405928
405929
405930
405931
405932
405933
405934
405935
405936
405937
405938
405939
405940
405941
405942
405943
405944
405945
405946
405947
405948
405949
405950
405951
405952
405953
405954
405955
405956
405957
405958
405959
405960
405961
405962
405963
405964
405965
405966
405967
405968
405969
405970
405971
405972
405973
405974
405975
405976
405977
405978
405979
405980
405981
405982
405983
405984
405985
405986
405987
405988
405989
405990
406173
406174
406175
406176
406177
406178
406179
406180
406181
406182
406183
406184
406185
406186
406187
406188
406189
406190
406191
406192
406193
406194
406195
406196
406197
406198
406225
406226
406227
406228
406229
406230
406231
406232
406233
406234
406235
406236
406237
406238
406239
406240
406241
406242
406243
406244
406245
406246
406247
406248
406249
406250
406277
406278
406279
406280
406281
406282
406283
406284
406285
406286
406287
406288
406289
406290
406291
406292
406293
406294
406295
406296
406297
406298
406299
406300
406301
406302
406329
406330
406331
406332
406333
406334
406335
406336
406337
406338
406339
406340
406341
406342
406343
406344
406345
406346
406347
406348
406349
406350
406351
406352
406353
406354
406407
406408
406409
406410
406411
406412
406413
406414
406415
406416
406417
406418
406419
406420
406421
406422
406423
406424
406425
406426
406427
406428
406429
406430
406431
406432
406511
406512
406513
406514
406515
406516
406517
406518
406519
406520
406521
406522
406523
406524
406525
406526
406527
406528
406529
406530
406531
406532
406533
406534
406535
406536
406589
406590
406591
406592
406593
406594
406595
406596
406597
406598
406599
406600
406601
406602
406603
406604
406605
406606
406607
406608
406609
406610
406611
406612
406613
406614
406615
406616
406617
406618
406619
406620
406621
406622
406623
406624
406625
406626
406627
406628
406629
406630
406631
406632
406633
406634
406635
406636
406637
406638
406639
406640
406745
406746
406747
406748
406749
406750
406751
406752
406753
406754
406755
406756
406757
406758
406759
406760
406761
406762
406763
406764
406765
406766
406767
406768
406769
406770
406797
406798
406799
406800
406801
406802
406803
406804
406805
406806
406807
406808
406809
406810
406811
406812
406813
406814
406815
406816
406817
406818
406819
406820
406821
406822
406875
406876
406877
406878
406879
406880
406881
406882
406883
406884
406885
406886
406887
406888
406889
406890
406891
406892
406893
406894
406895
406896
406897
406898
406899
406900
407005
407006
407007
407008
407009
407010
407011
407012
407013
407014
407015
407016
407017
407018
407019
407020
407021
407022
407023
407024
407025
407026
407027
407028
407029
407030
407109
407110
407111
407112
407113
407114
407115
407116
407117
407118
407119
407120
407121
407122
407123
407124
407125
407126
407127
407128
407129
407130
407131
407132
407133
407134
407136
407137
407138
407139
407140
407141
407142
407143
407144
407145
407146
407147
407148
407149
407150
407151
407152
407153
407154
407155
407156
407157
407158
407159
407160
407162
407163
407164
407165
407166
407167
407168
407169
407170
407171
407172
407173
407174
407175
407176
407177
407178
407179
407180
407181
407182
407183
407184
407185
407186
407239
407240
407241
407242
407243
407244
407245
407246
407247
407248
407249
407250
407251
407252
407253
407254
407255
407256
407257
407258
407259
407260
407261
407262
407263
407264
407343
407344
407345
407346
407347
407348
407349
407350
407351
407352
407353
407354
407355
407356
407357
407358
407359
407360
407361
407362
407363
407364
407365
407366
407367
407368
407369
407370
407371
407373
407374
407375
407376
407377
407378
407379
407380
407381
407382
407383
407384
407386
407387
407388
407389
407390
407391
407392
407393
407394
407395
407396
407397
407398
407399
407400
407401
407402
407403
407404
407405
407406
407407
407408
407409
407410
407411
407412
407413
407414
407415
407416
407417
407418
407419
407420
407447
407448
407449
407450
407451
407452
407453
407454
407455
407456
407457
407458
407459
407460
407461
407462
407463
407464
407465
407466
407467
407468
407469
407470
407471
407472
407499
407500
407501
407502
407503
407504
407505
407506
407507
407508
407509
407510
407511
407512
407513
407514
407515
407516
407517
407518
407519
407520
407521
407522
407523
407524
407551
407552
407553
407554
407555
407556
407557
407558
407559
407560
407561
407562
407563
407564
407565
407566
407567
407568
407569
407570
407571
407572
407573
407574
407575
407576
407629
407630
407631
407632
407633
407634
407635
407636
407637
407638
407639
407640
407641
407642
407643
407644
407645
407646
407647
407648
407649
407650
407651
407652
407653
407654
407681
407682
407683
407684
407685
407686
407687
407688
407689
407690
407691
407692
407693
407694
407695
407696
407697
407698
407699
407700
407701
407702
407703
407704
407705
407706
407759
407760
407761
407762
407763
407764
407765
407766
407767
407768
407769
407770
407771
407772
407773
407774
407775
407776
407777
407778
407779
407780
407781
407782
407783
407784
407786
407788
407789
407790
407791
407792
407793
407794
407795
407796
407797
407798
407799
407800
407801
407802
407803
407804
407805
407806
407807
407809
407810
407837
407838
407839
407840
407841
407842
407843
407844
407845
407846
407847
407848
407849
407850
407851
407852
407853
407854
407855
407856
407857
407858
407859
407860
407861
407862
407915
407916
407917
407918
407919
407920
407921
407922
407923
407924
407925
407926
407927
407928
407929
407930
407931
407933
407934
407935
407936
407937
407938
407939
407940
407993
407994
407995
407996
407997
407998
407999
408000
408001
408002
408003
408004
408005
408006
408007
408008
408009
408010
408011
408012
408013
408014
408015
408016
408017
408018
408020
408021
408022
408023
408024
408025
408026
408027
408028
408029
408030
408031
408032
408033
408034
408035
408036
408037
408038
408039
408040
408041
408042
408043
408044
408046
408047
408048
408049
408050
408051
408052
408053
408054
408055
408056
408057
408058
408059
408060
408061
408062
408063
408064
408065
408066
408067
408068
408069
408070
408097
408098
408099
408100
408101
408102
408103
408104
408105
408106
408107
408108
408109
408110
408111
408112
408113
408114
408115
408116
408117
408118
408119
408120
408121
408122
408149
408150
408151
408152
408153
408154
408155
408156
408157
408158
408159
408160
408161
408162
408163
408164
408165
408166
408167
408168
408169
408170
408171
408172
408173
408174
408279
408280
408281
408282
408283
408284
408286
408287
408288
408289
408290
408291
408292
408293
408294
408295
408296
408297
408298
408299
408300
408301
408302
408303
408304
408331
408332
408333
408334
408335
408336
408337
408338
408339
408340
408341
408342
408343
408344
408345
408346
408347
408348
408349
408350
408351
408352
408353
408354
408355
408356
408357
408358
408359
408360
408361
408362
408363
408364
408365
408366
408367
408368
408369
408370
408371
408372
408373
408374
408375
408376
408377
408378
408379
408380
408381
408382
408409
408410
408411
408412
408413
408414
408415
408416
408417
408418
408419
408420
408421
408422
408423
408424
408425
408426
408427
408428
408429
408431
408432
408433
408434
408461
408462
408463
408464
408465
408466
408467
408468
408469
408470
408471
408472
408473
408474
408475
408476
408477
408478
408479
408481
408482
408483
408484
408485
408486
408591
408592
408593
408594
408595
408597
408598
408599
408600
408601
408602
408603
408604
408605
408606
408607
408608
408609
408610
408611
408612
408613
408614
408616
408643
408644
408645
408646
408647
408648
408649
408650
408651
408652
408653
408654
408655
408656
408657
408658
408659
408660
408661
408662
408663
408664
408665
408666
408667
408668
408799
408800
408801
408802
408803
408804
408805
408806
408807
408808
408809
408810
408811
408813
408814
408815
408816
408817
408818
408819
408820
408821
408822
408823
408824
408825
408826
408827
408828
408829
408830
408831
408833
408834
408835
408836
408837
408838
408839
408840
408841
408842
408843
408844
408845
408846
408847
408848
408850
408903
408904
408905
408906
408907
408908
408909
408910
408911
408912
408913
408914
408915
408916
408917
408918
408919
408920
408921
408922
408923
408924
408925
408926
408927
408928
408981
408982
408983
408984
408985
408986
408987
408988
408989
408990
408991
408992
408993
408994
408995
408996
408997
408998
408999
409000
409001
409002
409003
409004
409005
409006
409033
409034
409035
409036
409037
409038
409039
409040
409041
409042
409043
409044
409045
409046
409047
409048
409049
409050
409051
409052
409053
409054
409055
409056
409057
409058
409061
409062
409063
409064
409065
409066
409067
409068
409069
409070
409071
409072
409073
409074
409075
409076
409077
409078
409079
409080
409081
409082
409083
409084
409085
409086
409087
409088
409089
409090
409091
409092
409093
409094
409095
409096
409097
409098
409099
409100
409101
409102
409103
409104
409105
409106
409107
409108
409109
409110
409112
409113
409114
409115
409116
409117
409118
409119
409120
409121
409122
409123
409124
409125
409126
409127
409128
409129
409130
409131
409132
409133
409134
409135
409136
409137
409138
409139
409140
409141
409142
409143
409144
409145
409146
409147
409148
409149
409150
409151
409152
409153
409154
409155
409156
409157
409158
409159
409160
409161
409162
409163
409164
409165
409166
409167
409168
409169
409170
409171
409172
409173
409174
409175
409176
409177
409178
409179
409180
409181
409182
409183
409184
409185
409186
409187
409188
409241
409242
409243
409244
409245
409246
409247
409248
409249
409250
409251
409252
409253
409254
409255
409256
409257
409258
409259
409260
409261
409262
409263
409264
409265
409266
409345
409346
409347
409348
409349
409350
409351
409352
409353
409354
409355
409356
409357
409358
409359
409360
409361
409362
409363
409364
409365
409366
409367
409368
409369
409370
409475
409476
409477
409478
409479
409480
409481
409482
409483
409484
409485
409486
409487
409488
409489
409490
409491
409492
409493
409494
409495
409496
409497
409498
409499
409500
409503
409504
409505
409506
409507
409508
409509
409510
409511
409512
409513
409514
409515
409517
409518
409519
409520
409521
409522
409523
409524
409525
409526
409553
409554
409555
409556
409557
409558
409559
409560
409561
409562
409563
409564
409565
409566
409567
409568
409569
409570
409571
409573
409574
409575
409576
409577
409578
409581
409582
409584
409587
409588
409590
409591
409592
409593
409594
409595
409596
409598
409599
409600
