409601
409602
409603
409604
409657
409658
409659
409660
409661
409662
409663
409664
409665
409666
409667
409668
409669
409670
409671
409672
409673
409674
409675
409676
409677
409678
409679
409680
409681
409682
409709
409710
409711
409712
409713
409714
409715
409716
409717
409719
409720
409721
409722
409723
409724
409725
409726
409727
409728
409729
409730
409731
409732
409733
409734
409737
409738
409739
409740
409741
409742
409743
409744
409745
409746
409747
409748
409749
409750
409751
409752
409753
409754
409755
409756
409757
409758
409759
409760
409813
409814
409815
409816
409817
409818
409819
409820
409821
409822
409823
409824
409825
409826
409827
409828
409829
409830
409831
409832
409833
409834
409835
409836
409837
409838
409839
409840
409841
409842
409843
409844
409845
409846
409847
409848
409850
409851
409852
409853
409854
409855
409856
409857
409858
409859
409860
409861
409862
409863
409864
409865
409866
409867
409868
409869
409870
409871
409872
409873
409874
409875
409876
409877
409878
409879
409880
409881
409882
409883
409884
409885
409886
409887
409888
409889
409890
409917
409918
409919
409920
409921
409922
409923
409924
409926
409927
409928
409929
409930
409931
409932
409933
409934
409935
409936
409937
409938
409939
409940
409941
409942
410021
410022
410023
410024
410025
410026
410027
410028
410029
410030
410031
410032
410033
410034
410035
410036
410037
410038
410039
410040
410041
410042
410043
410044
410045
410046
410125
410126
410127
410128
410129
410130
410131
410132
410133
410134
410135
410136
410137
410138
410139
410140
410141
410142
410143
410144
410145
410146
410147
410148
410149
410150
410151
410152
410153
410154
410155
410156
410157
410158
410159
410160
410161
410162
410163
410164
410165
410166
410167
410168
410169
410170
410171
410172
410173
410174
410175
410176
410255
410256
410257
410258
410259
410260
410261
410262
410263
410264
410265
410266
410267
410268
410269
410270
410271
410272
410273
410274
410275
410276
410277
410278
410279
410280
410359
410360
410361
410362
410363
410364
410365
410366
410367
410368
410369
410370
410371
410372
410373
410374
410375
410376
410377
410378
410379
410380
410381
410382
410383
410384
410385
410386
410387
410388
410389
410390
410391
410392
410393
410394
410395
410396
410397
410398
410399
410400
410401
410402
410403
410404
410405
410406
410407
410408
410409
410410
410411
410412
410413
410414
410415
410416
410417
410418
410419
410420
410421
410422
410423
410424
410425
410426
410427
410428
410429
410430
410431
410432
410433
410434
410435
410436
410463
410464
410465
410466
410467
410468
410469
410470
410471
410472
410473
410474
410475
410476
410477
410478
410479
410480
410481
410482
410483
410484
410485
410486
410487
410488
410515
410516
410517
410518
410519
410520
410521
410522
410523
410524
410525
410526
410527
410528
410529
410530
410531
410532
410533
410534
410535
410536
410537
410538
410539
410540
410593
410594
410595
410596
410597
410598
410599
410600
410601
410602
410603
410604
410605
410606
410607
410608
410609
410610
410611
410612
410613
410614
410615
410616
410617
410618
410619
410620
410621
410622
410623
410624
410625
410626
410627
410628
410629
410630
410631
410632
410633
410634
410635
410636
410637
410638
410639
410640
410641
410642
410643
410644
410723
410724
410725
410726
410727
410728
410729
410730
410731
410732
410733
410734
410735
410736
410737
410738
410739
410740
410741
410742
410743
410744
410745
410746
410747
410748
410750
410751
410752
410753
410754
410755
410756
410757
410758
410759
410760
410761
410762
410763
410764
410765
410766
410767
410768
410769
410770
410771
410772
410773
410774
410827
410828
410829
410830
410831
410832
410833
410834
410835
410836
410837
410838
410839
410840
410841
410842
410843
410844
410845
410846
410847
410848
410849
410850
410851
410852
410931
410932
410933
410934
410935
410936
410937
410938
410939
410940
410941
410942
410943
410944
410945
410946
410947
410948
410949
410950
410951
410952
410953
410954
410955
410956
411009
411010
411011
411012
411013
411014
411015
411016
411017
411018
411019
411020
411021
411022
411023
411024
411025
411026
411027
411028
411029
411030
411031
411032
411033
411034
411087
411088
411089
411090
411091
411092
411093
411094
411095
411096
411097
411098
411099
411100
411101
411102
411103
411104
411105
411106
411107
411108
411109
411110
411111
411112
411139
411140
411141
411142
411143
411144
411145
411146
411147
411148
411149
411150
411151
411152
411153
411154
411155
411156
411157
411158
411159
411160
411161
411162
411163
411164
411191
411192
411193
411194
411195
411196
411197
411198
411199
411200
411201
411202
411203
411204
411205
411206
411207
411208
411209
411210
411211
411212
411213
411214
411215
411216
411243
411244
411245
411246
411247
411248
411249
411250
411251
411252
411253
411254
411255
411256
411257
411258
411259
411260
411261
411262
411263
411264
411265
411266
411267
411268
411347
411348
411349
411350
411351
411352
411353
411354
411355
411356
411357
411358
411359
411360
411361
411362
411363
411364
411365
411366
411367
411368
411369
411370
411371
411372
411373
411374
411375
411376
411377
411378
411379
411380
411381
411382
411383
411384
411385
411386
411387
411388
411389
411390
411391
411392
411393
411394
411395
411396
411397
411398
411555
411556
411557
411558
411559
411560
411561
411562
411563
411564
411565
411566
411567
411568
411569
411570
411571
411572
411573
411574
411575
411576
411577
411578
411579
411580
411607
411608
411609
411610
411611
411612
411613
411614
411615
411616
411617
411618
411619
411620
411621
411622
411623
411624
411625
411626
411627
411628
411629
411630
411631
411632
411633
411635
411636
411637
411638
411639
411640
411641
411642
411643
411644
411645
411646
411647
411648
411649
411650
411651
411652
411653
411654
411655
411656
411657
411658
411711
411712
411713
411714
411715
411716
411717
411718
411719
411720
411721
411722
411723
411724
411725
411726
411727
411728
411729
411730
411731
411732
411733
411734
411735
411736
411815
411816
411817
411818
411819
411820
411821
411822
411823
411824
411825
411826
411827
411828
411829
411830
411831
411832
411833
411834
411835
411836
411837
411838
411839
411840
411841
411842
411843
411844
411845
411846
411847
411848
411849
411850
411851
411852
411853
411854
411855
411856
411857
411858
411859
411860
411861
411862
411863
411864
411865
411866
411893
411894
411895
411896
411897
411898
411899
411900
411901
411902
411903
411904
411905
411906
411907
411908
411909
411910
411911
411912
411913
411914
411915
411916
411917
411918
411945
411946
411947
411948
411949
411950
411951
411952
411953
411954
411955
411956
411957
411958
411959
411960
411961
411962
411963
411964
411965
411966
411967
411968
411969
411970
411997
411998
411999
412000
412001
412002
412003
412004
412005
412006
412007
412008
412009
412010
412011
412012
412013
412014
412015
412016
412017
412018
412019
412020
412021
412022
412153
412154
412155
412156
412157
412158
412159
412160
412161
412162
412163
412164
412165
412166
412167
412169
412170
412171
412172
412173
412174
412175
412176
412177
412178
412205
412206
412207
412208
412209
412210
412211
412212
412213
412214
412215
412216
412217
412218
412219
412220
412221
412222
412223
412224
412225
412226
412227
412228
412229
412230
412283
412284
412285
412286
412287
412288
412289
412290
412291
412292
412293
412294
412295
412296
412297
412298
412299
412300
412301
412302
412303
412304
412305
412306
412307
412308
412309
412311
412312
412313
412314
412315
412316
412317
412318
412319
412320
412321
412322
412323
412324
412325
412326
412327
412329
412330
412331
412332
412333
412334
412335
412336
412337
412338
412339
412340
412341
412342
412343
412344
412345
412346
412347
412348
412349
412350
412351
412352
412353
412354
412355
412356
412357
412358
412359
412360
412361
412362
412364
412365
412366
412367
412368
412369
412370
412371
412372
412373
412374
412375
412376
412377
412378
412379
412380
412381
412382
412383
412384
412385
412386
412413
412414
412415
412416
412417
412418
412419
412420
412421
412422
412423
412424
412425
412426
412427
412428
412429
412430
412431
412432
412433
412434
412435
412436
412437
412438
412465
412466
412467
412468
412469
412470
412471
412472
412473
412474
412475
412476
412477
412478
412479
412480
412481
412482
412483
412484
412485
412486
412487
412488
412489
412490
412491
412492
412493
412494
412495
412496
412497
412498
412499
412500
412501
412502
412503
412504
412505
412506
412507
412508
412509
412510
412511
412512
412513
412514
412515
412516
412569
412570
412571
412572
412573
412574
412575
412576
412577
412578
412579
412580
412581
412582
412583
412584
412585
412586
412587
412588
412589
412590
412591
412592
412593
412594
412621
412622
412623
412624
412625
412626
412627
412628
412629
412630
412631
412632
412633
412634
412635
412636
412637
412638
412639
412640
412641
412642
412643
412644
412645
412646
412725
412726
412727
412728
412729
412730
412731
412732
412733
412734
412735
412736
412737
412738
412739
412740
412741
412742
412743
412744
412745
412746
412747
412748
412749
412750
412751
412752
412753
412754
412755
412756
412757
412758
412759
412760
412761
412762
412763
412764
412765
412766
412767
412768
412769
412770
412771
412772
412773
412774
412775
412776
412855
412856
412857
412858
412859
412860
412861
412862
412863
412864
412865
412866
412867
412868
412869
412870
412871
412872
412873
412874
412875
412876
412877
412878
412879
412880
412881
412882
412883
412884
412885
412886
412887
412888
412889
412890
412891
412892
412893
412894
412895
412896
412897
412898
412899
412900
412901
412902
412903
412904
412905
412906
412907
412909
412910
412911
412912
412913
412914
412915
412916
412917
412918
412919
412920
412921
412922
412923
412924
412925
412926
412927
412928
412929
412930
412931
412932
412933
412934
412935
412936
412937
412938
412939
412940
412941
412942
412943
412944
412945
412946
412947
412948
412949
412950
412951
412952
412953
412954
412955
412956
412957
412958
412985
412986
412987
412988
412989
412990
412991
412992
412993
412994
412995
412996
412997
412998
412999
413000
413001
413002
413003
413004
413005
413006
413007
413008
413009
413010
413037
413038
413039
413040
413041
413042
413043
413044
413045
413046
413047
413048
413049
413050
413051
413052
413053
413054
413055
413056
413057
413058
413059
413060
413061
413062
413089
413090
413091
413092
413093
413094
413095
413096
413097
413098
413099
413100
413101
413102
413103
413104
413105
413106
413107
413108
413109
413110
413111
413112
413113
413114
413142
413143
413144
413145
413146
413147
413148
413149
413150
413151
413152
413153
413154
413155
413156
413157
413158
413159
413160
413161
413162
413163
413164
413165
413166
413193
413194
413195
413196
413197
413198
413199
413200
413201
413202
413203
413204
413205
413206
413207
413208
413209
413210
413211
413212
413213
413215
413216
413217
413218
413219
413220
413221
413222
413223
413224
413225
413226
413227
413228
413229
413230
413231
413232
413233
413234
413235
413236
413237
413238
413239
413240
413241
413242
413243
413244
413246
413247
413248
413249
413250
413251
413252
413253
413254
413255
413256
413257
413258
413259
413260
413261
413262
413263
413264
413265
413266
413267
413268
413269
413270
413271
413272
413274
413275
413276
413277
413278
413279
413280
413281
413282
413283
413285
413286
413287
413288
413289
413290
413291
413292
413293
413294
413295
413296
413349
413350
413351
413353
413354
413355
413356
413357
413358
413359
413360
413361
413362
413363
413364
413365
413366
413367
413368
413369
413370
413371
413372
413373
413374
413376
413377
413378
413379
413380
413381
413382
413383
413384
413385
413386
413387
413388
413389
413390
413391
413393
413394
413395
413396
413397
413398
413399
413400
413453
413454
413455
413456
413457
413458
413459
413460
413462
413463
413464
413465
413466
413467
413468
413469
413470
413471
413472
413473
413474
413475
413477
413478
413506
413507
413508
413509
413511
413512
413513
413514
413515
413516
413517
413518
413520
413521
413522
413523
413524
413525
413526
413527
413528
413529
413530
413583
413584
413585
413586
413587
413588
413589
413590
413591
413592
413593
413594
413595
413596
413597
413598
413599
413600
413602
413603
413604
413605
413606
413607
413608
413661
413662
413663
413664
413665
413666
413667
413668
413669
413670
413672
413673
413674
413675
413676
413677
413678
413679
413680
413681
413682
413683
413684
413685
413686
413687
413688
413689
413690
413691
413692
413693
413694
413695
413696
413698
413699
413701
413702
413703
413704
413705
413706
413707
413708
413709
413710
413711
413712
413713
413714
413715
413716
413717
413718
413719
413720
413721
413722
413723
413724
413725
413727
413728
413729
413730
413731
413732
413733
413734
413735
413736
413737
413738
413791
413792
413793
413794
413795
413796
413797
413798
413799
413800
413801
413802
413803
413804
413805
413806
413807
413808
413809
413810
413811
413812
413813
413814
413815
413816
413843
413844
413845
413846
413847
413848
413849
413850
413851
413852
413853
413854
413855
413856
413857
413858
413859
413860
413861
413862
413863
413864
413865
413866
413867
413868
413869
413870
413871
413872
413873
413874
413875
413876
413877
413878
413879
413880
413881
413882
413883
413884
413885
413886
413887
413888
413889
413890
413891
413892
413893
413894
413895
413896
413897
413898
413899
413900
413901
413902
413903
413904
413905
413906
413907
413908
413909
413910
413911
413912
413913
413914
413915
413916
413917
413918
413919
413920
413947
413948
413949
413950
413951
413952
413953
413954
413955
413956
413957
413958
413959
413960
413961
413962
413963
413964
413965
413966
413967
413968
413969
413970
413971
413972
414051
414052
414053
414054
414055
414056
414057
414058
414059
414060
414061
414062
414063
414064
414065
414066
414067
414068
414069
414070
414071
414072
414073
414074
414075
414076
414077
414078
414079
414080
414081
414082
414083
414084
414085
414086
414087
414088
414089
414090
414091
414092
414093
414094
414095
414096
414097
414098
414099
414100
414101
414102
414129
414130
414131
414132
414133
414134
414135
414136
414137
414138
414139
414140
414141
414142
414143
414144
414145
414146
414147
414148
414149
414150
414151
414152
414153
414154
414181
414182
414183
414184
414185
414186
414187
414188
414189
414190
414191
414192
414193
414194
414195
414196
414197
414198
414199
414200
414201
414202
414203
414204
414205
414206
414208
414209
414210
414211
414212
414213
414214
414215
414216
414217
414218
414219
414220
414221
414222
414223
414224
414225
414226
414227
414228
414229
414230
414231
414232
414285
414286
414287
414288
414289
414290
414291
414292
414293
414294
414295
414296
414297
414298
414299
414300
414301
414302
414303
414304
414305
414306
414307
414308
414309
414310
414337
414338
414339
414340
414341
414342
414343
414345
414346
414347
414348
414349
414350
414351
414352
414353
414354
414356
414357
414358
414359
414360
414361
414362
