414493
414494
414495
414496
414497
414498
414499
414500
414501
414502
414503
414504
414505
414506
414507
414508
414509
414510
414511
414512
414513
414514
414515
414516
414517
414518
414519
414521
414522
414523
414524
414525
414526
414527
414528
414529
414531
414532
414533
414534
414535
414536
414537
414538
414539
414540
414541
414542
414543
414544
414571
414572
414573
414574
414575
414576
414577
414578
414579
414580
414581
414582
414583
414584
414585
414586
414587
414588
414589
414590
414591
414592
414593
414594
414595
414596
414649
414650
414651
414652
414653
414654
414655
414656
414657
414658
414659
414660
414661
414662
414663
414664
414665
414666
414667
414668
414669
414670
414671
414672
414673
414674
414675
414676
414678
414679
414680
414681
414682
414683
414684
414685
414686
414687
414688
414689
414690
414691
414692
414693
414694
414695
414696
414697
414698
414699
414700
414753
414754
414755
414756
414757
414758
414759
414760
414761
414762
414763
414764
414765
414766
414767
414768
414769
414770
414771
414772
414773
414774
414775
414776
414777
414778
414779
414780
414781
414782
414783
414784
414785
414786
414787
414788
414789
414790
414791
414792
414793
414794
414795
414796
414797
414798
414799
414800
414801
414802
414803
414804
414805
414806
414807
414808
414810
414812
414813
414814
414815
414816
414817
414818
414819
414820
414821
414822
414823
414824
414825
414826
414827
414828
414829
414830
414857
414858
414859
414860
414861
414862
414863
414864
414865
414866
414867
414868
414869
414870
414871
414872
414873
414874
414875
414876
414877
414878
414879
414880
414881
414882
414883
414884
414885
414886
414887
414888
414889
414890
414891
414892
414893
414894
414895
414896
414897
414898
414899
414901
414902
414903
414904
414905
414907
414908
414909
414910
414911
414913
414914
414915
414916
414917
414918
414919
414920
414921
414922
414923
414924
414925
414926
414927
414928
414929
414930
414931
414932
414933
414934
414936
414937
414938
414939
414940
414941
414942
414943
414944
414945
414946
414947
414948
414949
414950
414951
414952
414953
414954
414955
414956
414957
414958
414959
414960
415039
415040
415041
415042
415043
415044
415045
415046
415047
415048
415049
415050
415051
415052
415053
415054
415055
415056
415057
415058
415059
415060
415061
415062
415063
415064
415091
415092
415093
415094
415095
415096
415097
415098
415099
415100
415101
415102
415103
415104
415105
415106
415107
415108
415109
415110
415111
415112
415113
415114
415115
415116
415118
415119
415120
415121
415122
415123
415124
415125
415126
415127
415128
415129
415130
415131
415132
415133
415134
415135
415136
415137
415138
415139
415140
415141
415142
415169
415170
415171
415172
415173
415174
415175
415176
415177
415178
415179
415180
415181
415182
415183
415184
415185
415186
415187
415188
415189
415190
415191
415192
415193
415194
415195
415196
415197
415198
415199
415200
415202
415203
415204
415205
415206
415207
415208
415209
415210
415211
415212
415213
415214
415215
415216
415217
415218
415219
415220
415481
415482
415483
415484
415485
415486
415487
415488
415489
415490
415491
415492
415493
415494
415495
415496
415497
415498
415499
415500
415501
415502
415503
415504
415505
415506
415509
415510
415511
415512
415513
415514
415515
415516
415517
415518
415519
415520
415521
415522
415523
415524
415525
415526
415527
415528
415529
415530
415531
415532
415637
415638
415639
415640
415641
415642
415643
415644
415645
415646
415647
415648
415649
415650
415651
415652
415653
415654
415655
415656
415657
415658
415659
415660
415661
415662
415664
415665
415666
415667
415668
415669
415670
415671
415672
415673
415674
415675
415676
415677
415678
415679
415680
415681
415682
415683
415684
415685
415686
415687
415688
415767
415768
415769
415770
415771
415772
415773
415774
415775
415776
415777
415778
415779
415780
415781
415782
415783
415784
415785
415786
415787
415788
415789
415790
415791
415792
415794
415795
415796
415797
415798
415799
415800
415801
415802
415803
415804
415805
415806
415807
415808
415809
415810
415811
415812
415813
415815
415816
415817
415818
415897
415898
415899
415900
415901
415902
415903
415904
415905
415906
415907
415908
415909
415910
415911
415912
415913
415914
415915
415916
415917
415918
415919
415920
415921
415922
415975
415976
415977
415978
415979
415980
415981
415982
415983
415984
415985
415986
415987
415988
415989
415990
415991
415992
415993
415994
415995
415996
415997
415998
415999
416000
416053
416054
416055
416056
416057
416058
416059
416060
416061
416062
416063
416064
416065
416066
416067
416068
416069
416070
416071
416072
416073
416074
416075
416076
416077
416078
416079
416080
416081
416082
416083
416084
416085
416086
416087
416088
416089
416090
416091
416092
416093
416094
416095
416096
416097
416098
416099
416100
416101
416102
416103
416104
416105
416106
416107
416108
416109
416110
416111
416112
416113
416114
416115
416116
416117
416118
416119
416120
416121
416122
416123
416124
416125
416126
416127
416128
416129
416130
416131
416132
416133
416134
416135
416136
416137
416138
416139
416140
416141
416142
416143
416144
416145
416146
416147
416148
416149
416150
416151
416152
416153
416154
416155
416156
416235
416236
416237
416238
416239
416240
416241
416242
416243
416244
416245
416246
416247
416248
416249
416250
416251
416252
416253
416254
416255
416256
416257
416258
416259
416260
416262
416263
416264
416265
416266
416267
416268
416269
416270
416271
416272
416273
416274
416275
416276
416277
416278
416279
416280
416281
416282
416283
416284
416285
416286
416313
416314
416315
416316
416317
416318
416319
416320
416321
416322
416323
416324
416325
416326
416327
416328
416329
416330
416331
416332
416333
416334
416335
416336
416337
416338
416340
416341
416342
416343
416344
416345
416346
416347
416348
416349
416350
416351
416352
416353
416354
416355
416356
416357
416358
416359
416360
416361
416362
416363
416364
416391
416392
416393
416394
416395
416396
416397
416398
416399
416400
416401
416402
416403
416404
416405
416406
416407
416408
416409
416410
416411
416412
416413
416414
416415
416416
416443
416444
416445
416446
416447
416448
416449
416450
416451
416452
416453
416454
416455
416456
416457
416458
416459
416460
416461
416462
416463
416464
416465
416466
416467
416468
416469
416470
416471
416472
416473
416474
416475
416476
416477
416478
416479
416480
416481
416482
416483
416484
416485
416486
416487
416488
416489
416490
416491
416492
416493
416494
416495
416497
416498
416499
416500
416501
416502
416503
416504
416506
416507
416508
416509
416510
416511
416512
416513
416514
416515
416516
416517
416518
416519
416520
416522
416523
416524
416525
416526
416527
416528
416529
416530
416531
416532
416533
416534
416535
416536
416537
416538
416539
416540
416541
416542
416543
416544
416545
416546
416547
416548
416549
416550
416551
416552
416553
416554
416555
416556
416557
416558
416559
416560
416561
416562
416563
416564
416565
416566
416567
416568
416569
416570
416571
416572
416599
416600
416601
416602
416603
416604
416605
416606
416607
416608
416609
416610
416611
416612
416613
416614
416615
416616
416617
416618
416619
416620
416621
416622
416623
416624
416625
416626
416627
416628
416629
416630
416631
416632
416633
416634
416635
416636
416637
416638
416639
416640
416641
416642
416643
416644
416645
416646
416647
416648
416649
416650
416677
416678
416679
416680
416681
416682
416683
416684
416685
416686
416687
416688
416689
416690
416691
416692
416693
416694
416695
416696
416697
416698
416699
416700
416701
416702
416729
416730
416731
416732
416733
416734
416735
416736
416737
416739
416740
416741
416742
416743
416744
416745
416746
416747
416748
416749
416750
416751
416752
416753
416754
416807
416808
416809
416810
416811
416812
416813
416814
416815
416816
416817
416818
416819
416820
416821
416822
416823
416824
416825
416826
416827
416828
416829
416830
416831
416832
416859
416860
416861
416862
416863
416864
416865
416866
416867
416868
416869
416870
416871
416872
416873
416874
416875
416876
416877
416878
416879
416880
416881
416882
416883
416884
416886
416887
416888
416889
416890
416891
416892
416893
416894
416895
416896
416897
416898
416899
416900
416901
416902
416903
416904
416905
416906
416907
416908
416909
416910
416963
416964
416965
416966
416967
416968
416969
416970
416971
416972
416973
416974
416975
416976
416977
416978
416979
416980
416981
416982
416983
416984
416985
416986
416987
416988
417041
417042
417043
417044
417045
417046
417047
417048
417049
417050
417051
417052
417053
417054
417055
417056
417057
417058
417059
417060
417061
417062
417063
417064
417065
417066
417093
417094
417095
417096
417097
417098
417099
417100
417101
417102
417103
417104
417105
417106
417107
417108
417109
417110
417111
417112
417113
417114
417115
417116
417117
417118
417119
417120
417121
417122
417123
417124
417125
417126
417127
417128
417129
417130
417131
417132
417133
417134
417135
417136
417137
417138
417139
417140
417141
417142
417143
417144
417145
417146
417147
417148
417149
417150
417151
417152
417153
417154
417155
417156
417157
417158
417159
417160
417161
417162
417163
417164
417165
417166
417167
417168
417169
417170
417197
417198
417199
417200
417201
417202
417203
417204
417205
417206
417207
417208
417209
417210
417211
417212
417213
417214
417215
417216
417217
417218
417219
417220
417221
417222
417301
417302
417303
417304
417305
417306
417307
417308
417309
417310
417311
417313
417314
417315
417316
417317
417318
417319
417320
417321
417322
417323
417324
417325
417326
417327
417328
417330
417331
417332
417333
417334
417335
417336
417337
417338
417339
417340
417341
417342
417343
417344
417345
417346
417347
417348
417349
417350
417351
417352
417379
417380
417381
417382
417383
417384
417385
417386
417387
417388
417389
417390
417391
417392
417393
417394
417395
417396
417397
417398
417399
417400
417401
417402
417403
417404
417406
417407
417408
417409
417410
417411
417412
417414
417415
417416
417417
417418
417419
417420
417421
417422
417423
417424
417425
417426
417427
417428
417429
417430
417431
417432
417434
417435
417436
417437
417438
417439
417440
417441
417442
417443
417444
417445
417446
417447
417448
417449
417450
417451
417452
417453
417454
417455
417456
417509
417510
417511
417512
417513
417514
417515
417516
417517
417518
417519
417520
417521
417522
417523
417524
417525
417526
417527
417528
417529
417530
417531
417532
417533
417534
417535
417537
417538
417539
417540
417541
417542
417543
417544
417545
417546
417547
417548
417549
417550
417551
417552
417553
417554
417555
417556
417557
417558
417559
417560
417613
417614
417615
417616
417617
417618
417619
417620
417621
417622
417623
417624
417625
417626
417627
417628
417629
417630
417631
417632
417633
417634
417635
417636
417637
417638
417639
417640
417643
417644
417645
417646
417647
417648
417649
417650
417651
417652
417653
417654
417655
417656
417657
417658
417659
417660
417661
417662
417663
417664
417668
417669
417670
417671
417672
417673
417674
417675
417676
417677
417678
417679
417680
417681
417682
417683
417685
417686
417687
417688
417689
417690
417717
417718
417719
417720
417721
417722
417723
417724
417725
417726
417727
417728
417729
417730
417731
417732
417733
417734
417735
417736
417737
417738
417739
417740
417741
417742
417769
417770
417771
417772
417773
417774
417775
417776
417777
417778
417779
417780
417781
417782
417783
417784
417785
417786
417787
417788
417789
417790
417791
417792
417793
417794
417795
417797
417798
417799
417801
417802
417803
417804
417805
417806
417807
417808
417809
417810
417811
417812
417813
417814
417815
417816
417817
417818
417819
417820
417899
417900
417901
417902
417903
417904
417905
417906
417907
417908
417909
417910
417911
417912
417913
417914
417915
417916
417917
417918
417919
417920
417922
417923
417924
417926
417928
417929
417931
417932
417933
417934
417935
417936
417937
417938
417939
417940
417941
417942
417943
417944
417945
417946
417947
417948
417949
417950
417977
417978
417979
417980
417981
417982
417983
417984
417985
417986
417987
417988
417989
417990
417991
417992
417993
417994
417995
417996
417997
417998
417999
418000
418001
418002
418029
418030
418031
418032
418033
418034
418035
418036
418037
418038
418039
418040
418041
418042
418043
418044
418045
418046
418047
418048
418049
418050
418051
418052
418053
418054
418081
418082
418083
418084
418085
418086
418087
418088
418089
418090
418091
418092
418093
418094
418095
418096
418097
418098
418099
418100
418101
418102
418103
418104
418105
418106
418133
418134
418135
418136
418137
418138
418139
418140
418141
418142
418143
418144
418145
418146
418147
418148
418149
418150
418151
418152
418153
418154
418155
418156
418157
418158
418185
418186
418187
418188
418190
418191
418192
418193
418194
418195
418196
418197
418198
418199
418200
418201
418203
418204
418205
418206
418207
418208
418209
418210
418211
418212
418213
418214
418215
418216
418217
418218
418219
418220
418221
418222
418223
418224
418225
418226
418227
418228
418229
418230
418231
418232
418233
418234
418235
418236
418263
418264
418265
418266
418267
418268
418269
418270
418271
418272
418273
418274
418275
418276
418277
418278
418279
418280
418281
418282
418283
418284
418285
418286
418287
418288
418290
418292
418293
418294
418295
418296
418297
418298
418299
418300
418301
418302
418303
418304
418305
418306
418307
418308
418309
418310
418311
418312
418313
418314
418341
418342
418343
418344
418345
418346
418347
418348
418349
418350
418351
418352
418353
418355
418356
418357
418358
418359
418360
418361
418362
418363
418364
418365
418366
418393
418394
418395
418396
418397
418398
418399
418400
418401
418402
418403
418404
418405
418406
418407
418408
418409
418410
418411
418412
418413
418414
418415
418416
418418
418420
418422
418423
418424
418425
418426
418427
418428
418429
418431
418432
418433
418434
418435
418436
418437
418438
418439
418440
418441
418442
418443
418444
418446
418447
418448
418449
418450
418451
418452
418453
418454
418455
418457
418458
418459
418460
418461
418462
418463
418464
418465
418466
418467
418468
418469
418470
418497
418498
418499
418500
418501
418502
418503
418504
418505
418506
418507
418508
418509
418510
418511
418512
418513
418514
418515
418516
418517
418518
418519
418520
418521
418522
418549
418550
418551
418552
418553
418554
418555
418556
418557
418558
418559
418560
418561
418562
418563
418564
418565
418566
418567
418568
418569
418570
418571
418572
418573
418574
418575
418577
418578
418579
418580
418581
418582
418583
418584
418585
418586
418587
418588
418590
418591
418592
418593
418594
418595
418596
418597
418598
418599
418600
418601
418602
418604
418605
418606
418607
418608
418609
418610
418611
418612
418613
418614
418615
418616
418617
418618
418619
418620
418621
418622
418623
418624
418625
418626
418627
418628
418629
418630
418631
418632
418633
418634
418635
418636
418637
418638
418639
418640
418641
418642
418643
418644
418645
418646
418647
418648
418649
418650
418651
418654
418655
418656
418657
418658
418659
418660
418661
418662
418663
418664
418665
418666
418667
418668
418669
418670
418671
418672
418673
418674
418675
418676
418677
418678
418705
418706
418707
418709
418710
418711
418712
418713
418714
418715
418716
418717
418718
418719
418720
418721
418723
418724
418725
418726
418727
418728
418729
418730
418809
418810
418811
418812
418813
418814
418815
418816
418817
418818
418819
418820
418821
418822
418823
418824
418825
418826
418827
418828
418829
418830
418831
418832
418833
418834
418861
418862
418863
418864
418865
418866
418867
418868
418869
418870
418871
418872
418873
418874
418875
418876
418877
418878
418879
418880
418881
418882
418883
418884
418885
418886
418913
418914
418915
418916
418917
418918
418919
418920
418921
418922
418923
418924
418925
418926
418927
418928
418929
418930
418931
418932
418933
418934
418935
418936
418937
418938
418939
418941
418942
418943
418944
418945
418946
418947
418948
418949
418950
418951
418952
418953
418954
418955
418956
418957
418958
418959
418960
418961
418962
418963
418964
419043
419044
419045
419046
419047
419048
419049
419050
419051
419052
419053
419054
419055
419056
419057
419058
419059
419060
419061
419062
419063
419064
419065
419066
419067
419068
419069
419071
419072
419074
419075
419076
419077
419078
419079
419080
419081
419082
419083
419084
419085
419086
419087
419088
419089
419090
419091
419092
419093
419094
419173
419174
419175
419176
419177
419178
419179
419180
419181
419182
419183
419184
419185
419186
419187
419188
419189
419190
419191
419192
419193
419194
419195
419196
419197
419198
419251
419252
419253
419254
419255
419256
419257
419258
419259
419260
419261
419262
419263
419264
419265
419266
419267
419268
419269
419270
419271
419272
419273
419274
419275
419276
419303
419304
419305
419306
419307
419308
419309
419310
419311
419312
419313
419314
419315
419316
419317
419318
419319
419320
419321
419322
419323
419324
419325
419326
419327
419328
419355
419356
419357
419358
419359
419360
419361
419362
419363
419364
419365
419366
419367
419368
419369
419370
419371
419372
419373
419374
419375
419376
419377
419378
419379
419380
419381
419383
419384
419387
419389
419390
419391
419392
419394
419395
419396
419397
419399
419400
419401
419402
419403
419404
419405
419406
419433
419434
419435
419436
419437
419438
419439
419440
419441
419442
419443
419445
419446
419447
419448
419449
419450
419451
419452
419453
419454
419455
419456
419457
419458
