419537
419538
419539
419540
419541
419542
419543
419544
419545
419546
419547
419548
419549
419550
419551
419552
419553
419554
419555
419556
419557
419558
419559
419560
419561
419562
419563
419564
419565
419566
419568
419569
419570
419571
419572
419573
419574
419575
419576
419577
419578
419579
419580
419581
419582
419583
419584
419585
419586
419587
419588
419693
419694
419695
419696
419697
419698
419699
419700
419701
419702
419703
419704
419705
419706
419707
419708
419709
419710
419711
419712
419713
419714
419715
419716
419717
419718
419745
419746
419747
419748
419749
419750
419751
419752
419753
419754
419755
419756
419757
419758
419759
419760
419761
419762
419763
419764
419765
419766
419767
419768
419769
419770
419772
419773
419774
419775
419776
419777
419778
419779
419780
419781
419782
419783
419784
419785
419786
419787
419788
419789
419790
419791
419792
419793
419794
419795
419796
419797
419798
419799
419800
419801
419802
419803
419804
419805
419806
419807
419808
419809
419810
419811
419812
419813
419814
419815
419816
419817
419818
419819
419820
419821
419822
419823
419824
419825
419826
419827
419828
419829
419830
419831
419832
419833
419834
419835
419836
419837
419838
419839
419840
419841
419842
419843
419844
419845
419846
419847
419848
419875
419876
419877
419878
419879
419880
419881
419882
419883
419884
419885
419886
419887
419888
419889
419890
419891
419892
419893
419894
419895
419896
419897
419898
419899
419900
419927
419928
419929
419930
419931
419932
419933
419934
419935
419936
419937
419938
419939
419940
419941
419942
419943
419944
419945
419946
419947
419948
419949
419950
419951
419952
420031
420032
420033
420034
420035
420036
420037
420038
420039
420040
420041
420042
420043
420044
420045
420046
420047
420048
420049
420050
420051
420052
420053
420054
420055
420056
420161
420162
420163
420164
420165
420166
420167
420168
420169
420170
420171
420172
420173
420174
420175
420176
420177
420178
420179
420180
420181
420182
420183
420184
420185
420186
420187
420188
420189
420190
420191
420192
420193
420194
420195
420196
420197
420198
420199
420200
420201
420202
420203
420204
420205
420206
420207
420208
420209
420210
420211
420212
420291
420292
420293
420294
420295
420296
420297
420298
420299
420300
420301
420302
420303
420304
420305
420306
420307
420308
420309
420310
420311
420312
420313
420314
420315
420316
420343
420344
420345
420346
420347
420348
420349
420350
420351
420352
420353
420354
420355
420356
420357
420358
420359
420360
420361
420362
420363
420364
420365
420366
420367
420368
420421
420422
420423
420424
420425
420426
420427
420428
420429
420430
420431
420432
420433
420434
420435
420436
420437
420438
420439
420440
420441
420442
420443
420444
420445
420446
420525
420526
420527
420528
420529
420530
420531
420532
420533
420534
420535
420536
420537
420538
420539
420540
420541
420542
420543
420544
420545
420546
420547
420548
420549
420550
420552
420553
420554
420555
420556
420557
420558
420559
420560
420561
420562
420563
420564
420565
420566
420567
420568
420569
420570
420571
420572
420573
420574
420575
420576
420577
420578
420579
420580
420581
420582
420583
420584
420585
420586
420587
420588
420589
420590
420591
420592
420593
420594
420595
420596
420597
420598
420599
420600
420601
420602
420759
420760
420761
420762
420763
420764
420765
420766
420767
420768
420769
420770
420771
420772
420773
420774
420775
420776
420777
420778
420779
420780
420781
420782
420783
420784
420785
420786
420787
420788
420789
420790
420791
420792
420793
420794
420795
420796
420797
420798
420799
420800
420801
420802
420803
420804
420805
420806
420807
420808
420809
420810
420863
420864
420865
420866
420867
420868
420870
420871
420872
420873
420874
420875
420876
420877
420878
420879
420880
420881
420882
420883
420884
420885
420886
420887
420888
420941
420942
420943
420944
420945
420946
420947
420948
420949
420950
420951
420952
420953
420954
420955
420956
420957
420958
420959
420960
420961
420962
420963
420964
420965
420966
420967
420968
420969
420970
420971
420972
420973
420974
420975
420976
420977
420978
420979
420980
420981
420982
420983
420984
420985
420986
420987
420988
420989
420990
420991
420992
421071
421072
421073
421074
421075
421076
421077
421078
421079
421080
421081
421082
421083
421084
421085
421086
421087
421088
421089
421090
421091
421092
421093
421094
421095
421096
421149
421150
421151
421152
421153
421154
421155
421156
421157
421158
421159
421160
421161
421162
421163
421164
421165
421166
421167
421168
421169
421170
421171
421172
421173
421174
421176
421177
421179
421180
421181
421182
421183
421184
421185
421186
421187
421188
421189
421190
421191
421192
421193
421194
421195
421196
421197
421198
421199
421200
421202
421203
421204
421205
421206
421207
421208
421209
421210
421211
421212
421213
421214
421215
421216
421217
421218
421219
421220
421221
421222
421223
421224
421225
421226
421228
421229
421230
421231
421232
421233
421234
421235
421236
421237
421238
421239
421240
421241
421242
421243
421244
421245
421246
421247
421248
421249
421250
421251
421252
421279
421280
421281
421282
421283
421284
421285
421286
421287
421288
421289
421290
421291
421292
421293
421294
421295
421296
421297
421298
421299
421300
421301
421302
421303
421304
421305
421306
421307
421308
421309
421310
421311
421312
421313
421314
421315
421316
421317
421318
421319
421320
421321
421322
421323
421324
421325
421326
421327
421328
421329
421330
421332
421333
421334
421335
421336
421337
421338
421339
421340
421341
421342
421343
421344
421345
421346
421347
421348
421349
421350
421351
421352
421353
421354
421355
421356
421357
421358
421359
421360
421361
421362
421363
421364
421365
421366
421367
421368
421369
421370
421371
421372
421373
421374
421375
421376
421377
421378
421379
421380
421381
421382
421383
421385
421386
421387
421388
421389
421390
421391
421392
421393
421394
421395
421396
421397
421398
421399
421400
421401
421402
421403
421404
421405
421406
421407
421408
421409
421410
421411
421412
421413
421414
421415
421416
421417
421418
421419
421420
421421
421422
421423
421424
421425
421426
421427
421428
421429
421430
421431
421432
421433
421434
421487
421488
421489
421490
421491
421492
421493
421494
421495
421496
421497
421498
421499
421500
421501
421502
421503
421504
421505
421506
421507
421508
421509
421510
421511
421512
421565
421566
421567
421568
421569
421570
421571
421572
421573
421574
421575
421576
421577
421578
421579
421580
421581
421582
421583
421584
421585
421586
421587
421588
421589
421590
421643
421644
421645
421646
421647
421648
421649
421650
421651
421652
421653
421654
421655
421656
421657
421658
421659
421660
421661
421662
421663
421664
421665
421666
421667
421668
421695
421696
421697
421698
421699
421700
421701
421702
421703
421704
421705
421706
421707
421708
421709
421710
421711
421712
421713
421714
421715
421716
421717
421718
421719
421720
421747
421748
421749
421750
421751
421752
421753
421754
421755
421756
421757
421758
421759
421760
421761
421762
421763
421764
421765
421766
421767
421768
421769
421770
421771
421772
421773
421774
421775
421776
421778
421779
421780
421781
421782
421783
421784
421785
421786
421787
421789
421790
421791
421792
421793
421794
421795
421796
421797
421798
421799
421800
421801
421802
421803
421804
421805
421806
421807
421808
421809
421810
421811
421812
421813
421814
421815
421816
421817
421818
421819
421820
421821
421822
421823
421824
421826
421827
421828
421829
421830
421831
421832
421833
421834
421835
421836
421837
421838
421839
421840
421841
421842
421843
421844
421845
421846
421847
421848
421849
421850
421852
421853
421854
421855
421857
421861
421862
421863
421864
421865
421866
421867
421868
421869
421870
421871
421872
421873
421874
421875
421876
421955
421956
421957
421958
421959
421960
421961
421962
421963
421964
421965
421966
421967
421968
421969
421970
421971
421972
421973
421974
421975
421976
421977
421978
421979
421980
422033
422034
422035
422036
422037
422038
422039
422040
422041
422042
422043
422044
422045
422046
422047
422048
422049
422050
422051
422052
422053
422054
422055
422056
422057
422058
422059
422060
422061
422062
422063
422065
422066
422067
422068
422069
422070
422071
422072
422073
422074
422075
422076
422077
422078
422079
422080
422081
422082
422083
422084
422086
422087
422088
422089
422090
422091
422092
422093
422094
422095
422096
422097
422098
422099
422100
422101
422102
422103
422104
422105
422106
422107
422108
422109
422110
422111
422112
422113
422114
422115
422116
422117
422118
422119
422120
422121
422122
422123
422124
422125
422126
422127
422128
422129
422130
422131
422132
422133
422134
422135
422136
422137
422138
422139
422140
422141
422142
422143
422144
422145
422146
422147
422148
422149
422150
422151
422152
422153
422154
422155
422156
422157
422158
422159
422160
422161
422162
422189
422190
422191
422192
422193
422194
422195
422196
422197
422198
422199
422200
422201
422202
422203
422204
422205
422206
422207
422208
422209
422210
422211
422212
422213
422214
422215
422216
422219
422220
422221
422222
422223
422224
422225
422226
422227
422228
422229
422230
422231
422232
422233
422234
422235
422236
422237
422238
422239
422240
422267
422268
422269
422270
422271
422272
422273
422274
422275
422276
422277
422278
422279
422280
422281
422282
422283
422284
422285
422286
422287
422288
422289
422290
422291
422292
422345
422346
422347
422348
422349
422350
422351
422352
422353
422354
422355
422356
422357
422358
422359
422360
422361
422362
422363
422364
422365
422366
422367
422368
422369
422370
422372
422377
422378
422379
422380
422381
422382
422383
422384
422385
422386
422387
422388
422389
422390
422391
422392
422393
422394
422395
422396
422397
422398
422400
422401
422402
422403
422404
422405
422406
422407
422408
422409
422410
422411
422412
422413
422414
422415
422416
422417
422418
422419
422420
422421
422422
422475
422476
422477
422478
422479
422480
422481
422482
422483
422484
422485
422486
422487
422488
422489
422490
422491
422492
422493
422494
422495
422496
422497
422498
422499
422500
422605
422606
422607
422608
422609
422610
422611
422612
422613
422614
422615
422616
422617
422618
422619
422620
422621
422622
422623
422624
422625
422626
422627
422628
422629
422630
422657
422658
422659
422660
422661
422662
422663
422664
422665
422666
422667
422668
422669
422670
422671
422672
422673
422674
422675
422676
422677
422678
422679
422680
422681
422682
422683
422684
422685
422686
422687
422688
422689
422690
422691
422692
422693
422694
422695
422696
422697
422698
422699
422700
422701
422702
422703
422704
422705
422707
422708
422735
422736
422737
422738
422739
422740
422741
422742
422743
422744
422745
422746
422747
422748
422749
422750
422751
422752
422753
422754
422755
422756
422757
422758
422759
422760
422943
422944
422945
422946
422947
422948
422949
422950
422951
422952
422953
422954
422955
422956
422957
422958
422959
422960
422961
422962
422963
422964
422965
422966
422967
422968
423021
423022
423023
423024
423025
423026
423027
423028
423029
423030
423031
423032
423033
423034
423035
423036
423037
423038
423039
423040
423041
423043
423044
423045
423046
423048
423051
423052
423053
423054
423055
423056
423057
423058
423059
423060
423061
423062
423063
423064
423065
423066
423067
423068
423069
423070
423071
423072
423203
423204
423205
423206
423207
423208
423209
423210
423211
423212
423213
423214
423215
423216
423217
423218
423219
423220
423221
423222
423223
423224
423225
423226
423227
423228
423255
423256
423257
423258
423259
423260
423261
423262
423263
423264
423265
423266
423267
423268
423269
423270
423271
423272
423273
423274
423275
423276
423277
423278
423279
423280
423281
423282
423284
423285
423286
423287
423288
423289
423290
423291
423292
423293
423294
423295
423296
423297
423298
423299
423300
423301
423302
423303
423304
423305
423306
423333
423334
423335
423336
423337
423338
423339
423340
423341
423342
423343
423344
423345
423346
423347
423348
423349
423350
423351
423352
423353
423354
423355
423356
423357
423358
423385
423386
423387
423388
423389
423390
423391
423392
423393
423394
423395
423396
423397
423398
423399
423400
423401
423402
423403
423404
423405
423406
423407
423408
423409
423410
423437
423438
423439
423441
423442
423443
423444
423445
423446
423447
423448
423449
423450
423451
423452
423453
423454
423455
423456
423457
423458
423459
423460
423461
423462
423489
423490
423491
423492
423493
423494
423495
423496
423497
423498
423499
423500
423501
423502
423503
423504
423505
423506
423507
423508
423509
423510
423511
423512
423513
423514
423567
423568
423569
423570
423571
423572
423573
423574
423575
423576
423577
423578
423579
423580
423581
423582
423583
423584
423585
423586
423587
423588
423589
423590
423591
423592
423593
423594
423595
423596
423597
423598
423599
423600
423601
423602
423603
423604
423605
423606
423607
423608
423609
423610
423611
423612
423614
423615
423616
423617
423618
423672
423673
423674
423675
423676
423677
423678
423679
423680
423681
423682
423684
423685
423686
423688
423689
423690
423691
423692
423693
423694
423695
423698
423699
423700
423701
423702
423703
423704
423705
423706
423707
423708
423709
423710
423711
423712
423713
423714
423715
423716
423717
423718
423719
423720
423721
423722
423723
423725
423726
423727
423728
423729
423730
423731
423732
423733
423734
423735
423736
423737
423738
423739
423740
423741
423742
423743
423745
423746
423747
423748
423749
423750
423751
423753
423754
423755
423756
423757
423758
423759
423760
423762
423763
423764
423765
423766
423767
423768
423769
423771
423772
423773
423774
423775
423776
423777
423778
423779
423780
423781
423783
423784
423785
423786
423787
423788
423789
423790
423791
423792
423793
423795
423796
423797
423798
423799
423800
423853
423855
423856
423857
423858
423859
423860
423861
423862
423863
423864
423865
423866
423868
423869
423870
423871
423872
423873
423874
423875
423876
423877
423878
423879
423880
423881
423882
423884
423885
423886
423887
423888
423889
423890
423891
423892
423893
423894
423895
423896
423897
423898
423899
423900
423901
423902
423903
423904
423906
423907
423908
423909
423910
423911
423912
423913
423914
423915
423916
423917
423918
423919
423920
423921
423922
423923
423924
423926
423927
423928
423929
423930
423931
423932
423934
423935
423936
423937
423938
423939
423941
423942
423943
423944
423945
423946
423947
423948
423949
423950
423951
423952
423953
423954
423955
423956
423957
423958
423960
423961
423962
423963
423964
423965
423966
423967
423968
423969
423971
423972
423973
423974
423975
423976
423977
423978
423979
423980
423981
423982
423983
423984
423985
423986
423987
423988
423989
423990
423991
423992
423993
423995
423996
423997
423998
423999
424000
424001
424002
424003
424004
424005
424006
424007
424008
424035
424036
424037
424038
424039
424040
424042
424043
424045
424046
424047
424048
424049
424050
424051
424052
424053
424054
424055
424057
424058
424060
424087
424088
424089
424090
424091
424093
424094
424095
424096
424097
424098
424099
424100
424101
424102
424103
424104
424105
424106
424107
424108
424109
424110
424111
424112
424165
424166
424167
424168
424169
424170
424171
424172
424173
424174
424175
424176
424177
424178
424179
424180
424181
424182
424183
424184
424185
424186
424187
424188
424189
424190
424192
424193
424194
424195
424196
424197
424198
424199
424200
424201
424202
424203
424204
424205
424206
424207
424208
424209
424210
424211
424212
424213
424214
424215
424216
424217
424218
424219
424221
424222
424223
424224
424225
424226
424227
424228
424229
424230
424231
424232
424234
424235
424236
424237
424238
424239
424240
424241
424269
424270
424271
424272
424273
424274
424275
424276
424277
424278
424279
424280
424281
424282
424283
424284
424285
424286
424287
424288
424289
424290
424291
424292
424293
424294
424321
424322
424323
424324
424325
424326
424327
424328
424329
424330
424331
424332
424333
424334
424335
424336
424337
424338
424339
424340
424341
424342
424343
424344
424345
424346
424425
424426
424427
424428
424429
424430
424431
424432
424433
424434
424435
424436
424437
424438
424439
424440
424441
424442
424443
424444
424445
424446
424447
424448
424449
424450
424503
424504
424505
424506
424507
424508
424509
424510
424511
424512
424513
424514
424515
424516
424517
424518
424519
424520
424521
424522
424523
424524
424525
424526
424527
424528
424529
424531
424532
424534
424535
424536
424537
424538
424539
424540
424541
424542
424543
424544
424545
424546
424547
424548
424549
424550
424551
424552
424553
424554
424555
424556
424557
424558
424559
424560
424561
424562
424563
424564
424565
424566
424567
424568
424569
424570
424571
424572
424573
424574
424575
424576
424577
424578
424579
424580
424582
424583
424584
424585
424586
424587
424588
424589
424590
424591
424592
424593
424594
424595
424596
424597
424598
424599
424600
424601
424602
424603
424604
424605
424606
424659
424660
424661
424662
424663
424664
424665
424666
424667
424668
424669
424670
424671
424672
424673
424674
424675
424676
424677
424678
424679
424680
424681
424682
424683
424684
424686
424687
424688
424689
424690
424691
424692
424693
424694
424695
424696
424697
424698
424699
424700
424701
424702
424703
424704
424705
424706
424707
424708
424709
424710
424737
424740
424742
424743
424744
424745
424746
424747
424748
424749
424750
424751
424752
424753
424754
424756
424757
424758
424759
424760
424761
424762
424867
424868
424869
424870
424871
424872
424873
424874
424875
424876
424877
424878
424879
424880
424881
424882
424883
424884
424885
424886
424887
