424888
424889
424890
424891
424892
424893
424894
424895
424896
424897
424898
424899
424900
424901
424902
424903
424904
424905
424906
424907
424908
424909
424910
424911
424912
424913
424914
424915
424916
424917
424918
424919
424920
424921
424922
424923
424924
424925
424926
424927
424928
424929
424930
424931
424932
424933
424934
424935
424936
424937
424938
424939
424940
424941
424942
424943
424944
424945
424946
424947
424948
424949
424950
424951
424952
424953
424954
424955
424956
424957
424958
424959
424960
424961
424962
424963
424964
424965
424966
424967
424968
424969
424970
425023
425024
425025
425026
425027
425028
425029
425031
425032
425033
425034
425035
425036
425038
425039
425040
425041
425042
425043
425044
425045
425046
425047
425048
425075
425076
425077
425078
425079
425080
425081
425082
425083
425084
425085
425086
425087
425088
425089
425090
425091
425092
425093
425094
425095
425096
425097
425098
425099
425100
425101
425102
425103
425104
425105
425106
425107
425108
425109
425110
425111
425112
425113
425114
425115
425116
425117
425118
425119
425120
425121
425122
425123
425124
425125
425126
425205
425206
425207
425208
425209
425210
425211
425212
425213
425214
425215
425216
425217
425218
425219
425220
425221
425222
425223
425224
425225
425226
425227
425228
425229
425230
425231
425232
425233
425234
425235
425236
425237
425238
425239
425240
425241
425242
425243
425244
425245
425246
425247
425248
425249
425250
425251
425252
425253
425254
425255
425256
425283
425284
425285
425286
425287
425288
425289
425290
425291
425292
425293
425294
425295
425296
425297
425298
425299
425300
425301
425302
425303
425304
425305
425306
425307
425308
425335
425336
425337
425338
425339
425340
425341
425342
425343
425344
425345
425346
425347
425348
425349
425350
425351
425352
425353
425354
425355
425356
425357
425358
425359
425360
425361
425362
425363
425364
425365
425366
425367
425368
425369
425370
425371
425372
425373
425374
425375
425376
425377
425378
425379
425380
425381
425382
425383
425384
425385
425386
425393
425394
425395
425396
425397
425402
425403
425404
425405
425406
425407
425408
425409
425410
425411
425412
425414
425415
425416
425417
425418
425419
425420
425421
425422
425423
425424
425425
425426
425427
425428
425429
425430
425431
425432
425433
425434
425435
425436
425437
425438
425491
425492
425493
425494
425495
425496
425497
425498
425499
425500
425501
425502
425503
425504
425505
425506
425507
425508
425509
425510
425511
425512
425513
425514
425515
425516
425569
425570
425571
425572
425573
425574
425575
425576
425577
425578
425579
425580
425581
425582
425583
425584
425585
425586
425587
425588
425589
425590
425591
425592
425593
425594
425595
425596
425597
425598
425599
425600
425601
425602
425603
425604
425605
425606
425607
425608
425609
425610
425611
425612
425613
425614
425615
425616
425617
425618
425619
425620
425621
425622
425625
425626
425627
425628
425629
425630
425631
425632
425633
425634
425635
425636
425637
425638
425639
425640
425641
425642
425643
425644
425645
425646
425648
425649
425650
425651
425652
425653
425654
425655
425656
425657
425658
425659
425660
425661
425662
425663
425664
425665
425666
425667
425668
425669
425670
425671
425672
425673
425674
425675
425676
425677
425678
425679
425680
425681
425682
425683
425684
425685
425686
425687
425688
425689
425690
425691
425692
425693
425694
425695
425696
425697
425698
425751
425752
425753
425754
425755
425756
425757
425758
425759
425760
425761
425762
425763
425764
425765
425766
425767
425768
425769
425770
425771
425772
425773
425774
425775
425776
425803
425804
425805
425806
425807
425808
425809
425810
425811
425812
425813
425814
425815
425816
425817
425818
425819
425820
425821
425822
425823
425824
425825
425826
425827
425828
425829
425830
425831
425833
425834
425835
425836
425837
425838
425839
425840
425841
425842
425843
425844
425845
425846
425847
425848
425849
425850
425851
425852
425853
425854
425881
425882
425883
425884
425885
425886
425887
425888
425889
425890
425891
425892
425893
425894
425895
425896
425897
425898
425899
425900
425901
425902
425903
425904
425905
425906
425933
425934
425935
425936
425937
425938
425939
425940
425941
425942
425943
425944
425945
425946
425947
425948
425949
425950
425951
425952
425953
425954
425955
425956
425957
425958
425985
425986
425987
425988
425989
425990
425991
425992
425993
425994
425995
425996
425997
425998
425999
426000
426001
426002
426003
426004
426005
426006
426007
426008
426009
426010
426012
426013
426014
426015
426016
426017
426018
426019
426020
426021
426022
426023
426024
426025
426026
426027
426028
426029
426030
426031
426032
426033
426034
426035
426036
426037
426038
426039
426040
426041
426042
426043
426044
426045
426046
426047
426048
426049
426050
426051
426052
426053
426054
426055
426056
426057
426058
426059
426060
426061
426062
426089
426090
426091
426092
426093
426094
426095
426096
426097
426098
426099
426100
426101
426102
426103
426104
426105
426106
426107
426108
426109
426110
426111
426112
426113
426114
426115
426116
426117
426118
426119
426120
426121
426122
426123
426124
426125
426126
426127
426128
426129
426130
426131
426132
426133
426134
426135
426136
426137
426138
426139
426140
426167
426168
426169
426170
426171
426172
426173
426174
426175
426176
426177
426178
426179
426180
426181
426182
426183
426184
426185
426186
426187
426188
426189
426190
426191
426192
426194
426195
426196
426197
426198
426199
426200
426201
426202
426203
426204
426205
426206
426207
426208
426209
426210
426211
426212
426213
426214
426215
426216
426217
426218
426271
426272
426273
426274
426275
426276
426277
426278
426279
426280
426281
426282
426283
426284
426285
426286
426287
426288
426289
426290
426291
426292
426293
426294
426295
426296
426349
426350
426351
426352
426353
426354
426355
426356
426357
426358
426359
426360
426361
426362
426363
426364
426365
426366
426367
426368
426369
426370
426371
426372
426373
426374
426401
426402
426403
426404
426405
426406
426407
426408
426409
426410
426411
426412
426413
426414
426415
426416
426417
426418
426419
426420
426421
426423
426424
426425
426426
426505
426506
426507
426508
426509
426510
426511
426512
426513
426514
426515
426516
426517
426518
426519
426520
426521
426522
426523
426524
426525
426526
426527
426528
426529
426530
426557
426558
426559
426560
426561
426562
426563
426564
426565
426566
426567
426568
426569
426570
426571
426572
426573
426574
426575
426576
426577
426578
426579
426580
426581
426582
426583
426584
426585
426586
426587
426588
426589
426590
426591
426592
426593
426594
426595
426596
426597
426598
426599
426600
426601
426602
426603
426604
426605
426606
426607
426608
426609
426611
426612
426613
426614
426615
426616
426617
426618
426619
426620
426621
426622
426623
426624
426625
426626
426627
426628
426629
426630
426631
426632
426633
426634
426661
426662
426663
426664
426665
426666
426667
426668
426669
426670
426671
426672
426673
426674
426675
426676
426677
426678
426679
426680
426681
426682
426683
426684
426685
426686
426869
426870
426871
426872
426873
426874
426875
426876
426877
426878
426879
426880
426881
426882
426883
426884
426885
426886
426887
426888
426889
426890
426891
426892
426893
426894
426895
426896
426897
426898
426899
426900
426901
426902
426903
426904
426905
426906
426907
426908
426909
426910
426911
426912
426913
426914
426915
426916
426917
426918
426919
426920
426947
426948
426949
426950
426951
426952
426953
426954
426955
426956
426957
426958
426959
426960
426961
426962
426963
426964
426965
426966
426967
426968
426969
426970
426971
426972
426974
426975
426976
426977
426978
426979
426980
426981
426982
426983
426984
426985
426986
426987
426988
426989
426990
426991
426992
426993
426994
426995
426996
426997
426998
426999
427001
427002
427003
427004
427005
427006
427007
427008
427009
427010
427011
427012
427013
427014
427015
427016
427017
427018
427019
427020
427021
427022
427023
427024
427051
427052
427053
427054
427055
427056
427057
427058
427059
427060
427061
427062
427063
427064
427065
427066
427067
427068
427069
427070
427071
427072
427073
427074
427075
427076
427103
427104
427105
427106
427107
427108
427109
427110
427111
427112
427113
427114
427115
427116
427117
427118
427119
427120
427121
427122
427123
427124
427125
427126
427127
427128
427155
427156
427157
427158
427159
427160
427161
427162
427163
427164
427165
427166
427167
427168
427169
427170
427171
427172
427173
427174
427175
427176
427177
427178
427179
427180
427181
427184
427185
427186
427187
427188
427189
427190
427191
427192
427193
427194
427195
427196
427197
427198
427199
427200
427201
427202
427203
427204
427205
427206
427207
427208
427209
427210
427212
427213
427214
427215
427216
427217
427218
427219
427220
427221
427222
427223
427224
427225
427226
427227
427228
427229
427230
427231
427232
427337
427338
427339
427340
427341
427342
427343
427344
427345
427346
427347
427348
427349
427350
427351
427352
427353
427354
427355
427356
427357
427358
427359
427360
427361
427362
427389
427390
427391
427392
427393
427394
427395
427396
427397
427398
427399
427400
427401
427402
427403
427404
427405
427406
427407
427408
427409
427410
427411
427412
427413
427414
427441
427442
427443
427444
427445
427446
427447
427448
427449
427450
427451
427452
427453
427454
427455
427456
427457
427458
427459
427460
427461
427462
427463
427464
427465
427466
427519
427520
427521
427522
427523
427524
427525
427526
427527
427528
427529
427530
427531
427532
427533
427534
427535
427536
427537
427538
427539
427540
427541
427542
427543
427544
427597
427598
427599
427600
427601
427602
427603
427604
427605
427606
427607
427608
427609
427610
427611
427612
427613
427614
427615
427616
427617
427618
427619
427620
427621
427622
427623
427624
427625
427626
427627
427628
427629
427630
427631
427632
427633
427634
427635
427636
427637
427638
427639
427640
427641
427642
427643
427644
427645
427646
427647
427648
427675
427676
427677
427678
427679
427680
427681
427682
427683
427684
427685
427686
427687
427688
427689
427690
427691
427692
427693
427694
427695
427696
427697
427698
427699
427700
427753
427754
427755
427756
427757
427758
427759
427760
427761
427762
427763
427764
427765
427766
427767
427768
427769
427770
427771
427772
427773
427774
427775
427776
427777
427778
427780
427781
427782
427783
427784
427785
427786
427787
427788
427789
427790
427791
427792
427793
427794
427795
427796
427797
427798
427799
427800
427801
427802
427803
427804
427808
427809
427810
427811
427812
427813
427814
427815
427816
427817
427818
427819
427820
427821
427822
427823
427824
427825
427826
427827
427828
427829
427830
427831
427832
427833
427834
427835
427836
427837
427838
427839
427840
427841
427842
427843
427844
427845
427846
427847
427848
427849
427850
427851
427852
427853
427854
427855
427856
427909
427910
427911
427912
427913
427914
427915
427916
427917
427919
427920
427921
427922
427923
427924
427925
427926
427927
427928
427929
427930
427931
427932
427933
427934
428013
428014
428015
428016
428017
428018
428019
428020
428021
428022
428023
428024
428025
428026
428027
428028
428029
428030
428031
428032
428033
428034
428035
428036
428037
428038
428039
428040
428042
428043
428044
428045
428046
428047
428048
428049
428050
428051
428052
428053
428054
428055
428056
428057
428058
428059
428060
428061
428062
428063
428064
428091
428092
428093
428094
428095
428096
428097
428098
428099
428100
428101
428102
428103
428104
428105
428106
428107
428108
428109
428110
428111
428112
428113
428114
428115
428116
428118
428119
428120
428121
428122
428123
428124
428125
428126
428127
428128
428129
428130
428131
428132
428133
428134
428135
428136
428137
428138
428139
428140
428141
428142
428143
428144
428145
428146
428147
428148
428149
428150
428151
428152
428153
428154
428155
428156
428157
428158
428159
428160
428161
428162
428163
428164
428165
428166
428167
428168
428273
428274
428275
428276
428277
428278
428279
428280
428281
428282
428283
428284
428285
428286
428287
428288
428289
428290
428291
428292
428293
428294
428295
428296
428297
428298
428299
428300
428301
428302
428303
428304
428305
428306
428307
428308
428309
428310
428311
428312
428313
428314
428315
428316
428317
428318
428319
428320
428321
428322
428323
428324
428351
428352
428353
428354
428355
428356
428357
428358
428359
428360
428361
428362
428363
428364
428365
428366
428367
428368
428369
428370
428371
428372
428373
428374
428375
428376
428403
428404
428405
428406
428407
428408
428409
428410
428411
428412
428413
428414
428415
428416
428417
428418
428419
428420
428421
428422
428423
428424
428425
428426
428427
428428
428429
428430
428431
428432
428433
428434
428435
428436
428437
428438
428439
428440
428441
428442
428443
428444
428445
428446
428447
428448
428449
428450
428451
428452
428453
428454
428456
428460
428462
428463
428464
428465
428466
428467
428468
428469
428470
428471
428472
428473
428474
428475
428476
428477
428478
428479
428480
428481
428482
428483
428484
428485
428486
428487
428488
428489
428490
428491
428492
428493
428494
428495
428496
428497
428498
428499
428500
428501
428502
428503
428504
428505
428506
428533
428534
428535
428536
428537
428538
428539
428540
428541
428542
428543
428544
428545
428546
428547
428548
428549
428550
428551
428552
428553
428554
428555
428556
428557
428558
428585
428586
428587
428588
428589
428590
428591
428592
428593
428594
428595
428596
428597
428598
428599
428600
428601
428602
428603
428604
428605
428606
428607
428608
428609
428610
428637
428638
428639
428640
428641
428642
428643
428644
428645
428646
428647
428648
428649
428650
428651
428652
428653
428654
428655
428656
428657
428658
428659
428660
428661
428662
428664
428665
428666
428667
428669
428670
428671
428672
428673
428674
428675
428676
428677
428678
428679
428680
428681
428682
428683
428684
428685
428686
428687
428688
428689
428690
428692
428693
428695
428696
428697
428698
428699
428700
428701
428702
428703
428704
428705
428706
428707
428708
428709
428710
428711
428712
428713
428714
428715
428717
428718
428719
428720
428721
428722
428723
428724
428725
428726
428727
428728
428729
428730
428731
428732
428733
428734
428735
428736
428737
428738
428739
428740
428793
428794
428795
428797
428798
428799
428800
428801
428802
428803
428804
428805
428806
428807
428808
428809
428810
428811
428812
428813
428814
428815
428816
428817
428818
428820
428821
428822
428823
428824
428825
428826
428827
428828
428829
428830
428831
428832
428833
428834
428835
428836
428837
428838
428839
428840
428841
428842
428843
428844
428847
428848
428849
428850
428851
428852
428853
428854
428855
428856
428857
428858
428859
428860
428861
428862
428863
428864
428865
428866
428867
428868
428869
428870
428871
428872
428873
428874
428875
428876
428877
428879
428880
428881
428882
428883
428884
428885
428886
428887
428888
428889
428890
428891
428892
428893
428894
428895
428896
428897
428898
428899
428900
428901
428902
428903
428904
428905
428906
428907
428908
428909
428910
428911
428912
428913
428914
428915
428916
428917
428918
428919
428920
428921
428922
428924
428925
428927
428928
428929
428930
428931
428932
428933
428934
428935
428936
428937
428938
428940
428941
428942
428943
428944
428945
428946
428947
428948
429001
429002
429003
429004
429005
429006
429007
429008
429009
429010
429011
429012
429013
429014
429015
429016
429017
429018
429019
429020
429021
429022
429023
429024
429025
429026
429157
429159
429160
429161
429162
429163
429164
429165
429166
429167
429168
429169
429170
429171
429172
429173
429174
429175
429176
429177
429178
429179
429180
429181
429182
429183
429184
429185
429187
429188
429189
429190
429191
429192
429193
429194
429195
429197
429198
429199
429200
429201
429202
429203
429204
429205
429206
429207
429208
429287
429288
429289
429290
429291
429292
429293
429294
429295
429296
429297
429298
429299
429300
429301
429302
429303
429304
429305
429306
429307
429308
429309
429310
429311
429312
429314
429315
429316
429317
429318
429319
429320
429321
429322
429323
429324
429325
429326
429327
429328
429329
429330
429332
429333
429334
429335
429337
429338
429365
429366
429367
429368
429369
429370
429371
429372
429373
429374
429375
429376
429377
429378
429379
429380
429381
429382
429383
429384
429385
429386
429387
429388
429389
429390
429417
429418
429419
429420
429421
429422
429423
429424
429425
429426
429427
429428
429429
429430
429431
429432
429433
429434
429435
429436
429437
429438
429439
429440
429441
429442
429469
429470
429471
429472
429473
429474
429475
429476
429477
429478
429479
429480
429481
429483
429484
429485
429486
429488
429489
429490
429491
429492
429493
429494
429547
429548
429549
429550
429551
429552
429553
429554
429555
429556
429557
429558
429559
429560
429561
429562
429563
429564
429565
429566
429567
429568
429569
429570
429571
429572
429703
429704
429705
429706
429707
429708
429709
429710
429711
429712
429713
429714
429715
429716
429717
429718
429719
429720
429721
429722
429723
429724
429725
429726
429727
429728
429729
429730
429731
429732
429733
429734
429735
429736
429737
429738
429739
429740
429741
429742
429743
429744
429745
429746
429747
429748
429749
429750
429751
429752
429753
429754
429755
429756
429757
429758
429759
429760
429761
429762
429763
429764
429765
429766
429767
429768
429769
429770
429771
429772
429773
429774
429775
429776
429777
429778
429779
429780
429807
429808
429809
429810
429811
429812
429813
429814
429815
429816
429817
429818
429819
429820
429821
429822
429823
429824
429825
429826
429827
429828
429829
429830
429831
429832
429859
429860
429861
429862
429863
429864
429865
429866
429867
429868
429869
429870
429871
429872
429873
429874
429875
429876
429877
429878
429879
429880
429881
429882
429883
429884
429886
429887
429888
429889
429890
429891
429892
429893
429894
429895
429896
429897
429898
429899
429900
429901
429902
429903
429904
429905
429906
429907
429908
429909
429910
429989
429991
429992
429993
429994
429995
429996
429997
429998
429999
430000
430001
430002
430003
430004
430005
430006
430007
430008
430009
430010
430011
430012
430013
430014
430015
430016
430017
430018
430019
430020
430021
430022
430023
430024
430025
430026
430027
430028
430029
430030
430031
430032
430033
430034
430035
430036
430037
430038
430039
430040
430067
430068
430069
430070
430071
430072
430073
430074
430075
430076
430077
430078
430079
430080
430081
430082
430083
430084
430085
430086
430087
430088
430089
430090
430091
430092
430119
430120
430121
430122
430123
430124
430125
430126
430127
430128
430129
430130
430131
430132
430133
430134
430135
430136
430137
430138
430139
430140
430141
430142
430143
430144
430145
430146
430147
430148
430149
430150
430151
430152
430155
430156
430157
430158
430159
430160
430161
430162
430163
430164
430165
430166
430167
430168
430169
430170
430171
430172
430173
430175
430177
430179
430180
430181
430183
430184
430185
430186
430189
430191
430192
430193
430195
430196
