430250
430251
430252
430253
430254
430255
430256
430257
430258
430259
430260
430261
430262
430263
430264
430265
430266
430267
430268
430269
430270
430271
430272
430273
430274
430275
430277
430278
430281
430282
430283
430284
430285
430286
430287
430288
430289
430290
430291
430292
430293
430295
430296
430297
430298
430299
430300
430353
430354
430355
430356
430357
430358
430359
430360
430361
430362
430363
430364
430365
430366
430367
430368
430369
430370
430371
430372
430373
430374
430375
430376
430377
430378
430405
430406
430407
430408
430409
430410
430411
430412
430413
430414
430415
430416
430417
430418
430419
430420
430421
430422
430423
430424
430425
430426
430427
430428
430429
430430
430457
430458
430459
430460
430461
430462
430463
430464
430465
430466
430467
430468
430469
430470
430471
430472
430473
430474
430475
430476
430477
430478
430479
430480
430481
430482
430484
430485
430486
430487
430488
430489
430490
430491
430492
430493
430494
430495
430496
430497
430498
430499
430500
430501
430502
430503
430504
430505
430506
430507
430508
430535
430536
430537
430538
430539
430540
430541
430542
430543
430544
430545
430546
430547
430548
430549
430550
430551
430552
430553
430554
430555
430556
430557
430558
430559
430560
430613
430614
430615
430616
430617
430618
430619
430620
430621
430622
430623
430624
430625
430626
430627
430629
430630
430631
430632
430633
430634
430635
430636
430637
430638
430691
430692
430693
430694
430695
430696
430697
430698
430699
430700
430701
430702
430703
430704
430705
430706
430707
430708
430709
430710
430711
430712
430713
430714
430715
430716
430743
430744
430745
430746
430747
430748
430749
430750
430751
430752
430753
430754
430755
430756
430757
430758
430759
430760
430761
430762
430763
430764
430765
430766
430767
430768
430769
430770
430771
430772
430773
430774
430775
430776
430777
430778
430779
430780
430781
430782
430783
430784
430785
430786
430787
430788
430789
430790
430791
430792
430793
430794
430795
430796
430797
430798
430799
430800
430801
430802
430803
430804
430805
430806
430807
430808
430809
430810
430811
430812
430813
430814
430815
430816
430817
430818
430819
430820
430873
430874
430875
430876
430877
430878
430879
430880
430881
430882
430883
430884
430885
430886
430887
430888
430889
430890
430891
430892
430893
430894
430895
430896
430897
430898
430900
430901
430902
430903
430904
430905
430906
430907
430908
430909
430910
430911
430912
430913
430914
430915
430916
430917
430918
430919
430920
430921
430922
430923
430924
430925
430926
430928
430929
430930
430931
430932
430933
430934
430935
430937
430938
430939
430940
430941
430942
430943
430944
430945
430946
430947
430948
430949
430950
430951
430952
430953
430954
430955
430956
430957
430958
430959
430960
430961
430962
430963
430964
430965
430966
430967
430968
430969
430970
430971
430972
430973
430974
430975
430977
430978
430979
430980
430981
430982
430983
430984
430985
430986
430987
430988
430989
430990
430991
430992
430993
430994
430995
430996
430997
430998
430999
431000
431001
431002
431003
431004
431005
431006
431007
431008
431009
431010
431011
431012
431013
431014
431015
431016
431017
431018
431019
431020
431021
431022
431023
431024
431025
431026
431027
431028
431081
431082
431083
431084
431085
431086
431087
431088
431089
431090
431092
431093
431094
431095
431096
431097
431098
431099
431100
431101
431102
431103
431104
431105
431106
431107
431108
431109
431110
431111
431112
431114
431115
431116
431117
431118
431119
431120
431121
431122
431123
431124
431125
431126
431127
431128
431129
431130
431131
431132
431133
431134
431135
431136
431137
431138
431139
431140
431141
431142
431143
431144
431145
431146
431147
431148
431149
431150
431151
431152
431153
431154
431155
431156
431157
431158
431159
431160
431161
431162
431163
431164
431165
431166
431167
431168
431169
431170
431171
431172
431173
431174
431175
431176
431177
431178
431179
431180
431181
431182
431183
431184
431237
431238
431239
431240
431241
431242
431243
431244
431245
431246
431247
431248
431249
431250
431251
431252
431253
431254
431255
431256
431257
431258
431259
431260
431261
