431262
431263
431264
431265
431266
431267
431268
431269
431270
431271
431272
431273
431274
431275
431276
431277
431278
431279
431280
431281
431282
431283
431284
431285
431286
431287
431288
431289
431290
431291
431292
431293
431294
431295
431296
431297
431298
431299
431300
431301
431302
431303
431304
431305
431306
431307
431308
431309
431310
431311
431312
431313
431314
431316
431317
431318
431319
431320
431321
431322
431323
431324
431325
431326
431327
431328
431329
431330
431331
431332
431333
431334
431335
431336
431337
431338
431339
431340
431341
431342
431343
431344
431345
431346
431347
431348
431349
431350
431351
431352
431353
431354
431355
431356
431357
431358
431359
431360
431361
431362
431363
431364
431365
431366
431367
431368
431369
431370
431371
431372
431373
431374
431375
431376
431377
431378
431379
431380
431381
431382
431383
431384
431385
431386
431387
431388
431389
431390
431391
431392
431419
431420
431421
431422
431423
431424
431425
431426
431427
431428
431429
431430
431431
431432
431433
431434
431435
431436
431437
431438
431439
431440
431441
431442
431443
431444
431471
431472
431473
431474
431475
431476
431477
431478
431479
431480
431481
431482
431483
431484
431485
431486
431487
431488
431489
431490
431491
431492
431493
431494
431495
431496
431497
431498
431499
431500
431501
431502
431503
431504
431505
431506
431507
431508
431509
431510
431511
431512
431513
431514
431515
431516
431517
431518
431519
431520
431521
431522
431601
431602
431603
431604
431605
431606
431607
431608
431609
431610
431611
431612
431613
431614
431615
431616
431617
431618
431619
431620
431621
431622
431623
431624
431625
431626
431627
431628
431629
431630
431631
431632
431633
431634
431635
431636
431637
431638
431639
431640
431641
431642
431643
431644
431645
431646
431647
431648
431649
431650
431651
431652
431654
431655
431656
431657
431658
431659
431660
431661
431662
431663
431664
431665
431666
431667
431668
431669
431670
431671
431672
431673
431674
431675
431676
431677
431678
431705
431706
431707
431708
431710
431711
431712
431713
431714
431715
431716
431717
431718
431719
431720
431721
431722
431723
431724
431725
431726
431727
431728
431729
431730
431758
431759
431760
431761
431762
431764
431765
431766
431767
431769
431770
431771
431772
431773
431774
431775
431776
431777
431778
431779
431780
431781
431782
431783
431784
431786
431787
431788
431789
431790
431791
431792
431793
431794
431795
431796
431797
431798
431799
431800
431802
431803
431804
431805
431806
431807
431808
431809
431810
431811
431812
431813
431814
431815
431816
431817
431818
431819
431820
431821
431822
431823
431824
431825
431826
431827
431828
431829
431830
431831
431832
431833
431834
431835
431836
431837
431838
431839
431840
431841
431842
431843
431844
431845
431846
431847
431848
431849
431850
431851
431852
431853
431854
431855
431856
431857
431858
431860
431861
431862
431863
431864
431865
431866
431867
431868
431869
431870
431871
431872
431873
431874
431875
431876
431877
431878
431879
431880
431881
431882
431883
431884
431885
431886
431887
431888
431889
431890
431891
431892
431893
431894
431895
431896
431897
431898
431899
431900
431901
431902
431903
431904
431905
431906
431907
431908
431909
431910
431911
431912
431991
431992
431993
431994
431995
431996
431997
431998
431999
432000
432001
432002
432003
432004
432005
432006
432007
432008
432009
432010
432011
432012
432013
432015
432016
432018
432019
432020
432021
432022
432023
432024
432025
432026
432027
432028
432029
432030
432031
432032
432033
432034
432035
432036
432037
432038
432039
432040
432041
432042
432044
432045
432046
432047
432048
432049
432050
432051
432052
432053
432054
432055
432056
432057
432058
432059
432060
432061
432062
432063
432064
432065
432066
432067
432068
432095
432096
432097
432098
432099
432100
432101
432102
432103
432104
432105
432106
432107
432108
432109
432110
432111
432112
432113
432114
432115
432116
432117
432118
432120
432147
432148
432149
432150
432151
432152
432153
432154
432155
432156
432157
432158
432159
432160
432161
432163
432164
432165
432166
432167
432168
432169
432170
432171
432172
432173
432174
432175
432176
432177
432178
432179
432180
432181
432182
432183
432184
432185
432186
432187
432188
432189
432190
432191
432192
432193
432194
432195
432196
432197
432198
432199
432201
432202
432203
432204
432205
432206
432207
432208
432209
432210
432211
432212
432213
432214
432215
432216
432217
432218
432219
432220
432221
432222
432223
432224
432225
432226
432227
432228
432229
432230
432231
432232
432233
432234
432235
432236
432237
432238
432239
432241
432242
432243
432244
432245
432246
432247
432248
432249
432250
432303
432304
432305
432306
432307
432308
432309
432310
432311
432312
432313
432314
432315
432316
432317
432318
432319
432320
432321
432322
432324
432325
432326
432327
432328
432329
432330
432331
432332
432333
432334
432335
432336
432337
432339
432340
432341
432342
432343
432344
432345
432346
432347
432348
432349
432350
432351
432352
432353
432354
432381
432382
432383
432384
432385
432386
432387
432388
432389
432390
432391
432392
432393
432394
432395
432396
432397
432398
432399
432400
432401
432402
432403
432404
432405
432406
432459
432460
432461
432462
432463
432464
432465
432466
432467
432468
432469
432470
432471
432472
432473
432474
432475
432476
432477
432478
432479
432480
432481
432482
432483
432484
432485
432486
432487
432488
432489
432490
432491
432492
432493
432494
432495
432496
432497
432498
432499
432500
432501
432502
432503
432504
432505
432506
432507
432508
432509
432510
432511
432512
432513
432514
432515
432516
432517
432518
432519
432520
432521
432522
432523
432524
432525
432526
432527
432528
432529
432530
432531
432532
432533
432534
432535
432536
432563
432564
432565
432566
432567
432568
432569
432570
432571
432572
432573
432574
432575
432576
432577
432578
432579
432580
432581
432582
432583
432584
432585
432586
432587
432588
432589
432590
432591
432592
432593
432594
432595
432596
432597
432599
432600
432601
432602
432603
432604
432605
432606
432607
432608
432609
432610
432611
432612
432613
432614
432641
432642
432643
432644
432645
432646
432647
432648
432649
432650
432651
432652
432653
432654
432655
432656
432657
432658
432659
432660
432661
432662
432663
432664
432665
432666
432667
432668
432669
432670
432671
432672
432673
432674
432675
432676
432677
432678
432679
432680
432681
432682
432683
432684
432685
432686
432687
432688
432689
432690
432691
432692
432719
432720
432721
432722
432723
432724
432725
432726
432727
432728
432729
432730
432731
432732
432733
432734
432735
432736
432737
432738
432739
432740
432741
432742
432743
432744
