432771
432772
432773
432774
432775
432776
432777
432778
432779
432780
432781
432782
432783
432784
432785
432786
432787
432788
432789
432790
432791
432792
432793
432794
432795
432796
432849
432850
432851
432852
432853
432854
432855
432856
432857
432858
432859
432860
432861
432862
432863
432864
432865
432866
432867
432868
432869
432870
432871
432872
432873
432874
432875
432877
432879
432880
432881
432882
432883
432884
432885
432886
432887
432888
432889
432890
432891
432892
432893
432894
432895
432896
432897
432898
432899
432900
432953
432954
432955
432956
432957
432958
432959
432960
432961
432962
432963
432964
432965
432966
432967
432968
432969
432970
432971
432972
432973
432974
432975
432976
432977
432978
433005
433006
433007
433008
433009
433010
433011
433012
433013
433014
433015
433016
433017
433018
433019
433020
433021
433022
433023
433024
433025
433026
433027
433028
433029
433030
433031
433032
433033
433034
433035
433036
433037
433038
433039
433040
433041
433042
433043
433044
433045
433046
433047
433048
433049
433050
433051
433052
433053
433054
433055
433056
433187
433188
433189
433190
433191
433192
433193
433194
433195
433196
433197
433198
433199
433200
433201
433202
433203
433204
433205
433206
433207
433208
433209
433210
433211
433212
433213
433214
433215
433216
433217
433218
433219
433220
433221
433222
433223
433224
433225
433226
433227
433228
433229
433230
433231
433232
433234
433235
433236
433237
433238
433317
433318
433319
433320
433321
433322
433323
433324
433325
433326
433327
433328
433329
433330
433331
433332
433333
433334
433335
433336
433337
433338
433339
433340
433341
433342
433369
433370
433371
433372
433373
433374
433375
433376
433377
433378
433379
433380
433381
433382
433383
433384
433385
433386
433387
433388
433389
433390
433391
433392
433393
433394
433421
433422
433423
433424
433425
433426
433427
433428
433429
433430
433431
433432
433433
433434
433435
433436
433437
433438
433439
433440
433441
433442
433443
433444
433445
433446
433447
433448
433449
433450
433451
433452
433454
433455
433456
433457
433458
433459
433460
433461
433462
433463
433464
433465
433466
433467
433468
433469
433470
433471
433472
433499
433500
433501
433502
433503
433504
433505
433506
433507
433508
433509
433510
433511
433512
433513
433514
433515
433516
433517
433518
433519
433520
433521
433522
433523
433524
433525
433526
433527
433528
433529
433530
433531
433532
433533
433534
433535
433536
433537
433538
433539
433540
433541
433542
433543
433544
433545
433546
433547
433548
433549
433550
433577
433578
433579
433580
433581
433582
433583
433584
433585
433586
433587
433588
433589
433590
433591
433592
433593
433594
433595
433596
433597
433598
433599
433600
433601
433602
433629
433630
433631
433632
433633
433634
433635
433636
433637
433638
433639
433640
433641
433642
433643
433644
433645
433646
433647
433648
433649
433650
433651
433652
433653
433654
433681
433682
433683
433684
433685
433686
433687
433688
433689
433690
433691
433692
433693
433694
433695
433696
433697
433698
433699
433700
433701
433702
433703
433704
433705
433706
433811
433812
433813
433814
433815
433816
433817
433818
433819
433820
433821
433822
433823
433824
433825
433826
433827
433828
433829
433830
433831
433832
433833
433834
433835
433836
433863
433864
433865
433866
433867
433868
433869
433870
433871
433872
433873
433874
433875
433876
433877
433878
433879
433880
433881
433882
433883
433884
433885
433886
433887
433888
433889
433890
433892
433893
433894
433895
433896
433897
433898
433899
433900
433901
433902
433903
433904
433905
433906
433907
433908
433909
433910
433911
433912
433913
433914
433916
433917
433918
433919
433920
433921
433922
433923
433924
433925
433926
433927
433928
433929
433930
433931
433932
433933
433934
433935
433936
433937
433938
433939
433940
434045
434046
434047
434048
434049
434050
434051
434052
434053
434054
434055
434056
434057
434058
434059
434060
434061
434062
434063
434064
434065
434066
434067
434068
434069
434070
434074
434075
434076
434077
434078
434079
434080
434081
434082
434083
434084
434085
434086
434087
434088
434089
434090
434091
434092
434093
434094
434095
434096
434123
434124
434125
434126
434127
434128
434130
434131
434132
434133
434134
434135
434136
434137
434138
434139
434140
434141
434142
434143
434144
434145
434146
434147
434148
434175
434176
434177
434178
434179
434180
434181
434182
434183
434184
434185
434186
434187
434188
434189
434190
434191
434192
434193
434194
434195
434196
434197
434198
434199
434200
434202
434203
434204
434205
434206
434207
434208
434209
434210
434211
434212
434213
434214
434215
434216
434217
434218
434219
434220
434221
434222
434223
434224
434225
434226
434253
434254
434255
434256
434257
434258
434259
434260
434261
434262
434263
434264
434265
434266
434267
434268
434269
434270
434271
434272
434273
434274
434275
434276
434277
434278
434281
434282
434283
434284
434285
434286
434287
434288
434289
434290
434291
434292
434293
434294
434295
434296
434297
434298
434299
434300
434301
434302
434303
434304
434383
434384
434385
434386
434387
434388
434389
434390
434391
434392
434393
434394
434395
434396
434397
434398
434399
434400
434401
434402
434403
434404
434405
434407
434408
434409
434410
434411
434412
434413
434414
434415
434416
434417
434418
434419
434420
434421
434422
434423
434424
434425
434426
434427
434428
434429
434430
434431
434432
434433
434434
434435
434436
434437
434438
434439
434440
434441
434442
434443
434444
434445
434446
434447
434448
434449
434450
434451
434452
434453
434454
434455
434456
434457
434458
434459
434460
434462
434463
434464
434465
434466
434467
434468
434469
434470
434471
434472
434473
434474
434475
434476
434477
434478
434479
434480
434481
434482
434483
434484
434485
434486
434487
434488
434489
434490
434491
434492
434493
434494
434495
434496
434497
434498
434499
434500
434501
434502
434503
434504
434505
434506
434507
434508
434509
434510
434511
434512
434669
434670
434671
434672
434673
434674
434675
434676
434677
434678
434679
434680
434681
434682
434683
434684
434685
434686
434687
434688
434689
434690
434691
434692
434693
434694
434695
434697
434698
434699
434700
434701
434702
434703
434704
434705
434706
434707
434708
434709
434710
434711
434712
434713
434714
434715
434716
434717
434718
434719
434720
434773
434774
434775
434776
434777
434778
434779
434780
434781
434782
434783
434784
434785
434786
434787
434788
434789
434790
434791
434792
434793
434794
434795
434796
434797
434798
434799
434800
434801
434802
434803
434804
434805
434806
434807
434808
434809
434810
434811
434812
434813
434814
434815
434816
434817
434818
434819
434820
434821
434822
434823
434824
434825
434826
434827
434828
434829
434830
434831
434832
434833
434834
434835
434836
434837
434838
434839
434840
434841
434842
434843
434844
434845
434846
434847
434848
434849
434850
434851
434852
434853
434854
434855
434856
434857
434858
434859
434860
434861
434862
434863
434864
434865
434866
434867
434868
434869
434870
434871
434872
434873
434874
434875
434876
434877
434878
434879
434880
434881
434882
434883
434884
434885
434886
434887
434888
434889
434890
434891
434892
434893
434894
434895
434896
434897
434898
434899
434900
434901
434902
434929
434930
434931
434932
434933
434934
434935
434936
434937
434938
434939
434940
434941
434942
434943
434944
434945
434946
434947
434948
434949
434950
434951
434952
434953
434954
434981
434982
434983
434984
434985
434986
434987
434988
434989
434990
434991
434992
434993
434994
434995
434996
434997
434998
434999
435000
435001
435002
435003
435004
435005
435006
435007
435009
435010
435011
435012
435013
435014
435015
435016
435017
435018
435019
435020
435021
435022
435023
435024
435025
435026
435027
435028
435029
435030
435031
435032
435033
435034
435035
435036
435037
435038
435039
435040
435041
435042
435043
435044
435045
435046
435047
435048
435049
435050
435051
435052
435053
435054
435055
435056
435057
435058
435059
435060
435061
435062
435063
435064
435065
435066
435067
435068
435069
435070
435071
435072
435073
435074
435075
435076
435077
435078
435079
435080
435081
435082
435083
435084
435137
435138
435139
435140
435141
435142
435143
435144
435145
435146
435147
435148
435149
435150
435151
435152
435153
435154
435155
435156
435157
435158
435159
435160
435161
435162
435164
435165
435166
435167
435168
435169
435170
435171
435172
435173
435174
435175
435176
435177
435178
435179
435180
435181
435182
435183
435184
435185
435186
435187
435188
435189
435191
435192
435193
435194
435195
435196
435197
435198
435199
435200
435201
435202
435203
435204
435205
435206
435207
435208
435209
435210
435211
435212
435213
435214
435215
435216
435217
435218
435219
435220
435221
435222
435223
435224
435225
435226
435227
435228
435229
435230
435231
435232
435233
435234
435235
435236
435237
435238
435239
435240
435241
435242
435243
435244
435245
435246
435247
435248
435249
435250
435251
435252
435253
435254
435255
435256
435257
435258
435259
435260
435261
435262
435263
435264
435265
435266
435267
435270
435271
435272
435273
435274
435275
435276
435277
435278
435279
435280
435281
435282
435283
435284
435285
435286
435287
435288
435289
435290
435291
435292
435345
435346
435347
435348
435349
435350
435351
435352
435353
435354
435355
435356
435357
435358
435359
435360
435361
435362
435363
435364
435365
435366
435367
435368
435369
435370
435372
435373
435374
435375
435376
435377
435378
435379
435380
435381
435382
435383
435384
435385
435386
435387
435388
435389
435390
435391
435392
435393
435394
435395
435396
435397
435398
435399
435400
435401
435402
435403
435404
435405
435406
435407
435408
435409
435410
435411
435412
435413
435414
435415
435416
435417
435418
435419
435420
435421
435422
435449
435450
435451
435452
435453
435454
435455
435456
435457
435458
435459
435460
435461
435462
435463
435464
435465
435466
435467
435468
435469
435470
435471
435472
435473
435474
435501
435502
435503
435504
435505
435506
435507
435508
435509
435510
435511
435512
435513
435514
435515
435516
435517
435518
435519
435520
435521
435522
435523
435524
435525
435526
435553
435554
435555
435556
435557
435558
435559
435560
435561
435562
435563
435564
435565
435566
435567
435568
435569
435570
435571
435572
435573
435574
435575
435576
435577
435578
435580
435581
435582
435583
435584
435585
435586
435587
435588
435589
435590
435591
435592
435593
435594
435595
435596
435597
435598
435599
435600
435601
435602
435603
435604
435605
435606
435607
435608
435609
435610
435611
435612
435613
435614
435615
435616
435617
435618
435619
435620
435621
435622
435623
435624
435625
435626
435627
435628
435629
435630
435631
435634
435635
435636
435637
435638
435639
435640
435641
435642
435643
435644
435645
435646
435648
435649
435650
435651
435652
435653
435654
435655
435656
435657
435658
435659
435660
435661
435663
435664
435665
435666
435667
435668
435669
435670
435671
435672
435673
435674
435675
435676
435677
435678
435679
435680
435681
435682
435709
435710
435711
435712
435713
435714
435715
435716
435717
435718
435719
435720
435721
435722
435723
435724
435725
435726
435727
435728
435729
435730
435731
435732
435733
435734
435736
435738
435739
435740
435741
435742
435743
435744
435745
435746
435747
435748
435749
435750
435751
435752
435753
435754
435755
435756
435757
435758
435759
435760
435839
435840
435841
435842
435843
435844
435845
435846
435847
435848
435849
435850
435851
435852
435853
435854
435855
435856
435857
435858
435859
435860
435861
435862
435863
435864
435865
435866
435867
435868
435869
435870
435871
435872
435873
435874
435875
435876
435877
435878
435879
435880
435881
435882
435883
435884
435885
435886
435887
435888
435889
435890
435893
435894
435895
435896
435897
435898
435899
435900
435901
435902
435903
435904
435905
435906
435907
435908
435909
435910
435911
435912
435913
435914
435915
435916
435917
435918
435919
435920
435921
435922
435923
435924
435925
435926
435927
435928
435929
435930
435931
435932
435933
435934
435935
435936
435937
435938
435939
435940
435941
435942
435944
435945
435946
435947
435948
435949
435950
435951
435952
435953
435954
435955
435956
435957
435958
435959
435960
435961
435962
435963
435964
435965
435966
435967
435968
435995
435996
435997
435998
435999
436000
436001
436002
436003
436004
436005
436006
436007
436008
436009
436010
436011
436012
436014
436015
436016
436017
436018
436019
436020
436126
436127
436128
436129
436130
436131
436132
436133
436134
436135
436136
436137
436138
436139
436140
436141
436142
436143
436144
436145
436146
436147
436148
436149
436150
436153
436154
436155
436156
436157
436158
436159
436160
436161
436162
436163
436164
436165
436166
436167
436168
436169
436170
436171
436172
436173
436174
436175
436176
436333
436334
436335
436336
436337
436338
436339
436340
436341
436342
436343
436344
436345
436346
436348
436349
436350
436351
436352
436353
436354
436355
436356
436357
436358
436361
436362
436363
436364
436365
436366
436367
436368
436369
436371
436372
436373
436374
436375
436376
436377
436378
436379
436380
436381
436382
436383
436384
436385
436387
436388
436389
436390
436391
436392
436394
436395
436396
436397
436398
436399
436400
436401
436402
436403
436404
436405
436406
436407
436408
436409
436410
436411
436412
436413
436414
436415
436416
436417
436418
436419
436420
436421
436422
436423
436424
436425
436426
436427
436428
436429
436430
436431
436432
436433
436434
436435
436436
436437
436438
436439
436440
436441
436442
436443
436444
436445
436446
436447
436448
436449
436450
436451
436452
436453
436454
436455
436456
436457
436458
436459
436460
436461
436462
436463
436464
436465
436466
436467
436468
436469
436470
436471
436472
436473
436474
436475
436476
436477
436478
436479
436480
436481
436482
436483
436484
436485
436486
436487
436488
436515
436516
436517
436518
436519
436520
436521
436523
436524
436525
436526
436527
436528
436529
436530
436531
436532
436533
436534
436535
436536
436537
436538
436539
436540
436567
436568
436569
436570
436571
436572
436573
436574
436575
436576
436577
436578
436579
436580
436581
436582
436583
436584
436586
436587
436588
436589
436590
436591
436592
436593
436594
436595
436596
436597
436598
436599
436601
436602
436603
436604
436605
436606
436607
436608
436609
436610
436611
436612
436613
436614
436615
436616
436617
436618
436646
436647
436648
436649
436650
436652
436653
436654
436655
436656
436657
436658
436659
436660
436662
436663
436664
436665
436666
436667
436668
436669
436670
436697
436698
436699
436700
436701
436702
436703
436704
436705
436706
436707
436708
436709
436710
436711
436712
436713
436714
436715
436716
436717
436718
436719
436720
436721
436722
436932
436934
436935
436936
436937
436938
436939
436940
436942
436943
436944
436945
436946
436947
436948
436949
436950
436951
436952
436954
436955
436956
436957
436958
436959
436960
436961
436962
436963
436964
436965
436966
436967
436968
436969
436970
436971
436972
436973
436974
436975
436976
436977
436978
436979
436980
436981
436982
437061
437062
437063
437064
437065
437066
437067
437068
437069
437070
437071
437072
437073
437074
437075
437076
437077
437078
437079
437080
437081
437082
437083
437084
437085
437086
437165
437166
437167
437168
437169
437170
437171
437172
437173
437174
437175
437176
437177
437178
437179
437180
437181
437182
437183
437184
437185
437186
437187
437188
437189
437190
437217
437218
437219
437220
437221
437222
437223
437224
437225
437226
437227
437228
437229
437230
437231
437232
437233
437234
437235
437236
437237
437238
437239
437240
437241
437242
437269
437270
437271
437272
437273
437274
437275
437276
437277
437278
437279
437280
437281
437282
437283
437284
437285
437286
437287
437288
437289
437290
437291
437292
437293
437294
437321
437322
437323
437324
437325
437326
437327
437328
437329
437330
437331
437332
437333
437334
437335
437336
437337
437338
437339
437340
437341
437342
437343
437344
437345
437346
437348
437349
437352
437354
437355
437358
437359
437360
437361
437362
437363
437364
437365
437366
437367
437368
437369
437370
437371
437372
437373
437374
437376
437377
437378
437379
437380
437381
437382
437383
437384
437385
437386
437387
437388
437389
437390
437391
437392
437393
437394
437395
437396
437397
437398
437425
437426
437427
437428
437429
437430
437431
437432
437433
437434
437435
437436
437437
437438
437439
437440
437441
437442
437443
437444
437445
437446
437447
437448
437449
437450
437451
437452
437453
437455
437456
437457
437458
437459
437460
437461
437462
437463
437464
437465
437466
437467
437468
437469
437470
437471
437472
437473
437474
437475
437476
437503
437504
437505
437506
437507
437508
437509
437510
437511
437512
437513
437514
437515
437516
437517
437518
437519
437520
437521
437522
437523
437524
437525
437526
437527
437528
437529
437530
437531
437532
437533
437534
437535
437536
437539
437540
437541
437542
437543
437544
437545
437546
437547
437548
437549
437550
437551
437552
437553
437685
437686
437687
437688
437689
437690
437691
437692
437693
437694
