437695
437696
437697
437698
437699
437700
437701
437702
437703
437704
437705
437706
437707
437708
437709
437710
437711
437712
437713
437714
437715
437716
437717
437718
437719
437720
437721
437722
437723
437724
437725
437726
437727
437728
437729
437730
437731
437732
437733
437734
437735
437736
437763
437764
437765
437766
437767
437768
437769
437770
437771
437772
437773
437774
437775
437776
437777
437778
437779
437780
437781
437782
437783
437784
437785
437786
437787
437788
437841
437842
437843
437844
437845
437846
437847
437848
437849
437850
437851
437852
437853
437854
437855
437856
437857
437858
437859
437860
437861
437862
437863
437864
437865
437866
437867
437868
437872
437873
437874
437875
437876
437877
437878
437879
437880
437881
437882
437883
437884
437885
437886
437887
437888
437889
437890
437891
437892
437945
437946
437947
437948
437949
437950
437951
437952
437953
437954
437955
437956
437957
437958
437959
437960
437961
437962
437963
437964
437965
437966
437967
437968
437969
437970
438023
438024
438025
438026
438027
438028
438029
438030
438031
438032
438033
438034
438035
438036
438037
438038
438039
438040
438041
438042
438043
438044
438045
438046
438047
438048
438049
438050
438051
438052
438053
438054
438055
438056
438057
438058
438059
438060
438061
438062
438063
438064
438065
438066
438067
438068
438069
438070
438071
438072
438073
438074
438127
438128
438129
438130
438131
438132
438133
438134
438135
438136
438137
438138
438139
438140
438141
438142
438143
438144
438145
438146
438147
438148
438149
438150
438151
438152
438153
438155
438156
438157
438158
438159
438160
438161
438162
438163
438164
438165
438166
438167
438168
438169
438170
438171
438172
438173
438174
438175
438176
438177
438178
438205
438206
438207
438208
438209
438210
438211
438212
438213
438214
438215
438216
438217
438218
438219
438220
438221
438222
438223
438224
438225
438226
438227
438228
438229
438230
438231
438232
438233
438234
438235
438236
438237
438238
438239
438240
438241
438242
438243
438244
438245
438246
438247
438248
438249
438250
438251
438252
438253
438254
438255
438256
438283
438284
438285
438286
438287
438288
438289
438290
438291
438292
438293
438294
438295
438296
438297
438298
438299
438300
438301
438302
438303
438304
438305
438306
438307
438308
438310
438311
438312
438313
438314
438315
438316
438317
438318
438319
438320
438321
438322
438323
438324
438325
438326
438327
438328
438329
438330
438331
438332
438333
438334
438336
438337
438338
438339
438340
438341
438342
438343
438344
438345
438346
438347
438348
438349
438350
438351
438352
438353
438354
438355
438356
438357
438358
438359
438360
438387
438388
438389
438390
438391
438392
438393
438394
438395
438396
438397
438398
438399
438400
438401
438402
438403
438404
438405
438406
438407
438408
438409
438410
438411
438412
438439
438440
438441
438442
438443
438444
438445
438446
438447
438448
438449
438450
438451
438452
438453
438454
438455
438456
438457
438458
438459
438460
438461
438462
438463
438464
438543
438544
438545
438546
438547
438548
438549
438550
438551
438552
438553
438554
438555
438556
438557
438558
438559
438560
438561
438562
438563
438564
438565
438566
438567
438568
438595
438596
438597
438598
438599
438600
438601
438602
438603
438604
438605
438606
438607
438608
438609
438610
438611
438612
438613
438614
438615
438616
438617
438618
438619
438620
438621
438622
438623
438624
438625
438626
438627
438628
438629
438630
438631
438632
438633
438634
438635
438636
438637
438638
438639
438640
438641
438642
438643
438644
438645
438646
438699
438700
438701
438702
438703
438704
438705
438706
438707
438708
438709
438710
438711
438712
438713
438714
438715
438716
438717
438718
438719
438720
438721
438722
438723
438724
438725
438727
438728
438729
438730
438731
438732
438733
438734
438735
438736
438737
438738
438739
438740
438741
438742
438743
438744
438745
438746
438747
438748
438749
438750
438751
438752
438753
438754
438755
438756
438757
438758
438759
438760
438761
438762
438763
438764
438765
438766
438767
438768
438769
438770
438771
438772
438773
438774
438775
438776
438803
438804
438805
438806
438807
438808
438809
438810
438811
438812
438813
438814
438815
438816
438817
438818
438819
438820
438821
438822
438823
438824
438825
438826
438827
438828
438855
438856
438857
438858
438859
438860
438861
438862
438863
438864
438865
438866
438867
438868
438869
438870
438871
438872
438873
438874
438875
438876
438877
438878
438879
438880
438881
438882
438883
438884
438885
438886
438887
438888
438889
438890
438891
438892
438893
438894
438895
438896
438897
438898
438899
438900
438901
438902
438903
438904
438905
438906
438907
438908
438909
438910
438911
438912
438913
438914
438915
438916
438917
438918
438919
438920
438921
438922
438923
438924
438925
438926
438927
438928
438929
438930
438931
438932
438959
438960
438961
438962
438963
438964
438965
438966
438967
438968
438969
438970
438971
438972
438973
438974
438975
438976
438977
438978
438979
438980
438981
438982
438983
438984
438985
438986
438987
438988
438989
438990
438991
438992
438993
438994
438995
438996
438997
438998
438999
439000
439001
439002
439003
439004
439005
439006
439007
439008
439009
439010
439193
439194
439195
439196
439197
439198
439199
439200
439201
439202
439203
439204
439205
439206
439207
439208
439209
439210
439211
439212
439213
439214
439215
439216
439217
439218
439220
439222
439223
439224
439225
439226
439227
439228
439229
439230
439231
439232
439233
439234
439235
439236
439237
439238
439239
439240
439241
439242
439243
439244
439245
439247
439248
439249
439250
439251
439252
439253
439254
439255
439256
439257
439258
439259
439260
439261
439262
439263
439264
439265
439266
439267
439268
439269
439270
439273
439274
439275
439276
439277
439278
439279
439280
439281
439282
439283
439284
439285
439286
439287
439288
439289
439290
439291
439292
439293
439294
439295
439296
439297
439298
439299
439300
439301
439302
439303
439304
439305
439306
439307
439308
439309
439310
439311
439312
439313
439314
439315
439316
439317
439318
439319
439320
439321
439322
439323
439325
439326
439327
439328
439329
439330
439331
439332
439333
439334
439335
439336
439337
439338
439339
439340
439341
439342
439343
439344
439345
439346
439347
439348
439350
439351
439352
439353
439354
439355
439356
439357
439358
439359
439360
439361
439362
439363
439364
439365
439366
439367
439368
439369
439370
439371
439372
439373
439374
439375
439376
439377
439378
439379
439380
439382
439383
439384
439385
439386
439387
439388
439389
439390
439391
439392
439393
439394
439395
439396
439397
439398
439399
439400
439401
439402
439403
439404
439405
439406
439407
439408
439409
439410
439411
439412
439413
439414
439415
439416
439417
439418
439419
439420
439421
439422
439423
439424
439425
439426
439479
439480
439481
439482
439483
439484
439485
439486
439487
439488
439489
439490
439491
439492
439493
439494
439495
439496
439497
439498
439499
439500
439501
439502
439503
439504
439505
439506
439508
439509
439510
439511
439512
439513
439514
439515
439516
439517
439518
439519
439520
439521
439522
439523
439524
439525
439526
439527
439528
439529
439530
439583
439584
439585
439586
439587
439588
439589
439590
439591
439592
439593
439594
439595
439596
439597
439598
439599
439600
439601
439602
439603
439604
439605
439606
439607
439608
439609
439610
439611
439612
439615
439616
439617
439618
439619
439620
439621
439622
439623
439624
439625
439626
439627
439628
439629
439630
439631
439632
439633
439634
439661
439662
439663
439664
439665
439666
439667
439668
439669
439670
439671
439672
439673
439674
439675
439676
439677
439678
439679
439680
439681
439682
439683
439684
439685
439686
439687
439689
439690
439691
439692
439693
439694
439695
439696
439697
439698
439699
439700
439701
439702
439703
439704
439705
439706
439707
439708
439709
439710
439711
439712
439739
439740
439741
439742
439743
439744
439745
439746
439747
439748
439749
439750
439751
439752
439753
439754
439755
439756
439757
439758
439759
439760
439761
439762
439763
439764
439765
439766
439767
439768
439769
439770
439771
439772
439773
439774
439775
439776
439777
439778
439779
439780
439781
439782
439783
439784
439785
439786
439787
439788
439789
439790
439843
439844
439845
439846
439847
439848
439849
439850
439851
439852
439853
439854
439855
439856
439857
439858
439859
439860
439861
439862
439863
439864
439865
439866
439867
439868
439895
439896
439897
439898
439899
439900
439901
439902
439903
439904
439905
439906
439907
439908
439909
439910
439911
439912
439913
439914
439915
439916
439917
439918
439919
439920
439921
439922
439923
439924
439925
439926
439927
439928
439929
439930
439931
439932
439933
439934
439935
439936
439937
439938
439939
439940
439941
439942
439943
439944
439945
439946
439999
440000
440001
440002
440003
440004
440005
440006
440007
440008
440009
440010
440011
440012
440013
440014
440015
440016
440017
440018
440019
440020
440021
440022
440023
440024
440025
440026
440028
440029
440030
440031
440032
440033
440034
440035
440036
440037
440038
440039
440040
440041
440042
440043
440044
440045
440046
440047
440048
440049
440050
440052
440053
440054
440055
440056
440057
440058
440059
440060
440061
440062
440063
440064
440065
440066
440067
440068
440069
440070
440071
440072
440073
440074
440075
440076
440103
440104
440105
440106
440107
440108
440109
440110
440111
440112
440113
440114
440115
440116
440117
440118
440119
440120
440121
440122
440123
440124
440125
440126
440127
440128
440155
440156
440157
440158
440159
440160
440161
440162
440164
440165
440166
440167
440168
440169
440170
440171
440172
440173
440174
440175
440176
440177
440178
440179
440259
440260
440261
440262
440263
440264
440265
440266
440267
440268
440269
440270
440271
440272
440273
440274
440275
440276
440277
440278
440279
440280
440281
440282
440283
440284
440441
440442
440443
440444
440445
440446
440447
440448
440449
440450
440451
440452
440453
440454
440455
440456
440457
440458
440459
440460
440461
440462
440463
440464
440465
440466
440467
440468
440469
440470
440471
440472
440473
440474
440475
440476
440477
440478
440479
440480
440481
440482
440483
440484
440485
440486
440487
440488
440489
440490
440491
440492
440519
440520
440521
440522
440523
440524
440525
440526
440527
440528
440529
440530
440531
440532
440533
440534
440535
440536
440537
440538
440539
440540
440541
440543
440544
440545
440546
440547
440548
440549
440550
440551
440552
440553
440554
440555
440556
440557
440558
440560
440561
440562
440563
440564
440565
440566
440567
440568
440569
440570
440649
440650
440651
440652
440653
440654
440655
440656
440657
440658
440659
440660
440661
440662
440663
440664
440665
440666
440667
440668
440669
440670
440671
440672
440673
440674
440676
440677
440678
440679
440680
440681
440682
440683
440684
440685
440686
440687
440688
440689
440690
440691
440692
440693
440694
440695
440696
440697
440698
440699
440700
440727
440728
440729
440730
440731
440732
440733
440734
440735
440736
440737
440738
440739
440740
440741
440742
440743
440744
440745
440746
440747
440748
440749
440750
440751
440752
440805
440806
440807
440808
440809
440810
440811
440812
440813
440814
440815
440816
440817
440818
440819
440820
440821
440822
440823
440824
440825
440826
440827
440828
440829
440830
440857
440858
440859
440860
440861
440862
440863
440864
440865
440866
440867
440868
440869
440870
440871
440872
440873
440874
440875
440876
440877
440878
440879
440881
440882
440883
440884
440885
440886
440887
440888
440889
440890
440891
440892
440893
440894
440895
440896
440897
440898
440899
440900
440901
440902
440903
440904
440905
440906
440907
440908
440911
440912
440913
440914
440915
440916
440917
440918
440919
440920
440921
440922
440923
440924
440925
440926
440927
440928
440929
440930
440931
440932
440933
440934
440937
440938
440939
440940
440941
440942
440943
440944
440945
440946
440947
440948
440949
440950
440951
440952
440953
440954
440955
440956
440957
440958
440959
440960
441013
441014
441015
441016
441017
441018
441019
441020
441021
441022
441023
441024
441025
441026
441027
441028
441029
441030
441031
441032
441033
441034
441035
441036
441037
441038
441065
441066
441067
441068
441069
441070
441071
441072
441073
441074
441075
441076
441077
441078
441079
441080
441081
441082
441083
441084
441085
441086
441087
441088
441089
441090
441093
441094
441095
441096
441097
441098
441099
441100
441101
441102
441103
441104
441105
441106
441107
441108
441109
441110
441111
441112
441113
441114
441115
441116
441143
441144
441145
441146
441147
441148
441149
441150
441151
441152
441153
441154
441155
441156
441157
441158
441159
441160
441161
441162
441163
441164
441165
441166
441167
441168
441169
441171
441172
441173
441174
441175
441176
441177
441178
441179
441180
441181
441182
441183
441184
441185
441186
441187
441188
441189
441190
441191
441192
441193
441194
441221
441222
441223
441224
441225
441226
441227
441228
441229
441230
441231
441232
441233
441234
441235
441236
441237
441238
441239
441240
441241
441242
441243
441244
441245
441246
441299
441300
441301
441302
441303
441304
441305
441306
441307
441308
441309
441310
441311
441312
441313
441314
441315
441316
441317
441318
441319
441320
441321
441322
441323
441324
441325
441328
441329
441330
441331
441332
441333
441334
441335
441336
441337
441338
441339
441340
441341
441342
441343
441344
441345
441346
441347
441348
441349
441350
441429
441430
441431
441432
441433
441434
441435
441436
441437
441438
441439
441440
441441
441442
441443
441444
441445
441446
441447
441448
441449
441450
441451
441452
441453
441454
441481
441482
441483
441484
441485
441486
441487
441488
441489
441490
441491
441492
441493
441494
441495
441496
441497
441498
441499
441500
441501
441502
441503
441504
441505
441506
441533
441534
441535
441536
441537
441538
441539
441540
441541
441542
441543
441544
441545
441546
441547
441548
441549
441550
441551
441552
441553
441554
441556
441557
441558
441559
441560
441561
441562
441564
441565
441566
441567
441568
441569
441570
441571
441572
441573
441574
441575
441576
441577
441578
441579
441580
441581
441582
441583
441584
441586
441587
441588
441589
441590
441591
441592
441593
441594
441595
441596
441597
441598
441599
441600
441601
441602
441603
441604
441605
441606
441607
441608
441609
441610
441637
441638
441639
441640
441641
441642
441643
441644
441645
441646
441647
441648
441649
441650
441651
441652
441653
441654
441655
441656
441657
441658
441660
441661
441662
441741
441742
441743
441744
441746
441747
441748
441749
441750
441751
441752
441754
441755
441756
441757
441758
441759
441760
441761
441762
441763
441764
441765
441766
441793
441794
441795
441796
441798
441799
441800
441801
441802
441803
441804
441805
441806
441808
441809
441810
441811
441812
441813
441814
441815
441816
441817
441818
441821
441822
441823
441825
441826
441827
441828
441829
441830
441832
441833
441834
441835
441836
441837
441838
441839
441840
441841
441842
441843
441844
441871
441873
441874
441875
441876
441877
441878
441879
441880
441881
441882
441883
441884
441885
441886
441887
441888
441889
441890
441891
441892
441893
441894
441895
441896
441897
441899
441900
441901
441902
441903
441904
441905
441906
441907
441908
441909
441910
441911
441912
441913
441915
441916
441917
441918
441919
441921
441922
441975
441976
441978
441979
441980
441981
441983
441984
441985
441986
441987
441988
441989
441990
441991
441992
441993
441994
441995
441996
441997
441998
441999
442000
442027
442028
442029
442030
442031
442032
442033
442034
442035
442036
442037
442038
442039
442040
442041
442042
442043
442044
442045
442046
442047
442048
442049
442051
442052
442053
442054
442056
442057
442058
442059
442060
442061
442062
442063
442064
442065
442066
442067
442068
442069
442070
442071
442072
442073
442074
442075
442076
442077
442078
442131
442132
442133
442134
442135
442136
442137
442139
442140
442141
442142
442143
442144
442145
442146
442148
442149
442150
442151
442152
442153
442154
442155
442156
442210
442211
442212
442213
442214
442215
442216
442217
442218
442219
442220
442221
442222
442223
442225
442226
442227
442228
442229
442230
442232
442233
442236
442237
442238
442239
442240
442241
442242
442244
442245
442246
442247
442248
442249
442250
442251
442252
442253
442254
442255
442256
442257
442258
442259
442260
442261
442263
442264
442265
442266
442267
442268
442270
442271
442272
442273
442274
442275
442276
442277
442278
442280
442281
442282
442283
442284
442285
442286
442313
442314
442315
442316
442317
442318
442319
442320
442321
442322
442323
442324
442325
442326
442327
442328
442329
442330
442331
442332
442333
442334
442335
442336
442337
442338
442365
442366
442367
442368
442369
442370
442371
442372
442373
442374
442375
442376
442377
442378
442379
442380
442381
442382
442383
442384
442385
442386
442387
442388
442389
442390
442417
442418
442419
442420
442421
442422
442423
442424
442425
442426
442427
442428
442429
442430
442431
442432
442433
442434
442435
442436
442437
442438
442439
442440
442441
442442
442443
442444
442445
442446
442447
442448
442449
442450
442451
442452
442453
442454
442455
442456
442457
442458
442459
442460
442461
442462
442463
442464
442465
442466
442467
442468
442495
442496
442497
442498
442499
442500
442501
442502
442503
442504
442505
442506
442507
442508
442509
442510
442511
442512
442513
442514
442515
442516
442517
442518
442519
442520
442547
442548
442549
442550
442551
442552
442553
442554
442555
442556
442557
442558
442559
442560
442561
442562
442563
442564
442565
442566
442567
442568
442569
442570
442571
442572
442575
442576
442577
442578
442579
442580
442581
442582
442583
442584
442585
442586
442587
442588
442589
442590
442591
442592
442593
442594
442595
442596
442597
442598
442651
442652
442653
442654
442655
442656
442657
442658
442659
442660
442661
442662
442663
442664
442665
442666
442667
442668
442669
442670
442671
442672
442673
442674
442675
442676
442703
442704
442705
442706
442707
442708
442709
442710
442711
442712
442713
442714
442715
442716
442717
442718
442719
442720
442721
442722
442723
442724
442725
442726
442727
442728
442729
442730
442731
442732
442733
442734
442735
442736
442737
442738
442739
442740
442741
442742
442743
442744
442745
442746
442747
442748
442749
442750
442751
442752
442753
442754
442755
442756
442757
442758
442759
442760
442761
442762
442763
442764
442765
442766
442767
442768
442769
442770
442771
442772
442773
442774
442775
442776
442777
442778
442779
442780
442937
442938
442939
442940
442941
442942
442943
442944
442945
442946
442947
442948
442949
442950
442951
442952
442953
442954
442955
442956
442957
442958
442959
442960
442961
442962
442964
442966
442967
442970
442972
442973
442974
442975
442976
442978
442979
442980
442981
442982
442983
442984
442985
442986
442987
442988
443015
443016
443017
443018
443019
443020
443021
443022
443023
443024
443025
443026
443027
443028
443029
443030
443031
443032
443033
443034
443035
443036
443037
443038
443039
443040
