443093
443094
443095
443096
443097
443098
443099
443100
443101
443102
443103
443104
443105
443106
443107
443108
443109
443110
443111
443112
443113
443114
443115
443116
443117
443118
443119
443120
443121
443122
443123
443124
443125
443126
443127
443128
443129
443130
443131
443132
443133
443134
443135
443136
443137
443138
443139
443140
443141
443142
443143
443144
443146
443147
443148
443149
443150
443151
443152
443153
443154
443155
443156
443157
443158
443159
443160
443161
443162
443163
443164
443165
443166
443167
443168
443169
443170
443171
443172
443174
443175
443176
443177
443180
443181
443182
443183
443184
443185
443186
443187
443188
443189
443190
443191
443192
443193
443194
443195
443196
443197
443199
443200
443201
443202
443203
443204
443205
443206
443207
443208
443209
443210
443211
443212
443213
443214
443215
443216
443217
443218
443219
443220
443221
443222
443275
443276
443277
443278
443279
443280
443281
443282
443283
443284
443285
443286
443287
443288
443289
443290
443291
443292
443293
443294
443295
443296
443297
443298
443299
443300
443302
443303
443304
443305
443306
443307
443308
443309
443310
443311
443312
443313
443314
443315
443316
443317
443318
443319
443320
443321
443322
443323
443324
443325
443326
443353
443354
443355
443356
443357
443358
443359
443360
443361
443362
443363
443364
443365
443366
443367
443368
443369
443370
443371
443372
443373
443374
443375
443376
443377
443378
443405
443406
443407
443408
443409
443410
443411
443412
443413
443414
443415
443416
443417
443418
443419
443420
443421
443422
443423
443424
443425
443426
443427
443428
443429
443430
443457
443458
443459
443460
443461
443462
443463
443464
443465
443466
443467
443468
443469
443470
443471
443472
443473
443474
443475
443476
443477
443478
443479
443480
443481
443482
443535
443536
443537
443538
443539
443540
443541
443542
443543
443544
443545
443546
443547
443548
443549
443550
443551
443552
443553
443554
443555
443556
443557
443558
443559
443560
443561
443562
443563
443564
443565
443566
443567
443568
443569
443570
443571
443572
443573
443574
443575
443576
443577
443578
443579
443580
443581
443582
443583
443584
443585
443586
443613
443614
443615
443616
443617
443618
443619
443620
443621
443622
443623
443624
443625
443626
443627
443628
443629
443630
443631
443632
443633
443634
443635
443636
443637
443691
443692
443693
443694
443695
443696
443697
443698
443699
443700
443701
443702
443703
443704
443705
443706
443707
443708
443709
443710
443711
443712
443713
443714
443715
443716
443743
443744
443745
443746
443747
443748
443750
443751
443752
443753
443754
443755
443756
443757
443758
443759
443760
443761
443762
443763
443764
443765
443766
443767
443768
443821
443822
443823
443824
443825
443826
443827
443828
443829
443830
443831
443832
443833
443834
443835
443836
443837
443838
443839
443840
443841
443842
443843
443844
443845
443846
443925
443926
443927
443928
443929
443930
443931
443932
443933
443934
443935
443936
443937
443938
443939
443940
443941
443942
443943
443944
443945
443946
443947
443948
443949
443950
444003
444005
444006
444007
444008
444009
444010
444011
444012
444013
444014
444015
444016
444017
444018
444019
444020
444021
444022
444023
444024
444025
444026
444027
444028
444029
444030
444031
444032
444033
444034
444035
444036
444037
444038
444039
444040
444041
444042
444043
444044
444045
444046
444047
444048
444049
444050
444051
444052
444053
444054
444056
444057
444058
444059
444060
444061
444062
444063
444064
444065
444066
444067
444068
444069
444070
444071
444072
444073
444074
444075
444076
444077
444078
444079
444080
444081
444082
444083
444085
444086
444087
444088
444089
444090
444091
444092
444093
444094
444095
444096
444097
444098
444099
444100
444101
444102
444103
444104
444105
444106
444107
444108
444109
444110
444111
444112
444113
444114
444115
444116
444117
444118
444119
444120
444121
444122
444123
444124
444125
444126
444127
444128
444129
444130
444131
444132
444159
444160
444161
444162
444163
444164
444165
444166
444167
444168
444169
444170
444171
444172
444173
444174
444175
444176
444177
444178
444179
444180
444181
444182
444183
444184
444211
444212
444213
444214
444215
444216
444217
444218
444219
444220
444221
444222
444223
444224
444225
444226
444227
444228
444229
444230
444231
444232
444233
444234
444235
444236
444263
444264
444265
444266
444267
444268
444269
444270
444271
444272
444273
444274
444275
444276
444277
444278
444279
444280
444281
444282
444283
444284
444285
444286
444287
444288
444315
444316
444317
444318
444319
444320
444321
444322
444323
444324
444325
444326
444328
444329
444330
444331
444332
444333
444334
444335
444336
444337
444338
444339
444340
444419
444420
444421
444422
444423
444424
444425
444426
444427
444428
444429
444430
444431
444432
444433
444434
444435
444436
444437
444438
444439
444440
444441
444442
444443
444444
444523
444524
444525
444526
444527
444528
444529
444530
444531
444532
444533
444534
444535
444536
444537
444538
444539
444540
444541
444542
444543
444544
444545
444546
444547
444548
444549
444550
444551
444552
444553
444554
444555
444556
444557
444558
444559
444560
444561
444562
444563
444564
444565
444566
444567
444568
444569
444570
444571
444572
444573
444574
444575
444577
444578
444579
444580
444581
444582
444583
444584
444585
444586
444587
444588
444589
444590
444591
444592
444593
444594
444595
444596
444597
444598
444599
444600
444627
444628
444629
444630
444631
444632
444633
444634
444635
444636
444637
444638
444639
444640
444641
444642
444643
444644
444645
444646
444647
444648
444649
444650
444651
444652
444653
444654
444655
444656
444657
444658
444659
444660
444661
444662
444663
444664
444665
444666
444667
444668
444669
444670
444671
444672
444673
444674
444675
444676
444677
444678
444680
444681
444682
444683
444684
444685
444686
444687
444688
444689
444690
444691
444692
444693
444694
444695
444696
444697
444698
444699
444700
444701
444702
444703
444704
444731
444732
444733
444734
444735
444736
444737
444738
444739
444740
444741
444742
444743
444744
444745
444746
444747
444748
444749
444750
444751
444752
444753
444754
444755
444756
444757
444758
444759
444760
444761
444762
444764
444765
444766
444767
444768
444769
444770
444771
444772
444773
444774
444775
444776
444777
444778
444779
444780
444781
444782
444784
444785
444786
444787
444788
444789
444790
444791
444792
444793
444794
444795
444796
444797
444798
444799
444800
444801
444802
444803
444804
444805
444806
444807
444808
444809
444810
444811
444813
444814
444815
444816
444817
444818
444819
444820
444821
444822
444823
444824
444825
444826
444827
444828
444829
444830
444831
444832
444833
444834
444861
444862
444863
444864
444865
444866
444867
444868
444869
444870
444871
444872
444873
444874
444875
444876
444877
444878
444879
444880
444881
444882
444883
444884
444885
444886
444889
444891
444892
444893
444894
444895
444896
444897
444898
444899
444900
444901
444902
444903
444904
444905
444906
444907
444908
444909
444910
444911
444912
444939
444940
444941
444942
444943
444944
444945
444946
444947
444948
444949
444950
444951
444952
444953
444954
444955
444956
444957
444958
444959
444960
444961
444962
444963
444964
444991
444992
444993
444994
444995
444996
444997
444998
444999
445000
445001
445002
445003
445004
445005
445006
445007
445008
445009
445010
445011
445012
445013
445014
445015
445016
445017
445018
445019
445020
445021
445022
445023
445024
445025
445026
445027
445028
445029
445030
445031
445032
445033
445034
445035
445036
445037
445038
445039
445040
445041
445042
445044
445045
445046
445047
445048
445049
445050
445051
445052
445053
445054
445055
445056
445057
445058
445059
445060
445061
445062
445063
445065
445066
445067
445068
445069
445070
445071
445072
445073
445074
445075
445076
445077
445078
445079
445080
445081
445082
445083
445084
445085
445086
445087
445088
445089
445090
445091
445092
445093
445094
445095
445096
445097
445098
445099
445100
445101
445102
445103
445104
445105
445106
445107
445108
445109
445110
445111
445112
445113
445114
445115
445116
445117
445118
445120
445121
445122
445123
445124
445125
445126
445127
445128
445129
445130
445131
445132
445133
445134
445135
445136
445137
445138
445139
445140
445141
445142
445143
445144
445145
445146
445147
445148
445149
445150
445151
445152
445153
445154
445155
445156
445157
445158
445159
445160
445161
445162
445163
445164
445165
445166
445167
445168
445169
445170
445171
445172
445277
445278
445279
445280
445281
445282
445283
445284
445285
445286
445287
445288
445289
445290
445291
445292
445293
445294
445295
445296
445297
445298
445299
445300
445301
445302
445329
445330
445331
445332
445333
445334
445335
445336
445337
445338
445339
445340
445341
445342
445343
445344
445345
445346
445347
445348
445349
445350
445351
445352
445353
445354
445355
445356
445357
445358
445359
445360
445361
445362
445363
445364
445365
445366
445367
445368
445369
445370
445371
445372
445373
445374
445375
445376
445377
445378
445379
445380
445381
445382
445383
445384
445385
445386
445387
445388
445389
445390
445391
445392
445393
445394
445395
445396
445397
445398
445399
445400
445401
445402
445403
445404
445405
445406
445407
445408
445409
445411
445413
445414
445415
445416
445417
445418
445419
445420
445421
445422
445423
445424
445425
445426
445427
445428
445429
445430
445431
445432
445459
445460
445461
445462
445463
445464
445465
445466
445467
445468
445469
445470
445471
445472
445473
445474
445475
445476
445477
445478
445479
445480
445481
445482
445483
445484
445719
445720
445721
445722
445723
445724
445725
445726
445727
445728
445729
445730
445731
445732
445733
445734
445735
445736
445737
445738
445739
445740
445741
445742
445743
445744
445746
445747
445748
445749
445750
445751
445752
445753
445754
445755
445756
445757
445758
445759
445760
445761
445762
445763
445764
445765
445766
445767
445768
445769
445770
445771
445773
445774
445775
445776
445777
445778
445779
445780
445781
445782
445783
445784
445785
445786
445787
445788
445789
445790
445791
445792
445793
445794
445795
445796
445797
445798
445801
445802
445803
445804
445805
445806
445807
445808
445809
445810
445811
445812
445813
445814
445815
445816
445817
445818
445819
445820
445821
445822
445875
445876
445877
445878
445879
445880
445881
445882
445883
445884
445885
445886
445887
445888
445889
445890
445891
445892
445893
445894
445895
445896
445897
445898
445899
445900
445901
445902
445903
445904
445905
445906
445907
445908
445909
445910
445911
445912
445913
445914
445915
445916
445917
445918
445919
445920
445921
445922
445923
445924
445925
445926
445979
445980
445981
445982
445983
445984
445985
445986
445987
445988
445989
445990
445991
445993
445994
445995
445996
445997
445998
445999
446000
446001
446002
446003
446004
446031
446032
446033
446034
446035
446036
446037
446038
446039
446040
446041
446042
446043
446044
446045
446046
446047
446048
446049
446050
446051
446052
446053
446054
446055
446056
446187
446188
446189
446190
446191
446192
446193
446194
446195
446196
446197
446198
446199
446200
446201
446202
446203
446204
446205
446206
446207
446208
446209
446210
446211
446212
446213
446216
446217
446218
446219
446220
446221
446222
446223
446224
446225
446226
446227
446228
446229
446230
446231
446232
446233
446234
446235
446236
446237
446238
446239
446240
446241
446242
446243
446244
446245
446246
446247
446248
446249
446250
446251
446252
446253
446254
446255
446256
446257
446258
446259
446260
446261
446262
446263
446264
446369
446370
446371
446372
446373
446374
446375
446376
446377
446378
446379
446380
446381
446382
446383
446384
446385
446386
446387
446388
446389
446390
446391
446392
446393
446394
446421
446422
446423
446424
446425
446426
446427
446428
446429
446430
446431
446432
446433
446434
446435
446436
446437
446438
446439
446440
446441
446442
446443
446444
446445
446446
446449
446450
446451
446452
446453
446454
446455
446456
446457
446458
446459
446460
446461
446462
446463
446464
446465
446466
446467
446468
446469
446470
446471
446472
446473
446474
446475
446476
446477
446479
446480
446481
446482
446483
446484
446485
446486
446487
446488
446489
446490
446491
446492
446493
446494
446495
446496
446497
446498
446500
446501
446503
446504
446505
446506
446507
446508
446509
446510
446511
446512
446513
446514
446515
446516
446517
446518
446519
446520
446521
446522
446523
446524
446528
446529
446530
446531
446532
446533
446534
446535
446536
446537
446538
446539
446540
446541
446542
446543
446544
446545
446546
446547
446549
446550
446577
446578
446579
446580
446581
446582
446583
446584
446585
446586
446587
446588
446589
446590
446591
446592
446593
446594
446595
446596
446597
446598
446599
446600
446601
446602
446603
446604
446605
446606
446607
446608
446609
446610
446611
446612
446613
446614
446615
446616
446617
446618
446619
446620
446621
446622
446623
446624
446625
446626
446627
446628
446681
446682
446683
446684
446685
446686
446687
446688
446689
446690
446691
446692
446693
446694
446695
446696
446697
446698
446699
446700
446701
446702
446703
446704
446705
446706
446707
446708
446709
446710
446711
446712
446713
446714
446715
446716
446717
446718
446719
446720
446721
446722
446723
446724
446725
446726
446727
446728
446729
446730
446731
446732
446734
446735
446736
446737
446738
446739
446740
446741
446742
446743
446744
446745
446746
446747
446748
446749
446750
446751
446752
446753
446754
446755
446756
446757
446758
446785
446786
446787
446788
446789
446790
446791
446793
446794
446795
446796
446797
446798
446799
446800
446801
446802
446803
446804
446805
446806
446807
446808
446809
446810
446837
446838
446839
446840
446841
446842
446843
446844
446845
446846
446848
446850
446851
446852
446853
446854
446856
446857
446858
446859
446860
446861
446862
446864
446865
446866
446867
446868
446869
446870
446871
446872
446873
446874
446875
446877
446878
446879
446880
446881
446882
446883
446884
446885
446886
446887
446888
446889
446890
446891
446892
446893
446894
446895
446896
446897
446899
446900
446901
446902
446903
446904
446905
446906
446907
446908
446910
446911
446912
446913
446914
446941
446942
446943
446944
446945
446946
446947
446948
446949
446950
446952
446953
446954
446955
446956
446957
446958
446959
446961
446962
446963
446964
446965
446966
447045
447046
447047
447048
447049
447050
447051
447052
447053
447054
447055
447056
447057
447058
447059
447060
447062
447063
447064
447065
447066
447067
447068
447069
447070
447072
447073
447074
447075
447076
447077
447078
447079
447080
447081
447082
447083
447084
447085
447087
447088
447089
447090
447091
447092
447094
447095
447096
447098
447100
447101
447102
447103
447104
447105
447106
447107
447108
447109
447110
447111
447112
447113
447115
447116
447117
447118
447119
447120
447121
447122
447227
447228
447229
447230
447231
447232
447233
447234
447235
447236
447237
447238
447239
447240
447241
447242
447243
447244
447245
447246
447247
447248
447249
447250
447251
447252
447279
447280
447281
447282
447283
447284
447285
447286
447288
447289
447290
447291
447292
447294
447295
447296
447297
447298
447299
447300
447301
447302
447303
447304
447383
447384
447385
447386
447388
447389
447390
447391
447392
447393
447394
447395
447396
447397
447398
447399
447401
447402
447403
447404
447405
447406
447407
447408
447539
447540
447541
447542
447543
447544
447545
447546
447547
447548
447549
447550
447551
447552
447553
447554
447555
447556
447557
447558
447559
447560
447561
447562
447563
447564
447591
447592
447593
447594
447595
447596
447597
447598
447599
447600
447601
447602
447603
447604
447605
447606
447607
447608
447609
447610
447611
447612
447613
447614
447615
447616
447643
447644
447645
447646
447647
447648
447649
447650
447651
447652
447653
447654
447655
447656
447657
447658
447659
447660
447661
447662
447663
447664
447665
447666
447667
447668
447721
447722
447723
447724
447725
447726
447727
447728
447729
447730
447731
447732
447733
447734
447735
447736
447737
447738
447739
447740
447741
447742
447743
447744
447745
447746
447748
447749
447750
447751
447752
447753
447754
447755
447756
447757
447758
447759
447760
447761
447762
447763
447764
447765
447766
447767
447768
447769
447770
447771
447772
447851
447852
447853
447854
447855
447856
447857
447858
447859
447860
447861
447862
447863
447864
447865
447866
447867
447868
447869
447870
447871
447872
447873
447874
447875
447876
447929
447930
447931
447932
447933
447934
447935
447936
447937
447938
447939
447940
447941
447942
447943
447944
447945
447946
447947
447948
447949
447950
447951
447952
447953
447954
447955
447956
447957
447958
447959
447961
447962
447963
447964
447965
447966
447967
447968
447969
447971
447972
447973
447974
447975
447976
447977
447978
447979
447980
447981
447984
447986
447987
447988
447989
447990
447991
447992
447993
447994
447995
447996
447997
447998
447999
448000
448001
448002
448003
448004
448005
448006
448059
448060
448061
448062
448063
448064
448065
448067
448068
448069
448070
448071
448072
448073
448074
448075
448076
448077
448078
448079
448080
448081
448082
448083
448084
448088
448089
448090
448091
448092
448094
448097
448099
448100
448102
448103
448104
448106
448108
448109
448110
