448215
448216
448217
448218
448219
448220
448221
448222
448223
448224
448225
448226
448227
448228
448229
448230
448231
448232
448233
448234
448235
448236
448237
448238
448239
448240
448241
448243
448244
448245
448246
448247
448248
448249
448250
448251
448252
448253
448254
448255
448256
448257
448258
448259
448260
448261
448262
448263
448264
448265
448266
448293
448294
448295
448296
448297
448298
448299
448300
448301
448302
448303
448304
448305
448306
448307
448308
448309
448310
448311
448312
448313
448314
448315
448316
448317
448318
448319
448320
448321
448322
448323
448324
448325
448326
448327
448328
448329
448330
448331
448332
448333
448334
448335
448336
448337
448338
448339
448340
448341
448342
448343
448344
448397
448398
448399
448400
448401
448402
448403
448404
448405
448406
448407
448408
448409
448410
448411
448412
448413
448414
448415
448416
448417
448418
448419
448420
448421
448422
448423
448425
448426
448427
448428
448429
448430
448431
448432
448433
448434
448435
448436
448437
448438
448439
448440
448441
448442
448443
448444
448445
448446
448447
448448
448527
448528
448529
448530
448531
448532
448533
448534
448535
448536
448537
448538
448539
448540
448541
448542
448543
448544
448545
448546
448547
448549
448550
448551
448552
448554
448555
448556
448558
448559
448560
448561
448562
448563
448564
448565
448567
448568
448569
448570
448571
448572
448573
448574
448575
448576
448577
448578
448631
448632
448633
448634
448635
448636
448637
448638
448639
448640
448641
448642
448643
448644
448645
448646
448647
448648
448649
448650
448651
448652
448653
448654
448655
448656
448658
448659
448660
448661
448662
448663
448664
448665
448666
448667
448668
448669
448670
448671
448672
448673
448674
448675
448676
448677
448678
448679
448680
448681
448682
448685
448686
448687
448688
448689
448690
448691
448692
448693
448694
448695
448696
448697
448698
448699
448700
448701
448702
448703
448704
448705
448706
448707
448708
448709
448710
448711
448712
448713
448714
448715
448716
448717
448721
448722
448723
448724
448725
448726
448727
448728
448729
448730
448731
448732
448733
448734
448735
448736
448737
448738
448739
448740
448741
448742
448743
448744
448745
448746
448747
448748
448749
448750
448751
448752
448753
448754
448755
448756
448757
448758
448759
448760
448761
448762
448763
448764
448765
448766
448767
448768
448769
448770
448771
448772
448773
448774
448775
448776
448777
448778
448779
448780
448781
448782
448783
448784
448785
448786
448787
448791
448792
448793
448794
448795
448796
448797
448798
448799
448800
448801
448802
448803
448804
448805
448806
448807
448808
448809
448810
448811
448812
448813
448814
448815
448816
448817
448818
448819
448820
448821
448822
448823
448824
448825
448826
448827
448828
448829
448830
448831
448832
448833
448834
448835
448836
448837
448838
448839
448840
448841
448842
448843
448844
448845
448846
448847
448848
448849
448850
448851
448852
448853
448854
448855
448856
448857
448858
448859
448860
448861
448862
448863
448864
448865
448866
448867
448868
448869
448870
448871
448872
448873
448874
448875
448876
448877
448878
448879
448880
448881
448882
448883
448884
448885
448886
448887
448888
448889
448890
448891
448892
448893
448894
448895
448896
448897
448898
448899
448900
448901
448902
448903
448904
448905
448906
448907
448908
448909
448910
448911
448912
448913
448914
448915
448916
448969
448970
448971
448972
448973
448974
448975
448976
448977
448978
448979
448980
448981
448982
448983
448984
448985
448986
448987
448988
448989
448990
448991
448992
448993
448994
449073
449074
449075
449076
449077
449078
449079
449080
449081
449082
449083
449084
449085
449086
449087
449088
449089
449090
449091
449092
449093
449094
449095
449096
449097
449098
449101
449104
449105
449106
449109
449110
449111
449112
449113
449114
449115
449116
449117
449118
449119
449120
449121
449122
449123
449124
449126
449127
449128
449129
449130
449131
449132
449133
449134
449135
449136
449137
449138
449139
449140
449141
449142
449143
449144
449145
449146
449147
449148
449149
449150
449153
449154
449155
449156
449157
449158
449159
449160
449161
449162
449163
449164
449165
449166
449167
449168
449169
449170
449171
449172
449173
449174
449175
449176
449177
449178
449179
449181
449182
449183
449184
449185
449186
449187
449188
449189
449190
449191
449192
449193
449194
449195
449196
449197
449198
449199
449200
449201
449202
449255
449256
449257
449258
449259
449260
449261
449262
449263
449264
449265
449266
449267
449268
449269
449270
449271
449272
449273
449274
449275
449276
449277
449278
449279
449280
449307
449308
449309
449310
449311
449312
449313
449314
449315
449316
449317
449318
449319
449320
449321
449322
449323
449324
449325
449326
449327
449328
449329
449330
449331
449332
449333
449334
449335
449337
449338
449339
449340
449341
449342
449343
449344
449345
449346
449347
449348
449349
449350
449351
449352
449353
449354
449355
449356
449357
449358
449359
449360
449361
449362
449363
449364
449365
449366
449367
449368
449369
449370
449371
449372
449373
449374
449375
449376
449377
449378
449379
449380
449381
449382
449383
449384
449387
449388
449389
449390
449391
449392
449393
449394
449395
449396
449397
449398
449399
449400
449401
449402
449403
449404
449405
449406
449407
449408
449409
449410
449414
449415
449416
449417
449418
449419
449420
449421
449422
449423
449424
449425
449426
449427
449428
449429
449430
449431
449432
449433
449434
449435
449436
449438
449439
449440
449441
449442
449443
449444
449445
449446
449447
449448
449449
449450
449451
449452
449453
449454
449455
449456
449457
449458
449459
449460
449461
449462
449463
449464
449465
449466
449467
449468
449469
449470
449471
449472
449473
449474
449475
449476
449477
449478
449479
449480
449481
449482
449483
449484
449485
449486
449487
449488
449515
449516
449517
449518
449519
449520
449521
449522
449523
449524
449525
449526
449527
449528
449529
449530
449531
449532
449533
449534
449535
449536
449537
449538
449539
449540
449542
449546
449547
449548
449549
449550
449551
449552
449553
449554
449555
449556
449557
449558
449559
449560
449561
449562
449563
449564
449565
449566
449593
449594
449595
449596
449597
449598
449599
449600
449601
449602
449603
449604
449605
449606
449607
449608
449609
449610
449611
449612
449613
449614
449615
449616
449617
449618
449619
449621
449622
449623
449624
449625
449626
449627
449628
449629
449630
449631
449632
449633
449634
449635
449636
449637
449638
449639
449640
449641
449642
449643
449644
449671
449672
449673
449674
449675
449676
449677
449678
449679
449680
449681
449682
449683
449684
449685
449686
449687
449688
449689
449690
449691
449692
449693
449694
449695
449696
449698
449699
449700
449701
449702
449703
449704
449705
449706
449707
449708
449709
449710
449711
449712
449713
449714
449715
449716
449717
449718
449719
449720
449721
449722
449725
449726
449727
449728
449729
449730
449731
449732
449733
449734
449735
449736
449737
449738
449739
449740
449741
449742
449743
449744
449745
449746
449747
449748
449775
449776
449777
449778
449779
449780
449781
449782
449783
449784
449785
449786
449787
449788
449789
449790
449791
449792
449793
449794
449795
449796
449797
449798
449799
449800
449827
449828
449829
449830
449831
449832
449833
449834
449835
449836
449837
449838
449839
449840
449841
449842
449843
449844
449845
449846
449847
449848
449849
449850
449851
449852
449905
449906
449907
449908
449909
449910
449911
449912
449913
449914
449915
449916
449917
449918
449919
449920
449921
449922
449923
449924
449925
449926
449927
449928
449929
449930
449932
449934
449935
449936
449937
449938
449939
449940
449941
449942
449943
449944
449945
449946
449947
449948
449949
449950
449951
449952
449953
449954
449955
449956
449957
449959
449960
449962
449963
449964
449965
449966
449967
449968
449969
449970
449971
449972
449973
449974
449975
449976
449977
449978
449979
449980
449981
449982
449984
449985
449986
449987
449988
449989
449990
449991
449992
449993
449994
449995
449996
449997
449998
449999
450000
450001
450002
450003
450004
450005
450006
450007
450008
450035
450036
450037
450038
450039
450040
450041
450042
450043
450044
450045
450046
450047
450048
450049
450050
450051
450052
450053
450054
450055
450056
450057
450058
450059
450060
450061
450062
450063
450064
450066
450067
450068
450069
450070
450071
450072
450073
450074
450075
450076
450077
450078
450079
450080
450081
450082
450083
450084
450085
450086
450087
450088
450089
450090
450091
450092
450093
450094
450095
450096
450097
450098
450099
450101
450102
450103
450104
450105
450106
450107
450108
450109
450110
450111
450112
450139
450140
450141
450142
450143
450144
450145
450146
450147
450148
450149
450150
450151
450152
450153
450154
450155
450156
450157
450158
450159
450160
450161
450162
450163
450164
450165
450166
450167
450168
450169
450170
450171
450172
450173
450174
450175
450176
450177
450178
450179
450180
450181
450182
450183
450184
450185
450186
450187
450188
450189
450190
450217
450218
450219
450220
450221
450222
450223
450224
450225
450226
450227
450228
450229
450230
450231
450232
450233
450234
450235
450236
450237
450238
450239
450240
450241
450242
450269
450270
450271
450272
450273
450274
450275
450276
450277
450278
450279
450280
450281
450282
450283
450284
450285
450286
450287
450288
450289
450290
450291
450292
450294
450321
450322
450323
450324
450325
450326
450327
450328
450329
450330
450331
450332
450333
450334
450335
450336
450337
450338
450339
450340
450341
450342
450343
450344
450345
450346
450373
450374
450375
450376
450377
450378
450379
450380
450381
450382
450383
450384
450385
450386
450387
450388
450389
450390
450391
450392
450393
450394
450395
450396
450397
450398
450425
450426
450427
450428
450429
450430
450431
450432
450433
450434
450435
450436
450437
450438
450439
450440
450441
450442
450443
450444
450445
450446
450447
450448
450449
450450
450503
450504
450505
450506
450507
450508
450509
450510
450511
450512
450513
450514
450515
450516
450517
450518
450519
450520
450521
450522
450523
450524
450525
450526
450527
450528
450607
450608
450609
450610
450611
450612
450613
450614
450615
450616
450617
450618
450619
450620
450621
450622
450623
450624
450625
450626
450627
450628
450629
450630
450631
450632
450685
450686
450687
450688
450689
450690
450691
450692
450693
450694
450695
450696
450697
450698
450699
450700
450701
450702
450703
450704
450705
450706
450707
450708
450709
450710
450712
450713
450714
450715
450716
450717
450718
450719
450720
450721
450722
450723
450724
450725
450726
450727
450728
450729
450730
450731
450732
450733
450734
450735
450736
450737
450738
450739
450740
450741
450742
450743
450744
450745
450746
450747
450748
450749
450750
450751
450752
450753
450754
450755
450756
450757
450758
450759
450760
450761
450762
450764
450765
450766
450767
450768
450769
450770
450771
450772
450773
450774
450775
450776
450777
450778
450779
450780
450781
450782
450783
450784
450785
450786
450787
450788
450815
450816
450817
450818
450819
450820
450821
450822
450823
450824
450825
450826
450827
450828
450829
450830
450831
450832
450833
450834
450835
450836
450837
450838
450839
450840
450841
450842
450843
450844
450845
450846
450847
450848
450849
450850
450851
450852
450853
450854
450855
450856
450857
450858
450859
450860
450861
450862
450863
450864
450865
450866
450919
450920
450921
450922
450923
450924
450925
450926
450927
450928
450929
450930
450931
450932
450933
450934
450935
450936
450937
450938
450939
450940
450941
450942
450943
450944
450945
450947
450948
450949
450950
450951
450952
450953
450954
450955
450956
450957
450958
450959
450960
450961
450962
450963
450964
450965
450966
450967
450968
450969
450970
450971
450974
450975
450976
450987
450988
450989
450990
450991
450992
450993
450994
450995
450996
451075
451076
451077
451078
451079
451080
451081
451082
451083
451084
451085
451086
451087
451088
451089
451090
451091
451092
451093
451094
451095
451096
451097
451098
451099
451100
451179
451180
451181
451182
451183
451184
451185
451186
451187
451188
451189
451190
451191
451192
451193
451194
451195
451196
451197
451198
451199
451200
451201
451202
451203
451204
451205
451206
451208
451210
451211
451212
451213
451214
451215
451216
451218
451219
451221
451222
451223
451224
451225
451226
451227
451228
451229
451230
451231
451232
451233
451234
451235
451236
451237
451238
451239
451240
451241
451242
451243
451244
451245
451246
451247
451248
451249
451250
451251
451252
451253
451254
451255
451256
451257
451258
451259
451260
451261
451262
451263
451264
451265
451266
451267
451268
451269
451270
451271
451272
451273
451274
451275
451276
451277
451278
451279
451280
451281
451282
451413
451414
451415
451416
451417
451418
451419
451420
451421
451422
451423
451424
451425
451426
451427
451428
451429
451430
451431
451432
451433
451434
451435
451436
451437
451438
451465
451466
451467
451468
451469
451470
451471
451472
451473
451474
451475
451476
451477
451478
451479
451480
451481
451482
451483
451484
451485
451486
451487
451488
451489
451490
451491
451492
451494
451495
451496
451497
451498
451499
451500
451501
451502
451503
451504
451505
451506
451507
451508
451509
451510
451511
451512
451513
451514
451515
451516
451569
451570
451571
451572
451573
451574
451575
451576
451577
451578
451579
451580
451581
451582
451583
451584
451585
451586
451587
451588
451589
451590
451591
451592
451593
451594
451596
451597
451598
451599
451600
451601
451602
451603
451604
451605
451606
451607
451608
451609
451610
451611
451612
451613
451614
451615
451616
451617
451618
451619
451620
451621
451622
451623
451624
451625
451626
451627
451628
451629
451630
451631
451632
451633
451634
451635
451636
451637
451638
451639
451640
451641
451642
451643
451644
451645
451646
451649
451651
451652
451653
451654
451655
451656
451657
451658
451659
451660
451661
451662
451663
451665
451666
451667
451668
451669
451670
451671
451672
451673
451674
451675
451676
451677
451678
451679
451680
451681
451682
451683
451684
451685
451686
451687
451688
451689
451690
451691
451692
451693
451694
451695
451696
451697
451698
451803
451804
451805
451806
451807
451808
451809
451810
451811
451812
451813
451814
451815
451816
451817
451818
451819
451820
451821
451822
451823
451824
451825
451826
451827
451828
451907
451908
451909
451910
451911
451912
451913
451914
451915
451916
451917
451918
451919
451920
451921
451922
451923
451924
451925
451926
451927
451928
451929
451930
451931
451932
451933
451934
451935
451936
451937
451938
451939
451940
451941
451942
451943
451944
451945
451946
451947
451948
451949
451950
451951
451952
451953
451954
451955
451956
451957
451958
451960
451961
451963
451964
451965
451966
451967
451968
451969
451970
451971
451972
451973
451974
451975
451976
451977
451978
451979
451980
451981
451982
451983
451984
452037
452038
452039
452040
452041
452043
452044
452045
452046
452047
452048
452049
452050
452051
452052
452053
452054
452055
452056
452057
452058
452059
452060
452061
452062
452064
452066
452068
452069
452070
452071
452072
452073
452075
452076
452077
452078
452079
452080
452081
452082
452083
452084
452085
452086
452087
452088
452089
452090
452091
452092
452093
452094
452095
452096
452097
452098
452099
452100
452101
452102
452103
452104
452105
452106
452107
452109
452110
452111
452112
452113
452114
452115
452119
452120
452121
452122
452123
452124
452125
452126
452127
452128
452129
452130
452131
452132
452133
452134
452135
452136
452137
452138
452139
452140
452142
452143
452144
452147
452149
452150
452151
452152
452153
452154
452156
452157
452158
452159
452160
452161
452162
452163
452164
452165
452168
452170
452171
452172
452173
452174
452175
452176
452178
452179
452180
452181
452182
452183
452184
452185
452186
452187
452188
452189
452191
452192
452193
452194
452195
452196
452197
452198
452199
452200
452201
452202
452203
452204
452205
452206
452207
452208
452209
452210
452211
452212
452213
452214
452215
452216
452217
452218
452271
452272
452273
452274
452275
452276
452277
452279
452280
452281
452282
452283
452284
452285
452286
452287
452288
452289
452290
452291
452292
452293
452294
452295
452296
452297
452299
452300
452301
452303
452304
452305
452307
452308
452309
452310
452311
452312
452313
452314
452315
452316
452317
452318
452319
452320
452321
452322
452375
452376
452377
452378
452379
452380
452381
452382
452383
452384
452385
452386
452387
452388
452389
452390
452391
452392
452393
452394
452395
452396
452397
452398
452399
452400
452405
452408
452409
452410
452411
452412
452413
452414
452415
452416
452417
452418
452419
452420
452421
452422
452423
452424
452425
452426
452428
452429
452430
452431
452432
452433
452434
452435
452436
452437
452438
452439
452440
452441
452442
452443
452444
452445
452446
452447
452448
452449
452450
452451
452452
452453
452454
452455
452457
452458
452459
452460
452461
452462
452463
452464
452465
452466
452467
452468
452469
452470
452471
452472
452473
452474
452475
452476
452477
452478
452480
452481
452482
452483
452484
452485
452486
452487
452488
452489
452490
452491
452492
452493
452494
452495
452496
452497
452498
452499
452500
452501
452502
452503
452504
452557
452558
452559
452560
452561
452562
452563
452564
452565
452566
452567
452568
452569
452570
452571
452572
452573
452574
452575
452576
452577
452578
452579
452580
452581
452582
452765
452766
452767
452768
452769
452770
452771
452772
452773
452774
452775
452776
452777
452778
452779
452780
452781
452782
452783
452784
452785
452786
452787
452788
452789
452790
452817
452818
452819
452820
452821
452822
452823
452824
452825
452826
452827
452828
452829
452830
452831
452832
452833
452834
452835
452836
452837
452838
452839
452840
452841
452842
452844
452845
452846
452847
452848
452849
452850
452851
452852
452853
452854
452855
452856
452857
452858
452859
452860
452861
452862
452863
452864
452865
452866
452867
452868
452973
452974
452975
452976
452977
452978
452979
452980
452981
452982
452983
452984
452985
452986
452987
452988
452989
452990
452991
452992
452993
452994
452995
452996
452997
452998
453001
453002
453003
453004
453005
453006
453007
453008
453009
453010
453011
453012
453013
453014
453015
453016
453017
453018
453019
453020
453021
453022
453023
453024
453025
453028
453029
453030
453031
453032
453033
453034
453035
453036
453037
453038
453039
453040
453041
453042
453043
453044
453045
453046
453047
453048
453049
453050
453051
453052
453053
453055
453056
453057
453059
453060
453061
453062
453063
453064
453065
453066
453067
453068
453069
453070
453071
453072
453073
453074
453075
453076
453103
453104
453105
453106
453107
453108
453109
453110
453111
453112
453113
453114
453115
453116
453117
453118
453119
453120
453121
453122
453123
453124
453125
453126
453127
453128
453130
453131
453132
453133
453134
453135
453136
453137
453138
453139
453140
453141
453142
453143
453144
453145
453146
453147
453148
453149
453150
453151
453152
453153
453154
453207
453208
453209
453210
453211
453212
453213
453214
453215
453216
453217
453218
453219
453220
453221
453222
453223
453224
453225
453226
453227
453228
453229
453230
453231
453232
453233
453238
453240
453241
453242
453243
453244
453245
453246
453247
453248
453249
453250
453251
453252
453253
453254
453255
453256
453258
453286
453287
453288
453289
453290
453291
453292
453294
453295
453296
453297
453298
453299
453300
453301
453302
453303
453304
453305
453306
453307
453308
453309
453310
453312
453313
453314
453315
453316
453318
453322
453323
453325
453326
453327
453328
453329
453330
453331
453332
453333
453334
453335
453336
453363
453364
453365
453366
453367
453368
453369
453370
453371
453372
453373
453374
453375
453376
453377
453378
453379
453380
453381
453382
453383
453384
453385
453386
453387
453388
