453467
453468
453469
453470
453471
453472
453473
453474
453475
453476
453477
453478
453479
453480
453481
453482
453483
453484
453485
453486
453487
453488
453489
453490
453491
453492
453493
453494
453495
453496
453497
453502
453506
453508
453509
453510
453511
453512
453513
453514
453515
453516
453517
453518
453545
453546
453547
453548
453549
453550
453551
453552
453553
453554
453555
453556
453557
453558
453559
453560
453561
453562
453563
453564
453565
453566
453567
453568
453569
453570
453571
453572
453573
453574
453575
453576
453577
453578
453579
453580
453581
453582
453583
453584
453585
453586
453587
453588
453589
453590
453591
453592
453593
453594
453595
453596
453649
453650
453651
453652
453653
453654
453655
453656
453657
453658
453659
453660
453661
453662
453663
453664
453665
453666
453667
453668
453669
453670
453671
453672
453673
453674
453675
453677
453678
453679
453680
453681
453682
453683
453684
453685
453686
453687
453688
453689
453690
453691
453692
453693
453694
453695
453696
453697
453698
453699
453700
453753
453754
453755
453756
453757
453758
453759
453760
453761
453762
453763
453764
453765
453766
453767
453768
453769
453770
453771
453772
453773
453774
453775
453776
453777
453778
453780
453781
453782
453783
453784
453785
453786
453787
453788
453789
453790
453791
453792
453793
453794
453795
453796
453797
453798
453799
453800
453801
453802
453803
453804
453831
453832
453833
453834
453835
453836
453837
453838
453839
453840
453841
453842
453843
453844
453845
453846
453847
453848
453849
453850
453851
453852
453853
453854
453855
453856
453883
453884
453885
453886
453887
453888
453889
453890
453891
453892
453893
453894
453895
453896
453897
453898
453899
453900
453901
453902
453903
453904
453905
453906
453907
453908
453961
453962
453963
453964
453965
453966
453967
453968
453969
453970
453971
453972
453973
453974
453975
453976
453977
453978
453979
453980
453981
453982
453983
453984
453985
453986
453987
453988
453989
453990
453991
453992
453993
453994
453995
453996
453997
453998
453999
454000
454001
454002
454003
454004
454005
454006
454007
454008
454009
454010
454011
454012
454039
454040
454041
454042
454043
454044
454045
454046
454047
454048
454049
454050
454051
454052
454053
454054
454055
454056
454057
454058
454059
454060
454061
454062
454063
454064
454117
454118
454119
454120
454121
454122
454123
454124
454125
454126
454127
454128
454129
454130
454131
454132
454133
454134
454135
454136
454137
454138
454139
454140
454141
454142
454144
454145
454146
454147
454148
454149
454150
454151
454152
454153
454154
454155
454156
454157
454158
454159
454160
454161
454162
454163
454164
454165
454166
454167
454168
454169
454170
454171
454172
454173
454174
454175
454176
454177
454178
454179
454180
454181
454182
454183
454184
454185
454186
454187
454188
454189
454190
454191
454192
454193
454194
454273
454274
454275
454276
454277
454278
454279
454280
454281
454282
454283
454284
454285
454286
454287
454288
454289
454290
454291
454292
454293
454294
454295
454296
454297
454298
454325
454326
454327
454328
454329
454330
454331
454332
454333
454334
454335
454336
454337
454338
454339
454340
454341
454342
454343
454344
454345
454346
454347
454348
454349
454350
454403
454404
454405
454406
454407
454408
454409
454410
454411
454412
454413
454414
454415
454416
454417
454418
454419
454420
454421
454422
454423
454424
454425
454426
454427
454428
454430
454431
454432
454433
454434
454435
454436
454437
454438
454439
454440
454441
454442
454443
454444
454445
454446
454447
454448
454449
454450
454451
454452
454453
454454
454456
454457
454458
454459
454460
454461
454462
454463
454464
454465
454466
454467
454468
454469
454470
454471
454472
454473
454474
454475
454476
454477
454478
454479
454480
454533
454534
454535
454536
454537
454538
454539
454540
454541
454542
454543
454544
454545
454546
454547
454548
454549
454550
454551
454552
454553
454554
454555
454556
454557
454558
454559
454560
454561
454562
454564
454565
454566
454567
454568
454569
454570
454571
454572
454573
454574
454575
454576
454577
454578
454579
454580
454581
454582
454583
454584
454637
454638
454639
454640
454641
454642
454643
454644
454645
454646
454647
454648
454649
454650
454651
454652
454653
454654
454655
454656
454657
454658
454659
454660
454661
454662
454689
454690
454691
454692
454693
454694
454695
454696
454697
454698
454699
454700
454701
454702
454703
454704
454705
454706
454707
454708
454709
454710
454711
454712
454713
454714
454767
454768
454769
454770
454771
454772
454773
454774
454775
454776
454777
454778
454779
454780
454781
454782
454783
454784
454785
454786
454787
454788
454789
454790
454791
454792
454793
454795
454796
454797
454798
454799
454800
454801
454802
454803
454804
454805
454806
454807
454808
454809
454810
454811
454812
454813
454814
454815
454816
454817
454818
454820
454821
454822
454823
454824
454825
454826
454827
454828
454829
454830
454831
454832
454833
454834
454835
454836
454837
454838
454839
454840
454841
454842
454843
454844
454897
454898
454899
454900
454901
454902
454903
454904
454905
454906
454907
454908
454909
454910
454911
454912
454913
454914
454915
454916
454917
454918
454919
454920
454921
454922
454923
454924
454925
454926
454927
454928
454929
454930
454931
454932
454933
454934
454935
454936
454937
454938
454939
454940
454941
454942
454943
454944
454945
454946
454947
454948
454951
454953
454954
454955
454956
454957
454958
454959
454960
454961
454962
454963
454964
454965
454966
454967
454968
454969
454970
454971
454972
454973
454974
455027
455028
455029
455030
455031
455032
455033
455034
455035
455036
455037
455038
455039
455040
455041
455042
455043
455044
455045
455046
455047
455048
455049
455050
455051
455052
455053
455055
455057
455058
455059
455060
455061
455062
455063
455064
455065
455066
455067
455068
455069
455070
455071
455072
455073
455074
455075
455076
455077
455078
455079
455081
455082
455083
455085
455086
455087
455088
455089
455090
455091
455092
455093
455094
455095
455096
455097
455098
455099
455100
455101
455102
455103
455104
455183
455184
455185
455186
455187
455188
455189
455190
455191
455192
455193
455194
455195
455196
455197
455198
455199
455200
455201
455202
455203
455204
455205
455206
455207
455208
455235
455236
455237
455238
455239
455240
455241
455242
455243
455244
455245
455246
455247
455248
455249
455250
455251
455252
455253
455254
455255
455256
455257
455258
455259
455260
455261
455262
455263
455264
455265
455266
455267
455268
455269
455270
455271
455272
455273
455274
455275
455276
455277
455278
455279
455280
455281
455282
455283
455284
455285
455286
455313
455314
455315
455316
455317
455318
455319
455320
455321
455322
455323
455324
455325
455326
455327
455328
455329
455330
455331
455332
455333
455334
455335
455336
455337
455338
455391
455392
455393
455394
455395
455396
455397
455398
455399
455400
455401
455402
455403
455404
455405
455406
455407
455408
455409
455410
455411
455412
455413
455414
455415
455416
455521
455522
455523
455524
455525
455526
455527
455528
455529
455530
455531
455532
455533
455534
455535
455536
455537
455538
455539
455540
455541
455542
455543
455544
455545
455546
455547
455548
455549
455550
455551
455552
455553
455554
455555
455556
455557
455558
455559
455560
455561
455562
455563
455564
455565
455566
455567
455568
455569
455570
455571
455572
455651
455652
455653
455654
455655
455656
455657
455658
455659
455660
455661
455662
455663
455664
455665
455666
455667
455668
455669
455670
455671
455672
455673
455674
455675
455676
455729
455730
455731
455732
455733
455734
455735
455736
455737
455738
455739
455740
455741
455742
455743
455744
455745
455746
455747
455748
455749
455750
455751
455752
455753
455754
455755
455756
455757
455758
455759
455760
455761
455762
455763
455764
455765
455766
455767
455768
455769
455770
455771
455772
455773
455774
455775
455776
455777
455778
455779
455780
455911
455912
455913
455914
455915
455916
455917
455918
455919
455920
455921
455922
455923
455924
455925
455926
455927
455928
455929
455930
455931
455932
455933
455934
455935
455936
455963
455964
455965
455966
455967
455968
455969
455970
455971
455972
455973
455974
455975
455976
455977
455978
455979
455980
455981
455982
455983
455984
455985
455986
455987
455988
455989
455990
455992
455993
455994
455995
455996
455997
455998
455999
456000
456001
456002
456003
456004
456005
456006
456007
456008
456009
456010
456011
456012
456013
456014
456041
456042
456043
456044
456045
456046
456047
456048
456049
456050
456051
456052
456053
456054
456055
456056
456057
456058
456059
456060
456061
456062
456063
456064
456065
456066
456069
456070
456071
456072
456073
456074
456075
456076
456077
456078
456079
456080
456081
456082
456083
456084
456085
456086
456087
456088
456089
456090
456091
456092
456094
456095
456096
456098
456099
456100
456101
456102
456103
456104
456105
456106
456107
456108
456109
456110
456111
456112
456113
456114
456115
456116
456117
456118
456223
456224
456225
456226
456227
456228
456229
456230
456231
456232
456233
456234
456235
456236
456237
456238
456239
456240
456241
456242
456243
456244
456245
456246
456247
456248
456275
456276
456277
456278
456279
456280
456281
456282
456283
456284
456285
456286
456287
456288
456289
456290
456291
456292
456293
456294
456295
456296
456297
456298
456299
456300
456301
456302
456303
456304
456305
456306
456307
456308
456309
456310
456311
456312
456313
456314
456315
456316
456317
456318
456319
456320
456321
456322
456323
456324
456325
456326
456328
456329
456331
456332
456333
456336
456339
456343
456346
456348
456349
456350
456351
456352
456405
456406
456407
456408
456409
456410
456411
456412
456413
456414
456415
456416
456417
456418
456419
456420
456421
456422
456423
456424
456425
456426
456427
456428
456429
456430
456457
456458
456459
456460
456461
456462
456463
456464
456465
456466
456467
456468
456469
456470
456471
456472
456473
456474
456475
456476
456477
456478
456479
456480
456481
456482
456509
456510
456511
456512
456513
456514
456515
456516
456517
456518
456519
456520
456521
456522
456523
456524
456525
456526
456527
456528
456529
456530
456531
456532
456533
456534
456535
456536
456538
456539
456540
456541
456542
456543
456544
456545
456546
456547
456548
456549
456550
456551
456552
456553
456554
456555
456556
456557
456558
456559
456560
456562
456563
456564
456565
456566
456567
456568
456569
456570
456571
456572
456573
456574
456575
456576
456577
456578
456579
456580
456581
456582
456583
456584
456585
456588
456589
456590
456591
456592
456593
456594
456595
456596
456597
456598
456599
456600
456601
456602
456603
456604
456605
456606
456607
456608
456609
456610
456611
456612
456614
456616
456617
456618
456619
456620
456621
456622
456623
456624
456625
456626
456627
456628
456629
456630
456631
456632
456633
456634
456635
456636
456637
456638
456665
456666
456667
456668
456669
456670
456672
456673
456674
456675
456676
456677
456678
456679
456680
456681
456682
456683
456684
456685
456686
456687
456688
456689
456690
456692
456693
456694
456695
456696
456697
456698
456699
456700
456702
456703
456704
456705
456706
456707
456708
456709
456710
456711
456712
456713
456714
456715
456716
456718
456719
456720
456721
456722
456723
456724
456725
456726
456727
456728
456729
456730
456731
456732
456733
456735
456736
456737
456738
456739
456740
456741
456742
456769
456770
456771
456772
456773
456774
456775
456776
456777
456778
456779
456780
456781
456782
456783
456784
456785
456786
456787
456788
456789
456790
456791
456792
456793
456794
456796
456797
456798
456799
456800
456801
456802
456803
456804
456805
456806
456807
456808
456809
456810
456811
456812
456813
456814
456815
456816
456817
456818
456819
456820
456821
456822
456823
456826
456827
456828
456829
456830
456831
456832
456833
456834
456835
456836
456837
456838
456839
456840
456841
456842
456843
456844
456845
456846
456899
456900
456901
456902
456903
456904
456905
456906
456907
456908
456909
456910
456911
456912
456913
456914
456915
456916
456917
456918
456919
456920
456921
456922
456923
456924
456925
456926
456927
456928
456931
456932
456933
456934
456935
456936
456937
456938
456939
456940
456941
456942
456943
456944
456945
456946
456947
456948
456949
456950
457003
457004
457005
457006
457007
457008
457009
457010
457011
457012
457013
457014
457015
457016
457017
457018
457019
457020
457021
457022
457023
457024
457025
457026
457027
457028
457107
457108
457109
457110
457111
457112
457113
457114
457115
457116
457117
457118
457119
457120
457121
457122
457123
457124
457125
457126
457127
457128
457129
457130
457131
457132
457211
457212
457213
457214
457215
457216
457217
457218
457219
457220
457221
457222
457223
457224
457225
457226
457227
457228
457229
457230
457231
457232
457233
457234
457235
457236
457237
457238
457240
457243
457244
457245
457247
457249
457250
457252
457253
457254
457255
457256
457257
457258
457259
457260
457261
457262
457263
457265
457266
457267
457268
457269
457270
457271
457272
457273
457274
457275
457276
457277
457278
457279
457280
457281
457282
457283
457284
457285
457286
457287
457288
457419
457420
457421
457422
457423
457424
457425
457426
457427
457428
457429
457430
457431
457432
457433
457434
457435
457436
457437
457438
457439
457440
457441
457442
457443
457444
457523
457524
457525
457526
457527
457528
457529
457530
457531
457532
457533
457534
457536
457537
457538
457539
457540
457541
457542
457543
457544
457545
457546
457547
457548
457653
457654
457655
457656
457657
457659
457660
457661
457662
457663
457664
457665
457666
457667
457668
457669
457670
457671
457672
457673
457674
457675
457676
457677
457678
457732
457733
457734
457735
457736
457737
457738
457739
457740
457741
457742
457743
457744
457745
457746
457747
457748
457749
457750
457751
457752
457753
457754
457755
457756
457757
457758
457760
457761
457762
457763
457764
457765
457766
457767
457768
457769
457770
457771
457772
457773
457774
457775
457776
457777
457778
457779
457780
457781
457782
457861
457862
457863
457864
457865
457866
457867
457868
457869
457870
457871
457872
457873
457874
457875
457876
457877
457878
457879
457880
457881
457882
457883
457885
457886
457991
457992
457993
457994
457995
457996
457997
457998
457999
458000
458001
458002
458003
458004
458005
458006
458007
458008
458009
458010
458011
458012
458013
458014
458015
458016
458095
458096
458097
458098
458099
458100
458101
458102
458103
458104
458105
458106
458107
458108
458109
458110
458111
458112
458113
458114
458115
458116
458117
458118
458119
458120
458121
458122
458123
458124
458125
458126
458127
458128
458129
458130
458131
458132
458133
458134
458135
458136
458137
458138
458139
458140
458141
458142
458143
458144
458145
458146
458173
458174
458175
458176
458177
458178
458179
458180
458181
458182
458183
458184
458185
458186
458187
458188
458189
458190
458191
458192
458193
458194
458195
458196
458197
458198
458199
458200
458201
458202
458204
458205
458206
458207
458208
458209
458210
458211
458212
458213
458214
458215
458216
458217
458218
458219
458220
458221
458222
458223
458224
458251
458252
458253
458254
458255
458256
458257
458258
458259
458260
458261
458262
458263
458264
458265
458266
458267
458268
458269
458270
458271
458272
458273
458274
458275
458276
458329
458330
458331
458332
458333
458334
458335
458336
458337
458338
458339
458340
458341
458342
458343
458344
458345
458346
458347
458348
458349
458350
458351
458352
458353
458354
458407
458408
458409
458410
458411
458412
458413
458414
458415
458416
458417
458418
458419
458420
458421
458422
458423
458424
458425
458426
458427
458428
458429
458430
458431
458432
458511
458512
458513
458514
458515
458516
458517
458518
458519
458520
458521
458522
458523
458524
458525
458526
458527
458528
458529
458530
458531
458532
458533
458534
458535
458536
458540
458541
458542
458543
458544
458545
458546
458548
458550
458551
458552
458554
458555
458556
458557
458558
458559
458560
458561
458562
458563
458564
458566
458567
458571
458572
458575
458576
458577
458578
458579
458580
458581
458582
458583
458584
458585
458586
458587
458588
458589
458590
458592
458593
458594
458597
458598
458600
458602
458604
458605
458606
458607
458608
458610
458611
458612
458613
458614
458615
458616
458617
458618
458619
458620
458621
458622
458623
458624
458625
458626
458627
458628
458629
458630
458632
458635
458636
458638
458639
458640
458641
458644
458647
458648
458650
458651
458653
458654
458656
458657
458658
458659
458661
458662
458663
458664
458665
458666
