458720
458721
458722
458723
458724
458725
458726
458727
458728
458729
458730
458731
458732
458733
458734
458735
458736
458737
458738
458739
458740
458741
458742
458743
458744
458746
458747
458748
458749
458750
458751
458752
458753
458754
458755
458756
458757
458758
458759
458760
458761
458762
458763
458764
458765
458766
458767
458768
458769
458770
458901
458902
458903
458904
458905
458906
458907
458908
458909
458910
458911
458912
458913
458914
458915
458916
458917
458918
458919
458920
458921
458922
458923
458924
458925
458926
458928
458930
458931
458932
458933
458934
458935
458936
458937
458938
458939
458940
458941
458942
458943
458944
458945
458946
458947
458948
458949
458950
458951
458952
458953
458954
458955
458956
458957
458958
458959
458960
458961
458962
458963
458964
458965
458966
458967
458968
458969
458970
458971
458972
458973
458974
458975
458976
458977
458978
459083
459084
459085
459086
459087
459088
459089
459090
459091
459092
459093
459094
459095
459096
459097
459098
459099
459100
459101
459102
459103
459104
459105
459106
459107
459108
459135
459136
459137
459138
459139
459140
459141
459142
459143
459144
459145
459146
459147
459148
459149
459150
459151
459152
459153
459154
459155
459156
459157
459158
459159
459160
459213
459214
459215
459216
459217
459219
459220
459221
459222
459223
459224
459225
459226
459227
459228
459229
459230
459231
459232
459233
459234
459235
459236
459237
459238
459239
459240
459241
459242
459243
459244
459245
459246
459247
459248
459249
459250
459251
459252
459253
459254
459255
459256
459257
459258
459259
459260
459261
459262
459263
459264
459343
459345
459346
459347
459348
459349
459350
459351
459352
459353
459354
459355
459356
459357
459358
459359
459360
459361
459362
459363
459364
459365
459367
459368
459369
459370
459371
459372
459373
459375
459376
459377
459378
459379
459380
459381
459382
459383
459384
459385
459387
459388
459389
459390
459392
459393
459394
459395
459396
459397
459398
459399
459400
459401
459402
459403
459404
459405
459406
459407
459408
459409
459410
459411
459412
459413
459414
459415
459416
459417
459418
459419
459420
459499
459500
459501
459502
459503
459505
459506
459507
459508
459509
459510
459511
459513
459514
459515
459516
459517
459520
459521
459522
459523
459524
459526
459527
459528
459529
459530
459531
459532
459533
459534
459535
459536
459537
459538
459539
459540
459541
459542
459543
459544
459545
459546
459547
459548
459549
459550
459551
459552
459553
459554
459555
459556
459557
459558
459559
459560
459561
459562
459563
459564
459565
459566
459567
459568
459569
459570
459571
459572
459573
459574
459575
459576
459629
459630
459631
459632
459633
459634
459635
459636
459637
459638
459639
459640
459641
459642
459643
459644
459645
459646
459647
459648
459649
459650
459651
459652
459653
459654
