459707
459708
459709
459710
459711
459712
459713
459714
459715
459716
459717
459718
459719
459721
459722
459723
459724
459725
459726
459727
459728
459729
459730
459731
459732
459733
459734
459735
459736
459737
459738
459740
459741
459742
459743
459744
459745
459746
459747
459748
459749
459750
459751
459752
459753
459754
459756
459757
459758
459785
459786
459787
459788
459789
459790
459791
459792
459793
459794
459795
459796
459797
459798
459799
459800
459801
459802
459803
459804
459805
459806
459807
459808
459809
459810
459811
459812
459813
459814
459815
459816
459817
459818
459819
459820
459821
459822
459823
459824
459825
459826
459827
459828
459829
459830
459831
459832
459833
459834
459835
459836
459838
459839
459840
459841
459842
459843
459844
459845
459846
459847
459848
459849
459850
459851
459852
459853
459854
459855
459856
459857
459858
459859
459860
459861
459862
459889
459890
459891
459892
459893
459894
459895
459896
459897
459898
459899
459900
459901
459902
459903
459904
459905
459906
459907
459908
459909
459910
459911
459912
459913
459914
459941
459942
459943
459944
459945
459946
459947
459948
459949
459950
459951
459952
459953
459954
459955
459956
459957
459958
459959
459960
459961
459962
459963
459964
459965
459966
459993
459994
459995
459996
459997
459998
459999
460000
460001
460002
460003
460004
460005
460006
460007
460008
460009
460010
460011
460012
460013
460014
460015
460016
460017
460018
460097
460098
460099
460100
460101
460102
460103
460104
460105
460106
460107
460108
460109
460110
460111
460112
460113
460114
460115
460116
460117
460118
460119
460120
460121
460122
460201
460202
460203
460204
460205
460206
460207
460208
460209
460210
460211
460212
460213
460214
460215
460216
460217
460218
460219
460220
460221
460222
460223
460224
460225
460226
460227
460228
460229
460230
460231
460232
460233
460234
460235
460236
460237
460238
460239
460240
460241
460242
460243
460244
460245
460246
460247
460248
460249
460250
460251
460252
460253
460254
460255
460256
460257
460258
460259
460260
460261
460262
460263
460264
460265
460266
460267
460269
460270
460271
460272
460273
460274
460275
460276
460277
460278
460383
460384
460385
460386
460387
460388
460389
460390
460391
460392
460393
460394
460395
460396
460397
460398
460399
460400
460402
460403
460404
460405
460406
460407
460408
460410
460411
460412
460414
460415
460416
460417
460418
460419
460420
460421
460422
460423
460424
460425
460426
460427
460428
460429
460430
460431
460432
460433
460434
460435
460436
460437
460438
460439
460440
460441
460442
460443
460444
460445
460446
460447
460448
460449
460450
460451
460452
460453
460454
460455
460457
460458
460459
460460
460487
460488
460489
460490
460491
460492
460493
460494
460495
460496
460497
460498
460499
460500
460501
460502
460503
460504
460505
460506
460507
460508
460509
460510
460511
460512
460513
460515
460516
460517
460518
460519
460520
460521
460522
460523
460524
460525
460526
460527
460528
460529
460530
460531
460532
460533
460534
460535
460536
460537
460538
460565
460566
460567
460568
460569
460570
460571
460572
460573
460574
460575
460576
460577
460578
460579
460581
460583
460584
460585
460586
460587
460588
460589
460590
460591
460592
460593
460594
460595
460596
460597
460598
460599
460600
460601
460602
460603
460604
460605
460606
460607
460608
460609
460610
460611
460612
460613
460614
460615
460616
460695
460696
460697
460698
460699
460700
460701
460702
460703
460704
460705
460706
460707
460708
460709
460710
460711
460712
460713
460714
460715
460716
460717
460718
460719
460720
460747
460748
460749
460750
460751
460752
460753
460754
460755
460756
460757
460758
460759
460760
460761
460762
460763
460764
460765
460766
460767
460768
460769
460770
460771
460772
460773
460774
460775
460776
460777
460778
460779
460780
460781
460782
460783
460784
460785
460786
460787
460788
460789
460790
460791
460792
460793
460794
460795
460796
460797
460798
460825
460826
460827
460828
460829
460830
460831
460832
460833
460834
460835
460836
460837
460838
460839
460840
460841
460842
460843
460844
460845
460846
460847
460848
460849
460850
460981
460982
460983
460984
460985
460986
460987
460988
460989
460990
460991
460992
460993
460994
460995
460996
460997
460998
460999
461000
461001
461002
461003
461004
461005
461006
461007
461008
461009
461010
461011
461012
461013
461014
461015
461016
461017
461018
461019
461020
461021
461022
461023
461024
461025
461026
461027
461028
461029
461030
461031
461032
461059
461060
461061
461062
461063
461064
461065
461066
461067
461068
461069
461070
461071
461072
461073
461074
461075
461076
461077
461078
461079
461080
461081
461082
461083
461084
461111
461112
461113
461114
461115
461116
461117
461118
461119
461120
461121
461122
461123
461124
461125
461126
461127
461128
461129
461130
461131
461132
461133
461134
461135
461136
461163
461164
461165
461166
461167
461168
461169
461170
461171
461172
