461173
461174
461175
461176
461177
461178
461179
461180
461181
461182
461183
461184
461185
461186
461187
461188
461190
461191
461192
461193
461194
461195
461196
461197
461198
461199
461200
461201
461202
461203
461204
461205
461206
461207
461208
461209
461210
461211
461212
461213
461214
461267
461268
461269
461270
461271
461272
461273
461274
461275
461276
461277
461278
461279
461280
461281
461282
461283
461284
461285
461286
461287
461288
461289
461290
461291
461292
461319
461320
461321
461322
461323
461324
461325
461326
461327
461328
461329
461330
461331
461332
461333
461334
461335
461336
461337
461338
461339
461340
461341
461342
461343
461344
461371
461372
461373
461374
461375
461376
461377
461378
461379
461380
461381
461382
461383
461384
461385
461386
461387
461388
461389
461390
461391
461392
461393
461394
461395
461396
461449
461450
461451
461452
461453
461454
461455
461456
461457
461458
461459
461460
461461
461462
461463
461464
461465
461466
461467
461468
461469
461470
461471
461472
461473
461474
461475
461476
461477
461478
461479
461480
461481
461482
461483
461484
461485
461486
461487
461488
461489
461490
461491
461492
461493
461494
461495
461496
461497
461498
461499
461500
461553
461554
461555
461556
461557
461558
461559
461560
461561
461562
461563
461564
461565
461566
461567
461568
461569
461570
461571
461572
461573
461574
461575
461576
461577
461578
461605
461606
461607
461608
461609
461610
461611
461612
461613
461614
461615
461616
461617
461618
461619
461620
461621
461622
461623
461624
461625
461626
461627
461628
461629
461630
461631
461632
461633
461634
461635
461636
461637
461638
461639
461640
461641
461642
461643
461644
461645
461646
461647
461648
461649
461650
461651
461652
461653
461654
461655
461656
461709
461710
461711
461712
461713
461714
461715
461716
461717
461718
461719
461720
461721
461722
461723
461724
461725
461726
461727
461728
461729
461730
461731
461732
461733
461734
461736
461737
461738
461739
461740
461741
461742
461743
461744
461745
461746
461747
461748
461749
461750
461751
461752
461753
461754
461755
461756
461757
461758
461759
461760
461761
461762
461763
461764
461765
461766
461767
461768
461769
461770
461771
461772
461773
461774
461775
461776
461777
461778
461779
461780
461781
461782
461783
461784
461785
461786
461813
461814
461815
461816
461817
461818
461819
461820
461821
461822
461823
461824
461825
461826
461827
461828
461829
461830
461831
461832
461833
461834
461835
461836
461837
461838
461839
461840
461841
461842
461843
461844
461845
461846
461847
461848
461849
461850
461851
461852
461853
461854
461855
461856
461857
461858
461859
461860
461861
461862
461863
461864
461891
461892
461893
461894
461895
461896
461897
461898
461899
461900
461901
461902
461903
461904
461905
461906
461907
461908
461909
461910
461911
461912
461913
461914
461915
461916
461917
461918
461919
461920
461921
461922
461923
461924
461925
461926
461927
461928
461929
461930
461931
461932
461933
461934
461935
461936
461937
461938
461939
461940
461941
461942
461969
461970
461971
461972
461973
461974
461975
461976
461977
461978
461979
461980
461981
461982
461983
461984
461985
461986
461987
461988
461989
461990
461991
461992
461993
461994
461997
461998
461999
462000
462001
462002
462003
462004
462005
462006
462007
462008
462009
462010
462011
462012
462013
462014
462015
462016
462017
462018
462019
462020
462047
462048
462049
462050
462051
462052
462053
462054
462055
462056
462057
462058
462059
462060
462061
462062
462063
462064
462065
462066
462067
462068
462069
462070
462071
462072
462073
462074
462075
462076
462077
462078
462079
462080
462081
462082
462083
462084
462085
462086
462087
462088
462089
462090
462091
462092
462093
462094
462095
462096
462097
462098
462125
462126
462127
462128
462129
462130
462131
462132
462133
462134
462135
462136
462137
462138
462139
462140
462141
462142
462143
462144
462145
462146
462147
462148
462149
462150
462151
462152
462153
462154
462155
462156
462157
462158
462159
462160
462161
462162
462163
462164
462165
462166
462167
462168
462169
462170
462171
462172
462173
462174
462175
462176
462177
462178
462180
462181
462182
462183
462184
462185
462186
462187
462188
462189
462190
462191
462192
462193
462194
462195
462196
462197
462198
462199
462200
462201
462202
462203
462205
462206
462207
462208
462209
462210
462211
462212
462213
462214
462215
462216
462217
462218
462219
462220
462221
462222
462223
462224
462225
462226
462227
462228
462229
462230
462231
462232
462233
462234
462235
462236
462237
462238
462239
462240
462241
462242
462243
462244
462245
462246
462247
462248
462249
462250
462251
462252
462253
462254
462255
462256
462258
462259
462260
462262
462263
462264
462265
462266
462267
462268
462269
462270
462271
462272
462273
462274
462275
462276
462277
462278
462279
462280
462307
462308
462309
462310
462311
462312
462313
462314
462315
462316
462317
462318
462319
462320
462321
462322
462323
462324
462325
462326
462327
462328
462329
462330
462331
462332
462333
462334
462335
462336
462337
462338
462339
462340
462341
462342
462343
462344
462345
462346
462347
462348
462349
462350
462351
462352
462353
462354
462355
462356
462357
462358
462385
462386
462387
462388
462389
462390
462391
462392
462393
462394
462395
462396
462397
462398
462399
462400
462401
462402
462403
462404
462405
462406
462407
462408
462409
462410
462463
462464
462465
462466
462467
462468
462469
462470
462471
462472
462473
462474
462475
462476
462477
462478
462479
462480
462481
462482
462483
462484
462485
462486
462487
462488
462593
462594
462595
462596
462597
462598
462599
462600
462601
462602
462603
462604
462605
462606
462607
462608
462609
462610
462611
462612
462613
462614
462615
462616
462617
462618
462697
462698
462699
462700
462701
462702
462703
462704
462705
462706
462707
462708
462709
462710
462711
462712
462713
462714
462715
462716
462717
462718
462719
462720
462721
462722
462749
462750
462751
462752
462753
462754
462755
462756
462757
462758
462759
462760
462761
462762
462763
462764
462765
462766
462767
462768
462769
462770
462771
462772
462773
462774
462827
462828
462829
462830
462831
462832
462833
462834
462835
462836
462837
462838
462839
462840
462841
462842
462843
462844
462845
462846
462847
462848
462849
462850
462851
462852
462853
462854
462855
462856
462857
462858
462859
462860
462861
462862
462863
462864
462865
462866
462867
462868
462869
462870
462871
462872
462873
462874
462875
462876
462877
462878
462905
462906
462907
462908
462909
462910
462911
462912
462913
462914
462915
462916
462917
462918
462919
462920
462921
462922
462923
462924
462925
462926
462927
462928
462929
462930
462931
462932
462933
462934
462935
462936
462937
462938
462939
462940
462941
462942
462943
462944
462945
462946
462947
462948
462949
462950
462951
462952
462953
462954
462955
462956
462983
462984
462985
462986
462987
462988
462989
462990
462991
462992
462993
462994
462995
462996
462997
462998
462999
463000
463001
463002
463003
463004
463005
463006
463007
463008
463035
463036
463037
463038
463039
463040
463041
463042
463043
463044
463045
463046
463047
463048
463049
463050
463051
463052
463053
463054
463055
463056
463057
463058
463059
463060
463062
463063
463064
463065
463066
463067
463068
463069
463070
463071
463072
463073
463074
463075
463076
463077
463078
463079
463080
463081
463082
463083
463084
463085
463086
463139
463140
463141
463142
463143
463144
463145
463146
463147
463148
463149
463150
463151
463152
463153
463154
463155
463156
463157
463158
463159
463160
463161
463162
463163
463164
463191
463192
463193
463194
463195
463196
463197
463198
463199
463200
463201
463202
463203
463204
463205
463206
463207
463208
463209
463210
463211
463212
463213
463214
463215
463216
463243
463244
463245
463246
463247
463248
463249
463250
463251
463252
463253
463254
463255
463256
463257
463258
463259
463260
463261
463262
463263
463264
463265
463266
463267
463268
463269
463270
463271
463272
463273
463274
463275
463276
463277
463278
463279
463280
463281
463282
463283
463284
463285
463286
463287
463288
463289
463290
463291
463292
463293
463294
463295
463296
463298
463299
463300
463301
463302
463303
463304
463305
463306
463307
463308
463309
463310
463311
463312
463313
463314
463315
463316
463317
463318
463319
463320
463373
463374
463375
463376
463377
463378
463379
463380
463381
463382
463383
463384
463385
463386
463387
463388
463389
463390
463391
463392
463393
463394
463395
463396
463397
463398
463399
463400
463401
463402
463403
463404
463405
463406
463407
463408
463409
463410
463411
463412
463413
463414
463415
463416
463417
463418
463419
463420
463421
463422
463423
463424
463425
463426
463427
463428
463429
463430
463431
463432
463433
463434
463435
463436
463437
463438
463439
463440
463441
463442
463443
463444
463445
463446
463447
463448
463449
463450
463452
463453
463454
463455
463456
463457
463458
463459
463460
463461
463462
463463
463464
463465
463466
463467
463468
463469
463470
463471
463472
463473
463474
463475
463476
463478
463480
463481
463482
463483
463484
463485
463486
463487
463488
463489
463490
463491
463492
463493
463494
463495
463496
463497
463498
463499
463500
463501
463502
463504
463505
463506
463507
463508
463509
463510
463511
463512
463513
463514
463515
463516
463517
463518
463519
463520
463521
463522
463523
463524
463525
463526
463527
463528
463530
463531
463532
463533
463534
463535
463536
463537
463538
463539
463540
463541
463542
463543
463544
463545
463546
463547
463548
463549
463550
463551
463552
463553
463554
463556
463557
463558
463559
463560
463561
463562
463564
463565
463566
463567
463568
463569
463570
463571
463572
463573
463574
463575
463576
463577
463578
463579
463580
463633
463634
463635
463636
463637
463638
463639
463640
463641
463642
463643
463644
463645
463646
463647
463648
463649
463650
463651
463652
463653
463654
463655
463656
463657
463658
463660
463661
463662
463663
463664
463665
463666
463667
463668
463669
463670
463671
463672
463673
463674
463675
463676
463677
463678
463679
463680
463681
463682
463683
463684
463737
463738
463739
463740
463741
463742
463743
463744
463745
463746
463747
463748
463749
463750
463751
463752
463753
463754
463755
463756
463757
463758
463759
463760
463761
463762
463764
463765
463766
463767
463768
463769
463770
463771
463772
463773
463774
463775
463776
463777
463778
463779
463780
463781
463782
463783
463784
463785
463786
463787
463788
463789
463790
463791
463793
463794
463795
463796
463797
463798
463799
463800
463801
463802
463803
463804
463805
463806
463807
463808
463809
463810
463811
463812
463813
463814
463816
463817
463818
463819
463820
463821
463822
463823
463824
463825
463826
463827
463828
463829
463830
463831
463832
463833
463834
463835
463836
463837
463838
463839
463840
463867
463868
463869
463870
463871
463872
463873
463874
463875
463876
463877
463878
463879
463880
463881
463882
463883
463884
463885
463886
463887
463888
463889
463890
463891
463892
463919
463920
463921
463922
463923
463924
463925
463926
463927
463928
463929
463930
463931
463932
463933
463934
463935
463936
463937
463938
463939
463940
463941
463942
463943
463944
463945
463946
463947
463948
463949
463950
463951
463952
463953
463954
463955
463956
463957
463958
463959
463960
463961
463962
463963
463964
463965
463966
463967
463968
463969
463970
463997
463998
463999
464000
464001
464002
464003
464004
464005
464006
464007
464008
464009
464010
464011
464012
464013
464014
464015
464016
464017
464018
464019
464020
464021
464022
464049
464050
464051
464052
464053
464054
464055
464056
464057
464058
464059
464060
464061
464062
464063
464064
464065
464066
464067
464068
464069
464070
464071
464072
464073
464074
464127
464128
464129
464130
464131
464132
464133
464134
464135
464136
464137
464138
464139
464140
464141
464142
464143
464144
464145
464146
464147
464148
464149
464150
464151
464152
464179
464180
464181
464182
464183
464184
464185
464186
464187
464188
464189
464190
464191
464192
464193
464194
464195
464196
464197
464198
464199
464200
464201
464202
464203
464204
464205
464208
464209
464210
464211
464212
464213
464214
464215
464216
464217
464218
464219
464220
464221
464222
464224
464225
464226
464227
464228
464229
464230
464257
464258
464259
464260
464261
464262
464263
464264
464265
464266
464267
464268
464269
464270
464271
464272
464273
464274
464275
464276
464277
464278
464279
464280
464281
464282
464335
464336
464337
464338
464339
464340
464341
464342
464343
464344
464345
464346
464347
464348
464349
464350
464351
464352
464353
464354
464355
464356
464357
464358
464359
464360
464362
464363
464364
464365
464366
464367
464368
464369
464370
464371
464372
464373
464374
464375
464376
464377
464378
464379
464380
464381
464382
464383
464384
464385
464386
464389
464390
464391
464393
464394
464395
464396
464398
464399
464400
464401
464402
464403
464404
464405
464406
464407
464408
464409
464410
464411
464412
464413
464414
464415
464416
464417
464418
464419
464420
464421
464422
464423
464424
464425
464426
464427
464428
464429
464430
464431
464432
464433
464434
464435
464436
464437
464438
464439
464440
464441
464442
464443
464444
464445
464446
464447
464448
464449
464450
464451
464452
464453
464454
464455
464456
464457
464458
464459
464460
464461
464462
464464
464465
464467
464468
464469
464470
464471
464472
464473
464474
464475
464476
464477
464478
464479
464480
464481
464482
464483
464484
464485
464486
464487
464488
464489
464490
464491
464492
464493
464494
464495
464496
464497
464498
464499
464500
464501
464502
464503
464504
464505
464506
464507
464508
464509
464510
464511
464512
464513
464514
464515
464516
464517
464518
464519
464520
464523
464524
464525
464526
464527
464528
464529
464530
464531
464532
464533
464534
464535
464536
464537
464538
464539
464540
464541
464542
464544
464545
464546
464547
464548
464549
464550
464551
464552
464553
464554
464555
464556
464557
464558
464559
464560
464561
464562
464563
464564
464565
464566
464567
464568
464570
464571
464572
464573
464574
464575
464576
464577
464578
464579
464580
464581
464582
464583
464584
464585
464586
464587
464588
464589
464590
464591
464592
464593
464594
464751
464752
464753
464754
464755
464756
464757
464758
464759
464760
464761
464762
464764
464765
464766
464767
464768
464769
464770
464771
464772
464773
464774
464775
464776
464777
464779
464780
464781
464782
464783
464784
464785
464786
464787
464788
464789
464790
464791
464792
464793
464794
464795
464796
464797
464798
464799
464800
464801
464802
464803
464804
464805
464806
464807
464808
464809
464810
464811
464812
464813
464814
464815
464816
464817
464818
464819
464820
464821
464822
464823
464824
464825
464826
464827
464828
464830
464831
464832
464833
464834
464835
464837
464838
464839
464840
464841
464842
464843
464844
464845
464846
464847
464848
464849
464850
464851
464852
464853
464854
464933
464934
464935
464936
464937
464938
464939
464940
464941
464942
464943
464944
464945
464946
464947
464948
464949
464950
464951
464952
464953
464954
464955
464956
464957
464958
464959
464960
464961
464962
464963
464964
464965
464966
464967
464968
464969
464970
464971
464972
464973
464974
464975
464976
464977
464978
464979
464980
464981
464982
464983
464984
464985
464986
464987
464988
464989
464990
464991
464992
464993
464994
464995
464996
464997
464998
464999
465000
465001
465002
465003
465004
465005
465006
465007
465008
465009
465010
465037
465038
465039
465040
465041
465042
465043
465044
465045
465046
465047
465048
465049
465050
465051
465052
465053
465054
465055
465056
465057
465058
465059
465060
465061
465062
465064
465065
465066
465067
465068
465069
465070
465071
465072
465073
465074
465075
465076
465077
465078
465079
465080
465081
465082
465083
465084
465085
465086
465087
465088
465089
465090
465091
465092
465093
465094
465095
465096
465097
465098
465099
465100
465101
465102
465103
465104
465105
465106
465107
465108
465109
465110
465111
465112
465113
465114
465141
465142
465143
465144
465145
465146
465147
465148
465149
465150
465151
465152
465153
465154
465155
465156
465157
465158
465159
465160
465161
465162
465163
465164
465165
465166
465167
465168
465169
465170
465171
465172
465173
465174
465175
465176
465177
465178
465179
465180
465181
465182
465183
465184
465185
465186
465187
465188
465189
465190
465191
465192
465193
465195
465197
465199
465200
465202
465203
465204
465205
465206
465207
465208
465209
465210
465211
465212
465213
465214
465215
465216
465217
465218
465220
465221
465222
465223
465224
465225
465226
465227
465228
465229
465230
465231
465232
465233
465234
465235
465236
465237
465238
465239
465240
465241
465242
465243
465244
465245
465246
465247
465248
465250
465252
465253
465255
465256
465257
465258
465259
465260
465261
465262
465263
465264
465265
465267
465268
465269
465270
465297
465298
465299
465300
465301
465302
465303
465304
465305
465306
465307
465308
465309
465310
465311
465312
465313
465315
465316
465317
465318
465319
465321
465322
