465375
465376
465377
465378
465379
465380
465381
465382
465383
465384
465385
465386
465387
465388
465389
465390
465391
465392
465393
465394
465395
465396
465397
465398
465399
465400
465401
465402
465403
465404
465405
465406
465407
465408
465409
465410
465411
465412
465413
465414
465415
465416
465417
465418
465419
465420
465421
465422
465423
465424
465425
465426
465453
465454
465455
465456
465457
465458
465459
465460
465461
465462
465463
465464
465465
465466
465467
465468
465469
465470
465471
465472
465473
465474
465475
465476
465477
465478
465479
465480
465481
465482
465483
465484
465485
465486
465487
465488
465489
465490
465491
465492
465493
465494
465495
465496
465497
465498
465499
465500
465501
465502
465503
465504
465609
465610
465611
465612
465613
465614
465615
465616
465617
465618
465619
465620
465621
465622
465623
465624
465625
465626
465627
465628
465629
465630
465631
465632
465633
465634
465636
465637
465638
465639
465640
465641
465642
465643
465644
465645
465646
465647
465648
465649
465650
465651
465652
465653
465654
465655
465656
465657
465658
465659
465660
465687
465688
465689
465690
465691
465692
465693
465694
465695
465696
465697
465698
465699
465700
465701
465702
465703
465704
465705
465706
465707
465708
465709
465710
465711
465712
465713
465714
465715
465716
465717
465718
465719
465720
465721
465722
465723
465724
465725
465726
465727
465728
465729
465730
465731
465732
465733
465734
465735
465736
465737
465738
465765
465766
465767
465768
465769
465770
465771
465772
465773
465774
465775
465776
465777
465778
465779
465780
465781
465782
465783
465784
465785
465786
465787
465788
465789
465790
465792
465793
465794
465795
465796
465797
465798
465799
465800
465801
465802
465803
465804
465805
465806
465807
465808
465809
465810
465811
465812
465813
465814
465815
465816
465817
465818
465819
465820
465821
465822
465823
465824
465825
465826
465827
465828
465829
465830
465831
465832
465833
465834
465835
465836
465837
465838
465839
465840
465841
465842
465843
465844
465845
465846
465847
465848
465849
465850
465851
465852
465853
465854
465855
465856
465857
465858
465859
465860
465861
465862
465863
465864
465865
465866
465867
465868
465921
465922
465923
465924
465925
465926
465927
465928
465929
465930
465931
465932
465933
465934
465935
465936
465937
465938
465939
465940
465941
465942
465943
465944
465945
465946
465973
465974
465975
465976
465977
465978
465979
465980
465981
465982
465983
465984
465985
465986
465987
465988
465989
465990
465991
465992
465993
465994
465995
465996
465997
465998
466000
466002
466003
466004
466005
466007
466008
466009
466013
466016
466017
466018
466021
466022
466026
466029
466031
466032
466034
466038
466042
466048
466077
466078
466082
466083
466084
466085
466087
466089
466090
466091
466092
466094
466096
466097
466100
466101
466102
466103
466104
466105
466106
466109
466111
466112
466113
466114
466116
466119
466120
466122
466123
466127
466128
466155
466156
466157
466158
466159
466160
466161
466162
466163
466164
466165
466166
466167
466168
466169
466170
466171
466172
466173
466174
466175
466176
466177
466178
466179
466180
466181
466182
466183
466184
466185
466186
466187
466188
466189
466190
466191
466192
466193
466194
466195
466196
466197
466198
466199
466200
466201
466202
466203
466204
466205
466206
466337
466338
466339
466340
466341
466342
466343
466344
466345
466346
466347
466348
466349
466350
466351
466352
466353
466354
466355
466356
466357
466358
466359
466360
466361
466362
466389
466390
466391
466392
466393
466394
466395
466397
466398
466399
466400
466401
466402
466403
466404
466405
466406
466407
466408
466409
466410
466411
466412
466413
466414
466467
466468
466469
466470
466471
466472
466473
466474
466475
466476
466477
466478
466479
466480
466481
466482
466483
466484
466485
466486
466487
466488
466489
466490
466491
466492
466519
466520
466521
466522
466523
466524
466525
466526
466527
466528
466529
466530
466531
466532
466533
466534
466535
466536
466537
466538
466539
466540
466541
466542
466543
466544
466545
466546
466548
466549
466550
466551
466552
466553
466554
466555
466556
466557
466558
466559
466560
466561
466562
466563
466564
466565
466566
466567
466568
466569
466570
466597
466598
466599
466600
466601
466602
466603
466604
466605
466606
466607
466608
466609
466610
466611
466612
466613
466614
466615
466616
466617
466618
466619
466620
466621
466622
466649
466650
466651
466652
466653
466654
466655
466656
466657
466658
466659
466660
466661
466662
466663
466664
466665
466666
466667
466668
466669
466670
466671
466672
466673
466674
466701
466702
466703
466704
466705
466706
466707
466708
466709
466710
466711
466712
466713
466714
466715
466716
466717
466718
466719
466720
466721
466722
466723
466724
466725
466726
466753
466754
466755
466756
466757
466758
466759
466760
466761
466762
466763
466764
466765
466766
466767
466768
466769
466770
466771
466772
466773
466774
466775
466776
466777
466778
466805
466806
466807
466808
466809
466810
466811
466812
466813
466814
466815
466816
466817
466818
466819
466820
466821
466822
466823
466824
466825
466826
466827
466828
466829
466830
466831
466832
466833
466834
466835
466836
466837
466838
466839
466840
466841
466842
466843
466844
466846
466847
466848
466849
466850
466851
466852
466853
466854
466855
466856
466883
466884
466885
466886
466887
466888
466889
466890
466891
466892
466893
466894
466895
466896
466897
466898
466899
466900
466901
466902
466903
466904
466905
466906
466907
466908
466911
466912
466913
466915
466916
466917
466918
466919
466920
466921
466922
466923
466924
466925
466926
466927
466928
466929
466930
466931
466932
466933
466934
466961
466962
466963
466964
466965
466966
466967
466968
466969
466970
466971
466972
466973
466974
466975
466976
466977
466978
466979
466980
466981
466982
466983
466984
466986
467013
467014
467015
467016
467017
467018
467019
467020
467021
467022
467023
467024
467025
467026
467027
467028
467029
467030
467031
467032
467033
467034
467035
467036
467037
467038
467039
467040
467041
467042
467043
467044
467045
467046
467047
467048
467049
467050
467051
467052
467053
467054
467056
467057
467058
467059
467061
467062
467063
467064
467066
467068
467069
467070
467071
467072
467073
467074
467075
467076
467077
467079
467080
467081
467082
467083
467084
467085
467086
467088
467089
467090
467143
467144
467145
467146
467147
467148
467149
467150
467151
467152
467153
467154
467155
467156
467157
467158
467159
467160
467161
467162
467163
467164
467165
467166
467167
467168
467170
467171
467173
467174
467175
467176
467177
467178
467179
467180
467181
467182
467183
467184
467185
467186
467187
467188
467189
467190
467191
467192
467193
467194
467247
467248
467249
467250
467251
467252
467253
467254
467255
467256
467257
467258
467259
467260
467261
467262
467263
467264
467265
467266
467267
467268
467269
467270
467271
467272
467325
467326
467327
467328
467329
467330
467331
467332
467333
467334
467335
467336
467337
467338
467339
467340
467341
467342
467343
467344
467345
467346
467347
467348
467349
467350
467403
467404
467405
467406
467407
467408
467409
467410
467411
467412
467413
467414
467415
467416
467417
467418
467419
467420
467421
467422
467423
467424
467425
467426
467427
467428
467430
467431
467433
467434
467435
467436
467437
467438
467439
467440
467441
467442
467443
467444
467445
467446
467447
467448
467449
467450
467451
467452
467453
467454
467481
467482
467483
467484
467485
467486
467487
467488
467489
467490
467491
467492
467493
467494
467495
467496
467497
467498
467499
467500
467501
467502
467504
467505
467506
467507
467509
467510
467511
467512
467513
467514
467515
467516
467517
467518
467519
467520
467521
467522
467523
467524
467525
467526
467527
467528
467529
467530
467531
467532
467637
467638
467639
467640
467641
467642
467643
467644
467645
467646
467647
467648
467649
467650
467651
467652
467653
467654
467655
467656
467657
467658
467659
467660
467661
467662
467689
467690
467691
467692
467693
467694
467695
467696
467697
467698
467699
467700
467701
467702
467703
467704
467705
467706
467707
467708
467709
467710
467711
467712
467713
467714
467741
467742
467743
467744
467745
467746
467747
467748
467749
467750
467751
467752
467753
467754
467755
467756
467757
467758
467759
467760
467761
467762
467763
467764
467765
467766
467769
467770
467771
467772
467773
467774
467775
467776
467777
467778
467779
467780
467781
467782
467783
467784
467785
467786
467787
467788
467789
467790
467791
467792
467871
467872
467873
467874
467875
467877
467878
467879
467880
467881
467882
467883
467884
467885
467886
467887
467889
467890
467892
467893
467894
467895
467896
467924
467925
467926
467928
467929
467930
467931
467932
467933
467934
467935
467936
467937
467938
467939
467940
467941
467942
467943
467944
467945
467946
467947
467950
467951
467952
467953
467954
467955
467956
467957
467958
467959
467960
467961
467962
467964
467965
467966
467967
467968
467969
467970
467971
467973
467974
467976
467977
467978
467979
467980
467981
467982
467983
467984
467985
467986
467988
467989
467990
467991
467992
467993
467994
467995
467996
467997
467998
467999
468000
468053
468054
468055
468056
468057
468058
468059
468061
468063
468064
468065
468066
468067
468068
468069
468070
468071
468072
468073
468074
468075
468077
468078
468105
468106
468107
468108
468109
468111
468112
468113
468115
468116
468117
468118
468119
468120
468121
468122
468123
468124
468125
468126
468127
468128
468129
468130
468132
468133
468135
468136
468137
468139
468140
468141
468142
468143
468144
468146
468147
468148
468149
468152
468153
468154
468155
468156
468209
468210
468211
468213
468214
468215
468216
468217
468218
468219
468220
468221
468222
468223
468224
468225
468226
468227
468228
468229
468230
468231
468232
468233
468234
468261
468262
468263
468264
468265
468266
468267
468268
468269
468270
468271
468272
468273
468274
468275
468276
468277
468278
468279
468280
468281
468282
468283
468284
468285
468286
468313
468314
468315
468316
468317
468318
468319
468320
468321
468322
468323
468324
468325
468326
468327
468328
468329
468330
468331
468332
468333
468334
468335
468336
468337
468338
468365
468366
468367
468368
468369
468370
468371
468372
468373
468374
468375
468376
468377
468378
468379
468380
468381
468382
468383
468384
468385
468386
468387
468388
468389
468390
468443
468444
468445
468446
468447
468448
468449
468450
468451
468452
468453
468454
468455
468456
468457
468458
468459
468460
468461
468462
468463
468464
468465
468466
468467
468468
468469
468470
468471
468472
468473
468474
468475
468476
468477
468478
468479
468480
468481
468482
468483
468484
468485
468486
468487
468488
468489
468490
468491
468492
468493
468494
468495
468496
468497
468498
468499
468500
468502
468503
468504
468505
468506
468507
468508
468509
468510
468511
468512
468513
468514
468515
468516
468517
468518
468519
468520
468703
468704
468705
468706
468707
468708
468709
468710
468711
468712
468713
468714
468715
468716
468717
468718
468719
468720
468721
468722
468723
468724
468725
468726
468727
468728
468755
468756
468757
468758
468759
468761
468762
468763
468764
468765
468766
468767
468768
468769
468770
468771
468772
468773
468774
468775
468776
468777
468778
468779
468780
468781
468782
468784
468785
468786
468787
468788
468789
468790
468791
468792
468793
468794
468795
468796
468797
468798
468799
468800
468801
468802
468803
468804
468805
468806
