468963
468964
468965
468966
468967
468968
468969
468970
468971
468972
468973
468974
468975
468976
468977
468978
468979
468980
468981
468982
468983
468984
468985
468986
468987
468988
469015
469016
469017
469018
469019
469020
469021
469022
469023
469024
469025
469026
469027
469028
469029
469030
469031
469032
469033
469034
469035
469036
469037
469038
469039
469040
469041
469042
469043
469044
469045
469046
469047
469048
469049
469050
469051
469052
469053
469054
469055
469056
469057
469058
469059
469060
469061
469062
469063
469064
469065
469066
469119
469120
469121
469122
469123
469124
469125
469126
469127
469128
469129
469130
469131
469132
469133
469134
469135
469136
469137
469138
469139
469140
469141
469142
469143
469144
469146
469148
469149
469150
469151
469152
469153
469154
469155
469156
469157
469158
469159
469160
469161
469162
469163
469164
469165
469166
469167
469168
469169
469170
469172
469173
469174
469175
469176
469177
469178
469179
469180
469181
469182
469183
469184
469185
469186
469187
469188
469189
469190
469191
469192
469193
469194
469195
469196
469198
469199
469200
469201
469202
469203
469204
469205
469206
469207
469208
469209
469210
469211
469212
469213
469214
469215
469216
469217
469218
469219
469220
469221
469222
469223
469224
469225
469226
469228
469229
469230
469231
469232
469233
469234
469235
469236
469237
469238
469239
469240
469241
469242
469243
469244
469245
469246
469247
469248
469275
469276
469277
469278
469279
469280
469281
469282
469283
469284
469285
469286
469287
469288
469289
469290
469291
469292
469293
469294
469295
469296
469297
469298
469299
469300
469327
469328
469329
469330
469331
469332
469333
469334
469335
469336
469337
469338
469339
469340
469341
469342
469343
469344
469345
469346
469347
469348
469349
469350
469351
469352
469353
469354
469355
469356
469357
469358
469359
469360
469361
469362
469363
469364
469365
469366
469367
469368
469369
469370
469371
469372
469373
469374
469375
469376
469377
469378
469379
469380
469381
469382
469383
469384
469385
469386
469387
469388
469389
469390
469391
469392
469393
469394
469395
469396
469397
469398
469399
469400
469401
469402
469403
469404
469406
469407
469408
469409
469410
469411
469413
469414
469415
469416
469417
469418
469419
469420
469421
469422
469423
469424
469425
469426
469427
469428
469429
469430
469431
469433
469434
469435
469436
469437
469438
469439
469440
469441
469442
469443
469444
469445
469446
469447
469448
469449
469450
469451
469452
469453
469454
469455
469456
469457
469458
469459
469460
469461
469462
469463
469464
469465
469466
469467
469468
469469
469470
469471
469472
469473
469474
469475
469476
469477
469478
469479
469480
469481
469482
469483
469484
469485
469486
469487
469488
469489
469490
469491
469492
469493
469494
469495
469496
469497
469498
469499
469500
469501
469502
469503
469504
469505
469506
469507
469508
469509
469510
469511
469512
469513
469514
469515
469516
469517
469518
469519
469520
469521
469522
469523
469524
469525
469526
469527
469528
469529
469530
469531
469532
469533
469534
469561
469562
469563
469564
469565
469566
469567
469568
469569
469570
469571
469572
469573
469574
469575
469576
469577
469578
469579
469580
469581
469582
469583
469584
469585
469586
469613
469614
469615
469616
469617
469618
469619
469620
469621
469622
469623
469624
469625
469626
469627
469628
469629
469630
469631
469632
469633
469634
469635
469636
469637
469638
469639
469641
469642
469643
469644
469645
469646
469647
469648
469649
469650
469651
469652
469653
469654
469655
469656
469657
469658
469659
469660
469661
469662
469663
469664
469769
469770
469771
469772
469773
469774
469775
469776
469777
469778
469779
469780
469781
469782
469783
469784
469785
469786
469787
469788
469789
469790
469791
469792
469793
469794
469821
469822
469823
469824
469825
469826
469827
469828
469829
469830
469831
469832
469833
469834
469835
469836
469837
469838
469839
469840
469841
469842
469843
469844
469845
469846
469849
469852
469854
469855
469856
469857
469858
469859
469860
469861
469862
469863
469864
469865
469866
469867
469868
469869
469870
469871
469872
470003
470004
470005
470006
470007
470008
470009
470010
470011
470012
470013
470014
470015
470016
470017
470018
470019
470020
470021
470022
470023
470024
470025
470026
470027
470028
470055
470056
470057
470058
470059
470060
470061
470062
470063
470064
470065
470066
470067
470068
470069
470070
470071
470072
470073
470074
470075
470076
470077
470078
470079
470080
470081
470082
470083
470084
470085
470086
470087
470088
470089
470090
470091
470092
470093
470094
470095
470096
470097
470098
470099
470100
470101
470102
470103
470104
470105
470106
470159
470160
470161
470162
470163
470164
470165
470166
470167
470168
470169
470170
470171
470172
470173
470174
470175
470176
470177
470178
470179
470180
470181
470182
470183
470184
470185
470186
470187
470188
470189
470190
470191
470192
470193
470194
470195
470196
470197
470198
470199
470200
470201
470202
470203
470204
470205
470206
470207
470208
470209
470210
470263
470264
470265
470266
470267
470268
470269
470270
470271
470272
470273
470274
470275
470276
470277
470278
470279
470280
470281
470282
470283
470284
470285
470286
470287
470288
470341
470342
470343
470344
470345
470346
470347
470348
470349
470350
470351
470352
470353
470354
470355
470356
470357
470358
470359
470360
470361
470362
470363
470364
470365
470366
470393
470394
470395
470396
470397
470398
470399
470400
470401
470402
470403
470404
470405
470406
470407
470408
470409
470410
470411
470412
470413
470414
470415
470416
470417
470418
470419
470420
470421
470422
470423
470424
470425
470426
470427
470428
470429
470430
470431
470432
470433
470434
470435
470436
470437
470438
470439
470440
470441
470442
470443
470444
470471
470472
470473
470474
470475
470476
470477
470478
470479
470480
470481
470482
470483
470484
470485
470487
470488
470489
470490
470491
470492
470493
470494
470495
470496
470523
470524
470525
470526
470527
470528
470529
470530
470531
470532
470533
470534
470535
470536
470537
470538
470539
470540
470541
470542
470543
470544
470545
470546
470547
470548
470550
470551
470552
470553
470554
470555
470556
470557
470558
470559
470560
470561
470562
470563
470564
470565
470566
470567
470568
470569
470570
470571
470572
470573
470574
470627
470628
470629
470630
470631
470632
470633
470634
470635
470636
470637
470638
470639
470640
470641
470642
470643
470644
470645
470646
470647
470648
470649
470650
470651
470652
470679
470680
470681
470682
470683
470684
470685
470686
470687
470688
470689
470690
470691
470692
470693
470694
470695
470696
470697
470698
470699
470700
470701
470702
470703
470704
470705
470707
470708
470709
470710
470711
470712
470713
470714
470715
470716
470717
470718
470719
470720
470722
470723
470724
470725
470726
470727
470728
470729
470730
470757
470758
470759
470760
470761
470762
470763
470764
470765
470766
470767
470768
470769
470770
470771
470772
470773
470774
470775
470776
470777
470778
470779
470780
470781
470782
470784
470786
470787
470788
470789
470790
470791
470792
470793
470794
470795
470796
470797
470798
470799
470800
470801
470802
470803
470804
470805
470806
470807
470808
470887
470888
470889
470890
470891
470892
470893
470894
470895
470896
470897
470898
470899
470900
470901
470902
470903
470904
470905
470906
470907
470908
470909
470910
470911
470912
470965
470966
470967
470968
470969
470970
470971
470972
470973
470974
470975
470976
470977
470978
470979
470980
470981
470982
470983
470984
470985
470986
470987
470988
470989
470990
470992
470993
470994
470995
470996
470997
470998
470999
471000
471001
471002
471003
471004
471005
471006
471007
471008
471009
471010
471011
471012
471013
471014
471015
471016
471069
471070
471071
471072
471073
471074
471075
471076
471077
471078
471079
471080
471081
471082
471083
471084
471085
471086
471087
471088
471089
471090
471091
471092
471093
471094
471121
471122
471123
471124
471125
471126
471127
471128
471129
471130
471131
471132
471133
471134
471135
471136
471137
471138
471139
471140
471141
471142
471143
471144
471145
471146
471147
471148
471149
471150
471151
471152
471153
471154
471155
471156
471157
471158
471159
471160
471161
471162
471163
471164
471165
471166
471167
471168
471169
471170
471171
471172
471199
471200
471201
471202
471203
471204
471205
471206
471207
471208
471209
471210
471211
471212
471213
471214
471215
471216
471217
471218
471219
471220
471221
471222
471223
471224
471277
471278
471279
471280
471281
471282
471283
471284
471285
471286
471287
471288
471289
471290
471291
471292
471293
471294
471295
471296
471297
471298
471299
471300
471301
471302
471303
471304
471305
471306
471307
471308
471309
471310
471311
471312
471313
471314
471315
471316
471317
471318
471320
471321
471322
471323
471324
471325
471326
471327
471328
471381
471382
471383
471384
471385
471386
471387
471388
471389
471390
471391
471392
471393
471394
471395
471396
471397
471398
471399
471400
471401
471402
471403
471404
471405
471406
471433
471434
471435
471436
471437
471438
471439
471440
471441
471442
471443
471444
471445
471446
471447
471448
471449
471450
471451
471452
471453
471454
471455
471456
471457
471458
471459
471460
471462
471464
471465
471466
471467
471468
471469
471470
471471
471472
471473
471474
471475
471476
471477
471478
471479
471480
471481
471482
471483
471484
471511
471512
471513
471514
471515
471516
471517
471518
471519
471520
471521
471522
471523
471524
471525
471526
471527
471528
471529
471530
471531
471532
471534
471535
471536
471563
471564
471565
471566
471567
471568
471569
471570
471571
471572
471573
471574
471575
471576
471577
471578
471579
471580
471581
471582
471583
471584
471585
471586
471587
471588
471589
471590
471592
471593
471594
471595
471596
471597
471598
471599
471600
471601
471602
471603
471604
471605
471606
471607
471608
471609
471610
471611
471612
471613
471614
471615
471616
471618
471619
471620
471621
471623
471624
471626
471627
471628
471629
471630
471631
471632
471633
471635
471636
471637
471638
471640
471642
471643
471644
471645
471646
471647
471648
471649
471650
471651
471652
471653
471654
471655
471656
471657
471658
471659
471660
471661
471662
471663
471664
471665
471666
471667
471668
471669
471670
471671
471672
471674
471675
471676
471677
471678
471679
471680
471681
471682
471683
471684
471685
471686
471687
471688
471689
471690
471691
471692
471745
471746
471747
471748
471749
471750
471751
471752
471753
471754
471755
471756
471757
471758
471759
471761
471762
471763
471764
471765
471766
471767
471768
471769
471770
471773
471774
471775
471776
471777
471778
471779
471780
471781
471782
471783
471784
471785
471786
471787
471788
471789
471790
471791
471792
471793
471794
471795
471796
471797
471798
471799
471800
471801
471802
471803
471804
471805
471806
471807
471808
471809
471810
471811
471812
471813
471814
471815
471816
471817
471818
471819
471820
471821
471822
471823
471824
471825
471826
471827
471828
471829
471830
471831
471833
471834
471835
471836
471837
471838
471839
471840
471841
471842
471843
471844
471845
471846
471847
471848
471849
471850
471851
471852
471853
471854
471855
471856
471857
471858
471859
471860
471861
471862
471863
471864
471865
471866
471867
471868
471869
471870
471871
471872
471873
471874
471901
471902
471903
471904
471905
471906
471908
471909
471910
471911
471912
471913
471914
471915
471916
471917
471918
471919
471920
471921
471922
471923
471924
471925
471926
472005
472006
472007
472008
472009
472010
472011
472012
472013
472014
472015
472016
472017
472018
472019
472020
472021
472022
472023
472024
472025
472026
472027
472028
472029
472030
472057
472058
472059
472060
472061
472062
472063
472064
472065
472066
472067
472068
472070
472071
472072
472073
472074
472075
472076
472077
472078
472079
472080
472081
472082
472083
472084
472085
472086
472088
472089
472090
472091
472092
472093
472094
472095
472096
472097
472098
472099
472100
472101
472103
472104
472105
472106
472107
472108
472161
472162
472163
472164
472165
472166
472167
472168
472169
472170
472171
472172
472173
472174
472175
472176
472177
472178
472179
472180
472181
472182
472183
472184
472185
472186
472239
472240
472241
472242
472243
472244
472245
472246
472247
472248
472249
472250
472251
472252
472253
472254
472255
472256
472257
472258
472259
472260
472261
472262
472263
472264
472265
472266
472267
472268
472269
472270
472271
472272
472273
472274
472275
472276
472277
472278
472279
472280
472281
472282
472283
472284
472285
472286
472287
472288
472289
472290
472292
472293
472294
472295
472296
472297
472298
472299
472300
472301
472302
472303
472304
472305
472306
472307
472308
472309
472310
472311
472312
472313
472314
472315
472316
472369
472370
472371
472372
472373
472374
472375
472376
472377
472378
472379
472380
472381
472382
472383
472384
472385
472386
472387
472388
472389
472390
472391
472392
472393
472394
472395
472396
472397
472399
472400
472401
472402
472403
472404
472405
472406
472407
472408
472409
472410
472411
472412
472413
472414
472415
472416
472417
472418
472419
472420
472447
472448
472449
472450
472451
472452
472453
472454
472455
472456
472457
472458
472459
472460
472461
472462
472463
472464
472465
472466
472467
472468
472469
472470
472471
472472
472525
472526
472527
472528
472529
472530
472531
472532
472533
472534
472535
472536
472537
472539
472540
472541
472542
472543
472544
472545
472546
472547
472548
472549
472550
472655
472656
472657
472658
472659
472660
472661
472662
472663
472664
472665
472666
472667
472668
472669
472670
472671
472672
472673
472674
472675
472676
472677
472678
472679
472680
472681
472682
472683
472684
472685
472686
472687
472688
472689
472690
472691
472692
472693
472694
472695
472696
472697
472698
472699
472700
472701
472702
472703
472704
472705
472706
472707
472708
472709
472710
472711
472712
472713
472714
472715
472716
472717
472718
472719
472720
472721
472722
472723
472724
472725
472726
472727
472728
472729
472730
472731
472732
472785
472786
472787
472788
472789
472790
472792
472793
472794
472795
472796
472797
472798
472799
472800
472801
472802
472803
472804
472805
472806
472807
472808
472809
472810
472811
472812
472813
472814
472815
472816
472817
472818
472820
472821
472822
472823
472824
472825
472826
472827
472828
472829
472830
472831
472832
472833
472834
472835
472836
472863
472864
472865
472866
472867
472868
472869
472870
472871
472872
472873
472874
472875
472876
472877
472878
472879
472880
472881
472882
472883
472885
472886
472887
472888
472915
472916
472917
472918
472919
472921
472922
472923
472924
472925
472926
472927
472928
472929
472930
472931
472932
472933
472934
472935
472936
472937
472939
472940
472967
472968
472969
472972
472973
472974
472975
472976
472977
472979
472980
472981
472982
472983
472984
472985
472986
472987
472988
472989
472990
472991
473149
473150
473151
473152
473154
473155
473156
473157
473158
473159
473160
473161
473162
473163
473164
473165
473166
473167
473168
473169
473170
473171
473172
473173
473174
473176
473177
473178
473179
473180
473181
473182
473183
473184
473185
473186
473187
473188
473189
473190
473191
473192
473193
473194
473195
473196
473197
473198
473199
473200
473227
473228
473229
473230
473231
473232
473233
473234
473235
473236
473237
473238
473239
473240
473241
473242
473243
473244
473245
473247
473248
473249
473250
473251
473252
473279
473282
473283
473284
473285
473286
473287
473288
473289
473290
473291
473292
473293
473294
473295
473296
473297
473298
473299
473300
473301
473302
473303
473304
473357
473358
473359
473360
473361
473362
473363
473364
473365
473366
473367
473368
473369
473370
473371
473372
473373
473374
473375
473376
473377
473379
473380
473381
473382
473409
473410
473411
473412
473413
473414
473415
473416
473417
473418
473419
473420
473421
473422
473423
473424
473425
473426
473427
473428
473429
473430
473431
473432
473433
473434
473435
473436
473437
473438
473439
473440
473441
473442
473443
473444
473445
473446
473447
473448
473449
473450
473451
473452
473453
473454
473455
473456
473457
473458
473459
473460
473487
473488
473489
473490
473491
473492
473493
473494
473495
473496
473497
473498
473499
473500
473501
473502
473503
473504
473505
473506
473507
473508
473509
473510
473511
473512
473513
473514
473515
473516
473517
473518
473519
473520
473521
473522
473523
473524
473525
473526
473527
473528
473529
473530
473531
473532
473533
473534
473535
473536
473537
473538
473617
473618
473619
473620
473621
473622
473623
473624
473625
473626
473627
473628
473629
473630
473631
473632
473633
473634
473635
473636
473637
473638
473639
473640
473641
473642
473669
473670
473671
473672
473673
473674
473675
473676
473677
473678
473679
473680
473681
473682
473683
473684
473685
473686
473687
473688
473689
473690
473691
473692
473693
473694
473696
473697
473698
473699
473700
473701
473702
473703
473704
473705
473706
473707
473708
473709
473710
473711
473712
473713
473714
473715
473716
473717
473718
473719
473720
473721
473722
473723
473724
473725
473726
473727
473728
473729
473730
473731
473732
473733
473734
473735
473736
473737
473738
473739
473740
473741
473742
473743
473744
473745
473746
473747
473748
473749
473750
473751
473752
473755
473756
473757
473758
473759
473760
473761
473762
473763
473764
473765
473766
473767
473768
473769
473770
473771
473772
473799
473800
473801
473802
473803
473804
473805
473806
473807
473808
473809
473810
473811
473812
473813
473814
473815
473816
473817
473818
473819
473820
473821
473822
473823
473824
473826
473827
473828
473829
473830
473831
473832
473833
473834
473835
473836
473837
473838
473839
473840
473841
473842
473843
473844
473845
473846
473847
473848
473849
473850
473852
473853
473854
473855
473856
473857
473858
473859
473860
473861
473862
473863
473864
473865
473866
473867
473868
473869
473870
473871
473872
473873
473874
473875
473876
474007
474008
474009
474010
474011
474012
474013
474014
474015
474016
474017
474018
474019
474020
474021
474022
474023
474024
474025
474026
474027
474028
474029
474030
474031
474032
474033
474035
474036
474037
474039
474040
474043
474044
474045
474046
474047
474048
474049
474050
474051
474052
474053
474054
474055
474056
474057
474058
474086
474087
474088
474089
474090
474091
474092
474093
474094
474095
474096
