474097
474098
474099
474100
474101
474102
474103
474104
474105
474106
474107
474108
474109
474110
474111
474112
474113
474114
474115
474116
474117
474118
474119
474120
474121
474122
474123
474124
474125
474126
474127
474128
474129
474130
474131
474132
474133
474134
474135
474136
474137
474138
474139
474140
474141
474142
474143
474144
474145
474146
474147
474148
474149
474150
474151
474152
474153
474154
474155
474156
474157
474158
474159
474160
474161
474162
474189
474190
474191
474193
474194
474195
474196
474197
474198
474199
474200
474201
474202
474203
474204
474205
474206
474207
474208
474209
474210
474211
474212
474213
474214
474215
474216
474217
474218
474219
474220
474221
474222
474223
474224
474225
474226
474227
474228
474229
474230
474231
474232
474233
474234
474235
474236
474237
474238
474239
474240
474241
474242
474244
474245
474246
474247
474248
474249
474250
474251
474252
474253
474254
474255
474256
474257
474258
474259
474260
474261
474262
474263
474264
474265
474266
474267
474268
474269
474270
474271
474272
474273
474274
474275
474276
474277
474278
474279
474280
474281
474282
474283
474284
474285
474286
474287
474288
474289
474290
474291
474292
474294
474295
474296
474297
474298
474299
474300
474301
474302
474303
474304
474305
474306
474307
474308
474309
474310
474311
474312
474313
474314
474315
474316
474317
474318
474319
474320
474321
474322
474323
474324
474325
474326
474327
474328
474329
474330
474331
474332
474333
474334
474335
474336
474337
474338
474339
474340
474341
474342
474343
474344
474345
474346
474348
474349
474350
474351
474352
474353
474354
474355
474356
474357
474358
474359
474360
474361
474362
474363
474364
474365
474366
474367
474368
474369
474370
474372
474373
474374
474375
474376
474377
474378
474379
474380
474381
474382
474383
474384
474385
474386
474387
474388
474389
474390
474391
474392
474393
474394
474395
474396
474449
474450
474451
474452
474453
474454
474455
474456
474457
474458
474459
474460
474461
474462
474463
474464
474465
474466
474467
474468
474469
474470
474471
474472
474473
474474
474501
474502
474503
474504
474505
474506
474507
474508
474509
474510
474511
474512
474513
474514
474515
474516
474517
474518
474519
474520
474521
474522
474523
474524
474525
474526
474527
474528
474529
474530
474531
474532
474533
474534
474535
474536
474537
474538
474539
474540
474541
474542
474543
474544
474545
474546
474547
474548
474549
474550
474551
474552
474579
474580
474581
474582
474583
474584
474585
474586
474587
474588
474589
474590
474591
474592
474593
474594
474595
474596
474597
474598
474599
474600
474601
474602
474603
474604
474631
474632
474633
474634
474635
474636
474637
474638
474639
474640
474641
474642
474643
474644
474645
474646
474647
474648
474649
474650
474651
474652
474654
474655
474656
474657
474658
474659
474660
474661
474662
474663
474664
474665
474666
474667
474668
474669
474670
474671
474672
474673
474674
474675
474676
474677
474678
474679
474680
474681
474682
474735
474736
474737
474738
474739
474740
474741
474742
474743
474744
474745
474746
474747
474748
474749
474750
474751
474752
474753
474754
474755
474756
474757
474758
474759
474760
474761
474762
474763
474764
474765
474766
474767
474768
474769
474770
474771
474772
474773
474774
474775
474776
474777
474778
474779
474780
474781
474782
474783
474784
474785
474786
474788
474789
474790
474791
474792
474793
474794
474795
474796
474797
474798
474799
474800
474801
474802
474803
474804
474805
474806
474807
474808
474809
474810
474811
474812
474813
474814
474815
474816
474817
474818
474819
474820
474821
474822
474823
474824
474825
474826
474827
474828
474829
474830
474831
474832
474833
474834
474835
474836
474837
474838
474839
474841
474842
474843
474844
474845
474846
474847
474848
474849
474850
474851
474852
474853
474854
474855
474856
474857
474858
474859
474860
474861
474862
474863
474864
474865
474866
474867
474868
474869
474870
474871
474872
474873
474874
474875
474876
474877
474878
474879
474880
474881
474882
474883
474884
474885
474886
474887
474888
474889
474890
474917
474918
474919
474920
474921
474922
474923
474924
474925
474926
474927
474928
474929
474930
474931
474932
474933
474934
474935
474936
474937
474938
474939
474940
474941
474942
474995
474996
474997
474998
474999
475000
475001
475002
475003
475004
475005
475006
475007
475008
475009
475010
475011
475012
475013
475014
475015
475016
475017
475018
475019
475020
475021
475022
475023
475024
475025
475026
475027
475028
475029
475030
475031
475032
475033
475034
475035
475036
475037
475038
475039
475040
475041
475042
475043
475044
475045
475046
475073
475074
475075
475076
475077
475078
475079
475080
475081
475082
475083
475084
475085
475086
475087
475088
475089
475090
475091
475092
475093
475094
475095
475096
475097
475098
475125
475126
475127
475128
475129
475130
475131
475132
475133
475134
475135
475136
475137
475138
475139
475140
475141
475142
475143
475144
475145
475146
475147
475148
475149
475150
475151
475152
475153
475155
475156
475157
475158
475159
475160
475161
475162
475163
475164
475165
475166
475167
475168
475169
475170
475171
475172
475173
475174
475175
475176
475178
475179
475180
475181
475182
475183
475184
475185
475186
475187
475188
475189
475190
475191
475192
475193
475194
475195
475196
475197
475198
475199
475200
475201
475202
475204
475205
475206
475207
475208
475209
475210
475211
475212
475213
475214
475215
475216
475217
475218
475219
475220
475221
475222
475223
475224
475225
475226
475227
475228
475281
475282
475283
475284
475285
475286
475287
475288
475289
475290
475291
475292
475293
475294
475295
475296
475297
475298
475299
475300
475301
475302
475303
475304
475305
475306
475309
475310
475311
475312
475313
475314
475315
475316
475317
475318
475319
475320
475321
475322
475323
475324
475325
475326
475327
475328
475329
475330
475331
475332
475359
475360
475361
475362
475363
475364
475365
475366
475367
475368
475369
475370
475371
475372
475373
475374
475375
475376
475377
475378
475379
475380
475381
475382
475383
475384
475386
475387
475388
475389
475390
475391
475392
475393
475394
475395
475396
475397
475398
475399
475400
475401
475402
475403
475404
475405
475406
475407
475408
475409
475410
475437
475438
475439
475440
475441
475442
475443
475444
475445
475446
475447
475448
475449
475450
475451
475453
475454
475455
475456
475457
475458
475459
475460
475461
475462
475593
475594
475595
475596
475597
475598
475599
475600
475601
475602
475603
475604
475605
475606
475607
475608
475609
475610
475611
475612
475613
475614
475615
475616
475617
475618
475620
475621
475622
475623
475624
475625
475626
475627
475628
475629
475630
475631
475632
475633
475634
475635
475636
475637
475638
475639
475640
475641
475642
475643
475644
475671
475672
475673
475674
475675
475676
475677
475678
475679
475680
475681
475682
475683
475684
475685
475686
475687
475688
475689
475690
475691
475692
475693
475694
475695
475696
475749
475750
475751
475752
475753
475754
475755
475756
475757
475758
475759
475760
475761
475762
475763
475764
475765
475766
475767
475768
475769
475770
475771
475772
475773
475774
475775
475776
475778
475779
475780
475781
475782
475783
475784
475785
475786
475787
475788
475789
475790
475791
475792
475793
475794
475795
475796
475797
475798
475799
475800
475802
475803
475804
475805
475806
475807
475808
475809
475810
475811
475812
475813
475814
475815
475816
475817
475818
475819
475820
475821
475822
475823
475824
475825
475826
475827
475828
475830
475832
475833
475834
475835
475836
475837
475838
475839
475840
475841
475842
475843
475844
475845
475846
475847
475848
475849
475850
475851
475852
475879
475880
475881
475882
475883
475884
475885
475886
475887
475888
475889
475890
475891
475892
475893
475894
475895
475896
475897
475898
475899
475900
475901
475902
475903
475904
475906
475907
475908
475909
475910
475911
475912
475913
475914
475915
475916
475917
475918
475919
475920
475921
475922
475923
475924
475925
475926
475927
475928
475929
475930
476035
476036
476037
476038
476039
476040
476041
476042
476043
476044
476045
476046
476047
476048
476049
476050
476051
476052
476053
476054
476055
476056
476057
476058
476059
476060
476061
476063
476064
476065
476066
476067
476068
476069
476070
476071
476072
476073
476074
476075
476076
476077
476078
476079
476080
476081
476082
476083
476084
476085
476086
476087
476089
476090
476091
476092
476093
476094
476095
476096
476097
476098
476099
476100
476101
476102
476103
476104
476105
476106
476107
476108
476109
476110
476111
476112
476139
476140
476141
476142
476143
476144
476145
476146
476147
476148
476149
476150
476151
476152
476153
476154
476155
476156
476157
476158
476159
476160
476161
476162
476163
476164
476165
476166
476167
476168
476169
476170
476171
476172
476173
476174
476175
476176
476177
476178
476179
476180
476181
476182
476183
476184
476185
476186
476187
476188
476189
476190
476217
476218
476219
476220
476221
476222
476223
476224
476225
476226
476227
476228
476229
476230
476231
476232
476233
476234
476235
476236
476237
476238
476239
476240
476241
476242
476269
476270
476271
476272
476273
476274
476275
476276
476277
476278
476279
476280
476281
476282
476283
476284
476285
476286
476287
476288
476289
476290
476291
476292
476293
476294
476373
476374
476375
476376
476377
476378
476379
476380
476381
476382
476383
476384
476385
476386
476387
476388
476389
476390
476391
476392
476393
476394
476395
476396
476397
476398
476399
476401
476402
476403
476404
476406
476407
476408
476409
476410
476411
476412
476413
476414
476415
476416
476417
476418
476419
476420
476421
476422
476423
476424
476425
476426
476427
476428
476429
476430
476431
476432
476433
476434
476435
476436
476437
476438
476439
476440
476441
476442
476443
476444
476445
476446
476447
476448
476449
476450
476451
476452
476453
476454
476455
476456
476457
476458
476459
476460
476461
476462
476463
476464
476465
476466
476467
476468
476469
476470
476471
476472
476473
476474
476475
476476
476529
476530
476531
476532
476533
476534
476535
476536
476537
476538
476539
476540
476541
476542
476543
476544
476545
476547
476548
476549
476550
476551
476552
476553
476554
476555
476556
476557
476558
476559
476560
476561
476562
476563
476564
476565
476566
476567
476568
476569
476570
476571
476572
476573
476574
476575
476576
476577
476578
476579
476580
476582
476583
476584
476585
476586
476587
476588
476589
476590
476591
476592
476593
476594
476595
476596
476597
476598
476599
476600
476601
476602
476603
476604
476605
476606
476633
476634
476635
476636
476637
476638
476639
476640
476641
476642
476643
476644
476645
476646
476647
476648
476649
476650
476652
476653
476654
476655
476656
476657
476658
476685
476686
476687
476688
476689
476690
476691
476692
476693
476694
476695
476696
476697
476698
476699
476700
476701
476702
476703
476704
476705
476706
476707
476708
476709
476710
476713
476714
476715
476716
476717
476718
476719
476720
476721
476722
476723
476724
476725
476726
476727
476728
476729
476730
476731
476732
476733
476734
476735
476736
476763
476764
476765
476766
476767
476768
476769
476770
476771
476772
476773
476774
476775
476776
476777
476778
476779
476780
476781
476782
476783
476784
476785
476786
476787
476788
476919
476920
476921
476922
476923
476924
476925
476926
476927
476928
476929
476930
476931
476932
476933
476934
476935
476936
476937
476938
476939
476940
476941
476942
476943
476944
476945
476946
476948
476949
476950
476951
476952
476953
476954
476955
476956
476957
476958
476959
476960
476961
476962
476963
476964
476965
476966
476967
476968
476969
476970
477153
477154
477155
477156
477157
477158
477159
477160
477161
477162
477163
477164
477165
477166
477167
477168
477169
477170
477171
477172
477173
477174
477175
477176
477177
477178
477231
477232
477233
477234
477235
477236
477237
477238
477239
477240
477241
477242
477243
477244
477245
477246
477247
477248
477249
477250
477251
477252
477253
477254
477255
477256
477258
477261
477262
477263
477264
477265
477266
477267
477268
477269
477270
477271
477272
477273
477274
477275
477276
477277
477278
477279
477280
477281
477282
477361
477362
477363
477364
477365
477366
477367
477368
477369
477370
477371
477372
477373
477374
477375
477376
477377
477378
477379
477380
477381
477382
477383
477384
477385
477386
477439
477440
477441
477442
477443
477444
477445
477446
477447
477448
477449
477450
477451
477452
477453
477454
477455
477456
477457
477458
477459
477460
477461
477462
477464
477543
477544
477545
477546
477547
477548
477549
477550
477551
477552
477553
477554
477555
477556
477557
477558
477559
477560
477561
477562
477563
477564
477565
477566
477567
477568
477595
477596
477597
477598
477599
477600
477601
477602
477603
477604
477605
477606
477607
477608
477609
477610
477611
477612
477613
477614
477615
477616
477617
477618
477619
477620
477647
477648
477649
477650
477651
477652
477653
477654
477655
477656
477657
477658
477659
477660
477661
477662
477663
477664
477665
477666
477667
477668
477669
477670
477671
477672
477673
477674
477675
477676
477677
477678
477679
477680
477681
477682
477683
477684
477685
477686
477687
477688
477689
477690
477691
477692
477693
477694
477695
477696
477697
477698
477700
477701
477702
477703
477704
477705
477706
477707
477708
477709
477710
477711
477712
477713
477714
477715
477716
477717
477718
477719
477720
477721
477722
477723
477724
477777
477778
477779
477780
477781
477782
477783
477784
477785
477786
477787
477788
477789
477790
477791
477792
477793
477794
477795
477796
477797
477798
477799
477800
477801
477802
477829
477830
477831
477832
477833
477834
477835
477836
477837
477838
477839
477840
477841
477842
477843
477844
477845
477846
477847
477848
477849
477850
477851
477852
477853
477854
477855
477856
477857
477858
477859
477860
477861
477862
477863
477864
477865
477866
477867
477868
477869
477870
477871
477872
477873
477874
477875
477876
477877
477878
477879
477880
477907
477908
477909
477910
477911
477912
477913
477914
477915
477916
477917
477918
477919
477920
477921
477922
477923
477924
477925
477926
477927
477928
477929
477930
477931
477932
477959
477960
477961
477962
477963
477964
477965
477966
477967
477968
477969
477970
477971
477972
477973
477974
477975
477976
477977
477978
477979
477980
477981
477982
477983
477984
478037
478038
478039
478040
478041
478042
478043
478044
478045
478046
478047
478048
478049
478050
478051
478052
478053
478054
478055
478056
478057
478058
478059
478060
478061
478062
478219
478220
478222
478223
478224
478225
478226
478227
478228
478229
478230
478231
478232
478233
478234
478235
478236
478237
478238
478239
478240
478241
478242
478243
478244
478245
478247
478248
478249
478250
478251
478252
478253
478254
478255
478256
478257
478258
478259
478260
478261
478262
478263
478264
478265
478266
478267
478268
478269
478270
478272
478273
478274
478275
478276
478277
478278
478279
478280
478281
478282
478283
478284
478285
478286
478287
478288
478289
478290
478291
478292
478293
478294
478295
478296
478375
478376
478377
478379
478380
478381
478382
478383
478384
478385
478386
478387
478388
478389
478390
478391
478392
478393
478394
478395
478396
478399
478400
478401
478402
478404
478406
478407
478408
478409
478410
478411
478412
478413
478414
478416
478417
478418
478419
478420
478421
478422
478423
478424
478425
478426
478427
478429
478430
478431
478432
478433
478434
478435
478436
478437
478438
478440
478441
478442
478443
478444
478445
478446
478447
478448
478449
478450
478451
478452
478505
478506
478507
478508
478509
478510
478511
478512
478513
478514
478515
478516
478517
478518
478519
478520
478521
478522
478523
478524
478525
478526
478527
478528
478529
478530
478532
478533
478534
478535
478536
478537
478538
478539
478540
478541
478542
478543
478544
478545
478546
478547
478548
478549
478550
478551
478552
478553
478554
478555
478556
478558
478559
478560
478561
478562
478563
478564
478565
478566
478567
478568
478569
478570
478571
478572
478573
478574
478575
478576
478577
478578
478580
478581
478582
478584
478586
478588
478589
478591
478592
478593
478594
478595
478597
478598
478599
478600
478601
478602
478603
478604
478605
478606
478607
478608
478610
478611
478612
478613
478614
478615
478616
478617
478618
478619
478620
478621
478622
478623
478624
478625
478626
478627
478628
478629
478631
478632
478633
478634
478635
478636
478637
478638
478639
478640
478641
478642
478643
478644
478645
478647
478648
478649
478650
478651
478652
478653
478654
478655
478656
478657
478658
478659
478660
478661
478662
478663
478664
478665
478666
478667
478668
478669
478670
478671
478672
478673
478674
478675
478676
478677
478678
478679
478680
478681
478682
478683
478684
478685
478686
478817
478818
478819
478820
478821
478822
478823
478824
478825
478826
478827
478828
478829
478830
478831
478832
478833
478834
478835
478836
478837
478838
478839
478840
478841
478842
478869
478870
478871
478872
478873
478874
478875
478876
478877
478878
478879
478880
478881
478882
478883
478884
478885
478886
478887
478888
478889
478890
478891
478892
478893
478894
478921
478922
478923
478924
478925
478926
478927
478928
478929
478930
478931
478932
478933
478934
478935
478936
478937
478938
478939
478940
478941
478942
478943
478944
478945
478946
478948
478949
478951
478952
478953
478954
478955
478956
478957
478958
478959
478960
478961
478962
478963
478964
478965
478966
478967
478968
478969
478970
478971
478972
478973
478975
478976
478977
478978
478979
478980
478981
478982
478983
478984
478985
478986
478987
478988
478989
478990
478991
478992
478993
478994
478995
478996
478997
478998
478999
479000
479001
479002
479003
479004
479005
479006
479007
479008
479009
479010
479011
479012
479013
479014
479015
479016
479017
479018
479019
479020
479021
479022
479023
479024
479129
479130
479131
479132
479133
479134
479135
479136
479137
479138
479139
479140
479141
479142
479143
479144
479145
479146
479147
479148
479149
479150
479151
479152
479153
479154
479155
479156
479157
479158
479159
479160
479161
479162
479163
479164
479165
479166
479167
479168
479169
479170
479171
479172
479173
479174
479175
479176
479177
479178
479179
479180
479207
479208
479209
479210
479211
479212
479213
479214
479215
479216
479217
479218
479219
479220
479221
479222
479223
479224
479225
479226
479227
479228
479229
479230
479231
479232
479233
479234
479235
479236
479237
479238
479239
479240
479241
479242
479243
479244
479245
479246
479247
479248
479249
479250
479251
479252
479253
479254
479255
479256
479257
479258
479285
479286
479287
479288
479289
479290
479292
479293
479294
479295
479296
479297
479298
479299
479300
479301
479302
479303
479304
479305
479306
479307
479308
479309
479310
479311
479312
479314
479315
479316
479317
479320
479321
479322
479323
479324
479325
479326
479328
479329
479332
479334
479336
479337
479338
479340
479341
479342
479344
479345
479346
479348
479349
479350
479351
479352
479353
479354
479355
479356
479357
479358
479359
479360
479361
479362
479415
479416
479417
479418
479419
479420
479421
479422
479423
479424
479425
479426
479427
479428
479429
479430
479431
479432
479433
479434
479435
479436
479437
479438
479439
479440
