479545
479546
479548
479549
479550
479551
479552
479553
479554
479555
479556
479557
479558
479559
479560
479561
479562
479563
479564
479565
479566
479567
479568
479569
479570
479571
479572
479573
479574
479575
479576
479577
479578
479579
479580
479581
479582
479583
479584
479585
479586
479587
479588
479589
479590
479591
479592
479593
479594
479595
479596
479597
479598
479599
479600
479601
479602
479603
479604
479605
479606
479607
479608
479609
479610
479611
479612
479613
479614
479615
479616
479617
479618
479619
479620
479621
479622
479623
479624
479625
479626
479627
479628
479629
479630
479631
479632
479633
479634
479635
479636
479637
479638
479639
479640
479641
479642
479643
479644
479645
479646
479647
479648
479675
479676
479677
479678
479679
479680
479681
479682
479683
479684
479685
479686
479687
479688
479689
479690
479691
479692
479693
479694
479695
479696
479697
479698
479699
479700
479753
479754
479755
479756
479757
479758
479759
479760
479761
479762
479763
479764
479765
479766
479767
479768
479769
479770
479771
479772
479773
479774
479775
479776
479777
479778
479779
479780
479781
479782
479783
479784
479785
479786
479787
479788
479789
479790
479791
479792
479793
479794
479795
479796
479797
479798
479799
479800
479801
479802
479803
479804
479805
479806
479807
479808
479809
479810
479811
479812
479813
479814
479815
479816
479817
479818
479819
479820
479821
479822
479823
479824
479825
479826
479827
479828
479829
479830
479857
479858
479859
479860
479861
479862
479863
479864
479865
479866
479867
479868
479869
479870
479871
479872
479873
479874
479875
479876
479877
479878
479879
479880
479881
479882
479883
479884
479885
479886
479887
479888
479889
479890
479891
479892
479893
479894
479895
479896
479897
479898
479899
479900
479901
479902
479903
479904
479905
479906
479907
479908
479910
479911
479912
479913
479914
479915
479916
479917
479918
479919
479920
479921
479922
479923
479924
479925
479926
479927
479928
479929
479930
479931
479932
479933
479934
479935
479936
479937
479938
479939
479940
479941
479942
479943
479944
479945
479946
479947
479948
479949
479950
479951
479952
479953
479954
479955
479956
479957
479958
479959
479960
479961
479962
479963
479964
479965
479966
479967
479968
479969
479970
479971
479972
479973
479974
479975
479976
479977
479978
479979
479980
479981
479982
479983
479984
479985
479986
480091
480092
480093
480094
480095
480096
480097
480098
480099
480100
480101
480102
480103
480104
480105
480106
480107
480108
480109
480111
480112
480113
480114
480115
480116
480117
480118
480119
480120
480121
480122
480123
480124
480125
480126
480127
480128
480129
480130
480131
480132
480133
480134
480135
480136
480137
480138
480139
480140
480141
480142
480195
480196
480197
480198
480199
480200
480201
480202
480203
480204
480205
480206
480207
480208
480209
480210
480211
480212
480213
480214
480215
480216
480217
480218
480219
480220
480247
480248
480249
480250
480251
480252
480253
480254
480255
480256
480257
480258
480259
480260
480261
480262
480263
480264
480265
480266
480267
480268
480269
480270
480271
480272
480403
480404
480405
480406
480407
480408
480409
480410
480411
480412
480413
480414
480415
480416
480417
480418
480419
480420
480421
480422
480423
480424
480425
480426
480427
480428
480481
480482
480483
480484
480485
480486
480487
480488
480489
480490
480491
480492
480493
480494
480495
480496
480497
480498
480499
480500
480501
480502
480503
480504
480505
480506
480533
480534
480535
480536
480537
480538
480539
480540
480541
480542
480543
480544
480545
480546
480547
480548
480549
480550
480551
480552
480553
480554
480555
480556
480557
480558
480585
480586
480587
480588
480589
480590
480591
480592
480593
480594
480595
480596
480597
480598
480599
480600
480601
480602
480603
480604
480605
480606
480607
480608
480609
480610
480611
480612
480613
480614
480615
480616
480617
480618
480619
480620
480621
480622
480623
480624
480625
480626
480627
480628
480629
480630
480631
480632
480633
480634
480635
480636
480689
480690
480691
480692
480693
480694
480695
480696
480697
480698
480699
480700
480701
480702
480703
480704
480705
480706
480707
480708
480709
480710
480711
480712
480713
480714
480716
480717
480718
480719
480720
480721
480722
480723
480724
480725
480726
480727
480728
480729
480730
480731
480732
480733
480734
480735
480736
480737
480738
480739
480740
480793
480794
480795
480796
480797
480798
480799
480800
480801
480802
480803
480804
480805
480806
480807
480808
480809
480810
480811
480812
480813
480814
480815
480816
480817
480818
480820
480821
480822
480825
480826
480827
480828
480829
480830
480831
480832
480833
480834
480835
480836
480837
480838
480839
480840
480841
480842
480843
480844
480897
480898
480899
480900
480901
480902
480903
480904
480905
480906
480907
480908
480909
480910
480911
480912
480913
480914
480915
480916
480917
480918
480919
480920
480921
480922
480923
480924
480925
480926
480927
480928
480930
480931
480932
480933
480934
480935
480936
480937
480938
480939
480940
480941
480942
480943
480944
480945
480946
480947
480948
480949
480950
480951
480952
480953
480954
480955
480956
480957
480958
480959
480960
480961
480962
480963
480964
480965
480966
480967
480968
480969
480970
480971
480972
480973
480974
481001
481002
481003
481004
481005
481006
481007
481008
481009
481010
481011
481012
481013
481014
481015
481016
481017
481018
481019
481020
481021
481022
481023
481024
481025
481026
481105
481106
481107
481108
481109
481110
481111
481112
481113
481114
481115
481116
481117
481118
481119
481120
481121
481122
481123
481124
481125
481126
481127
481128
481129
481130
481131
481132
481133
481134
481135
481136
481137
481138
481139
481140
481141
481142
481143
481144
481145
481146
481147
481148
481149
481150
481151
481152
481153
481154
481155
481156
481158
481159
481160
481161
481162
481163
481164
481165
481166
481167
481168
481169
481170
481171
481172
481173
481174
481175
481176
481177
481178
481179
481180
481181
481182
481184
481185
481186
481187
481188
481189
481190
481191
481192
481193
481194
481195
481196
481197
481198
481199
481200
481201
481202
481203
481204
481205
481206
481207
481208
481235
481236
481237
481238
481239
481240
481241
481242
481243
481244
481245
481246
481247
481248
481249
481250
481251
481252
481253
481254
481255
481256
481257
481258
481259
481260
481265
481266
481267
481268
481269
481270
481271
481272
481273
481274
481275
481276
481277
481278
481279
481280
481281
481282
481283
481284
481285
481286
481287
481289
481290
481291
481292
481293
481294
481295
481296
481297
481298
481299
481300
481301
481302
481303
481304
481305
481306
481307
481308
481309
481310
481311
481312
481365
481366
481367
481368
481369
481370
481371
481372
481373
481374
481375
481376
481377
481378
481379
481380
481381
481382
481383
481384
481385
481386
481387
481388
481389
481390
481394
481395
481396
481397
481398
481399
481400
481401
481402
481403
481404
481405
481406
481407
481408
481409
481410
481411
481412
481413
481414
481415
481416
481417
481418
481419
481420
481421
481422
481423
481424
481425
481426
481427
481428
481429
481430
481431
481432
481433
481434
481435
481436
481437
481438
481439
481440
481441
481442
481521
481522
481523
481524
481525
481526
481527
481528
481529
481530
481531
481532
481533
481534
481535
481536
481537
481538
481539
481540
481541
481542
481543
481544
481545
481546
481573
481574
481575
481576
481577
481578
481579
481580
481581
481582
481583
481584
481585
481586
481587
481588
481589
481590
481591
481592
481593
481594
481595
481596
481597
481598
481651
481652
481653
481654
481655
481656
481657
481658
481659
481660
481661
481662
481663
481664
481665
481666
481667
481668
481669
481670
481671
481672
481673
481674
481675
481676
481677
481678
481680
481681
481682
481683
481684
481685
481686
481687
481688
481689
481690
481691
481692
481693
481694
481695
481696
481697
481698
481699
481700
481701
481702
481729
481730
481731
481732
481733
481734
481735
481736
481737
481738
481739
481740
481741
481742
481743
481744
481745
481746
481747
481748
481749
481750
481751
481752
481753
481754
481755
481756
481757
481758
481759
481760
481761
481762
481763
481764
481765
481766
481767
481768
481769
481770
481771
481772
481773
481774
481775
481776
481777
481778
481779
481780
481833
481834
481835
481836
481837
481838
481839
481840
481841
481842
481843
481844
481845
481846
481847
481848
481849
481850
481851
481852
481853
481854
481855
481856
481857
481858
481859
481861
481862
481863
481864
481865
481866
481867
481868
481869
481870
481871
481872
481873
481874
481875
481876
481877
481878
481879
481880
481881
481882
481883
481884
481886
481888
481889
481890
481891
481893
481896
481897
481901
481902
481904
481905
481906
481907
481908
481909
481910
481937
481938
481939
481940
481941
481942
481943
481944
481945
481946
481947
481948
481949
481950
481951
481952
481953
481954
481955
481956
481957
481958
481959
481960
481961
481962
481963
481964
481965
481966
481967
481968
481969
481970
481971
481972
481973
481974
481975
481976
481977
481978
481979
481980
481981
481982
481983
481984
481985
481986
481987
481988
481989
481991
481992
481993
481994
481995
481996
481997
481998
481999
482000
482001
482002
482003
482004
482005
482006
482007
482008
482009
482010
482011
482012
482013
482014
482067
482068
482069
482070
482071
482072
482073
482074
482075
482076
482077
482078
482079
482080
482081
482082
482083
482084
482085
482086
482087
482088
482089
482090
482091
482092
482093
482094
482095
482096
482097
482099
482100
482101
482102
482103
482104
482105
482106
482107
482108
482109
482110
482111
482112
482113
482114
482115
482116
482117
482118
482145
482146
482147
482148
482149
482150
482151
482152
482153
482154
482155
482156
482157
482158
482159
482160
482161
482162
482163
482164
482165
482166
482167
482168
482169
482170
482249
482250
482251
482252
482253
482254
482255
482256
482257
482258
482259
482260
482261
482262
482263
482264
482265
482266
482267
482268
482269
482270
482271
482272
482273
482274
482275
482276
482279
482280
482281
482282
482283
482284
482285
482286
482287
482288
482289
482290
482291
482292
482293
482294
482295
482296
482297
482298
482299
482300
482301
482302
482303
482304
482305
482306
482307
482308
482309
482310
482311
482312
482314
482315
482316
482317
482318
482319
482320
482321
482322
482324
482325
482326
482327
482329
482330
482331
482332
482333
482334
482335
482336
482337
482338
482339
482340
482341
482342
482343
482344
482345
482346
482347
482348
482349
482350
482351
482352
482379
482380
482381
482382
482383
482384
482385
482386
482387
482389
482390
482391
482392
482393
482394
482395
482396
482397
482398
482399
482400
482401
482402
482403
482404
482431
482432
482433
482434
482435
482436
482437
482438
482439
482440
482441
482442
482443
482444
482445
482446
482447
482448
482449
482450
482451
482452
482453
482454
482455
482456
482483
482484
482485
482486
482487
482488
482489
482490
482491
482492
482493
482494
482495
482496
482497
482498
482499
482500
482501
482502
482503
482504
482505
482506
482507
482508
482639
482640
482641
482642
482643
482644
482645
482646
482647
482648
482649
482650
482651
482652
482653
482654
482655
482656
482657
482658
482659
482660
482661
482662
482663
482664
482665
482666
482667
482668
482669
482670
482671
482672
482673
482674
482675
482676
482677
482678
482679
482680
482681
482682
482683
482684
482685
482686
482687
482688
482689
482690
482717
482718
482719
482720
482721
482722
482723
482724
482725
482726
482727
482728
482729
482730
482731
482732
482733
482734
482735
482736
482737
482738
482739
482740
482741
482742
482769
482770
482771
482772
482773
482774
482775
482776
482777
482778
482779
482780
482781
482782
482783
482784
482785
482786
482787
482788
482789
482790
482791
482792
482793
482794
482796
482797
482798
482799
482800
482801
482802
482803
482804
482805
482806
482807
482808
482809
482810
482811
482812
482813
482814
482815
482816
482817
482818
482819
482820
482847
482848
482849
482850
482851
482852
482853
482854
482855
482856
482857
482858
482859
482860
482861
482862
482863
482864
482865
482866
482867
482868
482869
482870
482871
482872
482873
482875
482876
482878
482879
482880
482881
482882
482883
482884
482885
482886
482887
482888
482889
482890
482891
482892
482893
482894
482895
482896
482897
482898
482900
482901
482902
482903
482904
482905
482906
482907
482908
482909
482910
482911
482912
482913
482914
482915
482916
482917
482918
482919
482920
482921
482922
482923
482924
482925
482928
482929
482930
482931
482932
482933
482934
482935
482936
482937
482938
482939
482940
482941
482942
482943
482944
482945
482946
482947
482948
482949
482950
482953
482954
482955
482956
482957
482958
482959
482960
482961
482962
482963
482964
482965
482966
482967
482968
482969
482970
482971
482972
482973
482974
482975
482976
483003
483004
483005
483006
483007
483008
483009
483010
483011
483012
483013
483014
483015
483016
483017
483018
483019
483020
483021
483022
483023
483024
483025
483026
483027
483028
483030
483032
483033
483034
483035
483036
483037
483038
483039
483040
483041
483043
483044
483045
483046
483047
483048
483049
483050
483051
483052
483053
483054
483081
483082
483083
483084
483085
483086
483087
483088
483089
483090
483091
483092
483093
483094
483095
483096
483097
483098
483099
483100
483101
483102
483103
483104
483105
483106
483107
483108
483109
483110
483111
483112
483113
483115
483116
483117
483118
483119
483120
483121
483122
483123
483124
483125
483126
483127
483128
483129
483130
483131
483132
483211
483212
483213
483214
483215
483216
483217
483218
483219
483220
483221
483222
483223
483224
483225
483226
483227
483228
483229
483230
483231
483232
483233
483234
483235
483236
483263
483264
483265
483266
483267
483268
483269
483270
483271
483272
483273
483274
483275
483276
483277
483278
483279
483280
483281
483282
483283
483285
483286
483287
483288
483289
483291
483292
483293
483294
483295
483296
483297
483298
483299
483300
483301
483302
483303
483304
483305
483306
483307
483308
483309
483310
483311
483312
483313
483314
483341
483342
483343
483344
483346
483347
483348
483349
483350
483351
483352
483353
483354
483355
483356
483357
483358
483359
483360
483361
483362
483363
483364
483365
483366
483367
483369
483370
483371
483372
483373
483374
483375
483376
483377
483378
483379
483380
483381
483382
483383
483384
483385
483386
483387
483388
483389
483390
483391
483392
483419
483420
483421
483422
483423
483424
483425
483426
483427
483428
483429
483431
483432
483433
483434
483435
483436
483437
483438
483439
483440
483441
483442
483443
483444
483471
483472
483473
483474
483475
483476
483477
483478
483479
483480
483481
483482
483483
483484
483485
483486
483487
483488
483489
483490
483491
483492
483493
483494
483496
483523
483524
483525
483526
483527
483528
483529
483530
483531
483532
483533
483534
483535
483536
483537
483538
483539
483540
483541
483542
483543
483544
483545
483546
483547
483548
483549
483550
483551
483552
483553
483554
483555
483556
483557
483558
483559
483560
483561
483562
483563
483564
483565
483566
483567
483568
483569
483570
483571
483572
483573
483574
483576
483577
483578
483579
483580
483581
483582
483583
483584
483585
483586
483587
483588
483589
483590
483591
483592
483593
483594
483595
483596
483597
483598
483599
483600
483627
483628
483629
483630
483631
483632
483634
483635
483636
483637
483638
483639
483640
483641
483642
483643
483644
483645
483646
483647
483648
483649
483650
483651
483652
483653
483656
483657
483658
483659
483661
483662
483663
483664
483665
483666
483667
483668
483669
483670
483671
483672
483673
483674
483675
483676
483678
483705
483706
483707
483708
483709
483710
483711
483712
483713
483715
483717
483718
483719
483720
483721
483722
483723
483724
483725
483726
483727
483728
483729
483730
483732
483733
483734
483735
483736
483737
483738
483739
483740
483741
483742
483743
483744
483745
483746
483747
483748
483749
483750
483751
483752
483753
483754
483755
483756
483757
483758
483759
483760
483761
483762
483763
483764
483765
483766
483767
483768
483769
483770
483771
483772
483773
483774
483775
483776
483777
483778
483779
483780
483781
483782
483809
483810
483811
483812
483813
483814
483815
483816
483817
483818
483819
483820
483821
483822
483823
483824
483825
483826
483827
483828
483829
483830
483831
483832
483833
483834
483835
483836
483837
483838
483839
483840
483841
483842
483843
483844
483845
483846
483847
483848
483849
483850
483851
483852
483853
483854
483855
483856
483857
483858
483859
483860
483913
483914
483915
483916
483917
483918
483919
483920
483921
483922
483923
483924
483925
483926
483927
483928
483929
483930
483931
483933
483934
483935
483936
483937
483938
483939
483940
483941
483942
483943
483944
483945
483947
483948
483949
483950
483951
483952
483953
483954
483955
483956
483957
483958
483959
483960
483961
483962
483963
483964
484017
484018
484019
484021
484022
484023
484024
484025
484026
484027
484028
484029
484030
484031
484032
484033
484034
484035
484036
484037
484038
484039
484040
484041
484042
484095
484096
484097
484098
484099
484100
484101
484102
484103
484104
484105
484106
484107
484108
484109
484110
484111
484112
484114
484115
484116
484117
484118
484119
484120
484251
484252
484253
484254
484255
484256
484257
484258
484259
484260
484261
484262
484263
484264
484265
484266
484267
484268
484269
484270
484271
484272
484273
484274
484275
484276
484277
484278
484279
484280
484281
484282
484283
484284
484285
484286
484287
484288
484289
484290
484291
484292
484293
484294
484295
484296
484297
484298
484299
484300
484301
484302
484329
484330
484331
484332
484333
484334
484335
484336
484337
484338
484339
484340
484341
484342
484343
484344
484345
484346
484347
484348
484349
484350
484351
484352
484353
484354
484381
484382
484383
484384
484385
484386
484387
484388
484389
484390
484391
484392
484393
484394
484395
484396
484397
484398
484399
484400
484401
484402
484403
484404
484405
484406
484433
484434
484435
484436
484437
484438
484439
484440
484441
484443
484444
484445
484446
484447
484448
484449
484450
484451
484452
484453
484454
484455
484456
484457
484458
484459
484462
484463
484464
484465
484466
484467
484468
484469
484470
484471
484472
484473
484474
484475
484476
484477
484478
484479
484480
484481
484482
484483
484484
484641
484642
484643
484644
484645
484646
484647
484648
484649
484650
484651
484652
484653
484654
484655
484656
484657
484658
484659
484660
484661
484662
484663
484664
484665
484666
484693
484694
484695
484696
484697
484698
484699
484700
484701
484702
484704
484705
484706
484707
484708
484709
484710
484711
484712
484713
484714
484715
484716
484717
484718
484797
484798
484799
484800
484801
484802
484803
484804
484805
484806
484807
484808
484809
484810
484811
484812
484813
484814
484815
484816
484817
484818
484819
484820
484821
484822
484849
484850
484851
484852
484854
484855
484856
484858
484859
484860
