484861
484862
484863
484864
484865
484866
484867
484868
484869
484870
484871
484872
484873
484874
484927
484928
484929
484930
484931
484932
484933
484934
484935
484936
484937
484938
484939
484940
484941
484942
484943
484944
484945
484946
484947
484948
484949
484950
484951
484952
484979
484980
484981
484982
484983
484984
484985
484986
484987
484988
484989
484990
484991
484992
484993
484994
484995
484996
484997
484998
484999
485000
485001
485002
485003
485004
485005
485006
485007
485008
485009
485010
485011
485012
485013
485014
485015
485016
485017
485018
485019
485020
485021
485022
485023
485024
485025
485026
485027
485028
485029
485030
485032
485033
485034
485035
485036
485037
485038
485039
485040
485041
485042
485043
485044
485045
485046
485047
485048
485049
485050
485051
485052
485053
485054
485055
485056
485109
485110
485112
485113
485114
485115
485116
485117
485118
485119
485120
485121
485122
485123
485124
485125
485126
485127
485128
485129
485130
485131
485132
485133
485134
485135
485136
485137
485138
485139
485140
485141
485142
485143
485144
485145
485146
485147
485148
485149
485150
485151
485153
485154
485155
485156
485157
485158
485159
485160
485161
485162
485163
485164
485165
485166
485167
485168
485169
485170
485171
485172
485173
485174
485175
485176
485177
485178
485179
485180
485181
485182
485183
485184
485185
485186
485213
485214
485215
485216
485217
485218
485219
485220
485221
485222
485223
485224
485225
485226
485227
485228
485229
485230
485231
485232
485233
485234
485235
485236
485237
485238
485239
485240
485241
485242
485243
485244
485245
485246
485247
485248
485249
485250
485251
485252
485253
485254
485255
485256
485257
485258
485259
485260
485261
485262
485263
485264
485292
485293
485294
485295
485296
485297
485298
485299
485301
485302
485303
485304
485305
485306
485307
485308
485309
485310
485311
485312
485313
485314
485315
485316
485317
485318
485319
485320
485321
485322
485323
485324
485325
485326
485327
485328
485329
485330
485331
485332
485333
485334
485335
485336
485337
485338
485339
485340
485341
485342
485343
485344
485345
485346
485347
485348
485349
485350
485351
485352
485353
485354
485355
485356
485357
485358
485359
485360
485361
485362
485363
485364
485365
485366
485367
485368
485370
485371
485372
485373
485374
485375
485376
485377
485378
485379
485380
485381
485382
485383
485384
485385
485386
485387
485388
485389
485390
485391
485392
485393
485394
485447
485448
485449
485450
485451
485452
485453
485454
485455
485456
485457
485458
485459
485460
485462
485463
485464
485465
485466
485467
485468
485469
485470
485471
485472
485474
485475
485476
485477
485478
485479
485480
485482
485483
485484
485485
485486
485487
485488
485489
485490
485491
485492
485493
485494
485495
485496
485497
485498
485499
485500
485501
485502
485503
485505
485506
485507
485508
485509
485510
485511
485512
485513
485514
485515
485516
485517
485518
485519
485520
485521
485522
485523
485524
485551
485552
485553
485554
485555
485556
485557
485558
485559
485560
485561
485562
485563
485564
485565
485566
485567
485568
485569
485570
485571
485572
485574
485576
485629
485630
485631
485633
485634
485635
485636
485637
485638
485639
485640
485641
485642
485643
485644
485647
485648
485649
485650
485651
485652
485653
485654
485655
485657
485658
485659
485660
485661
485662
485663
485664
485665
485666
485667
485668
485669
485671
485672
485673
485674
485675
485676
485677
485678
485679
485680
485681
485682
485683
485684
485685
485686
485687
485688
485689
485690
485691
485692
485693
485694
485695
485696
485697
485698
485699
485700
485701
485702
485703
485704
485705
485706
485707
485708
485709
485710
485712
485713
485714
485715
485716
485717
485718
485719
485720
485721
485722
485723
485724
485725
485726
485727
485728
485729
485730
485731
485732
485733
485734
485736
485737
485738
485739
485740
485741
485742
485743
485744
485745
485746
485747
485748
485749
485750
485751
485752
485753
485754
485755
485756
485757
485758
