485811
485812
485813
485814
485815
485816
485817
485818
485819
485820
485821
485822
485823
485824
485825
485826
485827
485828
485829
485830
485831
485832
485833
485834
485835
485836
485889
485890
485891
485892
485893
485894
485895
485896
485897
485898
485899
485900
485901
485902
485903
485904
485905
485906
485907
485908
485910
485911
485912
485913
485914
485915
485916
485917
485918
485919
485920
485921
485922
485923
485924
485925
485926
485927
485928
485929
485930
485931
485932
485933
485934
485935
485936
485937
485938
485939
485940
485967
485968
485969
485970
485971
485972
485973
485974
485975
485976
485977
485978
485979
485980
485981
485982
485983
485984
485985
485986
485987
485988
485989
485990
485991
485992
485993
485994
485995
485996
485997
485998
485999
486000
486001
486002
486003
486004
486005
486006
486007
486008
486009
486010
486011
486012
486013
486014
486015
486016
486017
486018
486045
486046
486047
486048
486049
486050
486051
486052
486053
486054
486055
486056
486057
486058
486059
486060
486061
486062
486063
486064
486065
486066
486067
486068
486069
486070
486071
486072
486073
486074
486075
486076
486077
486078
486079
486080
486081
486082
486083
486084
486085
486086
486087
486088
486089
486090
486091
486092
486093
486094
486095
486096
486097
486098
486099
486100
486101
486102
486104
486105
486106
486107
486108
486109
486110
486111
486113
486114
486115
486116
486117
486118
486119
486120
486121
486122
486201
486202
486203
486204
486205
486206
486207
486208
486209
486210
486211
486212
486213
486214
486215
486216
486217
486218
486219
486220
486221
486222
486223
486224
486225
486226
486229
486230
486231
486232
486233
486234
486235
486236
486237
486238
486239
486240
486241
486242
486243
486244
486245
486246
486247
486248
486249
486250
486251
486252
486253
486254
486255
486256
486257
486259
486260
486261
486262
486263
486264
486265
486266
486267
486268
486269
486270
486271
486272
486273
486274
486275
486276
486277
486278
486383
486384
486385
486386
486387
486388
486389
486390
486391
486392
486393
486394
486395
486396
486397
486398
486399
486400
486401
486402
486403
486404
486405
486406
486408
486409
486410
486411
486412
486413
486414
486415
486416
486417
486418
486419
486420
486421
486422
486423
486424
486425
486426
486427
486428
486429
486430
486431
486432
486433
486434
486487
486488
486489
486490
486491
486492
486493
486494
486495
486497
486498
486499
486500
486501
486502
486503
486504
486505
486506
486507
486508
486509
486510
486512
486565
486566
486567
486568
486569
486570
486571
486572
486573
486574
486575
486576
486578
486579
486580
486581
486582
486583
486585
486586
486587
486588
486589
486590
486591
486592
486593
486595
486596
486597
486598
486599
486600
486601
486602
486603
486604
486605
486606
486607
486608
486609
486610
486611
486612
486613
486614
486615
486616
486618
486620
486621
486622
486623
486624
486625
486626
486627
486628
486629
486630
486631
486632
486633
486634
486635
486636
486637
486639
486640
486642
486721
486722
486723
486724
486725
486726
486727
486728
486729
486730
486732
486733
486734
486735
486736
486737
486738
486739
486740
486741
486742
486743
486744
486745
486746
486747
486748
486749
486750
486751
486752
486753
486754
486755
486757
486758
486759
486760
486761
486762
486763
486764
486766
486767
486768
486769
486770
486771
486772
486774
486775
486776
486777
486778
486779
486780
486781
486782
486783
486784
486785
486786
486787
486788
486789
486790
486791
486792
486793
486794
486795
486796
486797
486798
486800
486802
486803
486804
486805
486806
486807
486808
486809
486810
486811
486812
486813
486814
486815
486817
486818
486819
486820
486821
486822
486823
486824
486851
486852
486853
486854
486855
486856
486857
486858
486859
486860
486861
486862
486863
486864
486865
486866
486867
486868
486869
486870
486871
486872
486873
486874
486875
486876
486877
486878
486879
486880
486881
486882
486883
486884
486885
486886
486887
486888
486889
486890
486891
486892
486893
486894
486895
486896
486897
486898
486899
486900
486901
486902
486904
486905
486906
486907
486908
486909
486910
486911
486912
486913
486914
486915
486916
486917
486918
486919
486920
486921
486922
486923
486924
486925
486926
486927
486928
486930
486931
486932
486933
486934
486935
486936
486937
486938
486939
486940
486941
486942
486943
486944
486945
486946
486947
486948
486949
486950
486951
486952
486953
486954
486956
486957
486959
486960
486961
486962
486963
486964
486965
486966
486967
486968
486969
486970
486971
486972
486973
486974
486975
486976
486977
486978
486979
486980
487085
487086
487087
487088
487089
487090
487091
487092
487093
487094
487095
487096
487097
487098
487099
487100
487101
487102
487103
487104
487105
487106
487107
487108
487109
487110
487112
487113
487114
487115
487116
487117
487118
487119
487120
487121
487122
487123
487124
487125
487126
487127
487128
487129
487130
487131
487132
487133
487134
487135
487136
487137
487138
487139
487140
487141
487142
487143
487144
487145
487146
487147
487148
487149
487150
487151
487152
487153
487154
487155
487156
487157
487158
487159
487160
487161
487162
