487293
487294
487295
487296
487297
487298
487299
487300
487301
487302
487303
487304
487305
487306
487307
487308
487309
487310
487311
487312
487313
487314
487315
487316
487317
487318
487320
487321
487322
487323
487324
487325
487326
487327
487328
487329
487330
487331
487332
487333
487334
487335
487336
487337
487338
487339
487340
487341
487342
487343
487344
487371
487372
487373
487374
487375
487376
487377
487378
487379
487380
487381
487382
487383
487384
487385
487386
487387
487388
487389
487390
487391
487392
487393
487394
487395
487396
487397
487398
487399
487400
487401
487402
487403
487404
487405
487406
487407
487408
487409
487410
487411
487412
487413
487414
487415
487416
487417
487418
487419
487420
487421
487422
487423
487424
487425
487426
487427
487428
487429
487430
487431
487432
487433
487434
487435
487436
487437
487438
487439
487440
487441
487442
487443
487444
487445
487446
487447
487448
487475
487476
487477
487478
487479
487480
487481
487482
487483
487484
487485
487486
487487
487488
487489
487490
487491
487492
487493
487494
487495
487496
487497
487498
487499
487500
487579
487580
487581
487582
487583
487584
487585
487586
487587
487588
487589
487590
487591
487592
487593
487594
487595
487596
487597
487598
487599
487600
487601
487602
487603
487604
487606
487607
487608
487609
487610
487611
487612
487613
487614
487615
487616
487617
487618
487619
487620
487621
487622
487623
487624
487625
487626
487627
487628
487629
487630
487657
487658
487659
487660
487661
487662
487663
487664
487665
487666
487667
487668
487669
487670
487671
487672
487673
487674
487675
487676
487677
487678
487679
487680
487681
487682
487683
487685
487686
487687
487688
487689
487690
487691
487692
487693
487694
487695
487696
487697
487698
487699
487700
487701
487702
487704
487705
487706
487707
487708
487710
487711
487712
487713
487714
487715
487716
487717
487718
487719
487720
487721
487722
487723
487724
487725
487726
487727
487728
487729
487730
487731
487732
487733
487734
487735
487736
487737
487738
487739
487740
487741
487742
487743
487744
487745
487746
487747
487748
487749
487750
487751
487752
487753
487754
487755
487756
487757
487758
487759
487760
487761
487762
487763
487764
487765
487766
487767
487768
487769
487770
487771
487772
487773
487774
487775
487776
487777
487778
487779
487780
487781
487782
487783
487784
487785
487786
487787
487788
487789
487790
487791
487792
487793
487794
487795
487796
487797
487798
487799
487800
487801
487802
487803
487804
487805
487806
487807
487808
487809
487810
487812
487839
487840
487841
487842
487843
487844
487845
487846
487847
487848
487849
487850
487851
487852
487853
487854
487855
487856
487857
487858
487859
487860
487861
487862
487863
487864
487866
487867
487868
487869
487870
487871
487872
487873
487874
487875
487876
487877
487878
487879
487880
487881
487882
487883
487884
487885
487886
487887
487888
487889
487890
487891
487892
487893
487894
487895
487896
487897
487898
487899
487900
487901
487902
487903
487904
487905
487906
487907
487908
487909
487910
487911
487912
487913
487914
487915
487916
487969
487970
487971
487972
487973
487974
487975
487976
487977
487978
487979
487980
487981
487982
487983
487984
487985
487986
487987
487988
487989
487990
487991
487992
487993
487994
488151
488152
488153
488154
488155
488156
488157
488158
488159
488160
488161
488162
488163
488164
488165
488166
488167
488168
488169
488170
488171
488172
488173
488174
488175
488176
488203
488204
488205
488206
488207
488208
488209
488210
488211
488212
488213
488214
488215
488216
488217
488218
488219
488220
488221
488222
488223
488224
488225
488226
488227
488228
488229
488230
488231
488232
488233
488234
488236
488237
488238
488239
488240
488241
488242
488243
488244
488245
488246
488247
488248
488249
488250
488251
488252
488253
488254
488255
488256
488258
488259
488260
488261
488262
488263
488264
488265
488266
488267
488268
488269
488270
488271
488272
488273
488274
488275
488276
488277
488278
488279
488280
488281
488282
488283
488284
488285
488286
488287
488288
488289
488290
488291
488292
488293
488294
488295
488296
488297
488298
488299
488300
488301
488302
488303
488304
488305
488306
488307
488308
488310
488311
488312
488313
488314
488315
488316
488317
488318
488319
488320
488321
488322
488323
488324
488325
488326
488327
488328
488329
488330
488331
488332
488333
488334
488336
488337
488338
488339
488340
488341
488342
488343
488344
488345
488346
488347
488348
488349
488350
488351
488352
488353
488354
488355
488356
488357
488358
488411
488412
488413
488414
488415
488416
488417
488418
488419
488420
488421
488422
488423
488424
488425
488426
488427
488428
488429
488430
488431
488433
488434
488435
488436
488437
488439
488440
488441
488442
488443
488444
488445
488446
488447
488448
488449
488450
488451
488452
488453
488454
488455
488456
488457
488458
488459
488460
488461
488462
488489
488490
488491
488492
488493
488494
488495
488496
488497
488498
488499
488500
488501
488502
488503
488504
488505
488506
488507
488508
488509
488510
488511
488512
488513
488514
488541
488542
488543
488544
488545
488546
488547
488548
488549
488550
488551
488552
488553
488554
488555
488556
488557
488558
488559
488560
488561
488562
488563
488564
488565
488566
488567
488568
488569
488570
488571
488572
488574
488575
488576
488577
488578
488579
488580
488581
488582
488583
488584
488585
488586
488587
488588
488589
488590
488591
488592
488619
488620
488621
488622
488623
488624
488625
488626
488627
488628
488629
488630
488631
488632
488633
488634
488635
488636
488637
488638
488640
488641
488642
488643
488644
488645
488646
488647
488648
488649
488650
488652
488653
488654
488655
488656
488657
488658
488659
488660
488661
488662
488663
488664
488665
488666
488667
488668
488669
488670
488671
488672
488673
488674
488675
488676
488677
488678
488679
488680
488681
488682
488683
488684
488685
488686
488687
488688
488689
488690
488691
488692
488693
488694
488695
488696
488697
488698
488699
488700
488701
488702
488703
488704
488705
488706
488707
488708
488709
488710
488711
488712
488713
488714
488715
488716
488717
488718
488719
488720
488721
488722
488723
488724
488725
488726
488727
488728
488729
488730
488731
488732
488733
488734
488735
488736
488737
488738
488739
488740
488741
488742
488743
488744
488745
488746
488747
488748
488750
488751
488752
488753
488754
488755
488756
488757
488758
488759
488760
488761
488762
488763
488764
488765
488766
488767
488768
488769
488770
488771
488772
488773
488774
488853
488854
488855
488856
488857
488858
488859
488860
488861
488862
488863
488864
488865
488866
488867
488868
488869
488870
488871
488872
488873
488874
488875
488876
488877
488878
488880
488881
488882
488883
488884
488885
488886
488887
488888
488889
488890
488891
488892
488893
488894
488895
488896
488897
488898
488899
488900
488901
488902
488903
488904
488931
488932
488933
488934
488935
488936
488937
488938
488939
488940
488941
488942
488943
488944
488945
488946
488947
488948
488949
488950
488951
488952
488953
488954
488955
488956
488958
488959
488960
488961
488962
488963
488964
488965
488966
488967
488968
488969
488970
488971
488972
488973
488974
488975
488976
488977
488978
488979
488980
488981
488982
488983
488984
488985
488987
488988
488989
488990
488991
488992
488993
488994
488995
488996
488997
488998
488999
489000
489001
489002
489003
489004
489005
489006
489007
489008
489035
489036
489037
489038
489039
489040
489041
489042
489043
489044
489045
489046
489047
489048
489049
489050
489051
489052
489053
489054
489055
489056
489057
489058
489059
489060
489191
489192
489193
489194
489195
489196
489197
489198
489199
489200
489201
489202
489203
489204
489205
489206
489207
489208
489209
489210
489211
489212
489213
489214
489215
489216
489217
489218
489219
489220
489222
489223
489224
489225
489226
489227
489228
489229
489230
489231
489232
489233
489234
489235
489236
489237
489238
489239
489240
489241
489242
489269
489270
489271
489272
489273
489274
489275
489276
489277
489278
489279
489280
489281
489282
489283
489284
489285
489286
489287
489288
489289
489290
489291
489292
489293
489294
489295
489297
489298
489299
489301
489302
489303
489304
489305
489306
489307
489308
489309
489310
489311
489312
489313
489314
489315
489316
489317
489318
489319
489320
489399
489400
489401
489402
489403
489404
489405
489406
489407
489408
489409
489410
489411
489412
489413
489414
489415
489416
489417
489418
489419
489420
489421
489422
489423
489424
489451
489452
489453
489454
489455
489456
489457
489458
489459
489460
489461
489462
489463
489464
489465
489466
489467
489468
489469
489470
489471
489472
489473
489474
489475
489476
489478
489480
489481
489482
489483
489484
489485
489486
489487
489488
489489
489490
489491
489492
489493
489494
489495
489496
489497
489498
489499
489500
489501
489502
489555
489556
489557
489558
489559
489560
489561
489562
489563
489564
489565
489566
489567
489568
489569
489570
489571
489572
489573
489574
489575
489576
489577
489578
489579
489580
489607
489608
489609
489610
489611
489612
489613
489614
489615
489616
489617
489618
489619
489620
489621
489622
489623
489624
489625
489626
489627
489628
489629
489630
489631
489632
489633
489634
489635
489636
489638
489639
489640
489641
489642
489643
489644
489645
489646
489647
489648
489649
489650
489651
489652
489653
489654
489655
489656
489657
489658
489659
489661
489662
489663
489664
489665
489666
489667
489668
489669
489670
489671
489672
489673
489674
489675
489676
489677
489678
489679
489680
489681
489682
489683
489684
489686
489688
489689
489690
489691
489692
489693
489694
489695
489696
489697
489698
489699
489700
489701
489702
489703
489704
489705
489706
489707
489708
489709
489710
489711
489713
489714
489715
489716
489717
489718
489719
489720
489721
489722
489723
489724
489725
489726
489727
489728
489729
489730
489731
489732
489733
489734
489735
489736
489789
489790
489791
489792
489793
489794
489795
489796
489797
489798
489799
489800
489801
489802
489803
489804
489805
489806
489807
489808
489809
489810
489811
489812
489813
489814
489815
489816
489819
489820
489821
489822
489823
489824
489826
489827
489828
489829
489830
489831
489832
489833
489834
489835
489836
489837
489838
489839
489840
489867
489868
489869
489870
489871
489872
489873
489874
489875
489876
489877
489878
489879
489880
489881
489882
489883
489884
489885
489886
489887
489888
489889
489890
489891
489892
489971
489972
489973
489974
489975
489976
489977
489978
489979
489980
489981
489982
489983
489984
489985
489986
489987
489988
489989
489990
489991
489992
489993
489994
489995
489996
490049
490050
490051
490052
490053
490054
490055
490056
490057
490058
490059
490060
490061
490062
490063
490064
490065
490066
490067
490068
490069
490070
490071
490072
490073
490074
490101
490102
490103
490104
490105
490106
490107
490108
490109
490110
490111
490112
490113
490114
490115
490116
490117
490118
490119
490120
490121
490122
490123
490124
490125
490126
490128
490129
490130
490131
490132
490133
490134
490135
490136
490137
490138
490139
490140
490141
490142
490143
490144
490145
490146
490147
490148
490149
490150
490151
490152
490153
490156
490157
490158
490159
490160
490161
490162
490163
490164
490165
490166
490167
490168
490169
490170
490171
490172
490173
490174
490175
490176
490177
490178
490179
490180
490181
490182
490183
490184
490185
490186
490187
490188
490189
490190
490191
490192
490193
490194
490195
490196
490197
490198
490199
490200
490201
490202
490203
490204
490231
490232
490233
490234
490235
490236
490237
490238
490239
490240
490241
490242
490244
490245
490246
490247
490248
490249
490251
490252
490253
490254
490255
490256
490335
490336
490337
490338
490339
490340
490341
490342
490343
490344
490345
490346
490347
490348
490349
490350
490351
490352
490353
490354
490355
490356
490357
490358
490359
490360
490361
490362
490363
490364
490365
490366
490367
490368
490369
490370
490371
490372
490373
490374
490375
490376
490377
490378
490379
490380
490381
490382
490383
490384
490386
490387
490388
490389
490390
490391
490392
490393
490394
490395
490397
490398
490399
490400
490401
490402
490403
490404
490406
490407
490408
490409
490410
490411
490412
490413
490414
490415
490416
490417
490418
490419
490420
490421
490422
490423
490424
490425
490426
490427
490428
490429
490430
490431
490432
490433
490434
490435
490436
490437
490438
490491
490492
490493
490494
490495
490496
490497
490498
490499
490500
490501
490502
490503
490504
490505
490506
490507
490508
490509
490510
490512
490513
490514
490515
490516
490517
490518
490519
490520
490521
490522
490523
490524
490525
490526
490527
490528
490529
490530
490531
490532
490533
490534
490535
490536
490537
490538
490539
490540
490541
490542
490647
490648
490649
490650
490651
490652
490653
490654
490655
490656
490657
490658
490659
490660
490661
490662
490663
490664
490665
490666
490667
490668
490669
490670
490671
490672
490725
490726
490727
490728
490729
490730
490731
490732
490733
490734
490735
490736
490737
490738
490739
490740
490741
490742
490743
490744
490745
490746
490747
490748
490749
490750
490752
490753
490754
490755
490756
490757
490758
490759
490760
490761
490762
490763
490764
490765
490766
490767
490768
490769
490770
490771
490772
490773
490774
490775
490776
490777
490778
490779
490780
490781
490782
490783
490784
490785
490786
490787
490788
490789
490790
490791
490792
490793
490794
490795
490796
490797
490798
490799
490800
490801
490802
490803
490806
490807
490808
490809
490810
490811
490812
490813
490814
490815
490816
490817
490818
490819
490820
490821
490822
490823
490824
490825
490826
490827
490828
490829
490830
490831
490832
490833
490834
490835
490837
490838
490839
490840
490841
490842
490843
490844
490845
490846
490847
490848
490849
490850
490851
490852
490853
490854
490907
490908
490909
490910
490911
490912
490913
490914
490915
490916
490917
490918
490919
490920
490921
490922
490923
490924
490925
490926
490927
490928
490929
490930
490931
490932
491038
491039
491040
491041
491043
491044
491045
491046
491047
491048
491049
491050
491051
491052
491053
491054
491056
491057
491058
491059
491061
491062
491141
491142
491143
491144
491145
491148
491149
491150
491151
491152
491153
491154
491155
491156
491157
491158
491159
491160
491161
491162
491163
491165
491166
491169
491172
491173
491174
491175
491176
491177
491178
491179
491180
491181
491182
491183
491184
491185
491186
491187
491188
491189
491190
491191
491192
491219
491220
491221
491222
491223
491224
491225
491226
491227
491228
491229
491230
491231
491232
491233
491234
491235
491236
491237
491238
491239
491240
491241
491242
491243
491375
491376
491377
491378
491379
491380
491381
491382
491383
491384
491385
491386
491387
491388
491389
491390
491391
491392
491393
491395
491396
491397
491398
491399
491400
491401
491404
491405
491406
491407
491408
491409
491410
491411
491412
491413
491414
491415
491416
491417
491418
491419
491420
491421
491422
491423
491424
491425
491426
491453
491454
491455
491456
491457
491459
491460
491461
491462
491463
491464
491465
491466
491467
491468
491471
491472
491473
491474
491475
491476
491477
491478
491531
491532
491533
491534
491535
491536
491537
491538
491539
491540
491541
491542
491543
491544
491545
491546
491547
491548
491549
491550
491551
491552
491554
491555
491556
491583
491584
491585
491586
491587
491589
491590
491591
491592
491593
491594
491595
491596
491597
491598
491599
491600
491602
491603
491604
491605
491606
491607
491608
491661
491662
491663
491664
491665
491666
491667
491668
491669
491670
491671
491672
491673
491674
491675
491676
491677
491678
491679
491680
491681
491682
491683
491684
491685
491686
491690
491692
491694
491695
491696
491697
491698
491699
491700
491701
491702
491703
491704
491705
491706
491707
491708
491709
491710
491711
491712
491713
491715
491716
491717
491718
491719
491720
491721
491722
491723
491724
491725
491726
491727
491728
491729
491730
491731
491732
491733
491734
491735
491736
491737
491738
491765
491766
491767
491768
491769
491770
491771
491772
491773
491774
491775
491776
491777
491778
491779
491780
491781
491782
491783
491784
491785
491786
491787
491788
491789
491790
491791
491792
491793
491794
491795
491796
491797
491798
491799
491800
491801
491802
491803
491804
491805
491806
491807
491808
491809
491810
491811
491812
491813
491814
491815
491816
491817
491818
491819
491820
491821
491822
491823
491824
491825
491826
491827
491828
491829
491830
491831
491832
491833
491834
491835
491836
491837
491838
491839
491840
491841
491842
491869
491870
491871
491872
491873
491874
491875
491876
491877
491878
491879
491880
491881
491882
491883
491884
491885
491886
491887
491888
491889
491890
491891
491892
491893
491894
491898
491899
491900
491901
491902
491903
491904
491905
491906
491907
491908
491909
491910
491911
491912
491913
491914
491915
491916
491917
491918
491919
491920
491921
491922
491923
491924
491925
491926
491927
491928
491929
491930
491931
491932
491933
491934
491935
491936
491937
491938
491939
491940
491941
491942
491943
491944
491945
491946
491947
491948
491949
491950
491951
491952
491953
491954
491955
491956
491957
491958
491959
491960
491961
491962
491963
491964
491965
491966
491967
491968
491969
491970
491971
491972
491999
492000
492001
492002
492003
492004
492005
492006
492007
492008
492009
492010
492011
492012
492013
492014
492015
492016
492017
492018
492019
492020
492021
492022
492023
492024
492051
492052
492053
492054
492055
492056
492057
492058
492059
492060
492061
492062
492063
492064
492065
492066
492067
492068
492069
492070
492071
492072
492073
492074
492075
492076
492129
492130
492131
492132
492133
492134
492135
492136
492137
492138
492139
492140
492141
492142
492143
492144
492145
492146
492147
492148
492149
492150
492151
492152
492153
492154
492155
492156
492157
492158
492159
492160
492161
492162
492163
492164
492165
492166
492167
492168
492169
492170
492171
492172
492173
492174
492175
492176
492177
492178
492179
492180
492181
492182
492183
492184
492185
492186
492187
492188
492189
492190
492191
492192
492193
492194
492195
492196
492197
492198
492199
492200
492201
492202
492203
492204
492205
492206
492209
492210
492211
492212
492213
492214
492215
492216
492217
492218
492219
492220
492221
492222
492223
492224
492225
492226
492227
492228
492229
492230
492231
492232
492259
492260
492261
492262
492263
492264
492265
492266
492267
492268
492269
492270
492271
492272
492273
492274
492275
492276
492277
492278
492279
492280
492281
492282
492283
492284
492285
492286
492288
492290
492291
492294
492295
492296
492300
492302
492303
492304
492306
492307
492309
492310
492311
492312
492313
492314
492315
492317
492318
492320
492321
492322
492324
492326
492327
492328
492329
492331
492332
492333
492334
492335
492336
492337
492339
492343
492344
492345
492346
492347
492348
492349
492350
492351
492352
492353
492354
492355
492356
492357
492358
492359
492360
492361
492362
492389
492390
492391
492392
492393
492394
