492395
492396
492397
492398
492399
492400
492401
492402
492403
492404
492405
492406
492407
492408
492409
492410
492411
492412
492413
492414
492415
492416
492417
492418
492419
492420
492421
492422
492423
492424
492425
492426
492427
492428
492429
492430
492431
492432
492433
492434
492435
492436
492437
492438
492439
492440
492442
492443
492444
492445
492446
492447
492448
492449
492450
492451
492452
492453
492454
492455
492456
492457
492458
492459
492460
492461
492462
492463
492464
492465
492466
492493
492494
492495
492496
492497
492498
492499
492500
492501
492502
492503
492504
492505
492507
492508
492509
492510
492511
492512
492514
492515
492516
492517
492518
492571
492572
492573
492574
492575
492576
492577
492578
492579
492580
492581
492582
492583
492584
492585
492586
492587
492588
492589
492590
492591
492592
492593
492594
492595
492596
492598
492599
492600
492601
492602
492603
492604
492605
492606
492607
492608
492609
492610
492611
492612
492613
492614
492615
492616
492617
492618
492619
492620
492621
492622
492623
492624
492625
492626
492627
492628
492629
492630
492631
492632
492633
492634
492635
492636
492637
492638
492639
492640
492641
492642
492643
492644
492645
492646
492647
492648
492701
492702
492703
492704
492705
492706
492707
492708
492709
492710
492711
492712
492713
492714
492715
492716
492717
492718
492719
492720
492721
492722
492723
492724
492725
492726
492727
492728
492729
492730
492731
492732
492733
492734
492735
492736
492737
492738
492739
492740
492741
492742
492743
492744
492745
492746
492747
492748
492749
492750
492751
492752
492753
492754
492756
492757
492758
492759
492760
492761
492762
492763
492764
492765
492766
492767
492768
492769
492770
492771
492772
492773
492774
492775
492776
492777
492778
492780
492781
492782
492783
492784
492785
492786
492787
492788
492789
492790
492791
492792
492793
492794
492795
492796
492797
492798
492799
492800
492801
492802
492803
492804
492883
492884
492885
492886
492887
492888
492889
492890
492891
492892
492893
492894
492895
492896
492897
492898
492899
492900
492901
492902
492903
492904
492905
492906
492907
492908
493013
493014
493015
493016
493017
493018
493019
493020
493021
493022
493023
493024
493025
493026
493027
493028
493029
493030
493031
493032
493033
493034
493035
493036
493037
493038
493117
493118
493119
493120
493121
493122
493123
493124
493125
493126
493127
493128
493129
493130
493131
493132
493133
493134
493135
493136
493137
493138
493139
493140
493141
493142
493169
493170
493171
493172
493173
493174
493175
493176
493177
493178
493179
493180
493181
493182
493183
493184
493185
493186
493187
493188
493189
493190
493191
493192
493193
493194
493195
493196
493198
493199
493200
493201
493202
493203
493204
493205
493206
493207
493208
493209
493210
493211
493212
493213
493214
493215
493216
493217
493218
493219
493220
493222
493223
493224
493225
493226
493227
493228
493229
493230
493231
493232
493233
493234
493235
493236
493237
493238
493239
493240
493241
493242
493243
493244
493245
493246
493247
493248
493249
493250
493251
493252
493253
493254
493255
493256
493257
493258
493259
493260
493261
493262
493263
493264
493265
493266
493267
493268
493269
493270
493271
493272
493275
493276
493277
493278
493279
493280
493281
493282
493283
493284
493285
493286
493287
493288
493289
493290
493291
493292
493293
493294
493295
493296
493297
493298
493325
493326
493327
493328
493329
493330
493331
493332
493333
493334
493335
493336
493337
493338
493339
493340
493341
493342
493343
493344
493345
493346
493347
493348
493349
493350
493351
493352
493353
493354
493355
493356
493357
493358
493359
493360
493361
493362
493363
493364
493365
493366
493367
493368
493369
493370
493371
493372
493373
493374
493375
493376
493378
493379
493381
493382
493383
493384
493385
493386
493387
493388
493389
493390
493391
493392
493393
493394
493395
493396
493397
493398
493399
493400
493401
493402
493403
493404
493405
493406
493407
493408
493409
493410
493411
493412
493413
493414
493415
493416
493417
493418
493419
493420
493421
493422
493423
493424
493425
493426
493427
493428
493455
493456
493457
493458
493459
493460
493461
493462
493463
493464
493465
493466
493467
493468
493469
493470
493471
493472
493473
493474
493475
493476
493477
493478
493479
493480
493507
493508
493509
493510
493511
493512
493513
493514
493515
493516
493517
493518
493519
493520
493521
493522
493523
493524
493525
493526
493527
493528
493529
493530
493531
493532
493559
493560
493561
493562
493563
493564
493565
493566
493567
493568
493569
493570
493571
493572
493573
493574
493575
493576
493577
493578
493579
493580
493581
493582
493583
493584
493585
493586
493587
493588
493589
493590
493591
493592
493593
493594
493595
493596
493597
493598
493599
493600
493601
493602
493603
493604
493605
493606
493607
493608
493609
493610
493663
493664
493665
493666
493667
493668
493669
493670
493671
493672
493673
493674
493675
493676
493677
493678
493679
493680
493681
493682
493683
493684
493685
493686
493687
493688
493715
493716
493717
493718
493719
493720
493721
493722
493723
493724
493725
493726
493727
493728
493729
493730
493731
493732
493733
493734
493735
493736
493737
493738
493739
493740
493767
493768
493769
493770
493771
493772
493773
493774
493775
493776
493777
493778
493779
493780
493781
493782
493783
493784
493785
493786
493787
493788
493789
493790
493791
493792
493793
493794
493795
493796
493797
493798
493799
493800
493801
493802
493803
493804
493805
493806
493807
493808
493809
493810
493811
493812
493813
493814
493815
493816
493817
493818
493897
493898
493899
493900
493901
493902
493903
493904
493905
493906
493907
493908
493909
493910
493911
493912
493913
493914
493915
493916
493917
493918
493919
493920
493921
493922
493925
493926
493927
493928
493929
493930
493931
493932
493933
493934
493935
493936
493937
493938
493939
493940
493941
493942
493943
493944
493945
493946
493947
493948
494027
494028
494029
494030
494031
494032
494033
494034
494035
494036
494037
494038
494039
494040
494041
494042
494043
494044
494045
494046
494048
494049
494050
494051
494052
494053
494054
494055
494056
494057
494058
494059
494060
494061
494062
494063
494064
494065
494066
494067
494068
494069
494070
494071
494072
494073
494074
494075
494076
494077
494078
494079
494080
494082
494083
494084
494085
494086
494087
494088
494089
494090
494091
494092
494093
494094
494095
494096
494097
494098
494099
494100
494101
494102
494103
494104
494105
494106
494108
494109
494110
494111
494112
494113
494114
494115
494116
494117
494118
494119
494120
494121
494122
494123
494124
494125
494126
494127
494128
494129
494130
494157
494158
494159
494160
494161
494162
494163
494164
494165
494166
494167
494168
494169
494170
494171
494172
494173
494174
494175
494176
494177
494178
494179
494180
494181
494182
494261
494262
494263
494264
494265
494266
494267
494268
494269
494270
494271
494272
494273
494274
494275
494276
494277
494278
494279
494280
494281
494282
494283
494284
494285
494286
494287
494288
494289
494290
494291
494292
494293
494294
494295
494296
494297
494298
494299
494300
494301
494302
494303
494304
494305
494306
494307
494308
494309
494310
494311
494312
494443
494444
494445
494446
494447
494448
494449
494450
494451
494452
494453
494454
494455
494456
494457
494458
494459
494460
494461
494462
494463
494464
494465
494466
494467
494468
494470
494471
494472
494473
494474
494475
494476
494477
494478
494479
494480
494481
494482
494483
494484
494485
494486
494487
494488
494489
494490
494491
494492
494493
494494
494547
494548
494549
494550
494551
494552
494553
494554
494555
494556
494557
494558
494559
494560
494561
494562
494563
494564
494565
494566
494567
494568
494569
494570
494571
494572
494599
494600
494601
494602
494603
494604
494605
494606
494607
494608
494609
494610
494611
494612
494613
494615
494616
494617
494618
494619
494620
494621
494622
494623
494624
494651
494652
494653
494654
494655
494656
494657
494658
494659
494660
494661
494662
494663
494664
494665
494666
494667
494668
494669
494670
494671
494672
494673
494674
494675
494676
494703
494704
494705
494706
494707
494708
494709
494710
494711
494712
494713
494714
494715
494716
494717
494718
494719
494720
494721
494722
494723
494724
494725
494726
494727
494728
494729
494730
494731
494732
494733
494734
494735
494736
494737
494738
494739
494740
494741
494742
494743
494744
494745
494746
494747
494748
494749
494750
494751
494752
494754
494756
494757
494758
494759
494760
494761
494763
494764
494766
494767
494768
494769
494770
494771
494772
494773
494774
494775
494776
494777
494778
494779
494780
494807
494808
494809
494810
494811
494812
494813
494814
494815
494816
494817
494818
494819
494820
494821
494822
494823
494824
494825
494826
494827
494828
494829
494830
494831
494832
494911
494912
494913
494914
494915
494916
494917
494918
494919
494920
494921
494922
494923
494924
494925
494926
494927
494928
494929
494930
494931
494933
494934
494935
494936
494963
494964
494965
494966
494967
494968
494970
494971
494972
494973
494974
494975
494976
494977
494978
494979
494980
494981
494982
494983
494984
494985
494986
494987
494988
495067
495068
495069
495070
495071
495072
495073
495074
495075
495076
495077
495078
495079
495080
495081
495082
495083
495084
495085
495086
495087
495088
495089
495090
495091
495092
495093
495094
495095
495096
495097
495098
495099
495100
495101
495102
495103
495104
495105
495106
495107
495108
495109
495110
495111
495112
495113
495114
495115
495116
495117
495118
495119
495120
495121
495122
495123
495124
495125
495126
495127
495128
495129
495130
495131
495132
495133
495134
495135
495136
495137
495138
495139
495140
495141
495142
495143
495144
495146
495147
495148
495149
495150
495151
495152
495153
495154
495155
495156
495157
495158
495159
495160
495161
495162
495163
495164
495165
495166
495167
495168
495169
495170
495197
495198
495199
495200
495201
495202
495203
495204
495205
495206
495207
495208
495209
495210
495211
495212
495213
495214
495215
495216
495217
495218
495219
495220
495221
495222
495249
495250
495251
495252
495253
495254
495255
495256
495257
495258
495259
495260
495261
495262
495263
495264
495265
495266
495267
495268
495269
495270
495271
495272
495273
495274
495301
495302
495303
495304
495305
495306
495307
495308
495309
495310
495311
495312
495313
495314
495315
495316
495317
495318
495319
495320
495321
495322
495323
495324
495325
495326
495329
495330
495331
495332
495333
495334
495335
495336
495337
495338
495339
495340
495341
495342
495343
495344
495345
495346
495347
495348
495349
495350
495351
495352
495354
495355
495356
495357
495358
495359
495360
495361
495362
495363
495364
495365
495366
495367
495368
495369
495370
495371
495372
495373
495374
495375
495376
495377
495378
495379
495382
495383
495384
495385
495386
495387
495388
495389
495390
495391
495392
495393
495394
495395
495396
495397
495398
495399
495400
495401
495402
495403
495404
495561
495562
495563
495564
495565
495566
495567
495568
495569
495570
495571
495572
495573
495574
495575
495576
495577
495578
495579
495580
495581
495582
495583
495584
495585
495586
495639
495640
495641
495642
495643
495644
495645
495646
495647
495648
495649
495650
495651
495652
495653
495654
495655
495656
495657
495658
495659
495660
495661
495662
495663
495664
495691
495692
495693
495694
495695
495696
495697
495698
495699
495700
495701
495702
495703
495704
495705
495706
495707
495708
495709
495710
495711
495712
495713
495714
495715
495716
495718
495719
495721
495722
495723
495724
495725
495726
495727
495728
495729
495730
495731
495732
495733
495734
495735
495736
495737
495738
495739
495740
495741
495742
495873
495874
495875
495876
495877
495878
495879
495880
495881
495882
495883
495884
495885
495886
495887
495888
495889
495890
495891
495892
495893
495894
495895
495896
495897
495898
496081
496082
496083
496084
496085
496086
496087
496088
496089
496090
496091
496092
496093
496094
496095
496096
496097
496098
496099
496100
496101
496102
496103
496104
496105
496106
496107
496108
496109
496110
496111
496112
496113
496114
496115
496116
496117
496118
496119
496120
496122
496123
496124
496125
496126
496127
496128
496129
496130
496131
496132
496134
496135
496136
496137
496138
496139
496140
496141
496142
496143
496144
496145
496146
496147
496148
496149
496150
496151
496152
496153
496154
496155
496156
496157
496158
496162
496163
496164
496165
496166
496167
496168
496169
496170
496171
496172
496173
496174
496175
496176
496177
496178
496179
496180
496181
496182
496183
496184
496185
496186
496188
496189
496190
496191
496193
496194
496195
496196
496197
496198
496199
496200
496201
496202
496203
496204
496205
496206
496207
496208
496209
496210
496263
496264
496265
496266
496267
496268
496269
496270
496271
496272
496273
496274
496275
496276
496277
496278
496279
496280
496281
496282
496283
496284
496285
496286
496287
496288
496289
496291
496292
496293
496294
496295
496296
496297
496298
496299
496300
496301
496302
496303
496304
496305
496306
496307
496308
496309
496310
496311
496312
496313
496314
496341
496342
496343
496344
496345
496346
496347
496348
496349
496350
496351
496352
496353
496354
496355
496356
496357
496358
496359
496360
496361
496362
496363
496364
496365
496366
496368
496369
496370
496371
496372
496373
496374
496375
496376
496377
496378
496379
496380
496381
496382
496383
496384
496385
496386
496387
496388
496389
496390
496391
496392
496393
496395
496396
496397
496398
496399
496400
496401
496402
496403
496404
496405
496406
496407
496408
496409
496410
496411
496412
496413
496414
496415
496416
496417
496418
496549
496550
496551
496552
496553
496554
496555
496556
496557
496558
496559
496560
496561
496562
496563
496564
496565
496566
496567
496568
496569
496570
496571
496572
496573
496574
496679
496680
496681
496682
496683
496684
496685
496687
496688
496689
496690
496691
496692
496693
496694
496695
496696
496697
496698
496699
496700
496701
496702
496703
496704
496731
496732
496733
496734
496735
496736
496737
496738
496739
496740
496741
496742
496743
496744
496745
496746
496747
496748
496749
496750
496751
496752
496753
496754
496755
496756
496758
496759
496760
496761
496762
496763
496764
496765
496766
496767
496768
496769
496770
496771
496772
496773
496774
496775
496776
496777
496778
496779
496780
496781
496782
496783
496785
496789
496790
496791
496792
496793
496794
496795
496796
496797
496798
496799
496800
496801
496802
496803
496804
496805
496806
496807
496808
496811
496812
496813
496814
496815
496816
496817
496818
496819
496820
496821
496822
496823
496824
496825
496826
496827
496828
496829
496830
496831
496832
496833
496834
496861
496862
496863
496864
496865
496866
496867
496868
496869
496870
496871
496872
496873
496874
496875
496876
496877
496878
496879
496880
496881
496882
496883
496884
496885
496886
496939
496940
496941
496942
496943
496944
496945
496946
496947
496948
496949
496950
496951
496952
496953
496954
496955
496956
496957
496958
496959
496960
496961
496962
496963
496964
496991
496992
496993
496994
496995
496996
496997
496998
496999
497000
497001
497002
497003
497004
497005
497006
497007
497008
497009
497010
497011
497012
497013
497014
497015
497016
497043
497044
497045
497046
497047
497048
497049
497050
497051
497052
497053
497054
497055
497056
497057
497058
497059
497060
497061
497062
497063
497064
497065
497066
497067
497068
497069
497070
497071
497072
497073
497074
497075
497076
497077
497078
497079
497080
497081
497082
497083
497084
497085
497086
497087
497088
497089
497090
497091
497092
497093
497094
497199
497200
497201
497202
497203
497204
497205
497206
497207
497208
497209
497210
497211
497212
497213
497214
497215
497216
497217
497218
497219
497220
497221
497222
497223
497224
497277
497278
497279
497280
497281
497282
497283
497284
497285
497286
497287
497288
497289
497290
497291
497292
497293
497294
497295
497296
497297
497298
497299
497300
497301
497302
497329
497330
497331
497332
497333
497334
497335
497336
497337
497338
497339
497340
497341
497342
497343
497344
497345
497346
497347
497348
497349
497350
497351
497352
497353
497354
497356
497357
497358
497359
497360
497361
497362
497363
497364
497365
497366
497367
497368
497369
497370
497371
497372
497373
497374
497375
497376
497377
497378
497379
497380
497407
497408
497409
497410
497411
497412
497413
497414
497415
497416
497417
497418
497419
497420
497421
497422
497423
497424
497425
497426
497427
497428
497429
497430
497431
497432
497434
497435
497436
497437
497438
497439
497440
497441
497442
497443
497444
497445
497446
497447
497448
497449
497450
497451
497452
497453
497454
497455
497456
497457
497458
497460
497461
497462
497463
497464
497465
497466
497467
497468
497469
497470
497471
497472
497473
497474
497475
497476
497477
497478
497479
497480
497481
497482
497483
497484
497511
497512
497513
497514
497515
497516
497517
497518
497519
497520
497521
497522
497523
497524
497525
497526
497527
497528
497529
497530
497531
497532
497533
497534
497535
497536
