497667
497668
497669
497670
497671
497672
497673
497674
497675
497676
497677
497678
497679
497680
497681
497682
497683
497684
497685
497686
497687
497688
497689
497690
497691
497692
497693
497694
497695
497696
497697
497698
497699
497700
497701
497702
497703
497704
497705
497706
497707
497708
497709
497710
497711
497712
497713
497714
497715
497716
497717
497718
497745
497746
497747
497748
497749
497750
497751
497752
497753
497754
497755
497756
497757
497758
497759
497760
497761
497762
497763
497764
497765
497766
497767
497768
497769
497770
497797
497798
497799
497800
497801
497802
497803
497804
497805
497806
497807
497808
497809
497810
497811
497812
497813
497814
497815
497816
497817
497818
497819
497820
497821
497822
497875
497876
497877
497878
497879
497880
497881
497882
497883
497884
497885
497886
497887
497888
497889
497890
497891
497892
497893
497894
497895
497896
497897
497898
497899
497900
497979
497980
497981
497982
497983
497984
497985
497986
497987
497988
497989
497990
497991
497992
497993
497994
497995
497996
497997
497998
497999
498000
498001
498002
498003
498004
498006
498007
498008
498009
498010
498011
498012
498013
498014
498015
498016
498017
498018
498019
498020
498021
498022
498023
498024
498025
498026
498027
498028
498029
498030
498032
498033
498034
498035
498036
498037
498038
498039
498040
498041
498042
498043
498044
498045
498046
498047
498048
498049
498050
498051
498052
498053
498054
498055
498056
498057
498058
498059
498060
498061
498062
498063
498064
498065
498066
498067
498068
498069
498070
498071
498072
498073
498074
498075
498076
498077
498078
498079
498080
498081
498082
498084
498085
498086
498087
498088
498089
498090
498091
498092
498093
498094
498095
498096
498097
498098
498099
498101
498102
498103
498104
498105
498106
498107
498108
498109
498112
498113
498114
498115
498116
498117
498118
498119
498120
498121
498122
498123
498124
498125
498126
498127
498128
498129
498130
498131
498132
498133
498134
498161
498162
498163
498164
498165
498166
498167
498168
498169
498170
498171
498172
498173
498174
498175
498176
498177
498178
498179
498180
498181
498182
498183
498184
498185
498186
498291
498292
498293
498294
498295
498296
498297
498298
498299
498300
498301
498302
498303
498304
498305
498306
498307
498308
498309
498310
498311
498312
498313
498314
498315
498316
498317
498318
498319
498320
498321
498322
498323
498324
498325
498326
498327
498328
498329
498330
498331
498332
498333
498334
498335
498336
498337
498338
498339
498340
498341
498342
498343
498344
498345
498346
498347
498348
498349
498350
498351
498352
498353
498354
498355
498356
498357
498358
498359
498360
498361
498362
498363
498364
498365
498366
498367
498368
498447
498448
498449
498450
498451
498452
498453
498454
498455
498456
498457
498458
498459
498460
498461
498462
498463
498464
498465
498466
498467
498468
498469
498470
498471
498472
498475
498476
498477
498478
498479
498480
498481
498482
498483
498484
498485
498486
498487
498488
498489
498490
498491
498492
498493
498494
498495
498496
498497
498498
498577
498578
498579
498580
498581
498582
498583
498584
498585
498586
498587
498588
498589
498590
498591
498592
498593
498594
498595
498596
498597
498598
498599
498600
498601
498602
498629
498630
498631
498632
498633
498634
498635
498636
498637
498638
498639
498640
498641
498642
498643
498644
498645
498646
498647
498648
498649
498650
498651
498652
498653
498654
498658
498659
498660
498661
498662
498663
498664
498665
498666
498667
498668
498669
498670
498671
498672
498673
498674
498675
498676
498677
498678
498679
498680
498682
498683
498684
498685
498686
498687
498688
498689
498690
498691
498692
498693
498694
498695
498696
498697
498698
498699
498700
498701
498702
498703
498704
498705
498706
498707
498708
498709
498710
498711
498712
498713
498714
498715
498716
498717
498718
498719
498720
498721
498722
498723
498724
498725
498726
498727
498728
498729
498730
498731
498732
498811
498812
498813
498814
498815
498816
498817
498818
498819
498820
498821
498822
498823
498824
498825
498826
498827
498828
498829
498830
498831
498832
498833
498834
498835
498836
498837
498838
498839
498840
498841
498842
498843
498844
498845
498846
498847
498848
498849
498850
498851
498852
498853
498854
498855
498856
498857
498858
498859
498860
498861
498862
498889
498890
498891
498892
498893
498894
498895
498896
498897
498898
498899
498900
498901
498902
498903
498904
498905
498906
498907
498908
498909
498910
498911
498912
498913
498914
499123
499124
499125
499126
499127
499128
499129
499130
499131
499132
499133
499134
499135
499136
499137
499138
499139
499140
499141
499142
499143
499144
499145
499146
499147
499148
499150
499152
499153
499154
499155
499156
499157
499158
499159
499160
499161
499162
499163
499164
499165
499166
499167
499168
499169
499170
499171
499172
499173
499174
499201
499202
499203
499204
499205
499206
499207
499208
499209
499210
499211
499212
499213
499214
499215
499216
499217
499218
499219
499220
499221
499222
499223
499224
499225
499226
499279
499280
499281
499282
499283
499284
499285
499286
499287
499288
499289
499290
499291
499292
499293
499294
499295
499296
499297
499298
499299
499300
499301
499302
499303
499304
499331
499332
499333
499334
499335
499336
499337
499338
499339
499340
499341
499342
499343
499344
499345
499346
499347
499348
499349
499350
499351
499352
499353
499354
499355
499356
499409
499410
499411
499412
499413
499414
499415
499416
499417
499418
499419
499420
499421
499422
499423
499424
499425
499426
499427
499428
499429
499430
499431
499432
499433
499434
499513
499514
499515
499516
499517
499518
499519
499520
499521
499522
499523
499524
499525
499526
499527
499528
499529
499530
499531
499532
499533
499534
499535
499536
499537
499538
499565
499566
499567
499568
499569
499570
499571
499572
499573
499574
499575
499576
499577
499578
499579
499580
499581
499582
499583
499584
499585
499586
499587
499588
499589
499590
499643
499644
499645
499646
499647
499648
499649
499650
499651
499652
499653
499654
499655
499656
499657
499658
499659
499660
499661
499662
499663
499664
499665
499666
499667
499668
499671
499675
499676
499677
499678
499679
499680
499681
499682
499683
499684
499685
499686
499687
499688
499689
499690
499691
499692
499693
499694
499695
499696
499697
499699
499700
499701
499702
499703
499704
499705
499706
499707
499708
499709
499710
499711
499712
499713
499714
499715
499716
499717
499718
499719
499720
499747
499748
499749
499750
499751
499752
499753
499754
499755
499756
499757
499758
499759
499760
499761
499762
499763
499764
499765
499766
499767
499768
499769
499770
499771
499772
499799
499800
499801
499802
499803
499804
499805
499806
499807
499808
499809
499810
499811
499812
499813
499814
499815
499816
499817
499818
499819
499820
499821
499822
499823
499824
499851
499852
499853
499854
499855
499856
499857
499858
499859
499860
499861
499862
499863
499864
499865
499866
499867
499868
499869
499870
499871
499872
499873
499874
499875
499876
499903
499904
499905
499906
499907
499908
499909
499910
499911
499912
499913
499914
499915
499916
499917
499918
499919
499920
499921
499922
499923
499924
499925
499926
499927
499928
499929
499931
499932
499933
499934
499935
499936
499937
499938
499939
499940
499941
499942
499943
499944
499945
499946
499947
499948
499949
499950
499951
499952
499953
499954
500033
500034
500035
500036
500037
500038
500039
500040
500041
500042
500043
500044
500045
500046
500047
500048
500049
500050
500051
500052
500053
500054
500055
500056
500057
500058
500111
500112
500113
500114
500115
500116
500117
500118
500119
500120
500121
500122
500123
500124
500125
500126
500127
500128
500129
500130
500131
500132
500133
500134
500135
500136
500137
500138
500140
500141
500142
500143
500144
500145
500146
500147
500148
500149
500150
500151
500152
500153
500154
500155
500156
500157
500158
500159
500160
500161
500162
500163
500164
500165
500166
500167
500168
500169
500170
500171
500172
500173
500174
500175
500176
500177
500178
500179
500180
500181
500182
500183
500184
500185
500186
500187
500188
500215
500216
500217
500218
500219
500220
500221
500222
500223
500224
500225
500226
500227
500228
500229
500230
500231
500232
500233
500234
500235
500236
500237
500238
500239
500240
500267
500268
500269
500270
500271
500272
500273
500274
500275
500276
500277
500278
500279
500280
500281
500282
500283
500284
500285
500286
500287
500288
500289
500290
500291
500292
500293
500295
500296
500297
500298
500299
500300
500301
500302
500303
500304
500305
500306
500307
500308
500309
500310
500311
500312
500313
500314
500315
500316
500317
500318
500320
500321
500322
500323
500324
500325
500326
500327
500328
500329
500330
500331
500332
500333
500334
500335
500336
500337
500338
500339
500340
500341
500342
500343
500344
500423
500424
500425
500426
500427
500428
500429
500430
500431
500432
500433
500434
500435
500436
500437
500438
500439
500440
500441
500442
500443
500444
500445
500446
500447
500448
500475
500476
500477
500478
500479
500480
500481
500482
500483
500484
500485
500486
500487
500488
500489
500490
500491
500492
500493
500494
500495
500496
500497
500498
500499
500500
500501
500503
500504
500505
500506
500507
500508
500509
500510
500511
500512
500513
500514
500515
500516
500517
500518
500519
500520
500521
500522
500523
500524
500525
500526
500529
500530
500531
500532
500533
500534
500535
500536
500537
500538
500539
500540
500541
500542
500543
500544
500545
500546
500547
500548
500549
500550
500551
500552
500657
500658
500659
500660
500661
500662
500663
500664
500665
500666
500667
500668
500669
500670
500671
500672
500673
500674
500675
500676
500677
500678
500679
500680
500681
500682
500761
500762
500763
500764
500765
500766
500767
500768
500769
500770
500771
500772
500773
500774
500775
500776
500777
500778
500779
500780
500781
500782
500783
500784
500785
500786
500839
500840
500841
500842
500843
500844
500845
500846
500847
500848
500849
500850
500851
500852
500853
500854
500855
500856
500857
500858
500859
500860
500861
500862
500863
500864
500865
500866
500867
500868
500869
500870
500871
500872
500873
500874
500875
500876
500877
500878
500879
500880
500881
500882
500883
500884
500885
500886
500887
500888
500889
500890
500917
500918
500919
500920
500921
500922
500923
500924
500925
500926
500927
500928
500929
500930
500931
500932
500933
500934
500935
500936
500937
500938
500939
500940
500941
500942
501021
501022
501023
501024
501025
501026
501027
501028
501029
501030
501031
501032
501033
501034
501035
501036
501037
501038
501039
501040
501041
501042
501043
501044
501045
501046
501048
501049
501050
501051
501052
501053
501054
501055
501056
501057
501058
501059
501060
501061
501062
501063
501064
501065
501066
501067
501068
501069
501070
501071
501072
501099
501100
501101
501102
501103
501104
501105
501106
501107
501108
501109
501110
501111
501112
501113
501114
501115
501116
501117
501118
501119
501120
501121
501122
501123
501124
501151
501152
501153
501154
501155
501156
501157
501158
501159
501160
501161
501162
501163
501164
501165
501166
501167
501168
501169
501170
501171
501172
501173
501174
501175
501176
501177
501178
501179
501180
501182
501183
501184
501185
501186
501187
501188
501189
501190
501191
501192
501193
501194
501195
501196
501197
501198
501199
501200
501201
501202
501229
501230
501231
501232
501233
501234
501235
501236
501237
501238
501239
501240
501241
501242
501243
501244
501245
501246
501247
501248
501249
501250
501251
501252
501253
501254
501256
501259
501260
501261
501263
501264
501265
501266
501267
501269
501270
501271
501272
501273
501274
501275
501276
501277
501278
501279
501280
501333
501334
501335
501336
501337
501338
501339
501340
501341
501342
501343
501344
501345
501346
501347
501348
501349
501350
501351
501352
501353
501354
501355
501356
501357
501358
501360
501361
501362
501363
501364
501365
501366
501367
501368
501369
501370
501371
501372
501373
501374
501375
501376
501377
501378
501379
501380
501381
501382
501383
501384
501385
501386
501387
501388
501389
501390
501391
501392
501393
501394
501395
501396
501397
501398
501399
501400
501401
501402
501403
501404
501405
501406
501407
501408
501409
501410
501411
501412
501413
501414
501415
501416
501417
501418
501419
501420
501421
501422
501423
501424
501425
501426
501427
501428
501429
501430
501431
501432
501433
501434
501435
501436
501463
501464
501465
501466
501467
501468
501469
501470
501471
501472
501473
501474
501475
501476
501477
501478
501479
501480
501481
501482
501483
501484
501485
501486
501487
501488
501515
501516
501517
501518
501519
501520
501521
501522
501523
501524
501525
501526
501527
501528
501529
501530
501531
501532
501533
501534
501535
501536
501537
501538
501539
501540
501567
501568
501569
501570
501571
501572
501573
501574
501575
501576
501577
501578
501579
501580
501581
501582
501583
501584
501585
501586
501587
501588
501589
501590
501591
501592
501645
501646
501647
501648
501649
501650
501651
501652
501653
501654
501655
501656
501657
501658
501659
501660
501661
501662
501663
501664
501665
501666
501667
501668
501669
501670
501697
501698
501699
501700
501701
501702
501703
501704
501705
501706
501707
501708
501709
501710
501711
501712
501713
501714
501715
501716
501717
501718
501719
501720
501721
501722
501801
501802
501803
501804
501805
501806
501807
501808
501809
501810
501811
501812
501813
501814
501815
501816
501817
501818
501819
501820
501821
501822
501823
501824
501825
501826
501827
501828
501829
501830
501831
501832
501833
501834
501835
501836
501837
501838
501839
501840
501841
501842
501843
501844
501845
501846
501847
501848
501849
501850
501851
501852
501853
501854
501855
501857
501858
501859
501860
501861
501862
501863
501864
501865
501866
501867
501868
501869
501870
501871
501872
501873
501874
501875
501876
501877
501878
502009
502010
502011
502012
502013
502014
502015
502016
502017
502018
502019
502020
502021
502022
502023
502024
502025
502026
502027
502028
502029
502030
502031
502032
502033
502034
502036
502037
502038
502039
502040
502041
502042
502043
502044
502045
502046
502047
502048
502049
502050
502051
502052
502053
502054
502055
502056
502057
502058
502059
502060
502113
502114
502115
502116
502117
502118
502119
502120
502121
502122
502123
502124
502125
502126
502127
502128
502129
502130
502131
502132
502133
502134
502135
502136
502137
502138
502191
502192
502193
502194
502195
502196
502197
502198
502199
502200
502201
502202
502203
502204
502205
502206
502207
502208
502209
502210
502211
502212
502213
502214
502215
502216
502243
502244
502245
502246
502247
502248
502249
502250
502251
502252
502253
502254
502255
502256
502257
502258
502259
502260
502261
502262
502263
502264
502265
502266
502267
502268
502295
502296
502297
502298
502299
502300
502301
502302
502303
502304
502305
502306
502307
502308
502309
502310
502311
502312
502313
502314
502315
502316
502317
502318
502319
502320
502347
502348
502349
502350
502351
502352
502353
502354
502355
502356
502357
502358
502359
502360
502361
502362
502363
502364
502365
502366
502367
502368
502369
502370
502371
502372
502399
502400
502401
502402
502403
502404
502405
502406
502407
502408
502409
502410
502411
502412
502413
502414
502415
502416
502417
502418
502419
502420
502421
502422
502423
502424
502477
502478
502479
502480
502481
502482
502483
502484
502485
502486
502487
502488
502489
502490
502491
502492
502493
502494
502495
502496
502497
502498
502499
502500
502501
502502
502504
502505
502506
502507
502508
502509
502510
502511
502512
502513
502514
502515
502516
502517
502518
502519
502520
502521
502522
502523
502524
502525
502526
502527
502528
502529
502530
502531
502532
502533
502534
502535
502536
502537
502539
502540
502541
502542
502543
502544
502545
502546
502547
502548
502549
502550
502551
502552
502554
502555
502557
502558
502559
502560
502561
502562
502563
502564
502565
502566
502567
502568
502569
502570
502571
502572
502573
502574
502575
502576
502577
502578
502579
502580
502581
502582
502583
502584
502585
502586
502587
502588
502589
502590
502591
502592
502593
502594
502595
502596
502597
502598
502599
502600
502601
502602
502603
502604
502605
502606
502607
502608
502609
502610
502611
502612
502613
502614
502615
502616
502617
502618
502619
502620
502621
502622
502623
502624
502625
502626
502627
502628
502629
502630
502631
502632
502634
502635
502636
502637
502638
502639
502640
502641
502642
502643
502644
502645
502646
502647
502648
502649
502650
502651
502652
502653
502654
502655
502656
502657
502658
502711
502712
502713
502714
502715
502716
502717
502718
502719
502720
502721
502722
502723
502724
502725
502726
502727
502728
502729
502730
502731
502732
502733
502734
502735
502736
502738
502739
502740
502741
502742
502744
502745
502746
502747
502749
502750
502751
502752
502753
502754
502755
502756
502757
502758
502759
502760
502761
502762
502763
502764
502765
502766
502767
502768
502769
502770
502771
502772
502773
502774
502775
502776
502777
502778
502779
502780
502781
502782
502783
502784
502785
502786
502787
502788
502815
502816
502821
502822
502823
502824
502825
502826
502827
502828
502829
502830
502831
502832
502834
502835
502836
502837
502839
502840
