508093
508094
508095
508096
508097
508098
508099
508100
508101
508102
508103
508104
508105
508106
508107
508108
508109
508110
508111
508112
508113
508114
508115
508116
508117
508118
508119
508120
508121
508122
508123
508124
508125
508126
508127
508128
508129
508130
508131
508132
508133
508134
508135
508136
508137
508138
508139
508140
508141
508142
508143
508144
508197
508198
508199
508200
508201
508202
508203
508204
508205
508206
508207
508208
508209
508210
508211
508212
508213
508214
508215
508216
508217
508218
508219
508220
508221
508222
508224
508225
508226
508227
508228
508229
508230
508231
508232
508233
508234
508235
508236
508237
508238
508239
508240
508241
508242
508243
508244
508245
508246
508247
508248
508275
508276
508277
508278
508279
508280
508281
508282
508283
508284
508285
508286
508287
508288
508289
508290
508291
508292
508293
508294
508295
508296
508297
508298
508299
508300
508301
508302
508303
508304
508305
508306
508307
508308
508309
508310
508311
508312
508313
508314
508315
508316
508317
508318
508319
508320
508321
508322
508323
508324
508325
508326
508405
508406
508407
508408
508409
508410
508411
508412
508413
508414
508415
508416
508417
508418
508419
508420
508421
508422
508423
508424
508425
508426
508427
508428
508429
508430
508432
508433
508434
508435
508436
508437
508438
508439
508440
508441
508442
508443
508444
508445
508446
508447
508448
508449
508450
508451
508452
508453
508454
508455
508456
508457
508458
508459
508460
508461
508462
508463
508464
508465
508466
508467
508468
508469
508470
508471
508472
508473
508474
508475
508476
508477
508478
508479
508480
508481
508482
508485
508488
508489
508490
508491
508492
508493
508494
508495
508496
508497
508498
508499
508500
508501
508502
508503
508504
508505
508506
508507
508508
508535
508536
508537
508538
508539
508540
508541
508542
508543
508544
508545
508546
508547
508548
508549
508550
508551
508552
508553
508554
508555
508556
508557
508558
508559
508560
508639
508640
508641
508642
508643
508644
508645
508646
508647
508648
508649
508650
508651
508652
508653
508654
508655
508656
508657
508658
508659
508660
508661
508662
508663
508664
508691
508692
508693
508694
508695
508696
508697
508698
508699
508700
508701
508702
508703
508704
508705
508706
508707
508708
508709
508710
508711
508712
508713
508714
508715
508716
508743
508744
508745
508746
508747
508748
508749
508750
508751
508752
508753
508754
508755
508756
508757
508758
508759
508760
508761
508762
508763
508764
508765
508766
508767
508768
508873
508874
508875
508876
508877
508878
508879
508880
508881
508882
508883
508884
508885
508886
508887
508888
508889
508890
508891
508892
508893
508894
508895
508896
508897
508898
508977
508978
508979
508980
508981
508982
508983
508984
508985
508986
508987
508988
508989
508990
508991
508992
508993
508994
508995
508996
508997
508998
508999
509000
509001
509002
509003
509004
509005
509006
509007
509008
509009
509010
509011
509012
509013
509016
509017
509018
509019
509020
509021
509022
509023
509024
509025
509026
509027
509028
509055
509056
509057
509058
509059
509060
509061
509062
509063
509064
509065
509066
509067
509068
509069
509070
509071
509072
509073
509074
509075
509076
509077
509078
509079
509080
509263
509264
509265
509266
509267
509268
509269
509270
509271
509272
509273
509274
509275
509276
509277
509278
509279
509280
509281
509282
509283
509284
509285
509286
509287
509288
509289
509291
509292
509293
509294
509295
509296
509297
509298
509299
509300
509301
509302
509303
509304
509305
509306
509307
509308
509309
509310
509311
509312
509313
509314
509367
509368
509369
509370
509371
509372
509373
509374
509375
509376
509377
509378
509379
509380
509381
509382
509383
509384
509385
509386
509387
509388
509389
509390
509391
509392
509445
509446
509447
509448
509449
509450
509451
509452
509453
509454
509455
509456
509457
509458
509459
509460
509461
509462
509463
509464
509465
509466
509467
509468
509469
509470
509523
509524
509525
509526
509527
509528
509529
509530
509531
509532
509533
509534
509535
509536
509537
509538
509539
509540
509541
509542
509543
509544
509545
509546
509547
509548
509627
509628
509629
509630
509631
509632
509633
509634
509635
509636
509637
509638
509639
509640
509641
509642
509643
509644
509645
509646
509647
509648
509649
509650
509651
509652
509679
509680
509681
509682
509683
509684
509685
509686
509687
509688
509689
509690
509691
509692
509693
509694
509695
509696
509697
509698
509699
509700
509701
509702
509703
509704
509705
509706
509707
509708
509709
509710
509711
509712
509713
509714
509715
509716
509717
509718
509719
509720
509721
509722
509723
509724
509725
509726
509727
509728
509729
509730
509732
509733
509734
509735
509736
509737
509738
509739
509740
509741
509742
509743
509744
509745
509746
509747
509748
509749
509750
509751
509752
509753
509754
509755
509756
509757
509758
509759
509760
509761
509762
509763
509764
509765
509766
509767
509768
509769
509770
509771
509772
509773
509774
509775
509776
509777
509778
509779
509780
509781
509782
509809
509810
509811
509812
509813
509814
509815
509816
509817
509818
509819
509820
509821
509822
509823
509824
509825
509826
509827
509828
509829
509830
509831
509832
509833
509834
509861
509862
509863
509864
509865
509866
509867
509868
509869
509870
509871
509872
509873
509874
509875
509876
509877
509878
509879
509880
509881
509882
509883
509884
509885
509886
509887
509888
509890
509891
509892
509893
509894
509895
509896
509897
509898
509899
509900
509901
509902
509903
509904
509905
509906
509907
509908
509909
509910
509911
509912
510043
510044
510045
510046
510047
510048
510049
510050
510051
510052
510053
510054
510055
510056
510057
510058
510059
510060
510061
510062
510063
510064
510065
510066
510067
510068
510121
510122
510123
510124
510125
510126
510127
510128
510129
510130
510131
510132
510133
510134
510135
510136
510137
510138
510139
510140
510141
510142
510143
510144
510145
510146
510147
510148
510149
510150
510151
510152
510153
510154
510155
510156
510157
510158
510159
510160
510161
510162
510163
510164
510165
510166
510167
510168
510169
510170
510171
510172
510251
510252
510253
510254
510255
510256
510257
510258
510259
510260
510261
510262
510263
510264
510265
510266
510267
510268
510269
510270
510271
510272
510273
510274
510275
510276
510279
510280
510281
510282
510283
510284
510285
510286
510287
510288
510289
510290
510291
510292
510293
510294
510295
510296
510297
510298
510299
510300
510301
510302
510381
510382
510383
510384
510385
510386
510387
510388
510389
510390
510391
510392
510393
510394
510395
510396
510397
510399
510400
510401
510402
510403
510404
510405
510406
510407
510408
510409
510410
510411
510412
510413
510414
510415
510416
510417
510418
510419
510420
510421
510422
510423
510424
510425
510426
510427
510428
510429
510430
510431
510432
510433
510434
510435
510436
510437
510438
510439
510440
510441
510442
510443
510444
510445
510446
510447
510448
510449
510450
510451
510452
510453
510454
510455
510456
510457
510458
510485
510486
510487
510488
510489
510490
510491
510492
510493
510494
510495
510496
510497
510498
510499
510500
510501
510502
510503
510504
510505
510506
510507
510508
510509
510510
510589
510590
510591
510592
510593
510594
510595
510596
510597
510598
510599
510600
510601
510602
510603
510604
510605
510606
510607
510608
510609
510610
510611
510612
510613
510614
510641
510642
510643
510644
510645
510646
510647
510648
510649
510650
510651
510652
510653
510654
510655
510656
510657
510658
510659
510660
510661
510662
510663
510664
510665
510666
510693
510694
510695
510696
510697
510698
510699
510700
510701
510702
510703
510704
510705
510706
510707
510708
510709
510710
510711
510712
510713
510714
510715
510716
510717
510718
510745
510746
510747
510748
510749
510750
510751
510752
510753
510754
510755
510756
510757
510758
510759
510760
510761
510762
510763
510764
510765
510766
510767
510768
510769
510770
510823
510824
510825
510826
510827
510828
510829
510830
510831
510832
510833
510834
510835
510836
510837
510838
510839
510840
510841
510842
510843
510844
510845
510846
510847
510848
510849
510850
510851
510852
510853
510854
510855
510856
510857
510858
510859
510860
510861
510862
510863
510864
510865
510866
510867
510868
510869
510870
510871
510872
510873
510874
510901
510902
510903
510904
510905
510906
510907
510908
510909
510910
510911
510912
510913
510914
510915
510917
510918
510919
510920
510921
510922
510923
510924
510925
510926
510953
510954
510955
510956
510957
510958
510959
510960
510961
510962
510963
510964
510965
510966
510967
510968
510969
510970
510971
510972
510973
510974
510975
510976
510977
510978
511031
511032
511033
511034
511035
511036
511037
511038
511039
511040
511041
511042
511043
511044
511045
511046
511047
511048
511049
511050
511051
511052
511053
511054
511055
511056
511135
511136
511137
511138
511139
511140
511141
511142
511143
511144
511145
511146
511147
511148
511149
511150
511151
511152
511153
511154
511155
511156
511157
511158
511159
511160
511161
511163
511164
511165
511166
511167
511168
511169
511170
511171
511172
511173
511174
511175
511176
511177
511178
511179
511180
511181
511182
511183
511184
511185
511186
511213
511214
511215
511216
511217
511218
511219
511220
511221
511222
511223
511224
511225
511226
511227
511228
511229
511230
511231
511232
511233
511234
511235
511236
511237
511238
511239
511240
511241
511242
511243
511244
511245
511246
511247
511248
511249
511250
511251
511252
511253
511254
511255
511256
511257
511258
511259
511260
511261
511262
511263
511264
511317
511318
511319
511320
511321
511322
511323
511324
511325
511326
511327
511328
511329
511331
511332
511333
511334
511335
511336
511337
511338
511339
511340
511341
511342
511343
511345
511346
511347
511348
511349
511350
511351
511352
511353
511354
511355
511356
511357
511358
511359
511360
511361
511362
511363
511364
511365
511366
511367
511368
511369
511370
511372
511373
511374
511375
511376
511377
511378
511379
511380
511381
511382
511383
511384
511385
511386
511387
511388
511389
511390
511391
511392
511393
511394
511603
511604
511605
511606
511607
511608
511609
511610
511611
511612
511613
511614
511615
511616
511617
511618
511619
511620
511621
511622
511623
511624
511625
511626
511627
511628
511655
511656
511657
511658
511659
511660
511661
511662
511663
511664
511665
511666
511667
511668
511669
511670
511671
511672
511673
511674
511675
511676
511677
511678
511679
511680
511681
511682
511683
511684
511685
511686
511687
511688
511689
511690
511691
511692
511693
511694
511695
511696
511697
511698
511699
511700
511701
511702
511703
511704
511705
511706
511785
511786
511787
511788
511789
511790
511791
511792
511793
511794
511795
511796
511797
511798
511799
511800
511801
511802
511803
511804
511805
511806
511807
511808
511809
511810
511811
511813
511814
511815
511816
511817
511818
511819
511820
511821
511822
511823
511824
511825
511826
511827
511828
511829
511830
511831
511832
511833
511834
511835
511836
511838
511839
511840
511841
511843
511844
511845
511846
511847
511848
511849
511850
511851
511852
511853
511854
511855
511856
511857
511858
511859
511860
511861
511862
511889
511890
511891
511892
511893
511894
511895
511896
511897
511898
511899
511901
511902
511903
511904
511905
511906
511907
511908
511909
511910
511911
511912
511913
511914
511941
511942
511943
511944
511945
511946
511947
511948
511949
511950
511951
511952
511953
511954
511955
511956
511957
511958
511959
511960
511961
511962
511963
511964
511965
511966
511993
511994
511995
511996
511997
511998
511999
512000
512001
512002
512003
512004
512005
512006
512007
512008
512009
512010
512011
512012
512013
512014
512015
512016
512017
512018
512071
512072
512073
512074
512075
512076
512077
512078
512079
512080
512081
512082
512083
512084
512085
512086
512087
512088
512089
512090
512091
512092
512093
512094
512095
512096
512123
512124
512125
512126
512127
512128
512129
512130
512131
512132
512133
512134
512135
512136
512137
512138
512139
512140
512141
512142
512143
512144
512145
512146
512147
512148
512149
512150
512151
512152
512153
512154
512155
512156
512157
512158
512159
512160
512161
512162
512163
512164
512165
512166
512167
512168
512169
512170
512171
512172
512173
512174
512253
512254
512255
512256
512257
512258
512259
512260
512261
512262
512264
512265
512266
512267
512268
512269
512270
512271
512272
512273
512274
512275
512276
512277
512278
512331
512332
512333
512334
512335
512336
512337
512338
512339
512340
512341
512342
512343
512344
512345
512346
512347
512348
512349
512350
512351
512352
512353
512354
512355
512356
512409
512410
512411
512412
512413
512414
512415
512416
512417
512418
512419
512420
512421
512422
512423
512424
512425
512426
512427
512428
512429
512430
512431
512432
512433
512434
512435
512436
512437
512438
512439
512440
512441
512442
512443
512444
512445
512446
512447
512448
512449
512450
512451
512452
512453
512454
512455
512456
512457
512458
512459
512460
512461
512462
512463
512464
512465
512466
512467
512468
512469
512470
512471
512472
512473
512474
512475
512476
512477
512478
512479
512480
512481
512482
512483
512484
512485
512486
512513
512514
512515
512516
512517
512518
512519
512520
512521
512522
512523
512524
512525
512526
512527
512528
512529
512530
512531
512532
512533
512534
512535
512536
512537
512538
512540
512541
512542
512543
512544
512545
512546
512547
512548
512549
512550
512551
512552
512553
512554
512555
512556
512557
512558
512559
512560
512561
512562
512563
512564
512565
512566
512567
512568
512569
512570
512571
512572
512573
512574
512575
512576
512577
512578
512579
512580
512581
512582
512583
512584
512585
512586
512587
512588
512589
512590
512617
512618
512619
512620
512621
512622
512623
512624
512625
512626
512627
512628
512629
512630
512631
512632
512633
512634
512635
512636
512637
512638
512639
512640
512641
512642
512643
512644
512645
512646
512647
512648
512649
512650
512651
512652
512653
512654
512655
512656
512657
512658
512659
512660
512661
512662
512663
512664
512665
512666
512667
512668
512669
512670
512671
512672
512673
512674
512675
512676
512677
512678
512679
512680
512681
512682
512683
512684
512685
512686
512687
512688
512689
512690
512691
512692
512693
512694
512695
512696
512697
512698
512699
512700
512701
512702
512703
512704
512705
512706
512707
512708
512709
512710
512711
512712
512713
512714
512715
512716
512717
512718
512719
512720
512721
512722
512723
512724
512725
512726
512727
512728
512729
512730
512731
512732
512733
512734
512735
512736
512737
512738
512739
512740
512741
512742
512743
512744
512745
512746
512773
512774
512775
512776
512777
512778
512779
512780
512781
512782
512783
512784
512785
512786
512787
512788
512789
512790
512791
512792
512793
512794
512795
512796
512797
512798
512799
512800
512801
512802
512803
512804
512805
512806
512807
512808
512809
512810
512811
512812
512813
512814
512815
512816
512817
512818
512819
512820
512821
512822
512823
512824
512851
512852
512853
512854
512855
512856
512857
512858
512859
512860
512861
512862
512863
512864
512865
512866
512867
512868
512869
512870
512871
512872
512873
512874
512875
512876
512877
512878
512879
512880
512881
512884
512885
512886
512887
512888
512889
512890
512891
512892
512893
512894
512895
512896
512897
512898
512899
512900
512901
512902
513007
513008
513009
513010
513011
513012
513013
513014
513015
513016
513017
513018
513019
513020
513021
513022
513023
513024
513025
513026
513027
513028
513029
513030
513031
513032
513033
513034
513035
513036
513037
513038
513039
513041
513043
513044
513045
513046
513047
513048
513049
513050
513051
513052
513053
513054
513055
513056
513057
513058
513085
513086
513087
513088
513089
513090
513091
513092
513093
513094
513095
513096
513097
513098
513099
513100
513101
513102
513103
513104
513105
513106
513107
513108
513109
513110
513112
513113
513114
513115
513116
513117
513118
513119
513120
513121
513122
513123
513124
513125
513126
513127
513128
513129
513130
513131
513132
513133
513134
513135
513136
513164
513165
513166
513167
513168
513169
513170
513171
513172
513173
513174
513175
513176
513177
513178
513179
513180
513181
513182
513183
513184
513185
513186
513187
513188
513215
513216
513217
513218
513219
513220
513221
513222
513223
513224
513225
513226
513227
513228
513229
513230
513231
513232
513233
513234
513235
513236
513237
513238
513239
513240
513241
513242
513247
513250
513252
513253
513256
513257
513259
513260
513262
513263
513264
513265
513266
