513397
513398
513399
513400
513401
513402
513403
513404
513405
513406
513407
513408
513409
513410
513411
513412
513413
513414
513415
513416
513417
513418
513419
513420
513421
513422
513449
513450
513451
513452
513453
513454
513455
513456
513457
513458
513459
513460
513461
513462
513463
513464
513465
513466
513467
513468
513469
513470
513471
513472
513473
513474
513501
513502
513503
513504
513505
513506
513507
513508
513509
513510
513511
513512
513513
513514
513515
513516
513517
513518
513519
513520
513521
513522
513523
513524
513525
513526
513579
513580
513581
513582
513583
513584
513585
513586
513587
513588
513589
513590
513591
513592
513593
513594
513595
513596
513597
513598
513599
513600
513601
513602
513603
513604
513631
513632
513633
513634
513635
513636
513637
513638
513639
513640
513641
513642
513643
513644
513645
513646
513647
513648
513649
513650
513651
513652
513653
513654
513655
513656
513709
513710
513711
513712
513713
513714
513715
513716
513717
513718
513719
513720
513721
513722
513723
513724
513725
513726
513727
513728
513729
513730
513731
513732
513733
513734
513839
513840
513841
513842
513843
513844
513845
513846
513847
513848
513849
513850
513851
513852
513853
513854
513855
513856
513857
513858
513859
513860
513861
513862
513863
513864
