513917
513918
513919
513920
513921
513922
513923
513924
513925
513926
513927
513928
513929
513930
513931
513932
513933
513934
513935
513936
513937
513938
513939
513940
513941
513942
513943
513944
513945
513946
513947
513948
513949
513950
513951
513952
513953
513954
513955
513956
513957
513958
513959
513960
513961
513962
513963
513964
513965
513966
513967
513968
513970
513971
513972
513973
513974
513975
513976
513977
513978
513980
513981
513983
513984
513986
513987
513988
513989
513990
513991
513992
513993
513994
514021
514022
514023
514024
514025
514026
514027
514028
514029
514030
514031
514032
514033
514034
514035
514036
514037
514038
514039
514040
514041
514042
514043
514044
514045
514046
514047
514048
514049
514050
514051
514052
514053
514054
514055
514056
514057
514058
514059
514060
514061
514062
514063
514064
514065
514066
514067
514068
514069
514070
514071
514072
514073
514074
514075
514076
514077
514078
514079
514080
514081
514082
514083
514084
514085
514086
514087
514088
514089
514090
514091
514092
514093
514094
514095
514096
514097
514098
514151
514152
514153
514154
514155
514156
514157
514158
514159
514160
514161
514162
514163
514164
514165
514166
514167
514168
514169
514170
514171
514172
514173
514174
514175
514176
514177
514178
514179
514180
514181
514182
514183
514184
514185
514186
514187
514188
514189
514190
514191
514192
514193
514194
514195
514196
514197
514198
514199
514200
514201
514202
514255
514256
514257
514258
514259
514260
514261
514262
514263
514264
514265
514266
514267
514268
514269
514270
514271
514272
514273
514274
514275
514276
514277
514278
514279
514280
514307
514308
514309
514310
514311
514312
514313
514314
514315
514316
514317
514318
514319
514320
514321
514322
514323
514324
514325
514326
514327
514328
514329
514330
514331
514332
514333
514334
514335
514336
514337
514338
514339
514340
514341
514342
514343
514344
514345
514346
514347
514348
514349
514350
514351
514352
514353
514354
514355
514356
514357
514358
514359
514361
514362
514363
514364
514365
514366
514367
514368
514369
514370
514371
514372
514373
514374
514375
514376
514377
514378
514379
514380
514381
514382
514383
514384
514411
514412
514413
514414
514415
514416
514417
514418
514419
514420
514421
514422
514423
514424
514425
514426
514427
514428
514429
514430
514431
514432
514433
514434
514435
514436
514437
514439
514440
514441
514442
514443
514444
514445
514446
514447
514448
514449
514450
514451
514452
514453
514454
514455
514456
514457
514458
514459
514460
514461
514462
514463
514464
514465
514466
514467
514468
514469
514470
514471
514472
514473
514474
514475
514476
514477
514478
514479
514480
514481
514482
514483
514484
514485
514486
514487
514488
514489
514490
514491
514492
514493
514494
514495
514496
514497
514498
514499
514500
514501
514502
514503
514504
514505
514506
514507
514508
514509
514510
514511
514512
514513
514514
514516
514517
514518
514519
514520
514521
514522
514523
514524
514525
514526
514527
514528
514529
514530
514531
514532
514533
514534
514535
514536
514537
514538
514539
514540
514541
514542
514543
514544
514545
514546
514547
514548
514549
514550
514551
514552
514553
514554
514555
514556
514557
514558
514559
514560
514561
514562
514563
514564
514565
514566
514593
514594
514595
514596
514597
514598
514599
514600
514601
514602
514603
514604
514605
514606
514607
514608
514609
514610
514611
514612
514613
514614
514615
514616
514617
514618
514620
514621
514622
514623
514624
514625
514626
514627
514628
514629
514630
514631
514632
514633
514634
514635
514636
514637
514638
514639
514640
514641
514642
514643
514644
514775
514776
514777
514778
514779
514780
514781
514782
514783
514784
514785
514786
514787
514788
514789
514790
514791
514792
514793
514794
514795
514796
514797
514798
514799
514800
514801
514802
514803
514804
514806
514807
514808
514809
514810
514811
514812
514813
514814
514815
514816
514817
514818
514819
514820
514821
514822
514823
514824
514825
514826
514827
514828
514829
514830
514831
514832
514833
514834
514835
514836
514837
514838
514839
514840
514841
514842
514843
514844
514845
514846
514847
514848
514849
514850
514851
514852
514853
514854
514855
514856
514857
514858
514859
514860
514861
514862
514863
514864
514865
514866
514867
514868
514869
514870
514871
514872
514873
514874
514875
514876
514877
514878
514879
514880
514881
514882
514883
514884
514885
514886
514887
514888
514889
514890
514891
514892
514893
514894
514895
514896
514897
514898
514899
514900
514901
514902
514903
514904
514931
514932
514933
514934
514935
514936
514937
514938
514939
514940
514941
514942
514943
514944
514945
514946
514947
514948
514949
514950
514951
514952
514953
514954
514955
514956
514957
514958
514959
514960
514961
514962
514963
514964
514965
514966
514967
514968
514969
514970
514971
514972
514973
514974
514975
514976
514977
514978
514979
514980
514981
514982
515009
515010
515011
515012
515013
515014
515015
515016
515017
515018
515019
515020
515021
515022
515023
515024
515025
515026
515027
515028
515029
515030
515031
515032
515033
515034
