515113
515114
515115
515116
515117
515118
515119
515120
515121
515122
515123
515124
515125
515126
515127
515128
515129
515130
515131
515132
515133
515134
515135
515136
515137
515138
515165
515166
515167
515168
515169
515170
515171
515172
515173
515174
515175
515176
515177
515178
515179
515180
515181
515182
515183
515184
515185
515186
515187
515188
515189
515190
515191
515192
515193
515194
515195
515196
515197
515198
515199
515200
515201
515202
515203
515204
515205
515206
515207
515208
515209
515210
515211
515212
515213
515214
515215
515216
515243
515244
515245
515246
515247
515248
515249
515250
515251
515252
515253
515254
515255
515256
515257
515258
515259
515260
515261
515262
515263
515264
515265
515266
515267
515268
515295
515296
515297
515298
515299
515300
515301
515302
515303
515304
515305
515306
515307
515308
515309
515310
515311
515312
515313
515314
515315
515316
515317
515318
515319
515320
515451
515452
515453
515454
515455
515456
515457
515458
515459
515460
515461
515462
515463
515464
515465
515466
515467
515468
515469
515470
515471
515472
515473
515474
515475
515476
515477
515478
515479
515480
515481
515482
515483
515484
515485
515486
515487
515488
515489
515490
515491
515492
515493
515494
515495
515496
515497
515498
515499
515500
515501
515502
515555
515556
515557
515558
515559
515560
515561
515562
515563
515564
515565
515566
515567
515568
515569
515570
515571
515572
515573
515574
515575
515576
515577
515578
515579
515580
515607
515608
515609
515610
515611
515612
515613
515614
515615
515616
515617
515618
515619
515620
515621
515622
515623
515624
515625
515626
515627
515628
515629
515630
515631
515632
515659
515660
515661
515662
515663
515664
515665
515666
515667
515668
515669
515670
515671
515672
515673
515674
515675
515676
515677
515678
515679
515680
515681
515682
515683
515684
515789
515790
515791
515792
515793
515794
515795
515796
515797
515798
515799
515800
515801
515802
515803
515804
515805
515806
515807
515808
515809
515810
515811
515812
515813
515814
515841
515842
515843
515844
515845
515846
515847
515848
515849
515850
515851
515852
515853
515854
515855
515856
515857
515858
515859
515860
515861
515862
515863
515864
515865
515866
515867
515868
515869
515870
515871
515872
515873
515874
515875
515876
515877
515878
515879
515880
515881
515882
515883
515884
515885
515886
515887
515888
515889
515890
515891
515892
515893
515895
515896
515897
515898
515899
515900
515901
515902
515903
515904
515905
515906
515907
515908
515909
515910
515911
515912
515913
515914
515915
515916
515917
515918
515945
515946
515947
515948
515949
515950
515951
515952
515953
515954
515955
515956
515957
515958
515959
515960
515961
515962
515963
515964
515965
515966
515967
515968
515969
515970
516023
516024
516025
516026
516027
516028
516029
516030
516031
516032
516033
516034
516035
516036
516037
516038
516039
516040
516041
516042
516043
516044
516045
516046
516047
516048
516075
516076
516077
516078
516079
516080
516081
516082
516083
516084
516085
516086
516087
516088
516089
516090
516091
516092
516093
516094
516095
516096
516097
516098
516099
516100
516101
516102
516104
516105
516106
516107
516108
516109
516110
516111
516112
516113
516114
516115
516116
516117
516118
516119
516120
516121
516122
516123
516124
516125
516126
516128
516129
516130
516131
516132
516133
516134
516135
516136
516137
516138
516139
516140
516141
516142
516143
516144
516145
516146
516147
516148
516149
516150
516151
516152
516179
516180
516181
516182
516183
516184
516185
516186
516187
516188
516189
516190
516191
516192
516193
516194
516195
516196
516197
516198
516199
516200
516201
516202
516203
516204
516257
516258
516259
516260
516261
516262
516263
516264
516265
516266
516267
516268
516269
516270
516271
516272
516273
516274
516275
516276
516277
516278
516279
516280
516281
516282
516283
516284
516285
516286
516287
516288
516289
516290
516291
516292
516293
516294
516295
516296
516297
516298
516299
516300
516301
516302
516303
516304
516305
516306
516307
516308
516335
516336
516337
516338
516339
516340
516341
516342
516343
516344
516345
516346
516347
516348
516349
516350
516351
516352
516353
516354
516355
516356
516357
516358
516359
516360
516387
516388
516389
516390
516391
516392
516393
516394
516395
516396
516397
516398
516399
516400
516401
516402
516403
516404
516405
516406
516407
516408
516409
516410
516411
516412
516413
516414
516416
516417
516418
516419
516420
516421
516422
516423
516424
516425
516426
516427
516428
516429
516430
516431
516432
516433
516434
516435
516436
516437
516438
516491
516492
516493
516494
516495
516496
516497
516498
516499
516500
516501
516502
516503
516504
516505
516506
516507
516508
516509
516510
516511
516512
516513
516514
516515
516516
516543
516544
516545
516546
516547
516548
516549
516550
516551
516552
516553
516554
516555
516556
516557
516558
516559
516560
516561
516562
516563
516564
516565
516566
516567
516568
516569
516570
516571
516572
516573
516574
516575
516576
516577
516578
516579
516580
516581
516582
516583
516584
516585
516586
516587
516588
516589
516590
516591
516592
516593
516594
516595
516596
516597
516598
516599
516600
516601
516602
516603
516604
516605
516606
516607
516608
516609
516610
516611
516612
516613
516614
516615
516616
516617
516618
516619
516620
516621
516622
516623
516624
516625
516626
516627
516628
516629
516630
516631
516632
516633
516634
516635
516636
516637
516638
516639
516640
516641
516642
516643
516644
516645
516646
516648
516651
516652
516653
516654
516655
516656
516657
516658
516659
516660
516661
516662
516663
516664
516665
516666
516667
516668
516669
516670
516671
516672
516725
516726
516727
516728
516729
516730
516731
516732
516733
516734
516735
516736
516737
516738
516739
516740
516741
516742
516743
516744
516745
516746
516747
516748
516749
516750
516803
516804
516805
516806
516807
516808
516809
516810
516811
516812
516813
516814
516815
516816
516817
516818
516820
516821
516822
516823
516824
516825
516826
516827
516828
516855
516856
516857
516858
516859
516860
516861
516862
516863
516864
516865
516866
516867
516868
516869
516870
516871
516872
516873
516874
516875
516876
516877
516878
516879
516880
516882
516883
516884
516885
516886
516887
516888
516889
516890
516891
516892
516893
516894
516895
516896
516897
516898
516899
516900
516901
516902
516903
516904
516905
516906
516933
516934
516935
516936
516937
516938
516939
516940
516941
516942
516943
516944
516945
516946
516947
516948
516949
516950
516951
516952
516953
516954
516955
516956
516957
516958
516985
516986
516987
516988
516989
516990
516991
516992
516993
516994
516995
516996
516997
516998
516999
517000
517001
517002
517003
517004
517005
517006
517007
517008
517009
517010
517037
517038
517039
517040
517041
517042
517043
517044
517045
517046
517047
517048
517049
517050
517051
517052
517053
517054
517055
517056
517057
517058
517059
517060
517061
517062
517089
517090
517091
517092
517093
517094
517095
517096
517097
517098
517099
517100
517101
517102
517103
517104
517105
517106
517107
517108
517109
517110
517111
517112
517113
517114
517167
517168
517169
517170
517171
517172
517173
517174
517175
517176
517177
517178
517179
517180
517181
517182
517183
517184
517185
517186
517187
517188
517189
517190
517191
517192
517193
517194
517195
517196
517197
517198
517199
517200
517201
517202
517203
517204
517205
517206
517207
517208
517209
517210
517211
517212
517213
517214
517215
517216
517217
517218
517245
517246
517247
517248
517249
517250
517251
517252
517253
517254
517255
517256
517257
517258
517259
517260
517261
517262
517263
517264
517265
517266
517267
517268
517269
517270
517375
517376
517377
517378
517379
517380
517381
517382
517383
517384
517385
517386
517387
517388
517389
517390
517391
517392
517393
517394
517395
517396
517397
517398
517399
517400
517401
517402
517403
517404
517405
517406
517407
517408
517409
517410
517411
517412
517413
517414
517415
517416
517417
517418
517419
517420
517421
517422
517423
517424
517425
517426
517453
517454
517455
517456
517457
517458
517459
517460
517461
517462
517463
517464
517465
517466
517467
517468
517469
517470
517471
517472
517473
517474
517475
517476
517477
517478
517479
517480
517481
517482
517483
517484
517485
517486
517487
517488
517489
517490
517491
517492
517493
517494
517495
517496
517497
517498
517499
517500
517501
517502
517503
517504
517506
517507
517508
517509
517510
517511
517512
517513
517514
517515
517516
517517
517518
517519
517520
517521
517522
517523
517524
517525
517526
517527
517528
517530
517583
517584
517585
517586
517587
517588
517589
517590
517591
517592
517593
517594
517595
517596
517597
517598
517599
517600
517601
517602
517603
517604
517605
517606
517607
517608
517713
517714
517715
517716
517717
517718
517719
517720
517721
517723
517724
517725
517726
517727
517728
517729
517730
517731
517732
517733
517734
517735
517736
517737
517738
517739
517740
517742
517743
517744
517745
517746
517747
517748
517749
517750
517751
517752
517753
517754
517755
517756
517757
517758
517759
517760
517761
517762
517763
517764
517791
517792
517793
517794
517795
517796
517797
517798
517799
517800
517801
517802
517803
517804
517805
517806
517807
517808
517809
517810
517811
517812
517813
517814
517815
517816
517843
517844
517845
517846
517847
517848
517849
517850
517851
517852
517853
517854
517855
517856
517857
517858
517859
517860
517861
517862
517863
517864
517865
517866
517867
517868
517870
517872
517873
517874
517875
517876
517877
517878
517879
517880
517881
517882
517883
517884
517885
517886
517887
517888
517889
517890
517891
517892
517893
517894
517921
517922
517923
517924
517925
517926
517927
517928
517929
517930
517931
517932
517933
517934
517935
517936
517937
517938
517939
517940
517941
517942
517943
517944
517945
517946
517947
517948
517949
517950
517951
517952
517953
517954
517955
517956
517957
517958
517959
517960
517961
517962
517963
517964
517965
517966
517967
517968
517969
517970
517971
517972
517975
517976
517977
517978
517979
517980
517981
517982
517983
517984
517985
517986
517987
517988
517989
517990
517991
517992
517993
517994
517995
517996
517997
517998
518051
518052
518053
518054
518055
518056
518057
518058
518059
518060
518061
518062
518063
518064
518065
518066
518067
518068
518069
518070
518071
518072
518073
518074
518075
518076
518103
518104
518105
518106
518107
518108
518109
518110
518111
518112
518113
518114
518115
518116
518117
518118
518119
518120
518121
518122
518123
518124
518125
518126
518127
518128
518129
518130
518131
518132
518133
518134
518135
518136
518137
518138
518139
518140
518141
518142
518143
518144
518145
518146
518147
518148
518149
518150
518151
518152
518153
518154
518181
518182
518183
518184
518185
518186
518187
518188
518189
518190
518191
518192
518193
518194
518195
518196
518197
518198
518199
518200
518201
518202
518203
518204
518205
518206
518207
518208
518210
518211
518212
518213
518214
518215
518216
518217
518218
518219
518220
518221
518222
518223
518224
518225
518226
518227
518228
518229
518230
518231
518232
518234
518236
518237
518238
518239
518240
518241
518242
518243
518244
518245
518246
518247
518248
518249
518250
518251
518252
518253
518254
518255
518256
518257
518258
518259
518262
518263
518264
518265
518266
518267
518268
518269
518270
518271
518272
518273
518274
518275
518276
518277
518278
518279
518280
518281
518282
518283
518284
518311
518312
518313
518314
518315
518316
518317
518318
518319
518320
518321
518322
518323
518324
518325
518326
518327
518328
518329
518330
518331
518332
518333
518334
518335
518336
518338
518339
518340
518341
518342
518343
518344
518345
518346
518347
518348
518349
518350
518351
518352
518353
518354
518355
518356
518357
518358
518359
518360
518361
518362
518415
518416
518417
518418
518419
518420
518421
518422
518423
518424
518425
518426
518427
518428
518429
518430
518431
518432
518433
518434
518435
518436
518437
518438
518439
518440
518442
518443
518445
518446
518447
518448
518449
518450
518451
518452
518455
518456
518457
518458
518459
518460
518461
518462
518463
518464
518465
518466
518493
518494
518495
518496
518497
518498
518499
518500
518501
518502
518503
518504
518505
518506
518507
518508
518509
518510
518511
518512
518513
518514
518515
518516
518517
518518
518521
518522
518523
518524
518525
518526
518527
518528
518529
518530
518531
518532
518533
518534
518535
518536
518537
518538
518539
518540
518541
518542
518543
518544
518571
518572
518573
518574
518575
518576
518577
518578
518579
518580
518581
518582
518583
518584
518585
518586
518587
518588
518589
518590
518591
518592
518593
518594
518595
518596
518597
518598
518599
518600
518601
518602
518603
518604
518605
518606
518607
518609
518610
518611
518612
518613
518614
518615
518616
518617
518618
518619
518620
518621
518622
518623
518624
518625
518626
518627
518628
518629
518630
518631
518632
518633
518634
518635
518636
518637
518638
518639
518640
518641
518642
518643
518644
518645
518646
518647
518648
518649
518651
518652
518653
518654
518655
518656
518657
518658
518659
518660
518661
518662
518663
518664
518665
518666
518667
518668
518669
518670
518671
518672
518673
518674
518676
518677
518678
518679
518680
518681
518682
518683
518684
518685
518686
518687
518688
518689
518690
518691
518692
518693
518694
518695
518696
518697
518698
518699
518700
518727
518728
518729
518730
518731
518732
518733
518734
518735
518736
518737
518738
518739
518740
518741
518742
518743
518744
518745
518746
518747
518748
518749
518750
518751
518752
518754
518755
518756
518757
518758
518759
518760
518761
518762
518763
518764
518765
518766
518767
518768
518769
518770
518771
518772
518773
518774
518775
518776
518777
518778
518780
518781
518782
518783
518784
518785
518786
518787
518788
518789
518790
518791
518792
518793
518794
518795
518796
518797
518799
518800
518801
518802
518803
518804
518807
518808
518809
518810
518811
518812
518813
518814
518815
518816
518818
518819
518820
518821
518822
518823
518824
518825
518826
518827
518828
518829
518830
518883
518884
518885
518886
518887
518888
518889
518890
518891
518892
518893
518894
518895
518896
518897
518898
518899
518900
518901
518902
518903
518904
518905
518906
518907
518908
518909
518910
518911
518912
518913
518914
518915
518916
518917
518918
518919
518920
518921
518922
518923
518924
518925
518926
518927
518928
518929
518930
518931
518932
518933
518934
519065
519066
519067
519068
519069
519070
519071
519072
519073
519074
519075
519076
519077
519078
519079
519080
519081
519082
519083
519084
519085
519086
519087
519088
519089
519090
519117
519118
519119
519120
519121
519122
519123
519124
519125
519126
519127
519128
519129
519130
519131
519132
519133
519134
519135
519136
519137
519138
519139
519140
519141
519142
519169
519170
519171
519172
519173
519174
519175
519176
519177
519178
519179
519180
519181
519182
519183
519184
519185
519186
519187
519188
519189
519190
519191
519192
519193
519194
519273
519274
519275
519276
519277
519278
519279
519280
519281
519282
519283
519284
519285
519286
519287
519288
519289
519290
519291
519292
519293
519294
519295
519296
519297
519298
519325
519326
519327
519328
519329
519330
519331
519332
519333
519334
519335
519336
519337
519338
519339
519340
519341
519342
519343
519344
519345
519346
519347
519348
519349
519350
519403
519404
519405
519406
519407
519408
519409
519410
519411
519412
519413
519414
519415
519416
519417
519418
519419
519420
519421
519422
519423
519424
519425
519426
519427
519428
519455
519456
519457
519458
519459
519460
519461
519462
519463
519464
519465
519466
519467
519468
519469
519470
519471
519472
519473
519474
519475
519476
519477
519478
519479
519480
519559
519560
519561
519562
519563
519564
519565
519566
519567
519568
519569
519570
519571
519572
519573
519574
519575
519576
519577
519578
519579
519580
519581
519582
519583
519584
519586
519587
519588
519589
519590
519591
519592
519593
519594
519595
519596
519597
519598
519599
519600
519601
519602
519603
519604
519605
519606
519607
519608
519609
519610
519689
519690
519691
519692
519693
519694
519695
519696
519697
519698
519699
519700
519701
519702
519703
519704
519705
519706
519707
519708
519709
519710
519711
519712
519713
519714
519715
519717
519718
519719
519720
519721
519722
519723
519724
519725
519726
519727
519728
519729
519730
519731
519732
519733
519734
519735
519736
519737
519738
519739
519740
519767
519768
519769
519770
519771
519772
519773
519774
519775
519776
519777
519778
519779
519780
519781
519782
519783
519784
519785
519786
519787
519788
519789
519790
519791
519792
519793
519794
519795
519796
519797
519798
519799
519800
519801
519802
519803
519804
519805
519806
519807
519808
519809
519810
519811
519812
519813
519814
519815
519816
519817
519818
519871
519872
519873
519874
519875
519876
519877
519878
519879
519880
519881
519882
519883
519884
519885
519886
519887
519888
519889
519890
519891
519892
519893
519894
519895
519896
519898
519899
519900
519901
519902
519903
519904
519905
519906
519907
519908
519909
519910
519911
519912
519913
519914
519915
519916
519917
519918
519919
519920
519921
519922
519949
519950
519951
519952
519953
519954
519955
519956
519957
519958
519959
519960
519961
519962
519963
519964
519965
519966
519967
519968
519969
519970
519971
519972
519973
519974
520053
520054
520055
520056
520057
520058
520059
520060
520061
520062
520063
520064
520065
520066
520067
520068
520069
520070
520071
520072
520073
520074
520075
520076
520077
520078
520081
520082
520083
520085
520086
520087
520088
520089
520090
520091
520092
520093
520094
520095
520096
520097
520098
520099
520100
520102
520103
520104
520131
520132
520133
520134
520135
520136
520137
520138
520139
520140
520141
520142
520143
520144
520145
520146
520148
520149
520151
520152
520153
520154
520155
520156
