525461
525462
525463
525464
525465
525466
525467
525468
525469
525470
525471
525472
525473
525474
525475
525476
525477
525478
525479
525480
525481
525482
525483
525484
525485
525486
525488
525489
525490
525491
525492
525493
525494
525495
525496
525497
525498
525499
525500
525501
525502
525503
525504
525505
525506
525507
525508
525509
525510
525511
525512
525514
525515
525516
525517
525518
525519
525520
525521
525522
525523
525524
525525
525526
525527
525528
525529
525530
525531
525532
525533
525534
525535
525536
525537
525538
525591
525592
525593
525594
525595
525596
525597
525598
525599
525600
525601
525602
525603
525604
525605
525606
525607
525608
525609
525610
525611
525612
525613
525614
525615
525616
525617
525618
525619
525621
525622
525623
525624
525625
525626
525627
525628
525629
525630
525631
525632
525633
525634
525635
525636
525637
525638
525639
525640
525641
525642
525695
525696
525697
525698
525699
525700
525701
525702
525703
525704
525705
525706
525707
525708
525709
525710
525711
525712
525713
525714
525715
525716
525717
525718
525719
525720
525722
525723
525724
525725
525726
525727
525728
525729
525730
525731
525732
525733
525734
525735
525736
525737
525738
525739
525740
525741
525742
525743
525744
525745
525746
525773
525774
525775
525776
525777
525778
525779
525780
525781
525782
525783
525784
525785
525786
525787
525788
525789
525790
525791
525792
525793
525794
525795
525796
525797
525798
525851
525852
525853
525854
525855
525856
525857
525858
525859
525860
525861
525862
525863
525864
525865
525866
525867
525868
525869
525870
525871
525872
525873
525874
525875
525876
525903
525904
525905
525906
525907
525908
525909
525910
525911
525912
525913
525914
525915
525916
525917
525918
525919
525920
525921
525922
525923
525924
525925
525926
525927
525928
525929
525930
525931
525932
525933
525934
525935
525936
525937
525938
525939
525940
525941
525942
525943
525944
525945
525946
525947
525948
525949
525950
525951
525952
525953
525954
526007
526008
526009
526010
526011
526012
526013
526014
526015
526016
526017
526018
526019
526020
526021
526022
526023
526024
526025
526026
526027
526028
526029
526030
526031
526032
526033
526034
526035
526036
526037
526038
526039
526040
526041
526042
526043
526044
526045
526046
526047
526048
526049
526050
526051
526052
526053
526054
526055
526056
526057
526058
526059
526060
526061
526062
526063
526064
526065
526066
526067
526068
526069
526070
526071
526072
526073
526074
526075
526076
526077
526078
526079
526080
526081
526082
526083
526084
526085
526086
526087
526088
526090
526091
526092
526093
526094
526095
526096
526097
526098
526099
526100
526101
526102
526103
526104
526105
526106
526107
526108
526109
526110
526215
526216
526217
526218
526219
526220
526221
526222
526223
526224
526225
526226
526227
526228
526229
526230
526231
526232
526233
526234
526235
526236
526237
526238
526239
526240
526242
526243
526244
526246
526247
526248
526249
526250
526251
526252
526253
526254
526255
526256
526257
526258
526259
526260
526261
526262
526263
526264
526265
526266
526267
526268
526269
526270
526271
526272
526273
526274
526275
526276
526277
526278
526279
526280
526281
526282
526283
526284
526285
526286
526287
526288
526289
526290
526291
526292
526319
526320
526321
526322
526323
526324
526325
526326
526327
526328
526329
526330
526331
526332
526333
526334
526335
526336
526337
526338
526339
526340
526341
526342
526343
526344
526345
526346
526347
526348
526349
526350
526351
526352
526353
526354
526355
526356
526357
526358
526359
526360
526361
526362
526363
526364
526365
526366
526367
526368
526369
526370
526397
526398
526399
526400
526401
526402
526403
526404
526405
526406
526407
526408
526409
526410
526411
526412
526413
526414
526415
526416
526417
526418
526419
526420
526421
526422
526449
526450
526451
526452
526453
526454
526455
526456
526457
526458
526459
526460
526461
526462
526463
526464
526465
526466
526467
526468
526469
526470
526471
526472
526473
526474
526477
526478
526479
526480
526481
526482
526483
526484
526485
526486
526487
526488
526489
526490
526491
526492
526493
526494
526495
526496
526497
526498
526499
526500
526579
526580
526581
526582
526583
526584
526585
526586
526587
526588
526589
526590
526591
526592
526593
526594
526595
526596
526597
526598
526599
526600
526601
526602
526603
526604
526631
526632
526633
526634
526635
526636
526637
526638
526639
526640
526641
526642
526643
526644
526645
526646
526647
526648
526649
526650
526651
526652
526653
526654
526655
526656
526658
526659
526660
526661
526662
526663
526664
526665
526666
526667
526668
526669
526670
526671
526672
526673
526674
526675
526676
526677
526678
526679
526680
526681
526682
526787
526788
526789
526790
526791
526792
526793
526794
526795
526796
526797
526798
526799
526800
526801
526802
526803
526804
526805
526806
526807
526808
526809
526810
526811
526812
526813
526814
526815
526817
526818
526819
526821
526822
526823
526824
526825
526826
526827
526828
526829
526830
526831
526832
526833
526834
526835
526836
526837
526838
526840
526841
526842
526843
526844
526845
526846
526847
526848
526849
526850
526851
526852
526853
526854
526855
526856
526857
526858
526859
526860
526861
526862
526863
526864
526943
526944
526945
526946
526947
526948
526949
526950
526951
526952
526953
526954
526955
526956
526957
526958
526959
526960
526961
526962
526963
526964
526965
526966
526967
526968
527021
527022
527023
527024
527025
527026
527027
527028
527029
527030
527031
527032
527033
527034
527035
527036
527037
527038
527039
527040
527041
527042
527043
527044
527045
527046
527073
527074
527075
527076
527077
527078
527079
527080
527081
527082
527083
527084
527085
527086
527087
527088
527089
527090
527091
527092
527093
527094
527095
527096
527097
527098
527099
527100
527101
527102
527103
527104
527105
527106
527107
527108
527109
527110
527111
527112
527113
527114
527115
527116
527117
527118
527119
527120
527121
527122
527123
527124
527203
527204
527205
527206
527207
527208
527209
527210
527211
527212
527213
527214
527215
527216
527217
527218
527219
527220
527221
527222
527223
527224
527225
527226
527227
527228
527281
527282
527283
527284
527285
527286
527287
527288
527289
527290
527291
527292
527293
527294
527295
527296
527297
527298
527299
527300
527301
527302
527303
527304
527305
527306
527411
527412
527413
527414
527415
527416
527417
527418
527419
527420
527421
527422
527423
527424
527425
527426
527427
527428
527429
527430
527431
527432
527433
527434
527435
527436
527438
527439
527440
527441
527442
527443
527444
527445
527446
527447
527448
527449
527450
527451
527452
527453
527454
527455
527456
527457
527458
527459
527460
527461
527462
527463
527464
527465
527466
527467
527468
527469
527470
527471
527472
527473
527474
527475
527476
527477
527479
527480
527482
527483
527484
527487
527489
527490
527492
527493
527494
527495
527500
527501
527504
527505
527508
527510
527513
527514
527516
527517
527518
527521
527525
527526
527527
527528
527529
527530
527531
527532
527533
527534
527535
527536
527537
527538
527539
527540
527567
527568
527569
527570
527571
527572
527573
527574
527575
527576
527577
527578
527579
527580
527581
527582
527583
527584
527585
527586
527587
527588
527589
527590
527591
527592
527593
527594
527595
527596
527597
527598
527599
527600
527601
527602
527603
527604
527605
527606
527607
527608
527609
527610
527611
527612
527613
527614
527615
527616
527617
527618
527619
527621
527623
527624
527625
527626
527627
527628
527629
527630
527631
527632
527633
527634
527635
527636
527637
527638
527639
527640
527641
527642
527643
527644
527671
527672
527673
527674
527675
527676
527677
527678
527679
527680
527681
527682
527683
527684
527685
527686
527687
527688
527689
527690
527691
527692
527693
527694
527695
527696
527697
527698
527699
527700
527701
527702
527703
527704
527705
527706
527707
527708
527709
527710
527711
527712
527713
527714
527715
527716
527717
527718
527719
527720
527721
527722
527724
527725
527726
527727
527728
527729
527730
527731
527732
527733
527734
527735
527736
527737
527738
527739
527740
527741
527742
527743
527744
527745
527746
527747
527748
527853
527854
527855
527856
527857
527858
527859
527860
527861
527862
527863
527864
527865
527866
527867
527868
527869
527870
527871
527872
527873
527874
527875
527876
527877
527878
528035
528036
528037
528038
528039
528040
528041
528042
528043
528044
528045
528046
528047
528048
528049
528050
528051
528052
528053
528054
528055
528056
528057
528058
528059
528060
528217
528218
528219
528220
528221
528222
528223
528224
528225
528226
528227
528228
528229
528230
528231
528232
528233
528234
528235
528236
528237
528238
528239
528240
528241
528242
528244
528245
528246
528247
528248
528249
528250
528251
528252
528253
528254
528255
528256
528257
528258
528259
528260
528261
528262
528263
528264
528265
528266
528267
528268
528270
528271
528272
528273
528274
528275
528276
528277
528278
528279
528280
528281
528282
528283
528284
528285
528286
528287
528288
528289
528290
528291
528292
528293
528294
528296
528297
528298
528299
528300
528301
528302
528303
528304
528305
528306
528307
528308
528309
528310
528311
528312
528313
528314
528315
528316
528317
528318
528319
528320
528322
528323
528324
528325
528326
528327
528328
528329
528330
528331
528332
528333
528334
528335
528336
528337
528338
528339
528340
528341
528342
528343
528344
528345
528346
528373
528374
528375
528376
528377
528378
528379
528380
528381
528382
528383
528384
528385
528386
528387
528388
528389
528390
528391
528392
528393
528394
528395
528396
528397
528398
528633
528634
528635
528636
528637
528638
528639
528640
528641
528642
528643
528644
528645
528646
528647
528648
528649
528650
528651
528652
528653
528654
528655
528656
528657
528658
528711
528712
528713
528714
528715
528716
528717
528718
528719
528720
528721
528722
528723
528724
528725
528726
528727
528728
528729
528730
528731
528732
528733
528734
528735
528736
528737
528738
528741
528742
528743
528744
528745
528746
528747
528748
528749
528750
528751
528752
528753
528754
528755
528756
528757
528758
528759
528760
528761
528762
528815
528816
528817
528818
528819
528820
528821
528822
528823
528824
528825
528826
528827
528828
528829
528830
528831
528832
528833
528834
528835
528836
528837
528838
528839
528840
528841
528842
528843
528844
528845
528846
528847
528848
528849
528850
528851
528852
528853
528854
528855
528856
528857
528858
528859
528860
528861
528862
528863
528864
528865
528866
528867
528868
528869
528870
528871
528872
528873
528874
528875
528876
528877
528878
528879
528880
528881
528882
528883
528884
528885
528886
528887
528888
528889
528890
528891
528892
528945
528946
528947
528948
528949
528950
528951
528952
528953
528954
528955
528956
528957
528958
528959
528960
528961
528962
528963
528964
528965
528966
528967
528969
528970
528997
528998
528999
529000
529001
529002
529003
529004
529005
529006
529007
529008
529009
529010
529011
529012
529013
529014
529015
529016
529017
529018
529019
529020
529021
529022
529025
529026
529027
529028
529029
529030
529031
529032
529033
529034
529035
529036
529037
529038
529039
529040
529041
529042
529043
529044
529045
529046
529047
529048
529050
529051
529052
529054
529056
529057
529058
529059
529060
529061
529062
529063
529064
529065
529066
529067
529068
529069
529070
529071
529072
529073
529074
529127
529128
529129
529130
529131
529132
529133
529134
529135
529136
529137
529138
529139
529140
529141
529142
529143
529144
529145
529146
529147
529148
529149
529150
529151
529152
529153
529154
529155
529156
529157
529158
529159
529160
529161
529162
529163
529164
529165
529166
529167
529168
529169
529170
529171
529172
529173
529174
529175
529176
529177
529178
529205
529206
529207
529208
529209
529210
529211
529212
529213
529214
529215
529216
529217
529218
529219
529220
529221
529222
529223
529224
529226
529227
529228
529229
529230
529309
529310
529311
529312
529313
529314
529315
529316
529317
529318
529319
529320
529321
529322
529323
529324
529325
529326
529327
529328
529329
529330
529331
529332
529333
529334
529361
529362
529363
529364
529365
529366
529367
529368
529369
529370
529371
529372
529373
529374
529375
529376
529377
529378
529379
529380
529381
529382
529383
529384
529385
529386
529439
529440
529441
529442
529443
529444
529445
529446
529447
529448
529449
529450
529451
529452
529453
529454
529455
529456
529457
529458
529459
529460
529461
529462
529463
529464
529491
529492
529493
529494
529495
529496
529497
529498
529499
529500
529501
529502
529503
529504
529505
529506
529507
529508
529509
529510
529511
529512
529513
529514
529515
529516
529595
529596
529597
529598
529599
529600
529601
529602
529603
529604
529605
529606
529607
529608
529609
529610
529611
529612
529613
529614
529615
529616
529617
529618
529619
529620
529673
529674
529675
529676
529677
529678
529679
529680
529681
529682
529683
529684
529685
529686
529687
529688
529689
529690
529691
529692
529693
529694
529695
529696
529697
529698
529700
529701
529702
529703
529704
529705
529706
529707
529708
529709
529710
529711
529712
529713
529714
529715
529716
529717
529718
529719
529720
529721
529722
529723
529724
529777
529778
529779
529780
529781
529782
529783
529784
529785
529786
529787
529788
529789
529790
529791
529792
529793
529794
529795
529796
529797
529798
529799
529800
529801
529802
529829
529830
529831
529832
529833
529834
529835
529836
529837
529838
529839
529840
529841
529842
529843
529844
529845
529846
529847
529848
529849
529850
529851
529852
529853
529854
529856
529857
529858
529859
529860
529861
529862
529863
529864
529865
529866
529867
529868
529869
529870
529871
529872
529873
529874
529875
529876
529877
529878
529879
529880
529933
529934
529935
529936
529937
529938
529939
529940
529941
529942
529943
529944
529945
529946
529947
529948
529949
529950
529951
529952
529953
529954
529955
529956
529957
529958
530037
530038
530039
530040
530041
530042
530043
530044
530045
530046
530047
530048
530049
530050
530051
530052
530053
530054
530055
530056
530057
530058
530059
530060
530061
530062
530063
530064
530065
530066
530067
530068
530069
530070
530071
530072
530073
530074
530075
530076
530077
530078
530079
530080
530081
530082
530083
530084
530085
530086
530087
530088
530115
530116
530117
530118
530119
530120
530121
530122
530123
530124
530125
530126
530127
530128
530129
530130
530131
530132
530133
530134
530135
530136
530137
530138
530139
530140
530167
530168
530169
530170
530171
530172
530173
530174
530175
530176
530177
530178
530179
530180
530181
530182
530183
530184
530185
530186
530187
530188
530189
530190
530191
530192
530271
530272
530273
530274
530275
530276
530277
530278
530279
530280
530281
530282
530283
530284
530285
530286
530287
530288
530289
530290
530291
530292
530293
530294
530295
530296
530298
530299
530300
530301
530302
530303
530304
530305
530306
530307
530308
530309
530310
530311
530312
530313
530314
530315
530316
530317
530318
530319
530320
530321
530322
530326
530327
530328
530329
530330
530331
530332
530333
530334
530335
530336
530337
530338
530339
530340
530341
530342
530343
530344
530345
530346
530347
530348
530349
530350
530351
530352
530353
530354
530355
530356
530357
530358
530359
530360
530361
530362
530363
530364
530365
530366
530367
530368
530369
530370
530371
530372
530373
530374
530401
530402
530403
530404
530405
530406
530407
530408
530409
530410
530411
530412
530413
530414
530415
530416
530417
530418
530419
530420
530421
530422
530423
530424
530425
530426
530427
530428
530429
530430
530431
530432
530433
530434
530435
530436
530437
530438
530439
530440
530441
530442
530443
530444
530445
530446
530447
530448
530449
530450
530451
530452
530479
530480
530481
530482
530483
530484
530485
530486
530487
530488
530489
530490
530491
530492
530493
530494
530495
530496
530497
530498
530499
530500
530501
530502
530503
530504
530531
530532
530533
530534
530535
530536
530537
530538
530539
530540
530541
530542
530543
530544
530545
530546
530547
530548
530549
530550
530551
530552
530553
530554
530555
530556
530583
530584
530585
530586
530587
530588
530589
530590
530591
530592
530593
530594
530595
530596
530597
530598
530599
530600
530601
530602
530603
530604
530605
530606
530607
530608
530635
530636
530637
530638
530639
530640
530641
530642
530643
530644
530645
530646
530647
530648
530649
530650
530651
530652
530653
530654
530655
530656
530657
530658
530659
530660
530665
530666
530667
530668
530669
530670
530671
530672
530673
530674
530675
530676
530677
530678
530679
530680
530681
530682
530683
530684
530685
530686
530688
530689
530690
530691
530692
530693
530694
530695
530696
530697
530698
530699
530700
530701
530702
530703
530704
530705
530706
530707
530708
530709
530710
530711
530712
530739
530740
530741
530742
530743
530744
530745
530746
530747
530748
530749
530750
530751
530752
530753
530754
530755
530756
530757
530758
530759
530760
530761
530762
530763
530764
530791
530792
530793
530794
530795
530796
530797
530798
530799
530800
530801
530802
530803
530804
530805
530806
530807
530808
530809
530810
530811
530812
530813
530814
530815
530816
530817
530818
530819
530820
530821
530822
530823
530824
530825
530826
530827
530828
530829
530830
530831
530832
530833
530834
530835
530836
530837
530838
530839
530840
530841
530842
530869
530870
530871
530872
530873
530874
530875
530876
530877
530878
530879
530880
530881
530882
530883
530884
530885
530886
530887
530888
530889
530890
530891
530892
530893
530894
530895
530896
530897
530898
530899
530900
530901
530902
530903
530904
530905
530906
530907
530908
530909
530910
530911
530912
530913
530914
530915
530916
530917
530918
530919
530920
530921
530922
530923
530924
530925
530926
530927
530928
530929
530930
530931
530932
530933
530934
530935
530936
530937
530938
530939
530940
530941
530942
530943
530944
530945
530946
530947
530949
530950
530951
530952
530953
530954
530955
530956
530957
530958
530959
530960
530961
530962
530963
530964
530965
530966
530967
530968
530969
530970
530971
530972
531025
531026
531027
531028
531029
531030
531031
531032
531033
531034
531035
531036
531037
531038
531039
531040
531041
531042
531043
531044
531045
531046
531047
531048
531049
531050
532397
