531181
531182
531183
531184
531185
531186
531187
531188
531189
531190
531191
531192
531193
531194
531195
531196
531197
531198
531199
531200
531201
531202
531203
531204
531205
531206
531207
531208
531209
531210
531211
531212
531213
531214
531215
531216
531217
531218
531219
531220
531221
531222
531223
531224
531225
531226
531227
531228
531229
531230
531231
531232
531259
531260
531261
531262
531263
531264
531265
531266
531267
531268
531269
531270
531271
531272
531273
531274
531275
531276
531277
531278
531279
531280
531281
531282
531283
531284
531311
531312
531313
531314
531315
531316
531317
531318
531319
531320
531321
531322
531323
531324
531325
531326
531327
531328
531329
531330
531331
531332
531333
531334
531335
531336
531339
531340
531341
531342
531343
531344
531345
531346
531347
531348
531349
531350
531351
531352
531353
531354
531355
531356
531357
531358
531359
531360
531361
531362
531389
531390
531391
531392
531393
531394
531395
531396
531397
531398
531399
531400
531401
531402
531403
531404
531405
531406
531407
531408
531409
531410
531411
531412
531413
531414
531415
531416
531417
531418
531419
531420
531421
531422
531423
531424
531425
531426
531427
531428
531429
531430
531431
531432
531433
531434
531435
531436
531437
531438
531439
531440
531442
531443
531444
531445
531446
531447
531448
531449
531450
531451
531452
531453
531454
531455
531456
531457
531458
531459
531460
531461
531462
531463
531464
531465
531466
531493
531494
531495
531496
531497
531498
531499
531500
531501
531502
531503
531504
531505
531506
531507
531508
531509
531510
531511
531512
531513
531514
531515
531516
531517
531518
531520
531521
531522
531523
531524
531525
531526
531527
531528
531529
531530
531531
531532
531533
531534
531535
531536
531537
531538
531539
531540
531541
531542
531543
531544
531546
531547
531548
531549
531550
531551
531552
531553
531554
531555
531556
531557
531558
531559
531560
531561
531562
531563
531564
531565
531566
531567
531568
531569
531570
531572
531573
531574
531575
531576
531577
531578
531579
531580
531581
531582
531583
531584
531585
531586
531587
531588
531589
531590
531591
531592
531593
531594
531595
531596
531649
531650
531651
531652
531653
531654
531655
531656
531657
531658
531659
531660
531661
531662
531663
531664
531665
531666
531667
531668
531669
531670
531671
531672
531673
531674
531675
531676
531677
531678
531679
531680
531681
531682
531683
531684
531685
531686
531687
531688
531689
531690
531691
531692
531693
531694
531695
531696
531697
531698
531699
531700
531701
531702
531703
531705
531706
531707
531708
531709
531710
531711
531712
531713
531714
531715
531716
531717
531718
531719
531720
531721
531722
531723
531724
531725
531726
531753
531754
531755
531756
531757
531758
531759
531760
531761
531762
531763
531764
531765
531766
531767
531768
531769
531770
531771
531772
531773
531774
531775
531776
531777
531778
531831
531832
531833
531834
531835
531836
531837
531838
531839
531840
531841
531842
531843
531844
531845
531846
531847
531848
531849
531850
531851
531852
531853
531854
531855
531856
531858
531859
531860
531861
531862
531863
531864
531865
531866
531867
531868
531869
531870
531871
531872
531873
531874
531875
531876
531877
531878
531879
531880
531881
531882
531909
531910
531911
531912
531913
531914
531915
531916
531917
531918
531919
531920
531921
531922
531923
531924
531925
531926
531927
531928
531929
531930
531931
531932
531933
531934
531935
531936
531937
531938
531939
531940
531941
531942
531943
531944
531945
531946
531947
531948
531949
531950
531951
531952
531953
531954
531955
531956
531957
531958
531959
531960
531961
531962
531963
531964
531965
531966
531967
531968
531969
531970
531971
531972
531973
531974
531975
531976
531977
531978
531979
531980
531981
531982
531983
531984
531985
531986
532013
532014
532015
532016
532017
532018
532019
532020
532021
532022
532023
532024
532025
532026
532027
532028
532029
532030
532031
532032
532033
532034
532035
532036
532037
532038
532091
532092
532093
532094
532095
532096
532097
532098
532099
532100
532101
532102
532103
532104
532105
532106
532107
532108
532109
532110
532111
532112
532113
532114
532115
532116
532195
532196
532197
532198
532199
532200
532201
532202
532203
532204
532205
532206
532207
532208
532209
532210
532211
532212
532213
532214
532215
532216
532217
532218
532219
532220
532299
532300
532301
532302
532303
532304
532305
532306
532307
532308
532309
532310
532311
532312
532313
532314
532315
532316
532317
532318
532319
532320
532321
532322
532323
532324
532326
532327
532328
532329
532330
532331
532332
532333
532334
532335
532336
532337
532338
532339
532340
532341
532342
532343
532344
532345
532346
532347
532348
532349
532350
532377
532378
532379
532380
532381
532382
532383
532384
532385
532386
532387
532388
532389
532390
532391
532392
532393
532394
532395
532396
532398
532399
532400
532401
532402
532429
532430
532431
532432
532433
532434
532435
532436
532437
532438
532439
532440
532441
532442
532443
532444
532445
532446
532447
532448
532449
532450
532451
532452
532453
532454
532456
532457
532458
532459
532460
532462
532463
532464
532465
532466
532467
532468
532469
532470
532471
532472
532473
532474
532475
532476
532477
532478
532479
532480
532481
532483
532484
532485
532486
532487
532488
532489
532490
532491
532492
532493
532494
532495
532496
532497
532498
532499
532500
532501
532502
532503
532504
532505
532506
532559
532560
532561
532562
532563
532564
532565
532566
532567
532568
532569
532570
532571
532572
532573
532574
532575
532576
532577
532578
532579
532580
532581
532582
532583
532584
532611
532612
532613
532614
532615
532616
532617
532618
532619
532620
532621
532622
532623
532624
532625
532626
532627
532628
532629
532630
532631
532632
532633
532634
532635
532636
532639
532640
532641
532642
532643
532644
532645
532647
532648
532649
532650
532651
532652
532653
532654
532655
532656
532657
532658
532659
532660
532661
532662
532666
532667
532668
532669
532670
532671
532672
532673
532674
532675
532677
532678
532679
532680
532681
532682
532683
532684
532685
532686
532687
532688
532689
532691
532692
532694
532695
532696
532697
532698
532699
532700
532701
532702
532703
532704
532705
532706
532707
532708
532709
532710
532711
532712
532713
532714
532819
532820
532821
532822
532823
532824
532825
532826
532827
532828
532829
532830
532831
532832
532833
532834
532835
532836
532837
532838
532839
532840
532841
532842
532843
532844
532871
532872
532873
532874
532875
532876
532877
532878
532879
532880
532881
532882
532883
532884
532885
532886
532887
532888
532889
532890
532891
532892
532893
532894
532895
532896
532898
532899
532900
532901
532902
532903
532904
532905
532906
532907
532908
532909
532910
532911
532912
532913
532914
532915
532916
532917
532918
532919
532920
532921
532922
532924
532925
532926
532927
532928
532929
532930
532931
532932
532933
532934
532935
532936
532937
532938
532939
532940
532941
532942
532943
532944
532945
532946
532947
532948
532950
532951
532952
532953
532954
532955
532956
532957
532958
532959
532960
532961
532962
532963
532964
532965
532966
532967
532968
532969
532970
532971
532972
532973
532974
533001
533002
533003
533004
533005
533006
533007
533008
533009
533010
533011
533012
533013
533014
533015
533016
533017
533018
533019
533020
533021
533022
533023
533024
533025
533026
533079
533080
533081
533082
533083
533084
533085
533086
533087
533088
533089
533090
533091
533092
533093
533094
533095
533096
533097
533098
533099
533100
533101
533102
533103
533104
533106
533107
533108
533109
533110
533111
533112
533113
533114
533115
533116
533117
533118
533119
533120
533121
533122
533123
533124
533125
533126
533127
533128
533129
533130
533131
533132
533133
533134
533135
533136
533137
533138
533139
533140
533141
533142
533143
533144
533145
533146
533147
533148
533149
533150
533151
533152
533153
533154
533155
533156
533183
533184
533185
533186
533187
533188
533189
533190
533191
533192
533193
533194
533195
533196
533197
533198
533199
533200
533201
533202
533203
533204
533205
533206
533207
533208
533287
533288
533289
533290
533291
533292
533293
533294
533295
533296
533297
533298
533299
533300
533301
533302
533303
533304
533305
533306
533307
533308
533309
533310
533311
533312
533417
533418
533419
533420
533421
533422
533423
533424
533425
533426
533427
533428
533429
533430
533431
533432
533433
533434
533435
533436
533437
533438
533439
533440
533441
533442
533444
533445
533446
533447
533448
533449
533450
533451
533452
533453
533454
533455
533456
533457
533458
533459
533460
533461
533462
533463
533464
533465
533466
533467
533468
533470
533471
533472
533473
533474
533475
533476
533477
533478
533479
533480
533481
533482
533483
533484
533485
533486
533487
533488
533489
533490
533491
533492
533493
533494
533547
533548
533549
533550
533551
533552
533553
533554
533555
533556
533557
533558
533559
533560
533561
533562
533563
533564
533565
533566
533567
533568
533569
533570
533571
533572
533599
533600
533601
533602
533603
533604
533605
533606
533607
533608
533609
533610
533611
533612
533613
533614
533615
533616
533618
533619
533620
533621
533622
533623
533624
533626
533628
533629
533630
533631
533632
533633
533634
533635
533636
533637
533638
533639
533640
533641
533642
533643
533644
533645
533646
533647
533648
533649
533650
533651
533652
533653
533654
533655
533656
533657
533658
533659
533660
533661
533662
533663
533664
533665
533666
533667
533668
533669
533670
533671
533672
533673
533674
533675
533676
533679
533680
533681
533682
533683
533684
533685
533686
533687
533688
533689
533690
533691
533692
533693
533694
533695
533696
533697
533698
533699
533700
533701
533702
533755
533756
533757
533758
533759
533760
533761
533762
533763
533764
533765
533766
533767
533768
533769
533770
533771
533772
533773
533774
533775
533776
533777
533778
533779
533780
533807
533808
533809
533810
533811
533812
533813
533814
533815
533816
533817
533818
533819
533820
533821
533822
533823
533824
533825
533826
533827
533828
533829
533830
533831
533832
533833
533834
533835
533836
533838
533839
533840
533841
533842
533843
533844
533845
533846
533847
533848
533849
533850
533851
533852
533853
533854
533855
533856
533857
533858
533885
533886
533887
533888
533889
533890
533891
533892
533893
533894
533895
533896
533897
533898
533899
533900
533901
533902
533903
533904
533905
533906
533907
533908
533909
533910
533911
533912
533914
533915
533916
533917
533918
533919
533920
533921
533922
533923
533924
533925
533926
533927
533928
533929
533930
533931
533932
533933
533934
533935
533936
534016
534017
534018
534019
534020
534021
534022
534023
534024
534025
534026
534027
534028
534029
534030
534031
534032
534033
534034
534035
534036
534037
534038
534039
534040
534067
534068
534069
534070
534071
534072
534073
534074
534075
534076
534077
534078
534079
534080
534081
534082
534083
534084
534085
534086
534087
534088
534089
534090
534091
534092
534145
534146
534147
534148
534149
534150
534151
534152
534153
534154
534155
534156
534157
534158
534159
534160
534161
534162
534163
534164
534165
534166
534167
534168
534169
534170
534171
534172
534174
534175
534176
534177
534178
534179
534180
534181
534182
534183
534184
534185
534186
534187
534188
534189
534190
534191
534192
534193
534194
534195
534196
534275
534276
534277
534278
534279
534280
534281
534282
534283
534284
534285
534286
534287
534288
534289
534290
534291
534292
534293
534294
534295
534296
534297
534298
534299
534300
534302
534304
534305
534306
534307
534308
534309
534310
534311
534312
534313
534314
534315
534316
534317
534318
534319
534320
534321
534322
534323
534324
534325
534326
534431
534432
534433
534434
534435
534436
534437
534438
534439
534440
534441
534442
534443
534444
534445
534446
534447
534448
534449
534450
534451
534452
534453
534454
534455
534456
534483
534484
534485
534486
534487
534488
534489
534490
534491
534492
534493
534494
534495
534496
534497
534498
534499
534500
534501
534502
534503
534504
534505
534506
534507
534508
534511
534512
534513
534515
534516
534517
534518
534519
534520
534521
534522
534523
534524
534525
534526
534527
534528
534529
534530
534531
534532
534533
534534
534561
534562
534563
534564
534565
534566
534567
534568
534569
534570
534571
534572
534573
534574
534575
534576
534577
534578
534579
534580
534581
534582
534583
534584
534585
534586
534587
534588
534589
534590
534591
534592
534593
534594
534595
534596
534597
534598
534599
534600
534601
534602
534603
534604
534605
534606
534607
534608
534609
534610
534611
534612
534614
534616
534617
534618
534619
534620
534621
534622
534623
534624
534625
534626
534627
534628
534629
534630
534631
534632
534633
534634
534635
534636
534637
534638
534665
534666
534667
534670
534671
534672
534673
534674
534675
534676
534677
534678
534679
534680
534681
534682
534683
534684
534685
534686
534687
534688
534689
534690
534692
534693
534694
534695
534696
534697
534698
534699
534700
534701
534702
534703
534704
534705
534706
534707
534708
534709
534710
534711
534712
534713
534714
534715
534716
534821
534822
534823
534824
534825
534826
534827
534828
534829
534830
534831
534832
534833
534834
534835
534836
534837
534838
534839
534840
534841
534842
534843
534844
534845
534846
534848
534849
534850
534851
534852
534853
534854
534855
534856
534857
534858
534859
534860
534861
534862
534863
534864
534865
534866
534867
534868
534869
534870
534871
534872
534875
534876
534877
534878
534879
534880
534881
534882
534883
534884
534885
534886
534887
534888
534889
534890
534891
534892
534893
534894
534895
534896
534897
534898
534899
534900
534901
534902
534903
534904
534905
534907
534908
534909
534910
534911
534912
534913
534914
534915
534917
534918
534919
534920
534921
534922
534923
534925
534926
534929
534930
534931
534932
534933
534934
534935
534936
534937
534938
534939
534940
534941
534942
534943
534944
534945
534946
534947
534948
534949
534950
535029
535030
535031
535032
535033
535034
535035
535036
535037
535038
535039
535040
535041
535042
535043
535044
535045
535046
535047
535048
535049
535050
535051
535052
535053
535054
535107
535108
535109
535110
535111
535112
535113
535114
535115
535116
535117
535118
535119
535120
535121
535122
535123
535124
535125
535126
535127
535128
535129
535130
535131
535132
535134
535135
535136
535137
535138
535139
535140
535141
535142
535143
535144
535145
535146
535147
535148
535149
535150
535151
535152
535153
535154
535155
535156
535157
535158
535263
535264
535265
535266
535267
535268
535269
535270
535271
535272
535273
535274
535275
535276
535277
535278
535279
535280
535281
535282
535283
535284
535285
535286
535287
535288
535289
535290
535291
535292
535293
535294
535295
535296
535297
535298
535299
535300
535301
535302
535303
535304
535305
535306
535307
535308
535309
535310
535311
535312
535313
535314
535341
535342
535343
535344
535345
535346
535347
535348
535349
535350
535351
535352
535353
535354
535355
535356
535357
535358
535359
535360
535361
535362
535363
535364
535365
535366
535419
535420
535421
535422
535423
535424
535425
535426
535427
535428
535429
535430
535431
535432
535433
535434
535435
535436
535437
535438
535439
535440
535441
535442
535443
535444
535471
535472
535473
535474
535475
535476
535477
535478
535479
535480
535481
535482
535483
535484
535485
535486
535487
535488
535489
535490
535491
535492
535493
535494
535495
535496
535499
535500
535501
535502
535503
535504
535505
535506
535507
535508
535509
535510
535511
535512
535513
535514
535515
535516
535517
535518
535519
535520
535521
535522
535575
535576
535577
535578
535579
535580
535581
535582
535583
535584
535585
535586
535587
535588
535589
535590
535591
535592
535593
535594
535595
535596
535597
535598
535599
535600
535627
535628
535629
535630
535631
535632
535633
535634
535635
535636
535637
535638
535639
535640
535641
535642
535643
535644
535645
535646
535647
535648
535649
535650
535651
535652
535653
535655
535660
535661
535664
535665
535666
535667
535668
535669
535670
535671
535672
535673
535674
535675
535676
535677
535678
535757
535758
535759
535760
535761
535762
535763
535764
535765
535766
535767
535768
535769
535770
535771
535772
535773
535774
535775
535776
535777
535778
535779
535780
535781
535782
535809
535810
535811
535812
535813
535814
535815
535816
535817
535818
535819
535820
535821
535822
535823
535824
535825
535826
535827
535828
535829
535830
535831
535832
535833
535834
535837
535838
535839
535840
535841
535842
535843
535844
535845
535846
535847
535848
535849
535850
535851
535852
535853
535854
535855
535856
535858
535859
535860
535887
535888
535889
535890
535891
535892
535893
535894
535895
535896
535897
535898
535899
535900
535901
535902
535903
535904
535905
535906
535907
535908
535909
535910
535911
535912
535914
535916
535917
535918
535919
535920
535921
535922
535923
535924
535925
535926
535927
535928
535929
535930
535931
535932
535933
535934
535935
535936
535937
535938
535991
535992
535993
535994
535995
535996
535997
535998
535999
536000
536001
536002
536003
536004
536005
536006
536007
536008
536009
536010
536011
536012
536013
536014
536015
536016
536018
536019
536020
536021
536022
536023
536024
536025
536026
536027
536028
536029
536030
536031
536032
536033
536034
536035
536036
536037
536038
536039
536040
536041
536042
536043
536044
536045
536046
536047
536048
536049
536050
536051
536052
536053
536054
536055
536056
536057
536058
536059
536060
536061
536062
536063
536064
536065
536066
536067
536068
536070
536071
536072
536073
536074
536075
536076
536077
536078
536079
536080
536081
536082
536083
536084
536085
536086
536087
536088
536089
536090
536091
536092
536093
536094
536121
536122
536123
536124
536125
536126
536127
536128
536129
536130
536131
536132
536133
536134
536135
536136
536137
536138
536139
536140
536141
536142
536143
536144
536145
536146
536147
536148
536149
536150
536151
536152
536153
536154
536155
536156
536157
536158
536159
536160
536161
536162
536163
536164
536165
536166
536167
536168
536169
536170
536171
536172
536225
536226
536227
536228
536229
536230
536231
536232
536233
536234
536235
536236
536237
536238
536239
536240
536241
536242
536243
536244
536245
536246
536247
536248
536249
536250
536277
536278
536279
536280
536281
536282
536283
536284
536285
536286
536287
536288
536289
536290
536291
536292
536293
536294
536295
536296
536297
536298
536299
536300
536301
536302
536355
536356
536357
536358
536359
536360
536361
536362
536363
536364
536365
536366
536367
536368
536369
536370
536371
536372
536373
536374
536375
536376
536377
536378
536379
536380
536433
536434
536435
536436
536437
536438
536439
536440
536441
536442
536443
536444
536445
536446
536447
536448
536449
536450
536451
536452
536453
536454
536455
536456
536457
536458
536485
536486
536487
536488
536489
536490
536491
536492
536493
536494
536495
536496
536497
536498
536499
536500
536501
536502
536503
536504
536505
536506
536507
536508
536509
536510
536511
536512
536513
536514
536515
536516
536517
536518
536519
536520
536521
536522
536523
536524
536525
536526
536527
536528
536529
536530
536531
536532
536533
536534
536535
536536
536537
536538
536539
536540
536541
536542
536543
536544
536545
536546
536547
536548
536549
536550
536551
536552
536553
536554
536555
536556
536557
536558
536559
536560
536561
536562
536589
536590
536591
536592
536593
536594
536595
536596
536597
536598
536599
536600
536601
536602
536603
536604
536605
536606
536607
536608
536609
536610
536611
536612
536613
536614
536616
536617
536618
536619
536620
536621
536622
536623
536624
536625
536626
536627
536628
536629
536630
536631
536632
536633
536634
536635
536636
536637
536638
536639
536640
536642
536643
536644
536645
536646
536647
536648
536649
536650
536651
536652
536653
536654
536655
536656
536657
536658
536659
536660
536661
536662
536663
536664
536665
536666
536667
536668
536669
536670
536671
536672
536673
536674
536675
536676
536677
536678
536679
536680
536681
536682
536683
536684
536685
536686
536687
536688
536689
536690
536691
536692
536693
536694
536695
536696
536697
536698
536699
536700
536701
536702
536703
536704
536705
536706
536707
536708
536709
536710
536711
536712
536713
536714
536715
536716
536717
536718
536719
536720
536721
536723
536724
536725
536726
536727
536728
536729
536730
536731
536732
536733
536734
536735
536736
536737
536738
536739
536740
536741
536742
536743
536744
536771
536772
536773
536774
536775
536776
536777
536778
536779
536780
536781
536782
536783
536784
536785
536786
536787
536788
536789
536790
536791
536792
536793
536794
536795
536796
536798
536799
536800
536801
536802
536803
536804
536805
536806
536807
536808
536809
536810
536811
536812
536813
536814
536815
536816
536817
536818
536819
536820
536821
536822
536849
536850
536851
536852
536853
536854
536855
536856
536857
536858
536859
536860
536861
536862
536863
536864
536865
536866
536867
536868
536869
536870
536871
536872
536873
536874
536953
536954
536955
536956
536957
536958
536959
536960
536961
536962
536963
536964
536965
536966
536967
536968
536969
536970
536971
536972
536973
536974
536975
536976
536977
536978
537006
537007
537008
537009
537010
537011
537012
537013
537014
537015
537016
537017
537018
537019
537020
537021
537022
537023
537024
537025
537026
537027
537028
537029
537030
537057
537058
537060
537061
537062
537063
537064
537065
537066
537067
537068
537069
537070
537071
537072
537073
537074
537075
537076
537077
537078
537080
537081
537082
537135
537136
537137
537138
537139
537140
537141
537142
537143
537144
537145
537146
537147
537148
537149
537150
537151
537152
537153
537154
537155
537156
537157
537158
537159
537160
537164
537165
537166
537169
537170
537171
537173
537174
537175
537176
537177
537179
537180
537182
537184
537185
537186
537189
537190
537191
537192
537193
537194
537196
537198
537199
537200
537203
