537207
537208
537209
537210
537211
537212
537291
537292
537293
537294
537295
537296
537297
537298
537299
537300
537301
537302
537303
537304
537305
537306
537307
537308
537309
537310
537311
537312
537313
537314
537315
537316
537343
537344
537345
537346
537347
537348
537349
537350
537351
537352
537353
537354
537355
537356
537357
537358
537359
537360
537361
537362
537363
537364
537365
537366
537367
537368
537525
537526
537527
537528
537529
537530
537531
537532
537533
537534
537535
537536
537537
537538
537539
537540
537541
537542
537543
537544
537545
537546
537547
537548
537549
537550
537629
537630
537631
537632
537633
537634
537635
537636
537637
537638
537639
537640
537641
537642
537643
537644
537645
537646
537647
537648
537649
537650
537651
537652
537653
537654
537656
537657
537658
537659
537660
537661
537662
537663
537664
537665
537666
537667
537668
537669
537670
537671
537672
537673
537674
537675
537676
537677
537678
537679
537680
537682
537683
537684
537685
537686
537687
537688
537689
537690
537691
537692
537693
537694
537695
537696
537697
537698
537699
537700
537701
537702
537703
537704
537705
537706
537733
537734
537735
537736
537737
537738
537739
537740
537741
537742
537743
537744
537745
537746
537747
537748
537749
537750
537751
537752
537753
537754
537755
537756
537757
537758
537759
537760
537761
537762
537763
537764
537765
537766
537767
537768
537769
537770
537771
537772
537773
537774
537775
537776
537777
537778
537779
537780
537781
537782
537783
537784
537785
537786
537787
537788
537789
537790
537791
537792
537793
537794
537795
537796
537797
537798
537799
537800
537801
537802
537803
537804
537805
537806
537807
537808
537809
537810
537812
537813
537814
537815
537816
537817
537818
537819
537820
537821
537822
537823
537824
537825
537826
537827
537828
537829
537830
537831
537832
537833
537834
537835
537836
537838
537839
537840
537841
537842
537843
537844
537845
537846
537847
537848
537849
537850
537851
537852
537853
537854
537855
537856
537857
537858
537859
537860
537861
537862
537889
537890
537891
537892
537893
537894
537895
537896
537897
537898
537899
537900
537901
537902
537903
537904
537905
537906
537907
537908
537909
537910
537911
537912
537913
537914
537915
537916
537917
537918
537919
537920
537921
537922
537923
537924
537925
537926
537927
537928
537929
537930
537931
537932
537933
537934
537935
537936
537937
537938
537939
537940
537993
537994
537995
537996
537997
537998
537999
538000
538001
538002
538003
538004
538005
538006
538007
538008
538009
538010
538011
538012
538013
538014
538015
538016
538017
538018
538020
538021
538022
538023
538024
538025
538026
538027
538028
538029
538030
538031
538032
538033
538034
538035
538036
538037
538038
538039
538040
538041
538042
538043
538044
538149
538150
538151
538152
538153
538154
538155
538156
538157
538158
538159
538160
538161
538162
538163
538164
538165
538166
538167
538168
538169
538170
538171
538172
538173
538174
538227
538228
538229
538230
538231
538232
538233
538234
538235
538236
538237
538238
538239
538240
538241
538242
538243
538244
538245
538246
538247
538248
538249
538250
538251
538252
538253
538254
538255
538256
538257
538258
538259
538260
538261
538262
538263
538264
538265
538266
538267
538268
538269
538270
538271
538272
538273
538274
538275
538276
538277
538278
538279
538281
538282
538283
538284
538285
538286
538287
538288
538289
538290
538291
538292
538293
538294
538295
538296
538297
538298
538299
538300
538301
538302
538303
538304
538383
538384
538385
538386
538387
538388
538389
538390
538391
538392
538393
538394
538395
538396
538397
538398
538399
538400
538401
538402
538403
538404
538405
538406
538407
538408
538435
538436
538437
538438
538439
538440
538441
538442
538443
538444
538445
538446
538447
538448
538449
538450
538451
538452
538453
538454
538455
538456
538457
538458
538459
538460
538461
538462
538464
538465
538466
538467
538468
538469
538470
538471
538472
538473
538474
538475
538476
538477
538478
538479
538480
538481
538482
538483
538484
538485
538486
538513
538514
538515
538516
538517
538518
538519
538520
538521
538522
538523
538524
538525
538526
538527
538528
538529
538530
538531
538532
538533
538534
538535
538536
538537
538538
538591
538592
538593
538594
538595
538596
538597
538598
538599
538600
538601
538602
538603
538604
538605
538606
538607
538608
538609
538610
538611
538612
538613
538614
538615
538616
538643
538644
538645
538646
538647
538648
538649
538650
538651
538653
538654
538655
538656
538657
538658
538659
538660
538661
538662
538663
538664
538665
538666
538667
538668
538669
538670
538671
538672
538673
538674
538675
538676
538677
538678
538679
538680
538681
538682
538683
538684
538685
538686
538687
538688
538689
538690
538691
538692
538693
538694
538696
538697
538698
538699
538700
538701
538702
538703
538704
538705
538706
538707
538708
538709
538710
538711
538712
538713
538714
538715
538716
538717
538718
538719
538720
538773
538774
538775
538776
538777
538778
538779
538780
538781
538782
538783
538784
538785
538786
538787
538788
538789
538790
538791
538792
538793
538794
538795
538796
538797
538798
538799
538800
538802
538803
538804
538805
538806
538807
538808
538809
538810
538811
538812
538813
538814
538815
538816
538817
538818
538819
538820
538821
538822
538823
538824
538877
538878
538879
538880
538881
538882
538883
538884
538885
538886
538887
538888
538889
538890
538891
538892
538893
538894
538895
538896
538897
538898
538899
538900
538901
538902
538955
538956
538957
538958
538959
538960
538961
538962
538963
538964
538965
538966
538967
538968
538969
538970
538971
538972
538973
538974
538975
538976
538977
538978
538979
538980
539007
539008
539009
539010
539011
539012
539013
539014
539015
539016
539017
539018
539019
539020
539021
539022
539023
539024
539025
539026
539027
539028
539029
539030
539031
539032
539059
539060
539061
539062
539063
539064
539065
539066
539067
539068
539069
539070
539071
539072
539073
539074
539075
539076
539077
539078
539079
539080
539081
539082
539083
539084
539086
539087
539088
539089
539090
539091
539092
539093
539094
539095
539096
539097
539098
539099
539100
539101
539102
539103
539104
539105
539106
539107
539108
539109
539110
539137
539138
539139
539140
539141
539142
539143
539144
539145
539146
539147
539148
539149
539150
539151
539152
539153
539154
539155
539156
539157
539158
539159
539160
539161
539162
539164
539165
539166
539167
539168
539169
539170
539171
539172
539173
539174
539175
539176
539177
539178
539179
539180
539181
539182
539183
539184
539185
539186
539187
539188
539215
539216
539217
539218
539219
539220
539221
539222
539223
539224
539225
539226
539227
539228
539229
539230
539231
539232
539233
539234
539235
539236
539237
539238
539239
539240
539241
539242
539243
539245
539246
539247
539248
539249
539250
539251
539252
539253
539254
539255
539256
539257
539258
539259
539260
539261
539262
539263
539264
539265
539266
539267
539268
539269
539270
539271
539272
539273
539274
539275
539276
539277
539278
539279
539280
539281
539282
539283
539284
539285
539286
539287
539288
539289
539290
539291
539292
539293
539294
539295
539296
539297
539298
539299
539300
539301
539302
539303
539304
539305
539306
539307
539308
539309
539310
539311
539312
539313
539314
539315
539316
539317
539318
539321
539322
539323
539324
539325
539326
539327
539328
539329
539330
539331
539332
539333
539334
539335
539336
539337
539338
539339
539340
539341
539342
539343
539344
539397
539398
539399
539400
539401
539402
539403
539404
539405
539406
539407
539408
539409
539410
539411
539412
539413
539414
539415
539416
539417
539418
539419
539420
539421
539422
539475
539476
539477
539478
539479
539480
539481
539482
539483
539484
539485
539486
539487
539488
539489
539490
539491
539492
539493
539494
539495
539496
539497
539498
539499
539500
539501
539502
539503
539504
539505
539506
539507
539508
539509
539510
539511
539512
539513
539514
539515
539516
539517
539518
539519
539520
539521
539522
539523
539524
539525
539526
539553
539554
539555
539556
539557
539558
539559
539560
539561
539562
539563
539564
539565
539566
539567
539568
539569
539570
539571
539572
539573
539574
539575
539576
539577
539578
539579
539580
539581
539582
539584
539585
539586
539587
539588
539589
539590
539591
539592
539593
539594
539595
539596
539597
539598
539599
539600
539601
539602
539603
539604
539631
539632
539633
539634
539635
539636
539637
539638
539639
539640
539641
539642
539643
539644
539645
539646
539647
539648
539649
539650
539651
539652
539653
539654
539655
539656
539761
539762
539763
539764
539765
539766
539767
539768
539769
539770
539771
539772
539773
539774
539775
539776
539777
539778
539779
539780
539781
539782
539783
539784
539785
539786
539813
539814
539815
539816
539817
539818
539819
539820
539821
539822
539823
539824
539825
539826
539827
539828
539829
539830
539831
539832
539833
539834
539835
539836
539837
539838
539891
539892
539893
539894
539895
539896
539897
539898
539899
539900
539901
539902
539903
539904
539905
539906
539907
539908
539909
539910
539911
539912
539913
539914
539915
539916
539969
539970
539971
539972
539973
539974
539975
539976
539977
539978
539979
539980
539981
539982
539983
539984
539985
539986
539987
539988
539989
539990
539991
539992
539993
539994
539995
539999
540000
540001
540002
540003
540004
540005
540006
540007
540008
540009
540010
540011
540012
540013
540014
540015
540016
540017
540018
540019
540020
540073
540074
540075
540076
540077
540078
540079
540080
540081
540082
540083
540084
540085
540086
540087
540088
540089
540090
540091
540092
540093
540094
540095
540096
540097
540098
540203
540204
540205
540206
540207
540208
540209
540210
540211
540212
540213
540214
540215
540216
540217
540218
540219
540220
540221
540222
540223
540224
540225
540226
540227
540228
540255
540256
540257
540258
540259
540260
540261
540262
540263
540264
540265
540266
540267
540268
540269
540270
540271
540272
540273
540274
540275
540276
540277
540278
540279
540280
540283
540285
540288
540291
540292
540295
540296
540298
540299
540300
540301
540303
540305
540306
540307
540308
540309
540310
540311
540312
540314
540315
540317
540318
540319
540320
540321
540322
540323
540324
540325
540326
540327
540328
540329
540330
540331
540332
540359
540360
540361
540362
540363
540364
540365
540366
540367
540368
540369
540370
540371
540372
540373
540374
540375
540376
540377
540378
540379
540380
540381
540382
540383
540384
540385
540386
540387
540388
540389
540390
540391
540392
540393
540394
540395
540396
540397
540398
540399
540400
540401
540402
540403
540404
540405
540406
540407
540408
540409
540410
540437
540438
540439
540440
540441
540442
540443
540444
540445
540446
540447
540448
540449
540450
540451
540452
540453
540454
540455
540456
540457
540458
540459
540460
540461
540462
540463
540464
540465
540466
540467
540468
540469
540470
540471
540472
540473
540474
540475
540476
540477
540478
540479
540480
540481
540482
540483
540484
540485
540486
540487
540488
540697
540698
540699
540700
540701
540702
540703
540704
540705
540706
540707
540708
540709
540710
540711
540712
540713
540714
540715
540716
540717
540718
540719
540720
540721
540722
540776
540777
540778
540779
540780
540781
540782
540783
540784
540785
540786
540787
540788
540789
540790
540791
540792
540793
540795
540796
540797
540798
540799
540800
540801
540802
540804
540806
540807
540808
540809
540810
540811
540812
540813
540814
540815
540816
540817
540818
540819
540820
540821
540822
540823
540824
540825
540826
540879
540880
540881
540882
540883
540884
540885
540886
540887
540888
540889
540890
540891
540892
540893
540894
540895
540896
540897
540898
540899
540900
540901
540902
540903
540904
540907
540908
540909
540910
540911
540912
540913
540914
540915
540916
540917
540918
540919
540920
540921
540922
540923
540924
540925
540926
540927
540928
540929
540930
540957
540958
540959
540960
540961
540962
540963
540964
540965
540967
540968
540969
540970
540971
540972
540973
540974
540975
540976
540977
540978
540979
540980
540981
540982
540984
540985
540986
540987
540988
540989
540990
540991
540992
540993
540994
540995
540996
540997
540998
540999
541000
541001
541002
541003
541004
541005
541006
541007
541008
541061
541062
541063
541064
541065
541066
541067
541068
541069
541070
541071
541072
541073
541074
541075
541076
541077
541078
541079
541080
541081
541082
541083
541084
541085
541086
541113
541114
541115
541116
541117
541118
541119
541120
541121
541122
541123
541124
541125
541126
541127
541128
541129
541130
541131
541132
541133
541134
541135
541136
541137
541138
541269
541270
541271
541272
541273
541274
541275
541276
541277
541278
541279
541280
541281
541282
541283
541284
541285
541286
541287
541288
541289
541290
541291
541292
541293
541294
541321
541322
541323
541324
541325
541326
541327
541328
541329
541330
541331
541332
541333
541334
541336
541337
541338
541339
541340
541341
541342
541343
541344
541345
541346
541347
541348
541349
541352
541353
541355
541356
541357
541358
541359
541360
541361
541362
541363
541364
541366
541367
541368
541369
541370
541371
541372
541399
541400
541401
541402
541403
541404
541405
541406
541407
541408
541409
541410
541411
541412
541413
541414
541415
541416
541417
541418
541419
541420
541421
541422
541423
541424
541426
541427
541428
541429
541430
541431
541432
541433
541434
541435
541436
541437
541438
541439
541440
541441
541442
541443
541444
541445
541446
541447
541448
541449
541450
541477
541478
541479
541480
541481
541482
541483
541484
541485
541486
541487
541488
541489
541490
541491
541492
541493
541494
541495
541496
541497
541498
541499
541500
541501
541502
541581
541582
541583
541584
541585
541586
541587
541588
541589
541590
541591
541592
541593
541594
541595
541596
541597
541598
541599
541600
541601
541602
541603
541604
541605
541606
541608
541609
541610
541611
541612
541613
541614
541615
541616
541617
541618
541619
541620
541621
541622
541623
541624
541625
541626
541627
541628
541629
541630
541631
541632
541711
541712
541713
541714
541715
541716
541717
541718
541719
541720
541721
541722
541723
541724
541725
541726
541727
541728
541729
541730
541731
541732
541733
541734
541735
541736
541737
541738
541739
541740
541741
541742
541743
541744
541745
541746
541747
541748
541749
541750
541751
541752
541753
541754
541755
541756
541757
541758
541759
541760
541761
541762
541789
541790
541791
541792
541793
541794
541795
541796
541797
541798
541799
541800
541801
541802
541803
541804
541805
541806
541807
541808
541809
541810
541811
541812
541813
541814
541815
541816
541817
541818
541819
541820
541821
541822
541823
541824
541825
541826
541827
541828
541829
541830
541831
541832
541833
541834
541835
541836
541837
541838
541839
541840
541867
541868
541869
541870
541871
541872
541873
541874
541875
541876
541877
541878
541879
541880
541881
541882
541883
541884
541885
541887
541888
541889
541890
541891
541892
541945
541946
541947
541948
541949
541950
541951
541952
541953
541954
541955
541956
541957
541958
541959
541960
541961
541962
541963
541964
541965
541966
541967
541968
541969
541970
542023
542024
542025
542026
542027
542028
542029
542030
542031
542032
542033
542034
542035
542036
542037
542038
542039
542040
542041
542042
542043
542044
542045
542046
542047
542048
542050
542051
542052
542053
542054
542055
542056
542057
542058
542059
542060
542061
542062
542063
542064
542065
542066
542067
542068
542069
542070
542071
542072
542073
542074
542101
542102
542103
542104
542105
542106
542107
542108
542109
542110
542111
542112
542113
542114
542115
542116
542117
542118
542119
542120
542121
542122
542123
542124
542125
542126
542127
542128
542131
542132
542133
542134
542135
542136
542137
542138
542139
542140
542141
542142
542143
542144
542145
542146
542147
542148
542149
542150
542151
542152
542154
542155
542156
542158
542159
542160
542161
542162
542163
542164
542165
542166
542167
542168
542169
542170
542171
542172
542173
542174
542175
542176
542177
542178
542205
542206
542207
542208
542209
542210
542211
542212
542213
542214
542215
542216
542217
542218
542219
542220
542221
542222
542223
542224
542225
542226
542227
542228
542229
542230
542232
542233
542234
542235
542236
542237
542238
542239
542240
542241
542242
542243
542244
542245
542246
542247
542248
542249
542250
542251
542252
542253
542254
542255
542256
542258
542259
542260
542261
542262
542263
542264
542265
542266
542267
542268
542269
542270
542271
542272
542273
542274
542275
542276
542277
542278
542279
542280
542281
542282
542283
542284
542285
542286
542288
542289
542290
542291
542292
542293
542294
542295
542296
542297
542298
542299
542300
542301
542302
542303
542304
542305
542306
542307
542308
542465
542466
542467
542468
542469
542470
542471
542472
542473
542474
542475
542476
542477
542478
542479
542480
542481
542482
542483
542484
542485
542486
542487
542488
542489
542490
542595
542596
542597
542598
542599
542600
542601
542602
542603
542604
542605
542606
542607
542608
542609
542610
542611
542612
542613
542614
542615
542616
542617
542618
542619
542620
542621
542622
542623
542624
542625
542626
542627
542628
542629
542630
542631
542632
542633
542634
542635
542636
542637
542638
542639
542640
542641
542642
542643
542644
542645
542646
542647
542648
542649
542650
542651
542652
542653
542654
542655
542656
542657
542658
542659
542660
542661
542662
542663
542664
542665
542666
542667
542668
542669
542670
542671
542672
542699
542700
542701
542702
542703
542704
542705
542706
542707
542708
542709
542710
542711
542712
542713
542714
542715
542716
542717
542718
542719
542720
542721
542722
542723
542724
542803
542804
542805
542806
542807
542808
542809
542810
542811
542812
542813
542814
542815
542816
542817
542818
542819
542820
542821
542822
542823
542824
542825
542826
542827
542828
542855
542856
542857
542858
542859
542860
542861
542862
542863
542864
542865
542866
542867
542868
542869
542870
542871
542872
542873
542874
542875
542876
542877
542878
542879
542880
542881
542882
542883
542884
542885
542886
542887
542888
542889
542890
542891
542892
542893
542894
542895
542896
542897
542898
542899
542900
542901
542902
542903
542904
542905
542906
542907
542910
542911
542912
542913
542914
542915
542916
542917
542918
542919
542920
542921
542922
542923
542924
542925
542926
542927
542928
542929
542930
542931
542932
543011
543012
543013
543014
543015
543016
543017
543018
543019
543020
543021
543022
543023
543024
543025
543026
543027
543028
543029
543030
543031
543032
543033
543034
543035
543036
543063
543064
543065
543066
543067
543068
543069
543070
543071
543072
543073
543074
543075
543076
543077
543078
543079
543080
543081
543082
543083
543084
543085
543086
543087
543088
543089
543090
543091
543092
543093
543094
543095
543096
543097
543098
543099
543100
543101
543102
543103
543104
543105
543106
543107
543108
543109
543110
543111
543112
543113
543114
543141
543142
543143
543144
543145
543146
543147
543148
543149
543150
543151
543152
543153
543154
543155
543156
543157
543158
543159
543160
543161
543162
543163
543164
543165
543166
543167
543169
543170
543171
543172
543173
543174
543175
543176
543177
543178
543179
543180
543181
543182
543183
543184
543185
543186
543187
543188
543189
543190
543191
543192
543219
543220
543221
543222
543223
543224
543225
543226
543227
543228
543229
543230
543231
543232
543233
543234
543235
543236
543237
543238
543239
543240
543241
543242
543243
543244
543246
543247
543248
543249
543250
543251
543252
543253
543254
543255
543256
543257
543258
543259
543260
543261
543262
543263
543264
543265
543266
543267
543268
543269
543270
543297
543298
543299
543300
543301
543302
543303
543304
543305
543306
543307
543308
543309
543310
543311
543312
543313
543314
543315
543316
543317
543318
543319
543320
543321
543322
543323
543324
543325
543326
543327
543328
543329
543330
543331
543332
543333
543334
543335
543336
543337
543338
543339
543340
543341
543342
543343
543344
543345
543346
543347
543348
543349
543350
543352
543353
543354
543355
543356
543357
543358
543359
543360
543361
543362
543363
543364
543365
543366
543367
543368
543369
543370
543371
543372
543373
543374
543531
543532
543533
543534
543535
543536
543537
543538
543539
543540
543541
543542
543543
543544
543545
543546
543547
543548
543549
543550
543551
543552
