543553
543554
543555
543556
543583
543584
543585
543586
543587
543588
543589
543590
543591
543592
543593
543594
543595
543596
543597
543598
543599
543600
543601
543602
543603
543604
543605
543606
543607
543608
543609
543610
543611
543612
543613
543614
543615
543616
543617
543618
543619
543620
543621
543622
543623
543624
543625
543626
543627
543628
543629
543630
543631
543632
543633
543634
543635
543637
543638
543639
543640
543641
543642
543643
543644
543645
543646
543647
543648
543649
543650
543651
543652
543653
543654
543655
543656
543657
543658
543659
543660
543687
543688
543689
543690
543691
543692
543693
543694
543695
543696
543697
543698
543699
543700
543701
543702
543703
543704
543705
543706
543707
543708
543709
543710
543711
543712
543739
543740
543741
543742
543743
543744
543745
543746
543747
543748
543749
543750
543751
543752
543753
543754
543755
543756
543757
543758
543759
543760
543761
543762
543763
543764
543765
543767
543768
543769
543770
543771
543772
543773
543774
543775
543776
543777
543778
543779
543780
543781
543782
543783
543784
543785
543786
543787
543788
543789
543790
543792
543793
543794
543795
543796
543797
543798
543799
543800
543801
543802
543803
543804
543805
543806
543807
543808
543809
543810
543811
543812
543813
543814
543815
543816
543843
543844
543845
543846
543847
543848
543849
543850
543851
543852
543853
543854
543855
543856
543857
543858
543859
543860
543861
543862
543863
543864
543865
543866
543867
543868
543869
543870
543871
543872
543873
543874
543875
543876
543877
543878
543879
543880
543881
543882
543883
543884
543885
543886
543887
543888
543889
543890
543891
543892
543893
543894
543921
543922
543923
543924
543925
543926
543927
543928
543929
543930
543931
543932
543933
543934
543935
543936
543937
543938
543939
543940
543941
543942
543943
543944
543945
543946
543973
543974
543975
543976
543977
543978
543979
543980
543981
543982
543983
543984
543985
543986
543987
543988
543989
543990
543991
543992
543993
543994
543995
543996
543997
543998
544077
544078
544079
544080
544081
544082
544083
544084
544085
544086
544087
544088
544089
544090
544091
544092
544093
544094
544095
544096
544097
544098
544099
544100
544101
544102
544103
544104
544105
544106
544107
544108
544109
544110
544111
544112
544113
544114
544115
544116
544117
544118
544119
544120
544121
544122
544123
544124
544125
544126
544127
544128
544285
544286
544287
544288
544289
544290
544291
544292
544293
544294
544295
544296
544297
544298
544299
544300
544301
544302
544303
544304
544305
544306
544307
544308
544309
544310
544311
544312
544313
544314
544315
544316
544317
544318
544319
544320
544321
544322
544323
544324
544325
544326
544327
544328
544329
544330
544331
544332
544333
544334
544335
544336
544337
544338
544339
544340
544341
544342
544343
544344
544345
544346
544347
544348
544349
544350
544351
544352
544353
544354
544355
544356
544357
544358
544359
544360
544361
544362
544415
544416
544417
544418
544419
544420
544421
544422
544423
544424
544425
544426
544427
544428
544429
544430
544431
544432
544433
544434
544435
544436
544437
544438
544439
544440
544441
544442
544443
544444
544445
544446
544447
544448
544449
544450
544451
544452
544453
544454
544455
544456
544457
544458
544460
544461
544462
544463
544464
544465
544466
544493
544494
544495
544496
544497
544498
544499
544500
544501
544502
544503
544504
544505
544506
544507
544508
544509
544510
544511
544512
544513
544514
544515
544516
544517
544518
544519
544520
544521
544522
544523
544524
544525
544526
544527
544528
544529
544530
544531
544532
544533
544534
544535
544536
544537
544538
544539
544540
544541
544542
544543
544544
544649
544650
544651
544652
544653
544654
544655
544656
544657
544658
544659
544660
544661
544662
544663
544664
544665
544666
544667
544668
544669
544670
544671
544672
544673
544674
544675
544676
544677
544678
544679
544680
544681
544682
544683
544684
544685
544686
544687
544688
544689
544690
544691
544692
544693
544694
544695
544696
544697
544698
544699
544700
544701
544702
544703
544704
544705
544706
544707
544708
544709
544710
544711
544712
544713
544714
544715
544716
544717
544718
544719
544720
544721
544722
544723
544724
544725
544726
544857
544858
544859
544860
544861
544862
544863
544864
544865
544866
544867
544868
544869
544870
544871
544872
544873
544874
544875
544876
544877
544878
544879
544880
544881
544882
544884
544885
544886
544887
544888
544889
544890
544891
544892
544893
544894
544895
544896
544897
544898
544899
544900
544901
544902
544903
544904
544905
544906
544907
544908
544909
544911
544913
544914
544915
544916
544917
544918
544919
544920
544921
544922
544923
544924
544925
544926
544927
544928
544929
544930
544931
544932
544933
544934
544961
544962
544963
544964
