546993
546994
546995
546996
546997
546998
546999
547000
547001
547002
547003
547004
547005
547006
547007
547008
547009
547010
547011
547012
547013
547014
547067
547068
547069
547070
547071
547072
547073
547074
547075
547076
547077
547078
547079
547080
547081
547082
547083
547084
547085
547086
547087
547088
547089
547090
547091
547092
547119
547120
547121
547122
547123
547124
547125
547126
547127
547128
547129
547130
547131
547132
547133
547134
547135
547136
547137
547138
547139
547140
547141
547142
547143
547144
547171
547172
547173
547174
547175
547176
547177
547178
547179
547180
547181
547182
547183
547184
547185
547186
547187
547188
547189
547190
547191
547192
547193
547194
547195
547196
547301
547302
547303
547304
547305
547306
547307
547308
547309
547310
547311
547312
547313
547314
547315
547316
547317
547318
547319
547320
547321
547322
547323
547324
547325
547326
547328
547329
547330
547331
547332
547333
547334
547335
547336
547337
547338
547339
547340
547341
547342
547343
547344
547345
547346
547347
547348
547349
547350
547351
547352
547355
547356
547357
547358
547359
547360
547361
547362
547363
547364
547365
547366
547367
547368
547369
547370
547371
547372
547373
547374
547375
547376
547377
547378
547431
547432
547433
547434
547435
547436
547437
547438
547439
547440
547441
547442
547443
547444
547445
547446
547447
547448
547449
547450
547451
547452
547453
547454
547455
547456
547457
547458
547459
547460
547461
547462
547463
547464
547465
547466
547467
547468
547469
547470
547471
547472
547473
547474
547475
547476
547477
547478
547479
547480
547481
547482
547483
547484
547487
547488
547489
547490
547491
547492
547493
547494
547495
547496
547497
547498
547499
547500
547501
547502
547503
547504
547505
547506
547507
547508
547561
547562
547563
547564
547565
547566
547567
547568
547569
547570
547571
547572
547573
547574
547575
547576
547577
547578
547579
547580
547581
547582
547583
547584
547585
547586
547639
547640
547641
547642
547643
547644
547645
547646
547647
547648
547649
547650
547651
547652
547653
547654
547655
547656
547657
547658
547659
547660
547661
547662
547663
547664
547665
547666
547667
547668
547669
547670
547671
547672
547673
547674
547675
547676
547677
547678
547679
547680
547681
547682
547683
547684
547685
547686
547687
547688
547689
547690
547717
547718
547719
547720
547721
547722
547723
547724
547725
547726
547727
547728
547729
547730
547731
547732
547733
547734
547735
547736
547737
547738
547739
547740
547741
547742
547769
547770
547771
547772
547773
547774
547775
547776
547777
547778
547779
547780
547781
547782
547783
547784
547785
547786
547787
547788
547789
547790
547791
547792
547793
547794
547796
547797
547798
547799
547800
547801
547802
547803
547804
547805
547806
547807
547808
547809
547810
547811
547812
547813
547814
547815
547816
547817
547818
547819
547820
547847
547848
547849
547850
547851
547852
547853
547854
547855
547856
547857
547858
547859
547860
547861
547862
547863
547864
547865
547866
547867
547868
547869
547870
547871
547872
547925
547926
547927
547928
547929
547930
547931
547932
547933
547934
547935
547936
547937
547938
547939
547940
547941
547942
547943
547944
547945
547946
547947
547948
547949
547950
548003
548004
548005
548006
548007
548008
548009
548010
548011
548012
548013
548014
548015
548016
548017
548018
548019
548020
548021
548022
548023
548024
548025
548026
548027
548028
548055
548056
548057
548058
548059
548060
548061
548062
548063
548064
548065
548066
548067
548068
548069
548070
548071
548072
548073
548074
548075
548076
548077
548078
548079
548080
548107
548108
548109
548110
548111
548112
548113
548114
548115
548116
548117
548118
548119
548120
548121
548122
548123
548124
548125
548126
548127
548128
548129
548130
548131
548132
548263
548264
548265
548266
548267
548268
548269
548270
548271
548272
548273
548274
548275
548276
548277
548278
548279
548280
548281
548282
548283
548284
548285
548286
548287
548288
548341
548342
548343
548344
548345
548346
548347
548348
548349
548350
548351
548352
548353
548354
548355
548356
548357
548358
548359
548360
548361
548362
548363
548364
548365
548366
548393
548394
548395
548396
548397
548398
548399
548400
548401
548402
548403
548404
548405
548406
548407
548408
548409
548410
548411
548412
548413
548414
548415
548416
548417
548418
548419
548420
548421
548422
548423
548424
548425
548426
548428
548429
548430
548431
548432
548433
548434
548435
548436
548437
548438
548439
548440
548441
548442
548443
548444
548575
548576
548577
548578
548579
548580
548581
548582
548583
548584
548585
548586
548587
548588
548589
548590
548591
548592
548593
548594
548595
548596
548597
548598
548599
548600
548602
548604
548605
548606
548607
548608
548609
548610
548611
548612
548613
548614
548615
548616
548617
548618
548619
548620
548621
548622
548623
548624
548625
548626
548679
548680
548681
548682
548683
548684
548685
548686
548687
548688
548689
548690
548691
548692
548693
548694
548695
548696
548697
548698
548699
548700
548701
548702
548703
548704
548705
548708
548709
548710
548711
548712
548713
548714
548715
548716
548717
548718
548719
548720
548721
548722
548723
548724
548725
548726
548727
548728
548729
548730
548757
548758
548759
548760
548761
548762
548763
548764
548765
548766
548767
548768
548769
548770
548771
548772
548773
548774
548775
548776
548777
548778
548779
548780
548781
548782
548861
548862
548863
548864
548865
548866
548867
548868
548869
548870
548871
548872
548873
548874
548875
548876
548877
548878
548879
548880
548881
548882
548883
548884
548885
548886
548965
548966
548967
548968
548969
548970
548971
548972
548973
548974
548975
548976
548977
548978
548979
548980
548981
548982
548983
548984
548985
548986
548987
548988
548989
548990
548991
548992
548993
548994
548995
548996
548997
548998
548999
549000
549001
549002
549003
549004
549005
549006
549007
549008
549009
549010
549011
549012
549013
549014
549015
549016
549069
549070
549071
549072
549073
549074
549075
549076
549077
549078
549079
549080
549081
549082
549083
549084
549085
549086
549087
549088
549089
549090
549091
549092
549093
549094
549095
549098
549099
549100
549101
549102
549103
549104
549105
549106
549107
549108
549109
549110
549111
549112
549113
549114
549115
549116
549117
549118
549119
549120
549173
549174
549175
549176
549177
549178
549179
549180
549181
549182
549183
549184
549185
549186
549187
549188
549189
549190
549191
549192
549193
549194
549195
549196
549197
549198
549201
549203
549204
549205
549206
549207
549208
549209
549210
549211
549212
549213
549214
549215
549216
549217
549218
549219
549220
549221
549222
549223
549224
549225
549226
549227
549228
549230
549231
549232
549233
549234
549235
549236
549237
549238
549239
549240
549241
549242
549243
549244
549245
549246
549247
549248
549249
549250
549303
549304
549305
549306
549307
549308
549309
549310
549311
549312
549313
549314
549315
549316
549317
549318
549319
549320
549321
549322
549323
549324
549325
549326
549327
549328
549355
549356
549357
549358
549359
549360
549361
549362
549363
549364
549365
549366
549367
549368
549369
549370
549371
549372
549373
549374
549375
549376
549377
549378
549379
549380
549381
549382
549384
549385
549386
549387
549388
549389
549390
549391
549392
549393
549394
549395
549396
549397
549398
549399
549400
549401
549402
549403
549404
549405
549406
549433
549434
549435
549436
549437
549438
549439
549440
549441
549442
549443
549444
549445
549446
549447
549448
549449
549450
549451
549452
549453
549454
549455
549456
549457
549458
549460
549461
549462
549463
549464
549465
549466
549467
549468
549469
549470
549471
549472
549473
549474
549475
549476
549477
549478
549479
549480
549481
549482
549483
549484
549486
549487
549488
549489
549490
549491
549492
549493
549494
549495
549496
549497
549498
549499
549500
549501
549502
549503
549504
549505
549506
549507
549508
549509
549589
549590
549591
549592
549593
549594
549595
549596
549597
549598
549599
549600
549601
549602
549603
549604
549605
549606
549607
549608
549609
549610
549611
549612
549613
549614
549615
549616
549617
549618
549619
549620
549621
549622
549623
549624
549625
549626
549627
549628
549629
549630
549631
549632
549633
549634
549635
549636
549637
549638
549639
549640
549719
549720
549721
549722
549723
549724
549725
549726
549727
549728
549729
549730
549731
549732
549733
549734
549735
549736
549737
549738
549739
549740
549741
549742
549743
549744
549745
549746
549747
549748
549749
549750
549751
549752
549753
549754
549755
549756
549757
549758
549759
549760
549761
549762
549763
549764
549765
549766
549767
549768
549769
549770
549797
549798
549799
549800
549801
549802
549803
549804
549805
549806
549807
549808
549809
549810
549811
549812
549813
549814
549815
549816
549817
549818
549819
549820
549821
549822
549825
549826
549827
549828
549829
549830
549831
549832
549833
549834
549835
549836
549837
549838
549839
549840
549841
549842
549843
549844
549845
549846
549847
549848
549850
549851
549852
549853
549854
549855
549856
549857
549858
549859
549860
549861
549862
549863
549864
549865
549866
549867
549868
549869
549870
549871
549872
549873
549874
549901
549902
549903
549904
549905
549906
549907
549908
549909
549910
549911
549912
549913
549914
549915
549916
549917
549918
549919
549920
549921
549922
549923
549924
549925
549926
550005
550006
550007
550008
550009
550010
550011
550012
550013
550014
550015
550016
550017
550018
550019
550020
550021
550022
550023
550024
550025
550026
550027
550028
550029
550030
550057
550058
550059
550060
550061
550062
550063
550064
550065
550066
550067
550068
550069
550070
550071
550072
550073
550074
550075
550076
550077
550078
550079
550080
550081
550082
550135
550136
550137
550138
550139
550140
550141
550142
550143
550144
550145
550146
550147
550148
550149
550150
550151
550152
550153
550154
550155
550156
550157
550158
550159
550160
550161
550162
550163
550164
550165
550166
550167
550168
550169
550170
550171
550172
550173
550174
550175
550176
550177
550178
550179
550180
550181
550182
550183
550184
550185
550186
550213
550214
550215
550216
550217
550218
550219
550220
550221
550222
550223
550224
550225
550226
550227
550228
550229
550230
550231
550232
550233
550234
550235
550236
550237
550238
550239
550240
550241
550242
550243
550244
550245
550246
550247
550248
550249
550250
550251
550252
550253
550254
550255
550256
550257
550258
550259
550260
550261
550262
550263
550264
550317
550318
550319
550320
550321
550322
550323
550324
550325
550326
550327
550328
550329
550330
550331
550332
550333
550334
550335
550336
550337
550338
550339
550340
550341
550342
550369
550370
550371
550372
550373
550374
550375
550376
550377
550378
550379
550380
550381
550382
550383
550384
550385
550386
550387
550388
550389
550390
550391
550392
550393
550394
550395
550396
550397
550398
550399
550400
550401
550402
550403
550404
550405
550406
550407
550408
550409
550410
550411
550412
550413
550414
550415
550416
550417
550418
550419
550420
550421
550422
550423
550424
550426
550427
550428
550429
550430
550431
550432
550433
550434
550435
550436
550437
550438
550439
550440
550441
550442
550443
550444
550445
550446
550473
550474
550475
550476
550477
550478
550479
550480
550481
550482
550483
550484
550485
550486
550487
550488
550489
550490
550491
550492
550493
550494
550495
550496
550497
550498
550551
550552
550553
550554
550555
550556
550557
550558
550559
550560
550561
550562
550563
550564
550565
550566
550567
550568
550569
550570
550571
550572
550573
550574
550575
550576
550577
550578
550579
550580
550581
550582
550583
550584
550585
550586
550587
550588
550589
550590
550591
550592
550593
550594
550595
550596
550597
550598
550599
550600
550601
550602
550655
550656
550657
550658
550659
550660
550661
550662
550663
550664
550665
550666
550667
550668
550669
550670
550671
550672
550673
550674
550675
550676
550677
550678
550679
550680
550683
550684
550685
550686
550687
550688
550689
550690
550691
550692
550693
550694
550695
550696
550697
550698
550699
550700
550701
550702
550703
550704
550705
550706
550733
550734
550735
550736
550737
550738
550740
550741
550742
550743
550744
550745
550746
550747
550748
550749
550750
550751
550752
550753
550754
550755
550756
550757
550758
550811
550812
550813
550814
550815
550816
550817
550818
550819
550820
550821
550822
550823
550824
550825
550826
550827
550828
550829
550830
550831
550832
550833
550834
550835
550836
550837
550838
550839
550842
550843
550844
550845
550846
550847
550848
550849
550850
550851
550852
550853
550854
550855
550856
550857
550858
550859
550860
550861
550862
550915
550916
550917
550918
550919
550920
550921
550922
550923
550924
550925
550926
550927
550928
550929
550930
550931
550932
550933
550934
550935
550936
550937
550938
550939
550940
550942
550943
550944
550945
550947
550948
550950
550951
550952
550953
550954
550955
550956
550957
550958
550959
550960
550961
550962
550963
550964
550965
550966
550993
550994
550995
550996
550997
550998
550999
551000
551002
551003
551004
551005
551006
551007
551008
551009
551010
551011
551012
551013
551014
551015
551016
551017
551018
551019
551020
551021
551022
551023
551024
551025
551026
551027
551028
551029
551030
551031
551032
551033
551034
551035
551036
551037
551038
551039
551040
551041
551042
551043
551044
551045
551046
551048
551049
551050
551051
551052
551053
551054
551055
551056
551057
551058
551059
551060
551061
551062
551064
551065
551066
551067
551068
551069
551070
551123
551124
551125
551126
551127
551128
551129
551130
551131
551132
551133
551134
551135
551136
551137
551138
551139
551140
551141
551142
551143
551144
551145
551146
551147
551148
551149
551150
551151
551152
551153
551154
551155
551156
551158
551159
551160
551161
551162
551163
551164
551165
551166
551167
551168
551169
551170
551171
551172
551173
551174
551175
551177
551178
551179
551180
551181
551182
551183
551184
551185
551186
551187
551188
551189
551190
551191
551192
551193
551194
551195
551196
551197
551198
551199
551200
551305
551306
551307
551308
551309
551310
551311
551312
551313
551314
551315
551316
551317
551318
551319
551320
551321
551322
551323
551324
551325
551326
551327
551328
551329
551330
551357
551358
551359
551360
551361
551362
551363
551364
551365
551366
551367
551368
551369
551370
551371
551372
551373
551374
551375
551376
551377
551378
551379
551380
551381
551382
551384
551386
551387
551388
551389
551390
551391
551392
551393
551394
551395
551396
551397
551398
551399
551400
551401
551402
551403
551404
551405
551406
551407
551408
551435
551436
551437
551438
551439
551440
551441
551442
551443
551445
551446
551447
551448
551449
551450
551451
551452
551453
551454
551455
551456
551457
551458
551459
551460
551487
551488
551489
551490
551491
551492
551493
551494
551495
551496
551497
551498
551499
551500
551501
551502
551503
551504
551505
551506
551507
551508
551509
551510
551511
551512
551565
551566
551567
551568
551569
551570
551571
551572
551573
551574
551575
551576
551577
551578
551579
551580
551581
551582
551583
551584
551585
551586
551587
551588
551589
551590
551669
551670
551671
551672
551673
551674
551675
551676
551677
551678
551679
551680
551681
551682
551683
551684
551685
551686
551687
551688
551689
551690
551691
551692
551693
551694
551721
551722
551723
551724
551725
551726
551727
551728
551729
551730
551731
551732
551733
551734
551735
551736
551737
551738
551739
551740
551741
551742
551743
551744
551745
551746
551799
551800
551801
551802
551803
551804
551805
551806
551807
551808
551809
551810
551811
551812
551813
551814
551815
551816
551817
551818
551819
551820
551821
551822
551823
551824
551851
551852
551853
551854
551855
551856
551857
551858
551859
551860
551861
551862
551863
551864
551865
551866
551867
551868
551869
551870
551871
551872
551873
551874
551875
551876
551877
551878
551879
551881
551882
551883
551884
551885
551886
551887
551888
551889
551890
551891
551892
551893
551894
551895
551896
551897
551898
551899
551900
551901
551902
552033
552034
552035
552036
552037
552038
552039
552040
552041
552042
552043
552044
552045
552046
552047
552048
552049
552050
552051
552052
552053
552054
552055
552056
552057
552058
552085
552086
552087
552088
552089
552090
552091
552092
552093
552094
552095
552096
552097
552098
552099
552100
552101
552102
552103
552104
552105
552106
552107
552108
552109
552110
552115
552116
552117
552118
552119
552120
552121
552122
552123
552124
552125
552126
552127
552128
552129
552130
552131
552132
552133
552134
552135
552136
552137
552138
552139
552140
552141
552142
552143
552144
552145
552146
552147
552148
552149
552150
552151
552152
552153
552154
552155
552156
552157
552158
552159
552160
552161
552162
552189
552190
552191
552192
552193
552194
552195
552196
552197
552198
552199
552200
552201
552202
552203
552204
552205
552206
552207
552208
552209
552210
552211
552212
552213
552214
552319
552320
552321
552322
552323
552324
552325
552326
552327
552328
552329
552330
552331
552332
552333
552334
552335
552336
552337
552338
552339
552340
552341
552342
552343
552344
552345
552346
552347
552348
552349
552350
552351
552352
552353
552354
552355
552356
552357
552358
552359
552360
552361
552362
552363
552364
552365
552366
552367
552368
552369
552370
552371
552372
552373
552374
552375
552376
552377
552378
552379
552380
552381
552382
552383
552384
552385
552386
552387
552388
552389
552390
552391
552392
552393
552394
552395
552396
552400
552401
552402
552403
552404
552405
552406
552407
552408
552409
552410
552411
552412
552413
552414
552415
552416
552417
552418
552419
552420
552421
552422
552424
552425
552426
552427
552428
552429
552430
552431
552432
552433
552434
552435
552436
552437
552438
552439
552440
552441
552442
552443
552444
552445
552446
552447
552448
552475
552476
552477
552478
552479
552480
552481
552482
552483
552484
552485
552486
552487
552488
552489
552490
552491
552492
552493
552494
552495
552496
552497
552498
552499
552500
552553
552554
552555
552556
552557
552558
552559
552560
552561
552562
552563
552564
552565
552566
552567
552568
552569
552570
552571
552572
552573
552574
552575
552576
552577
552578
552605
552606
552607
552608
552609
552610
552611
552612
552613
552614
552615
552616
552617
552618
552619
552620
552621
552622
552623
552624
552625
552626
552627
552628
552629
552630
552632
552633
552634
552635
552636
552637
552638
552639
552640
552641
552642
552643
552644
552645
552646
552647
552648
552649
552650
552651
552652
552653
552654
552655
552656
552657
552658
552659
552660
552661
552662
552663
552664
552665
552666
552667
552668
552669
552670
552671
552672
552673
552674
552675
552676
552677
552678
552679
552680
552681
552682
552683
552684
552685
552686
552687
552688
552689
552690
552691
552692
552693
552694
552695
552696
552697
552698
552699
552700
552701
552702
552703
552704
552705
552706
552707
552708
552761
552762
552763
552764
552765
552766
552767
552768
552769
552770
552771
552772
552773
552774
552775
552776
552777
552778
552779
552780
552781
552782
552783
552784
552785
552786
552839
552840
552841
552842
552843
552844
552845
552846
552847
552848
552849
552851
552852
552853
552854
552855
552856
552857
552858
552859
552860
552861
552862
552863
552864
552917
552918
552919
552920
552921
552922
552923
552924
552925
552926
552927
552928
552929
552930
552931
552932
552933
552934
552935
552936
552937
552938
552939
552940
552941
552942
552995
552996
552997
552998
552999
553000
553001
553002
553003
553004
553005
553006
553007
553008
553009
553010
553011
553012
553013
