553014
553015
553016
553017
553018
553019
553020
553021
553022
553023
553024
553025
553026
553027
553028
553029
553030
553031
553032
553033
553034
553035
553036
553037
553038
553039
553040
553041
553042
553043
553044
553045
553046
553073
553074
553075
553076
553077
553078
553079
553080
553081
553082
553083
553084
553085
553086
553087
553088
553089
553090
553091
553092
553093
553094
553095
553096
553097
553098
553099
553100
553101
553102
553103
553104
553105
553106
553107
553108
553109
553110
553111
553112
553113
553114
553115
553116
553117
553118
553119
553120
553121
553122
553123
553124
553177
553178
553179
553180
553181
553182
553183
553184
553185
553186
553187
553188
553189
553190
553191
553192
553193
553194
553195
553196
553197
553198
553199
553200
553201
553202
553255
553256
553257
553258
553259
553260
553261
553262
553263
553264
553265
553266
553267
553268
553269
553270
553271
553272
553273
553274
553275
553276
553277
553278
553279
553280
553333
553334
553335
553336
553337
553338
553339
553340
553341
553342
553343
553344
553345
553346
553347
553348
553349
553350
553351
553352
553353
553354
553355
553356
553357
553358
553385
553386
553387
553388
553389
553390
553391
553392
553393
553394
553395
553396
553397
553398
553399
553400
553401
553402
553403
553404
553405
553406
553407
553408
553409
553410
553412
553413
553414
553415
553416
553417
553418
553419
553420
553421
553422
553423
553424
553425
553426
553427
553428
553429
553430
553431
553432
553433
553434
553435
553436
553463
553464
553465
553466
553467
553468
553469
553470
553471
553472
553473
553474
553475
553476
553477
553478
553479
553480
553481
553482
553483
553484
553485
553486
553487
553488
553490
553491
553492
553493
553494
553495
553496
553497
553498
553499
553500
553501
553502
553503
553504
553505
553506
553507
553508
553509
553510
553511
553512
553513
553514
553567
553568
553569
553570
553571
553572
553573
553574
553575
553576
553577
553578
553579
553580
553581
553582
553583
553584
553585
553586
553587
553588
553589
553590
553591
553592
553593
553594
553595
553596
553597
553598
553599
553600
553601
553602
553603
553604
553605
553606
553607
553608
553609
553610
553611
553612
553613
553614
553615
553616
553617
553618
553645
553646
553647
553648
553649
553650
553651
553652
553653
553654
553655
553656
553657
553658
553659
553660
553661
553662
553663
553664
553665
553666
553667
553668
553669
553670
553697
553698
553699
553700
553701
553702
553703
553704
553705
553706
553707
553708
553709
553710
553711
553712
553713
553714
553715
553716
553717
553718
553719
553720
553721
553722
553724
553725
553726
553727
553728
553729
553730
553731
553732
553733
553734
553735
553736
553737
553738
553739
553740
553741
553742
553743
553744
553745
553746
553747
553748
553775
553776
553777
553778
553779
553780
553781
553782
553783
553784
553785
553786
553787
553788
553789
553790
553791
553792
553793
553794
553795
553796
553797
553798
553799
553800
553803
553804
553805
553806
553807
553808
553809
553810
553811
553812
553813
553814
553815
553816
553817
553818
553819
553820
553821
553822
553823
553824
553825
553826
553879
553880
553881
553882
553883
553884
553885
553886
553887
553888
553889
553890
553891
553892
553893
553894
553895
553896
553897
553898
553899
553900
553901
553902
553903
553904
553906
553907
553908
553909
553910
553911
553912
553913
553914
553915
553916
553917
553918
553919
553920
553921
553922
553923
553924
553925
553926
553927
553928
553929
553930
553933
553934
553935
553936
553937
553938
553939
553940
553941
553942
553943
553944
553945
553946
553947
553948
553949
553950
553951
553952
553953
553954
553955
553956
553983
553984
553985
553986
553987
553988
553989
553990
553991
553992
553993
553994
553995
553996
553997
553998
553999
554000
554001
554002
554003
554004
554005
554006
554007
554008
554009
554010
554011
554012
554013
554014
554015
554016
554017
554018
554019
554020
554021
554022
554023
554024
554025
554026
554027
554028
554029
554030
554031
554032
554033
554034
554036
554037
554039
554040
554041
554042
554043
554044
554045
554046
554047
554048
554049
554050
554051
554052
554053
554054
554055
554056
554057
554058
554059
554060
554087
554088
554089
554090
554091
554092
554093
554094
554095
554096
554097
554098
554099
554100
554101
554102
554103
554104
554105
554106
554107
554108
554109
554110
554111
554112
554139
554140
554141
554142
554143
554144
554145
554146
554147
554148
554149
554150
554151
554152
554153
554154
554155
554156
554157
554158
554159
554160
554161
554162
554163
554164
554167
554168
554169
554170
554171
554172
554173
554174
554175
554176
554177
554178
554179
554180
554181
554182
554183
554184
554185
554186
554187
554188
554189
554190
554217
554218
554219
554220
554221
554222
554223
554224
554225
554226
554227
554228
554229
554230
554231
554232
554233
554234
554235
554236
554237
554238
554239
554240
554241
554242
554243
554244
554245
554246
554247
554248
554249
554250
554251
554252
554253
554254
554255
554256
554257
554258
554259
554260
554261
554262
554263
554264
554265
554266
554267
554268
554373
554374
554375
554376
554377
554378
554379
554380
554381
554382
554383
554384
554385
554386
554387
554388
554389
554390
554391
554392
554393
554394
554395
554396
554397
554398
554477
554478
554479
554480
554481
554482
554483
554484
554485
554486
554487
554488
554489
554490
554491
554492
554493
554494
554495
554496
554497
554498
554499
554500
554501
554502
554505
554506
554507
554508
554509
554510
554511
554512
554513
554514
554515
554516
554517
554518
554519
554520
554521
554522
554523
554524
554525
554526
554527
554528
554529
554531
554532
554533
554534
554535
554536
554537
554538
554539
554540
554541
554542
554543
554544
554545
554546
554547
554548
554549
554550
554551
554552
554553
554554
554607
554608
554609
554610
554611
554612
554613
554614
554615
554616
554617
554618
554619
554620
554621
554622
554623
554624
554625
554626
554627
554628
554629
554630
554631
554632
554711
554712
554713
554714
554715
554716
554717
554718
554719
554720
554721
554722
554723
554724
554725
554726
554727
554728
554729
554730
554731
554732
554733
554734
554735
554736
554737
554738
554739
554740
554741
554742
554743
554744
554745
554746
554747
554748
554749
554750
554751
554752
554753
554754
554755
554756
554757
554758
554759
554760
554761
554762
554764
554765
554766
554767
554768
554769
554770
554771
554772
554773
554774
554775
554776
554777
554778
554779
554780
554781
554782
554783
554784
554785
554786
554787
554788
554867
554868
554869
554870
554871
554872
554873
554874
554875
554876
554877
554878
554879
554880
554881
554882
554883
554884
554885
554886
554887
554888
554889
554890
554891
554892
554894
554895
554896
554897
554898
554899
554900
554901
554902
554903
554904
554905
554906
554907
554908
554909
554910
554911
554912
554913
554914
554915
554916
554917
554918
554920
554921
554922
554923
554924
554925
554926
554927
554928
554929
554930
554931
554932
554933
554934
554935
554936
554937
554938
554939
554940
554941
554942
554943
554944
554945
554946
554948
554949
554950
554951
554952
554953
554954
554955
554956
554957
554958
554959
554960
554961
554962
554963
554964
554965
554966
554967
554968
554969
554970
554997
554998
554999
555000
555001
555002
555004
555005
555006
555007
555008
555009
555010
555011
555012
555013
555014
555015
555016
555017
555018
555019
555020
555021
555022
555179
555180
555181
555182
555183
555184
555185
555186
555187
555188
555189
555190
555191
555192
555193
555194
555195
555196
555197
555198
555199
555200
555201
555202
555203
555204
555231
555232
555233
555234
555235
555236
555237
555238
555239
555240
555241
555242
555243
555244
555245
555246
555247
555248
555249
555250
555251
555252
555253
555254
555255
555256
555257
555258
555259
555260
555261
555262
555263
555264
555265
555266
555267
555268
555269
555270
555271
555272
555273
555274
555275
555276
555277
555278
555279
555280
555281
555282
555309
555310
555311
555312
555313
555314
555315
555316
555317
555318
555319
555320
555321
555322
555323
555324
555325
555326
555327
555328
555329
555330
555331
555332
555333
555334
555335
555337
555338
555339
555340
555341
555342
555343
555344
555345
555346
555347
555348
555349
555350
555351
555352
555353
555354
555355
555356
555357
555358
555359
555360
555361
555362
555363
555364
555365
555366
555367
555368
555369
555370
555371
555372
555373
555374
555375
555376
555377
555378
555379
555380
555381
555382
555383
555384
555385
555386
555413
555414
555415
555416
555417
555418
555419
555420
555421
555422
555423
555424
555425
555426
555427
555428
555429
555430
555431
555432
555433
555434
555435
555436
555437
555438
555465
555466
555467
555468
555469
555470
555471
555472
555473
555474
555475
555476
555477
555478
555479
555480
555481
555482
555483
555484
555485
555486
555487
555488
555489
555490
555517
555518
555519
555520
555521
555522
555523
555524
555525
555526
555527
555528
555529
555530
555531
555532
555534
555535
555536
555537
555538
555539
555540
555541
555542
555569
555570
555571
555572
555573
555574
555575
555576
555577
555578
555579
555580
555581
555582
555583
555584
555585
555586
555587
555588
555589
555590
555591
555592
555593
555594
555597
555598
555599
555600
555601
555602
555603
555604
555605
555606
555607
555608
555609
555610
555611
555612
555613
555614
555615
555616
555617
555618
555619
555620
555622
555623
555624
555625
555626
555627
555628
555629
555630
555631
555632
555633
555634
555635
555636
555637
555638
555639
555640
555641
555642
555643
555644
555645
555646
555673
555674
555675
555676
555677
555678
555679
555680
555681
555682
555683
555684
555685
555686
555687
555688
555689
555690
555691
555692
555693
555694
555695
555696
555697
555698
555699
555700
555701
555702
555703
555704
555705
555706
555707
555708
555709
555710
555711
555712
555713
555714
555715
555716
555717
555718
555719
555720
555721
555722
555723
555724
555777
555778
555779
555780
555781
555782
555783
555784
555785
555786
555787
555788
555789
555790
555791
555792
555793
555794
555795
555796
555797
555798
555799
555800
555801
555802
555829
555830
555831
555832
555833
555834
555835
555836
555837
555838
555839
555840
555841
555842
555843
555844
555845
555846
555847
555848
555849
555850
555851
555852
555853
555854
555881
555882
555883
555884
555885
555886
555887
555888
555889
555890
555891
555892
555893
555894
555895
555896
555897
555898
555899
555900
555901
555902
555903
555904
555905
555906
555908
555909
555910
555911
555912
555913
555914
555915
555916
555917
555918
555919
555920
555921
555922
555923
555924
555925
555926
555927
555928
555929
555930
555931
555932
556011
556012
556013
556014
556015
556016
556017
556018
556019
556020
556021
556022
556023
556024
556025
556026
556027
556028
556029
556030
556031
556032
556033
556034
556035
556036
556037
556038
556039
556040
556041
556042
556043
556044
556045
556046
556047
556048
556049
556050
556051
556052
556053
556054
556055
556056
556057
556058
556059
556060
556061
556062
556063
556064
556067
556068
556069
556070
556071
556072
556073
556074
556075
556076
556077
556078
556079
556080
556081
556082
556083
556084
556085
556086
556087
556088
556141
556142
556143
556144
556145
556146
556147
556148
556149
556150
556151
556152
556153
556154
556155
556156
556157
556158
556159
556160
556161
556162
556163
556164
556165
556166
556193
556194
556195
556196
556197
556198
556199
556200
556201
556202
556203
556204
556205
556206
556207
556208
556209
556210
556211
556212
556213
556214
556215
556216
556217
556218
556271
556272
556273
556274
556275
556276
556277
556278
556279
556280
556281
556282
556283
556284
556285
556286
556287
556288
556289
556290
556291
556292
556293
556294
556295
556296
556297
556298
556299
556300
556301
556302
556303
556304
556305
556306
556307
556308
556309
556310
556311
556312
556313
556314
556315
556316
556317
556318
556319
556320
556321
556322
556349
556350
556351
556352
556353
556354
556355
556356
556357
556358
556359
556360
556361
556362
556363
556364
556365
556366
556367
556368
556369
556370
556371
556372
556373
556374
556375
556376
556377
556378
556379
556380
556381
556382
556383
556384
556385
556386
556387
556388
556389
556390
556391
556392
556393
556394
556395
556396
556397
556398
556399
556400
556453
556454
556455
556456
556457
556458
556459
556460
556461
556462
556463
556464
556465
556466
556467
556468
556469
556470
556471
556472
556473
556474
556475
556476
556477
556478
556505
556506
556507
556508
556509
556510
556511
556512
556513
556514
556515
556516
556517
556518
556519
556520
556521
556522
556523
556524
556525
556526
556527
556528
556529
556530
556531
556532
556533
556534
556535
556536
556537
556538
556540
556541
556542
556543
556544
556545
556546
556547
556548
556549
556550
556551
556552
556553
556554
556555
556556
556557
556559
556560
556561
556562
556563
556564
556565
556566
556567
556568
556569
556570
556571
556572
556573
556574
556575
556576
556578
556579
556580
556581
556582
556583
556584
556586
556587
556588
556589
556590
556591
556592
556593
556594
556595
556596
556597
556598
556599
556600
556601
556602
556603
556604
556605
556606
556608
556609
556610
556611
556612
556613
556614
556615
556616
556617
556618
556619
556620
556621
556622
556623
556624
556625
556626
556627
556628
556629
556630
556631
556632
556633
556634
556687
556688
556689
556690
556691
556692
556693
556694
556695
556696
556697
556698
556699
556700
556701
556702
556703
556704
556705
556706
556707
556708
556709
556710
556711
556712
556740
556741
556742
556743
556744
556745
556746
556747
556748
556749
556750
556751
556752
556754
556755
556756
556757
556758
556759
556760
556761
556762
556764
556791
556792
556793
556794
556796
556797
556798
556799
556800
556801
556802
556803
556804
556805
556806
556807
556808
556809
556810
556811
556812
556813
556814
556815
556816
556817
556818
556819
556820
556821
556822
556823
556824
556825
556826
556827
556828
556829
556830
556831
556832
556833
556834
556836
556837
556838
556839
556840
556841
556842
556947
556948
556949
556950
556951
556952
556953
556954
556955
556956
556957
556958
556959
556960
556961
556962
556963
556964
556965
556966
556967
556968
556969
556970
556971
556972
556973
556974
556976
556977
556978
556979
556980
556981
556982
556983
556984
556985
556986
556987
556988
556989
556990
556991
556992
556993
556994
556995
556996
556997
556998
556999
557000
557001
557002
557003
557005
557007
557009
557010
557011
557012
557013
557014
557015
557016
557017
557018
557019
557020
557021
557022
557023
557024
557025
557026
557027
557028
557029
557031
557032
557033
557034
557035
557036
557037
557038
557039
557040
557041
557042
557043
557044
557045
557046
557047
557048
557049
557050
557052
557053
557054
557055
557056
557057
557058
557059
557060
557061
557062
557063
557064
557065
557066
557067
557068
557069
557070
557071
557072
557073
557074
557075
557076
557077
557078
557079
557081
557082
557083
557084
557085
557087
557088
557089
557090
557091
557092
557093
557094
557095
557096
557097
557098
557099
557100
557102
557129
557130
557131
557132
557133
557134
557135
557136
557137
557138
557139
557140
557141
557142
557143
557144
557145
557146
557147
557148
557149
557150
557151
557152
557153
557154
557155
557156
557157
557158
557159
557160
557161
557162
557163
557164
557165
557166
557167
557168
557169
557170
557171
557172
557173
557174
557175
557176
557177
557178
557179
557180
557181
557182
557183
557185
557186
557187
557188
557189
557190
557191
557192
557193
557194
557195
557196
557197
557198
557199
557200
557201
557202
557203
557204
557205
557206
557233
557234
557235
557236
557237
557238
557239
557240
557241
557242
557243
557244
557245
557246
557247
557248
557249
557250
557251
557252
557253
557254
557255
557256
557257
557258
557311
557312
557313
557314
557315
557316
557317
557318
557319
557320
557321
557322
557323
557324
557325
557326
557327
557328
557329
557330
557331
557332
557333
557334
557335
557336
557363
557364
557365
557366
557367
557368
557369
557370
557371
557372
557373
557374
557375
557376
557377
557378
557379
557380
557381
557382
557383
557384
557385
557386
557387
557388
557493
557494
557495
557496
557497
557498
557499
557500
557501
557502
557503
557504
557505
557506
557507
557508
557509
557510
557511
557512
557513
557514
557515
557516
557517
557518
557519
557520
557521
557522
557523
557524
557525
557526
557527
557528
557529
557530
557531
557532
557533
557534
557535
557537
557538
557539
557540
557541
557542
557543
557544
557597
557598
557599
557600
557601
557602
557603
557604
557605
557606
557607
557608
557609
557610
557611
557612
557613
557614
557615
557616
557617
557618
557619
557620
557621
557622
557623
557625
557626
557627
557628
557629
557630
557631
557632
557633
557634
557635
557636
557637
557638
557639
557640
557641
557642
557643
557644
557645
557646
557647
557648
557649
557650
557651
557652
557653
557654
557655
557656
557657
557658
557659
557660
557661
557662
557663
557664
557665
557666
557667
557668
557669
557670
557671
557672
557673
557674
557675
557676
557677
557678
557679
557680
557681
557682
557683
557684
557685
557686
557687
557688
557689
557690
557691
557692
557693
557694
557695
557696
557697
557698
557699
557700
557727
557728
557729
557730
557731
557732
557733
557734
557735
557736
557737
557738
557739
557740
557741
557742
557743
557744
557745
557746
557747
557748
557749
557750
557751
557752
557753
557755
557756
557757
557758
557759
557760
557761
557762
557763
557764
557765
557766
557767
557768
557769
557770
557771
557772
557773
557774
557775
557776
557777
557778
557805
557806
557807
557808
557809
557810
557811
557812
557813
557814
557815
557816
557817
557818
557819
557820
557821
557822
557823
557824
557825
557826
557827
557828
557829
557830
557833
557834
557835
557836
557837
557838
557839
557840
557841
557842
557843
557844
557845
557846
557847
557848
557849
557850
557851
557852
557853
557854
557855
557856
557857
557858
557859
557860
557861
557862
557863
557864
557865
557866
557867
557868
557869
557870
557871
557872
557873
557874
557875
557876
557877
557878
557879
557880
557881
557882
557884
557885
557886
557887
557888
557889
557890
557891
557892
557893
557894
557895
557896
557897
557898
557899
557900
557901
557902
557903
557904
557905
557906
557907
557908
557909
557910
557911
557912
557913
557914
557915
557916
557917
557918
557919
557920
557921
557922
557923
557924
557925
557926
557927
557928
557929
557930
557931
557932
557933
557934
557936
557937
557938
557939
557940
557941
557942
557943
557944
557945
557946
557947
557948
557949
557950
557951
557952
557953
557954
557955
557956
557957
557958
557959
557960
557987
557988
557989
557990
557991
557992
557993
557994
557995
557996
557997
557998
557999
558000
558001
558002
558003
558004
558005
558006
558007
558008
558009
558010
558011
558012
558039
558040
558041
558042
558043
558044
558045
558046
558047
558048
558049
558050
558051
558052
558053
558054
558055
558056
558057
558058
558059
558060
558061
558062
558063
558064
558065
558066
558067
558068
558069
558070
558071
558072
558073
558074
558075
558076
558077
558078
558079
558080
558081
558082
558083
558084
558085
558086
558087
558088
558089
558090
558091
558092
558093
558094
558095
558096
558097
558098
558099
558100
558101
558102
558103
558104
558105
558106
558107
558108
558109
558110
558111
558112
558113
558114
558115
558116
558169
558170
558171
558172
558173
558174
558175
558176
558177
558178
558179
558180
558181
558182
558183
558184
558185
558186
558187
558188
558189
558190
558191
558192
558193
558194
558196
558197
558198
558199
558200
558201
558202
558203
558204
558205
558206
558207
558208
558209
558210
558211
558212
558213
558214
558215
558216
558217
558218
558219
558220
558273
558274
558275
558276
558277
558278
558279
558280
558281
558282
558283
558284
558285
558286
558287
558288
558289
558290
558291
558292
558293
558294
558295
558296
558297
558298
558325
558326
558327
558328
558329
558330
558331
558332
558333
558334
558335
558336
558337
558338
558339
558340
558341
558342
558343
558344
558345
558346
558347
558348
558349
558350
558351
558354
558355
558356
558357
558358
558359
558360
558361
558362
558363
558364
558365
558366
558367
558368
558369
558370
558371
558372
558373
558374
558375
558376
558403
558404
558405
558406
558407
558408
558409
558410
558411
558412
558413
558414
558415
558416
558417
558418
558419
558420
558421
558422
558423
558424
558425
558426
558427
558428
558455
558456
558457
558458
558459
558460
558461
558462
558463
558464
558465
558466
558467
558468
558469
558470
558471
558472
558473
558474
558475
558476
558477
558478
558479
558480
558483
558484
558485
558486
558487
558488
558489
558490
558491
558492
558493
558494
558495
558496
558497
558498
558499
558500
558501
558502
558503
558504
558505
558506
558533
558534
558535
558536
558537
558538
558539
558540
558541
558542
558543
558544
558545
558546
558547
558548
558549
558550
558551
558552
558553
558554
558555
558556
558557
558558
558611
558612
558613
558614
558615
558616
558617
558618
558619
558620
558621
558622
558623
558624
558625
558626
558627
558628
558629
558630
558631
558632
558633
558634
558635
558636
558741
558742
558743
558744
558745
558746
558747
558748
558749
558750
558751
558752
558753
558754
558755
558756
558757
558758
558759
558760
558761
558762
558763
558764
558765
558766
558767
558768
558769
558770
558771
558772
558773
558774
558775
558776
558777
558778
558779
558780
558781
558782
558783
558784
558785
558786
558787
558788
558789
558790
558791
558792
558793
558794
558795
558796
558797
558798
558799
558800
558801
558802
558803
558804
558805
558806
558807
558808
558809
558810
558811
558812
558813
558814
558815
558816
558817
558818
558845
558846
558847
558848
558849
558850
558851
558852
558853
558854
558855
558856
558857
558858
558859
558860
558861
558862
558863
558864
558865
558866
558867
558868
558869
558870
558923
558924
558925
558926
558927
558928
558929
558930
558931
558932
558933
558934
558935
558936
558937
558938
558939
558940
558941
558942
558943
558944
558945
558946
558947
558948
558949
558950
558951
558952
558953
558954
558955
558956
558957
558958
558959
558960
558961
558962
558963
558964
558965
558966
558967
558968
558969
558970
558971
558972
558973
558974
559027
559028
559029
559030
559031
559032
559033
559034
559035
559036
559037
559038
559039
559040
559041
559042
559043
559044
559045
559046
559047
559048
559049
559050
559051
559052
559183
559184
559185
559186
559187
559188
559189
559190
559191
559192
559193
559194
559195
559196
559197
559198
559199
559200
559201
559202
559203
559204
559205
559206
559207
559208
559209
559210
559212
559213
559214
559215
559216
559217
559218
559219
559221
559222
559223
559224
559226
559227
559228
559229
559230
559231
559232
559233
559234
559236
559237
559238
559239
559240
559242
559244
559245
559246
559247
559248
559249
