559250
559251
559252
559253
559254
559255
559256
559257
559258
559259
559260
559469
559470
559471
559472
559473
559474
559475
559476
559477
559478
559479
559480
559481
559482
559483
559484
559485
559486
559487
559488
559489
559490
559491
559492
559493
559494
559495
559496
559497
559498
559499
559500
559501
559502
559503
559504
559505
559506
559507
559508
559509
559510
559511
559512
559513
559514
559515
559516
559517
559518
559519
559520
559547
559548
559549
559550
559551
559552
559553
559554
559555
559556
559557
559558
559559
559560
559561
559562
559563
559564
559565
559566
559567
559568
559569
559570
559571
559572
559599
559600
559601
559602
559603
559604
559605
559606
559607
559608
559609
559610
559611
559612
559613
559614
559615
559616
559617
559618
559619
559620
559621
559622
559623
559624
559625
559626
559627
559628
559629
559630
559631
559632
559633
559634
559635
559636
559637
559638
559639
559640
559641
559642
559643
559644
559645
559646
559647
559648
559649
559650
559677
559678
559679
559680
559681
559682
559683
559684
559685
559686
559687
559688
559689
559690
559691
559692
559693
559694
559695
559696
559697
559698
559699
559700
559701
559702
559755
559756
559757
559759
559760
559761
559762
559763
559764
559765
559766
559767
559768
559769
559770
559771
559772
559773
559774
559775
559776
559777
559778
559779
559780
559781
559782
559783
559784
559785
559786
559787
559788
559789
559790
559791
559792
559793
559794
559795
559796
559797
559798
559799
559800
559801
559802
559803
559804
559805
559806
559859
559860
559861
559862
559863
559864
559865
559866
559867
559868
559869
559870
559871
559872
559873
559874
559875
559876
559877
559878
559879
559880
559881
559882
559883
559884
559885
559886
559887
559888
559889
559890
559891
559892
559893
559894
559895
559896
559897
559898
559899
559900
559901
559902
559903
559904
559905
559906
559907
559908
559909
559910
559911
559912
559913
559914
559915
559916
559917
559918
559919
559920
559921
559922
559923
559924
559925
559926
559927
559928
559929
559930
559931
559932
559933
559934
559935
559936
559989
559990
559991
559992
559993
559994
559995
559996
559997
559998
559999
560000
560001
560002
560003
560004
560005
560006
560007
560008
560009
560010
560011
560012
560013
560014
560041
560042
560043
560044
560045
560046
560047
560048
560049
560050
560051
560052
560053
560054
560055
560056
560057
560058
560059
560060
560061
560062
560063
560064
560065
560066
560067
560068
560069
560070
560071
560072
560073
560074
560075
560076
560077
560078
560079
560080
560081
560082
560083
560084
560085
560086
560087
560088
560089
560090
560091
560092
560145
560146
560147
560148
560149
560150
560151
560152
560153
560154
560155
560156
560157
560158
560159
560160
560161
560162
560163
560164
560165
560166
560167
560168
560169
560170
560197
560198
560199
560200
560201
560202
560203
560204
560205
560206
560207
560208
560209
560210
560211
560212
560213
560214
560215
560216
560217
560218
560219
560220
560221
560222
560249
560250
560251
560252
560253
560254
560255
560256
560257
560258
560259
560260
560261
560262
560263
560264
560265
560266
560267
560268
560269
560270
560271
560272
560273
560274
560275
560276
560277
560278
560279
560280
560281
560282
560283
560284
560285
560286
560287
560288
560289
560290
560291
560292
560293
560294
560295
560296
560297
560298
560299
560300
560379
560380
560381
560382
560383
560384
560385
560386
560387
560388
560389
560390
560391
560392
560393
560394
560395
560396
560397
560398
560399
560400
560401
560402
560403
560404
560431
560432
560433
560434
560435
560436
560437
560438
560439
560440
560441
560442
560443
560444
560445
560446
560447
560448
560449
560450
560451
560452
560453
560454
560455
560456
560483
560484
560485
560486
560487
560488
560489
560490
560491
560492
560493
560494
560495
560496
560497
560498
560499
560500
560501
560502
560503
560504
560505
560506
560507
560508
560509
560510
560511
560512
560513
560514
560515
560516
560517
560518
560519
560520
560521
560522
560523
560524
560525
560526
560527
560528
560529
560530
560531
560532
560533
560534
560561
560562
560563
560564
560565
560566
560567
560568
560569
560570
560571
560572
560573
560574
560575
560576
560577
560578
560579
560580
560581
560582
560583
560584
560585
560586
560587
560589
560590
560591
560592
560593
560594
560595
560596
560597
560598
560599
560600
560601
560602
560603
560604
560605
560606
560607
560608
560609
560610
560611
560612
560613
560615
560616
560617
560618
560619
560620
560621
560622
560623
560624
560625
560626
560627
560628
560629
560630
560631
560632
560633
560634
560635
560636
560637
560638
560639
560640
560641
560642
560643
560644
560645
560646
560647
560648
560649
560650
560651
560652
560653
560654
560655
560656
560657
560658
560659
560660
560661
560662
560663
560664
560691
560692
560693
560694
560695
560696
560697
560698
560699
560700
560701
560702
560703
560704
560705
560706
560707
560708
560709
560710
560711
560712
560713
560714
560715
560716
560743
560744
560745
560746
560747
560748
560749
560750
560751
560752
560753
560754
560755
560756
560757
560758
560759
560760
560761
560762
560763
560764
560765
560766
560767
560768
560847
560848
560849
560850
560851
560852
560853
560854
560855
560856
560857
560858
560859
560860
560861
560862
560863
560864
560865
560866
560867
560868
560869
560870
560871
560872
560899
560900
560901
560902
560903
560904
560905
560906
560907
560908
560909
560910
560911
560912
560913
560914
560915
560916
560917
560918
560919
560920
560921
560922
560923
560924
560927
560929
560930
560931
560932
560933
560934
560935
560936
560937
560938
560939
560940
560941
560942
560943
560944
560945
560946
560947
560948
560949
560950
560951
560952
560954
560955
560956
560957
560958
560959
560960
560961
560962
560963
560964
560965
560966
560967
560968
560969
560970
560971
560972
560973
560974
560975
560976
561133
561134
561135
561136
561137
561138
561139
561140
561141
561142
561143
561144
561145
561146
561147
561148
561149
561150
561151
561152
561153
561154
561155
561156
561157
561158
561161
561162
561163
561164
561165
561166
561167
561168
561169
561170
561171
561172
561173
561174
561175
561176
561177
561178
561179
561180
561181
561182
561183
561184
561186
561187
561188
561189
561190
561191
561192
561193
561194
561195
561196
561197
561198
561199
561200
561201
561202
561203
561204
561205
561206
561207
561208
561209
561210
561237
561238
561239
561240
561241
561242
561243
561244
561245
561246
561247
561248
561249
561250
561251
561252
561253
561254
561255
561256
561257
561258
561259
561260
561261
561262
561263
561264
561265
561266
561267
561268
561269
561270
561271
561272
561273
561274
561275
561276
561277
561278
561279
561280
561281
561282
561283
561284
561285
561286
561287
561288
561291
561292
561293
561294
561295
561296
561297
561298
561299
561300
561301
561302
561303
561304
561305
561306
561307
561308
561309
561310
561311
561312
561313
561314
561367
561368
561369
561370
561371
561372
561373
561374
561375
561376
561377
561378
561379
561380
561381
561382
561383
561384
561385
561386
561387
561388
561389
561390
561391
561392
561419
561420
561421
561422
561423
561424
561425
561426
561427
561428
561429
561430
561431
561432
561433
561434
561435
561436
561437
561438
561439
561440
561441
561442
561443
561444
561471
561472
561473
561474
561475
561476
561477
561478
561479
561480
561481
561482
561483
561484
561485
561486
561487
561488
561489
561490
561491
561492
561493
561494
561495
561496
561498
561499
561500
561501
561502
561503
561504
561505
561506
561507
561508
561509
561510
561511
561512
561513
561514
561515
561516
561517
561518
561519
561520
561521
561522
561524
561525
561526
561527
561528
561529
561530
561531
561532
561533
561534
561535
561536
561537
561538
561539
561540
561541
561542
561543
561544
561545
561546
561547
561548
561549
561550
561551
561552
561553
561554
561555
561556
561557
561558
561559
561560
561561
561562
561563
561564
561565
561566
561567
561568
561569
561570
561571
561572
561573
561574
561601
561602
561603
561604
561605
561606
561607
561608
561609
561610
561611
561612
561613
561614
561615
561616
561617
561618
561619
561620
561621
561622
561623
561624
561625
561626
561627
561628
561629
561630
561631
561632
561633
561634
561635
561636
561637
561638
561639
561640
561641
561642
561643
561644
561645
561646
561647
561648
561649
561650
561651
561652
561705
561706
561707
561708
561709
561710
561711
561712
561713
561714
561715
561716
561717
561718
561719
561720
561721
561722
561723
561724
561725
561726
561727
561728
561729
561730
561887
561888
561889
561890
561891
561892
561893
561894
561895
561896
561897
561898
561899
561900
561901
561902
561903
561904
561905
561906
561907
561908
561909
561910
561911
561912
561939
561940
561941
561942
561943
561944
561945
561946
561947
561948
561949
561950
561951
561952
561953
561954
561955
561956
561957
561958
561959
561960
561961
561962
561963
561964
561965
561966
561967
561968
561969
561970
561971
561972
561973
561974
561975
561976
561977
561978
561979
561980
561981
561982
561983
561984
561985
561986
561987
561988
561989
561990
561992
561993
561994
561995
561996
561997
561998
561999
562000
562001
562002
562003
562004
562005
562006
562007
562008
562009
562010
562011
562012
562013
562014
562015
562016
562095
562096
562097
562098
562099
562100
562101
562102
562103
562104
562105
562106
562107
562108
562109
562110
562111
562112
562113
562114
562115
562116
562117
562118
562119
562120
562147
562148
562149
562150
562151
562152
562153
562154
562155
562156
562157
562158
562159
562160
562161
562162
562163
562164
562165
562166
562167
562168
562169
562170
562171
562172
562173
562174
562175
562176
562177
562178
562179
562180
562181
562182
562183
562184
562185
562186
562187
562188
562189
562190
562191
562192
562193
562194
562195
562196
562197
562198
562251
562252
562253
562254
562255
562256
562257
562258
562259
562260
562261
562262
562263
562264
562265
562266
562267
562268
562269
562270
562271
562272
562273
562274
562275
562276
562355
562356
562357
562358
562359
562360
562361
562362
562363
562364
562365
562366
562367
562368
562369
562370
562371
562372
562373
562374
562375
562376
562377
562378
562379
562380
562407
562408
562409
562410
562411
562412
562413
562414
562415
562416
562417
562418
562419
562420
562421
562422
562423
562424
562425
562426
562427
562428
562429
562430
562431
562432
562485
562486
562487
562488
562489
562490
562491
562492
562493
562494
562495
562496
562497
562498
562499
562500
562501
562502
562503
562504
562505
562506
562507
562508
562509
562510
562511
562512
562513
562514
562515
562516
562517
562518
562519
562520
562521
562522
562523
562524
562525
562526
562527
562528
562529
562530
562531
562532
562533
562534
562535
562536
562537
562538
562540
562541
562542
562543
562544
562545
562546
562547
562548
562549
562550
562551
562552
562553
562554
562555
562556
562557
562558
562559
562560
562561
562562
562589
562590
562591
562592
562593
562594
562595
562596
562598
562599
562600
562601
562602
562603
562604
562605
562606
562607
562608
562609
562610
562611
562612
562613
562614
562615
562616
562617
562618
562619
562620
562621
562622
562623
562624
562625
562626
562627
562628
562629
562630
562631
562632
562633
562634
562635
562636
562637
562638
562639
562640
562667
562668
562669
562670
562671
562672
562673
562674
562675
562676
562677
562678
562679
562680
562681
562682
562683
562684
562685
562686
562687
562688
562689
562690
562691
562692
562719
562720
562721
562722
562723
562724
562725
562726
562727
562728
562729
562730
562731
562732
562733
562734
562735
562736
562737
562738
562739
562740
562741
562742
562743
562744
562746
562747
562748
562749
562750
562752
562753
562754
562755
562756
562757
562758
562759
562760
562761
562762
562763
562764
562765
562766
562767
562768
562769
562770
562772
562773
562774
562775
562776
562777
562778
562779
562780
562781
562782
562783
562784
562785
562786
562788
562789
562790
562791
562792
562793
562794
562795
562796
562798
562799
562800
562801
562802
562803
562804
562805
562806
562807
562808
562809
562810
562811
562812
562813
562814
562815
562816
562817
562818
562819
562820
562821
562822
562875
562876
562877
562878
562879
562880
562881
562882
562883
562884
562885
562886
562887
562889
562890
562891
562892
562893
562894
562895
562896
562897
562898
562899
562900
562901
562902
562903
562904
562905
562906
562908
562909
562910
562911
562912
562914
562915
562916
562917
562918
562919
562920
562921
562922
562923
562924
562925
562926
562953
562954
562955
562956
562957
562958
562959
562960
562961
562962
562963
562964
562965
562966
562967
562968
562969
562970
562971
562972
562973
562974
562975
562976
562977
562978
562979
562980
562981
562982
562983
562984
562985
562986
562987
562988
562989
562990
562991
562992
562993
562994
562995
562996
562997
562998
562999
563000
563001
563002
563003
563004
563213
563214
563215
563216
563217
563218
563219
563220
563221
563222
563223
563224
563225
563226
563227
563228
563229
563230
563231
563232
563233
563234
563235
563236
563237
563238
563291
563292
563293
563294
563295
563296
563297
563298
563299
563300
563301
563302
563303
563304
563305
563306
563307
563308
563309
563310
563311
563312
563313
563314
563315
563316
563343
563344
563345
563346
563347
563348
563349
563350
563351
563352
563353
563354
563355
563356
563357
563358
563359
563360
563361
563362
563363
563364
563365
563366
563367
563368
563447
563448
563449
563450
563451
563452
563453
563454
563455
563456
563457
563458
563459
563460
563461
563462
563463
563464
563465
563466
563467
563468
563469
563470
563471
563472
563473
563474
563475
563477
563478
563479
563480
563481
563482
563483
563484
563485
563486
563487
563488
563489
563490
563491
563492
563493
563494
563495
563496
563497
563498
563525
563526
563527
563528
563529
563530
563531
563532
563533
563534
563535
563536
563537
563538
563539
563540
563541
563542
563543
563544
563545
563546
563547
563548
563549
563550
563551
563552
563553
563554
563555
563556
563557
563558
563559
563560
563561
563562
563563
563564
563565
563566
563567
563568
563569
563570
563571
563572
563573
563574
563575
563576
563603
563605
563606
563607
563608
563609
563610
563611
563612
563613
563614
563615
563616
563617
563618
563619
563620
563621
563622
563623
563624
563625
563626
563627
563628
563629
563630
563631
563632
563633
563634
563635
563636
563637
563638
563639
563640
563641
563642
563643
563644
563645
563646
563647
563648
563649
563650
563651
563652
563653
563654
563707
563708
563709
563710
563711
563712
563713
563714
563715
563716
563717
563718
563719
563721
563722
563723
563724
563725
563726
563727
563728
563729
563730
563731
563732
563733
563734
563735
563736
563737
563738
563739
563740
563741
563742
563743
563744
563745
563746
563747
563748
563749
563750
563751
563752
563753
563754
563755
563756
563757
563758
563837
563838
563839
563840
563841
563842
563843
563844
563845
563846
563847
563848
563849
563850
563851
563852
563853
563854
563855
563856
563857
563858
563859
563860
563861
563862
563915
563916
563917
563918
563919
563920
563921
563922
563923
563924
563925
563926
563927
563928
563929
563930
563931
563932
563933
563934
563935
563936
563937
563938
563939
563940
563941
563942
563943
563944
563945
563946
563948
563949
563950
563951
563952
563953
563954
563955
563956
563957
563958
563959
563960
563961
563962
563963
563964
563965
563966
563993
563994
563995
563996
563997
563998
563999
564000
564001
564002
564003
564004
564005
564006
564007
564008
564009
564010
564011
564012
564013
564014
564015
564016
564017
564018
564071
564072
564073
564074
564075
564076
564077
564078
564079
564080
564081
564082
564083
564084
564085
564086
564087
564088
564089
564090
564091
564092
564093
564094
564095
564096
564097
564099
564100
564101
564102
564103
564104
564105
564106
564107
564108
564109
564110
564111
564112
564113
564114
564115
564116
564117
564118
564119
564120
564121
564122
564123
564124
564125
564126
564127
564128
564129
564130
564131
564132
564133
564134
564135
564136
564137
564138
564139
564140
564141
564142
564143
564144
564145
564146
564147
564148
564150
564151
564152
564153
564154
564155
564156
564157
564158
564159
564160
564161
564162
564163
564164
564165
564166
564167
564168
564169
564170
564171
564172
564173
564174
564201
564202
564203
564204
564205
564206
564207
564208
564209
564210
564211
564212
564213
564214
564215
564216
564217
564218
564219
564220
564221
564222
564223
564224
564225
564226
564305
564306
564307
564308
564309
564310
564311
564312
564313
564314
564315
564316
564317
564318
564319
564320
564321
564322
564323
564324
564325
564326
564327
564328
564329
564330
564331
564332
564333
564334
564335
564336
564337
564338
564339
564340
564341
564342
564343
564344
564345
564346
564347
564348
564349
564350
564351
564352
564353
564354
564355
564356
564383
564384
564385
564386
564387
564388
564389
564390
564391
564392
564393
564394
564395
564396
564397
564398
564399
564400
564401
564402
564403
564404
564405
564406
564407
564408
564410
564411
564412
564413
564414
564415
564416
564417
564418
564419
564420
564421
564422
564423
564424
564425
564426
564427
564428
564429
564430
564431
564432
564433
564434
564436
564437
564438
564439
564440
564441
564442
564443
564444
564445
564446
564447
564448
564449
564450
564451
564452
564453
564454
564455
564456
564457
564458
564459
564460
564487
564488
564489
564490
564491
564492
564493
564494
564495
564496
564497
564498
564499
564500
564501
564502
564503
564504
564505
564506
564507
564508
564509
564510
564511
564512
564513
564514
564515
564516
564517
564518
564519
564520
564521
564522
564523
564524
564525
564526
564527
564528
564529
564530
564531
564532
564533
564534
564535
564536
564537
564538
564539
564540
564541
564542
564543
564544
564545
564546
564547
564548
564549
564550
564551
564552
564553
564554
564555
564556
564557
564558
564559
564560
564561
564562
564563
564564
564565
564566
564567
564568
564569
564570
564571
564572
564573
564574
564575
564576
564577
564578
564579
564580
564581
564582
564583
564584
564585
564586
564587
564588
564589
564590
564643
564644
564645
564646
564647
564648
564649
564650
564651
564652
564653
564654
564655
564656
564657
564658
564659
564660
564661
564662
564663
564664
564665
564666
564667
564668
564670
564671
564672
564673
564674
564675
564676
564677
564678
564679
564680
564681
564682
564683
564684
564685
564686
564687
564688
564689
564690
564691
564692
564693
564694
564695
564696
564697
564698
564699
564700
564701
564702
564703
564704
564705
564706
564707
564708
564709
564710
564711
564712
564713
564714
564715
564716
564717
564718
564719
564720
564721
564722
564723
564724
564725
564726
564727
564728
564729
564730
564731
564732
564733
564734
564735
564736
564737
564738
564739
564740
564741
564742
564743
564744
564745
564746
564747
564748
564749
564750
564751
564752
564753
564754
564755
564756
564757
564758
564759
564760
564761
564762
564763
564764
564765
564766
564767
564768
564769
564770
564771
564772
564773
564774
564775
564776
564777
564778
564779
564780
564781
564782
564783
564784
564785
564786
564787
564788
564789
564790
564791
564792
564793
564794
564795
564796
564797
564798
564825
564826
564827
564828
564829
564830
564831
564832
564833
564834
564835
564836
564837
564838
564839
564840
564841
564842
564843
564844
564845
564846
564847
564848
564849
564850
564877
564878
564879
564880
564881
564882
564883
564884
564885
564886
564887
564888
564889
564890
564891
564892
564893
564894
564895
564896
564897
564898
564899
564900
564901
564902
564903
564904
564905
564906
564907
564908
564909
564910
564911
564912
564913
564914
564915
564916
564917
564918
564919
564920
564921
564922
564923
564924
564925
564926
564927
564928
564929
564930
564931
564932
564933
564934
564935
564936
564937
564938
564939
564940
564941
564942
564943
564944
564945
564946
564947
564948
564949
564950
564951
564952
564953
564954
564955
564956
564957
564958
564959
564960
564961
564962
564963
564964
564965
564966
564967
564968
564969
564970
564971
564972
564973
564974
564975
564976
564977
564978
564979
564980
564981
564983
564984
564985
564986
564987
564988
564989
564990
564991
564992
564993
564994
564995
564996
564997
564998
564999
565000
565001
565002
565003
565004
565005
565006
565111
565112
565113
565114
565115
565116
565117
565118
565119
565120
565121
565122
565123
565124
565125
565126
565127
565128
565129
565130
565131
565132
565133
565134
565135
565136
565163
565164
565165
565166
565167
565168
565169
565170
565171
565172
565173
565174
565175
565176
565177
565178
565179
565180
565181
565182
565183
565184
565186
565187
565188
565215
565216
565217
565218
565219
565220
565221
565222
565223
565224
565225
565226
565227
565228
565229
565230
565231
565232
565233
565234
565235
565236
565237
565238
565240
565345
565346
565347
565348
565349
565350
565351
565352
565353
565354
565355
565356
565357
565358
565359
565360
565361
565362
565363
565364
565365
565366
565367
565369
565370
565372
565373
565374
565375
565376
565378
565379
565380
565381
565382
565383
565384
565385
565386
565387
565388
565389
565390
565391
565392
565393
565394
565395
565396
565397
565398
565399
565402
565404
565406
565407
565408
565409
565410
565411
565412
565413
565414
565415
565416
565417
565418
565420
565421
565422
