565423
565424
565425
565426
565427
565428
565429
565430
565431
565432
565433
565434
565435
565436
565437
565438
565439
565440
565441
565442
565443
565444
565445
565446
565447
565448
565527
565528
565529
565530
565531
565532
565533
565534
565535
565536
565537
565538
565539
565540
565541
565542
565543
565544
565545
565546
565547
565548
565549
565550
565551
565552
565553
565554
565555
565556
565557
565558
565559
565560
565561
565562
565563
565564
565565
565566
565567
565568
565569
565570
565571
565572
565573
565574
565575
565576
565577
565578
565631
565632
565633
565634
565635
565636
565637
565638
565639
565640
565641
565642
565643
565644
565645
565646
565647
565648
565649
565650
565651
565652
565653
565654
565655
565656
565658
565659
565661
565662
565663
565664
565665
565666
565667
565668
565669
565670
565671
565672
565673
565674
565675
565676
565677
565678
565679
565680
565681
565682
565709
565710
565711
565712
565713
565714
565715
565716
565717
565718
565719
565720
565721
565722
565723
565724
565725
565726
565727
565728
565729
565730
565731
565732
565733
565734
565735
565736
565737
565738
565739
565740
565741
565742
565743
565744
565745
565746
565747
565748
565749
565750
565751
565752
565753
565754
565755
565756
565757
565758
565759
565760
565839
565840
565841
565842
565843
565844
565845
565846
565847
565848
565849
565850
565851
565852
565853
565854
565855
565856
565857
565858
565859
565860
565861
565862
565863
565864
565891
565892
565893
565894
565895
565896
565897
565898
565899
565900
565901
565902
565903
565904
565905
565906
565907
565908
565909
565910
565911
565912
565913
565914
565915
565916
565917
565918
565919
565920
565921
565922
565923
565924
565925
565926
565927
565928
565929
565930
565931
565932
565933
565934
565935
565936
565937
565938
565939
565940
565941
565942
566021
566022
566023
566024
566025
566026
566027
566028
566029
566030
566031
566032
566033
566034
566035
566036
566037
566038
566039
566040
566041
566042
566043
566044
566045
566046
566047
566049
566050
566051
566052
566053
566054
566055
566056
566057
566058
566059
566060
566061
566062
566063
566064
566065
566066
566067
566068
566069
566070
566071
566072
566099
566100
566101
566102
566103
566104
566105
566106
566107
566108
566109
566110
566111
566112
566113
566114
566115
566116
566117
566118
566119
566120
566121
566122
566123
566124
566127
566129
566130
566132
566133
566134
566135
566136
566137
566138
566139
566140
566141
566142
566143
566144
566145
566146
566147
566148
566149
566150
566151
566152
566153
566154
566155
566156
566157
566158
566159
566160
566161
566162
566163
566164
566165
566166
566167
566168
566169
566170
566171
566172
566173
566174
566175
566176
566203
566204
566205
566206
566207
566208
566209
566210
566211
566212
566213
566214
566215
566216
566217
566218
566219
566220
566221
566222
566223
566224
566225
566226
566227
566228
566255
566256
566257
566258
566259
566260
566261
566262
566263
566264
566265
566266
566267
566268
566269
566270
566271
566272
566273
566274
566275
566276
566277
566278
566279
566280
566359
566360
566361
566362
566363
566364
566365
566366
566367
566368
566369
566370
566371
566372
566373
566374
566375
566376
566377
566378
566379
566380
566381
566382
566383
566384
566411
566412
566413
566414
566415
566416
566417
566418
566419
566420
566421
566422
566423
566424
566425
566426
566427
566428
566429
566430
566431
566432
566433
566434
566435
566436
566515
566516
566517
566518
566519
566520
566521
566522
566523
566524
566525
566526
566527
566528
566529
566530
566531
566532
566533
566534
566535
566536
566537
566538
566539
566540
566542
566543
566544
566545
566546
566547
566548
566549
566550
566551
566552
566553
566554
566555
566556
566557
566558
566559
566560
566561
566562
566563
566564
566565
566566
566568
566569
566570
566571
566572
566573
566574
566575
566576
566577
566578
566579
566580
566581
566582
566583
566584
566585
566586
566587
566588
566589
566590
566591
566592
566593
566594
566595
566596
566597
566598
566599
566600
566601
566602
566603
566604
566605
566606
566607
566608
566609
566610
566611
566612
566613
566614
566615
566616
566617
566618
566619
566620
566621
566623
566624
566625
566626
566627
566628
566629
566630
566631
566632
566633
566634
566635
566636
566637
566638
566639
566640
566641
566642
566643
566644
566671
566672
566673
566674
566675
566676
566677
566678
566679
566680
566681
566682
566683
566684
566685
566686
566687
566688
566689
566690
566691
566692
566693
566694
566695
566696
566723
566724
566725
566726
566727
566728
566729
566730
566731
566732
566733
566734
566735
566736
566737
566738
566739
566740
566741
566742
566743
566744
566745
566746
566747
566748
566775
566776
566777
566778
566779
566780
566781
566782
566783
566784
566785
566786
566787
566788
566789
566790
566791
566792
566793
566794
566795
566796
566797
566798
566799
566800
566802
566803
566804
566805
566806
566807
566808
566809
566810
566811
566812
566813
566814
566815
566816
566817
566818
566819
566820
566821
566822
566823
566824
566825
566826
566828
566829
566830
566831
566832
566833
566834
566835
566836
566837
566838
566839
566840
566841
566842
566843
566844
566845
566846
566847
566848
566849
566850
566851
566852
566853
566854
566855
566856
566857
566858
566859
566860
566861
566862
566863
566864
566865
566866
566867
566868
566869
566870
566871
566872
566873
566874
566875
566876
566877
566878
566931
566932
566933
566934
566935
566936
566937
566938
566939
566940
566941
566942
566943
566944
566945
566946
566947
566948
566949
566950
566951
566952
566953
566954
566955
566956
566983
566984
566985
566986
566987
566988
566989
566990
566991
566992
566993
566994
566995
566996
566997
566998
566999
567000
567001
567002
567003
567004
567005
567006
567007
567008
567009
567010
567011
567012
567013
567014
567015
567016
567017
567018
567019
567020
567021
567022
567023
567024
567025
567026
567027
567028
567029
567030
567031
567032
567033
567034
567087
567088
567089
567090
567091
567092
567093
567094
567095
567096
567097
567098
567099
567100
567101
567102
567103
567104
567105
567106
567107
567108
567109
567110
567111
567112
567114
567115
567116
567117
567118
567119
567120
567121
567122
567123
567124
567125
567126
567127
567128
567129
567130
567131
567132
567133
567134
567135
567136
567137
567138
567165
567166
567167
567168
567169
567170
567171
567172
567173
567174
567175
567176
567177
567178
567179
567180
567181
567182
567183
567184
567185
567186
567187
567188
567189
567190
567191
567193
567194
567195
567196
567197
567198
567199
567200
567201
567202
567203
567204
567205
567206
567207
567208
567209
567210
567211
567212
567213
567214
567215
567216
567295
567296
567297
567298
567299
567300
567301
567302
567303
567304
567305
567306
567307
567308
567309
567310
567311
567312
567313
567314
567315
567316
567317
567318
567319
567320
567373
567374
567375
567376
567377
567378
567379
567380
567381
567382
567383
567384
567385
567386
567387
567388
567389
567390
567391
567392
567393
567394
567395
567396
567397
567398
567529
567530
567531
567532
567533
567534
567535
567536
567537
567538
567539
567540
567541
567542
567543
567544
567545
567546
567547
567548
567549
567550
567551
567552
567553
567554
567555
567556
567557
567558
567559
567560
567561
567562
567563
567564
567565
567566
567567
567568
567569
567570
567571
567572
567573
567574
567575
567576
567577
567578
567579
567580
567607
567608
567609
567610
567611
567612
567613
567614
567615
567616
567617
567618
567619
567620
567621
567622
567623
567624
567625
567626
567627
567628
567629
567631
567632
567633
567634
567636
567637
567638
567639
567640
567641
567642
567643
567644
567645
567646
567647
567648
567649
567650
567651
567652
567653
567654
567655
567656
567657
567658
567660
567661
567662
567663
567664
567665
567666
567667
567668
567669
567670
567671
567672
567673
567674
567675
567676
567677
567678
567679
567680
567681
567682
567683
567684
567841
567842
567843
567844
567845
567846
567847
567848
567849
567850
567851
567852
567853
567854
567855
567856
567857
567858
567859
567860
567861
567862
567863
567864
567865
567866
567893
567894
567895
567896
567897
567898
567899
567900
567901
567902
567903
567904
567905
567906
567907
567908
567909
567910
567911
567912
567913
567914
567915
567916
567917
567918
567920
567921
567922
567923
567924
567925
567926
567927
567928
567929
567930
567931
567932
567933
567934
567935
567936
567937
567938
567939
567940
567941
567942
567943
567944
568075
568076
568077
568078
568079
568080
568081
568082
568083
568084
568085
568086
568087
568088
568089
568090
568091
568092
568093
568094
568095
568096
568097
568098
568099
568100
568179
568180
568181
568182
568183
568184
568185
568186
568187
568188
568189
568190
568191
568192
568193
568194
568195
568196
568197
568198
568199
568200
568201
568202
568203
568204
568206
568207
568208
568209
568210
568211
568212
568213
568214
568215
568216
568217
568218
568219
568220
568221
568222
568223
568224
568225
568226
568227
568228
568229
568230
568257
568258
568259
568260
568261
568262
568263
568264
568265
568266
568267
568268
568269
568270
568271
568272
568273
568274
568275
568276
568277
568278
568279
568280
568281
568282
568284
568285
568286
568287
568288
568289
568290
568291
568292
568293
568294
568295
568296
568297
568298
568299
568300
568301
568302
568303
568304
568305
568306
568307
568308
568335
568336
568337
568338
568339
568340
568341
568342
568343
568344
568345
568346
568347
568348
568349
568350
568351
568352
568353
568354
568355
568356
568357
568358
568359
568360
568439
568440
568441
568442
568443
568444
568445
568446
568447
568448
568449
568450
568451
568452
568453
568454
568455
568456
568457
568458
568459
568460
568461
568462
568463
568464
568517
568518
568519
568520
568521
568522
568523
568524
568525
568526
568527
568528
568529
568530
568531
568532
568533
568534
568535
568536
568537
568538
568539
568540
568541
568542
568543
568545
568546
568547
568548
568549
568550
568551
568552
568553
568554
568555
568556
568557
568558
568559
568560
568561
568562
568563
568564
568565
568566
568567
568568
568569
568570
568571
568572
568573
568574
568575
568576
568577
568578
568579
568580
568581
568582
568583
568584
568585
568586
568587
568588
568589
568590
568591
568592
568593
568594
568596
568597
568599
568600
568601
568602
568603
568604
568605
568606
568607
568608
568609
568610
568611
568612
568613
568614
568615
568616
568617
568618
568619
568620
568647
568648
568649
568650
568651
568652
568653
568654
568655
568656
568657
568658
568659
568660
568661
568662
568663
568664
568665
568666
568667
568668
568669
568670
568671
568672
568673
568674
568675
568677
568678
568679
568680
568681
568682
568683
568684
568685
568686
568687
568688
568689
568690
568691
568692
568693
568694
568695
568696
568697
568698
568725
568726
568727
568728
568729
568730
568731
568732
568733
568734
568735
568736
568737
568738
568739
568740
568741
568742
568743
568744
568745
568746
568747
568748
568749
568750
568803
568804
568805
568806
568807
568808
568809
568810
568811
568812
568813
568814
568815
568816
568817
568818
568819
568820
568821
568822
568823
568824
568825
568826
568827
568828
568933
568934
568935
568936
568937
568938
568939
568940
568941
568942
568943
568944
568945
568946
568947
568948
568949
568951
568952
568953
568954
568955
568956
568957
568958
569011
569012
569013
569014
569015
569016
569017
569018
569019
569020
569021
569022
569023
569024
569025
569026
569027
569028
569029
569030
569031
569032
569034
569035
569036
569089
569090
569091
569092
569093
569094
569095
569096
569097
569098
569099
569100
569101
569102
569103
569104
569105
569106
569107
569108
569109
569110
569111
569112
569113
569114
569245
569246
569247
569248
569249
569250
569251
569252
569253
569254
569255
569256
569257
569258
569259
569260
569261
569262
569263
569264
569265
569266
569267
569268
569269
569270
569271
569272
569274
569275
569276
569277
569278
569279
569280
569281
569282
569283
569284
569285
569286
569287
569288
569289
569290
569291
569292
569293
569294
569295
569296
569349
569350
569351
569352
569353
569354
569355
569356
569357
569358
569359
569360
569361
569362
569363
569364
569365
569366
569367
569368
569369
569370
569371
569372
569373
569374
569375
569376
569377
569378
569379
569380
569381
569382
569383
569384
569385
569386
569387
569388
569389
569390
569391
569392
569393
569394
569395
569396
569397
569398
569399
569400
569505
569506
569507
569508
569509
569510
569511
569512
569513
569514
569515
569516
569517
569518
569519
569520
569521
569522
569523
569524
569525
569526
569527
569528
569529
569530
569531
569533
569534
569535
569536
569537
569538
569539
569540
569541
569542
569543
569544
569545
569546
569547
569548
569549
569550
569551
569552
569553
569554
569555
569556
569557
569559
569560
569561
569562
569563
569564
569565
569566
569567
569568
569569
569570
569571
569572
569573
569574
569575
569576
569577
569578
569579
569580
569581
569582
569635
569636
569637
569638
569639
569640
569641
569642
569643
569644
569645
569646
569647
569648
569649
569650
569651
569652
569653
569654
569655
569656
569657
569658
569659
569660
569765
569766
569767
569768
569769
569770
569771
569772
569773
569774
569775
569776
569777
569778
569779
569780
569781
569782
569783
569784
569785
569786
569787
569788
569789
569790
569843
569844
569845
569846
569847
569848
569849
569850
569851
569852
569853
569854
569855
569856
569857
569858
569859
569860
569861
569862
569863
569864
569865
569866
569867
569868
569947
569948
569949
569950
569951
569952
569953
569954
569955
569956
569957
569958
569959
569960
569961
569962
569963
569964
569965
569966
569967
569968
569969
569970
569971
569972
569973
569974
569975
569976
569977
569978
569979
569980
569981
569982
569983
569984
569985
569986
569987
569988
569989
569990
569991
569992
569993
569994
569995
569996
569997
569998
570025
570026
570027
570028
570029
570030
570031
570032
570033
570034
570035
570036
570037
570038
570039
570040
570041
570042
570043
570044
570045
570046
570047
570048
570049
570050
570052
570053
570054
570055
570056
570057
570058
570059
570060
570061
570062
570063
570064
570065
570066
570067
570068
570069
570070
570071
570072
570073
570074
570075
570076
570103
570104
570105
570107
570108
570109
570110
570111
570112
570113
570114
570115
570116
570117
570118
570119
570120
570121
570122
570123
570124
570125
570126
570127
570128
570130
570131
570132
570133
570135
570136
570137
570138
570139
570140
570141
570142
570143
570144
570145
570146
570147
570148
570149
570150
570151
570152
570153
570154
570155
570157
570158
570159
570160
570161
570162
570163
570164
570165
570166
570167
570168
570169
570170
570171
570172
570173
570174
570175
570176
570177
570178
570179
570180
570181
570182
570183
570184
570185
570186
570187
570188
570189
570190
570191
570192
570193
570194
570195
570196
570197
570198
570199
570200
570201
570202
570203
570204
570205
570206
570233
570234
570235
570236
570237
570238
570239
570240
570241
570242
570243
570244
570245
570246
570247
570248
570249
570250
570251
570252
570253
570254
570255
570256
570257
570258
570260
570261
570262
570263
570264
570265
570266
570267
570268
570269
570270
570271
570272
570273
570274
570275
570276
570277
570278
570279
570280
570281
570282
570283
570284
570311
570312
570313
570314
570315
570316
570317
570318
570319
570320
570321
570322
570323
570324
570325
570326
570327
570328
570329
570330
570331
570332
570333
570334
570335
570336
570363
570364
570365
570366
570367
570368
570369
570370
570371
570372
570373
570374
570375
570376
570377
570378
570379
570380
570381
570382
570383
570384
570385
570386
570387
570388
570415
570416
570417
570418
570419
570420
570421
570422
570423
570424
570425
570426
570427
570428
570429
570430
570431
570432
570433
570434
570435
570436
570437
570438
570439
570440
570467
570468
570469
570470
570471
570472
570473
570474
570475
570476
570477
570478
570479
570480
570481
570482
570483
570484
570485
570486
570487
570488
570489
570490
570491
570492
570519
570520
570521
570522
570523
570524
570525
570526
570527
570528
570529
570530
570531
570532
570533
570534
570535
570536
570537
570538
570539
570540
570541
570542
570543
570544
570623
570624
570625
570626
570627
570628
570629
570630
570631
570632
570633
570634
570635
570636
570637
570638
570639
570640
570641
570642
570643
570644
570645
570646
570647
570648
570701
570702
570703
570704
570705
570706
570707
570708
570709
570710
570711
570712
570713
570714
570715
570716
570717
570718
570719
570720
570721
570722
570723
570724
570725
570726
570728
570729
570730
570731
570732
570733
570734
570735
570736
570737
570738
570739
570740
570741
570742
570743
570744
570745
570746
570747
570748
570749
570750
570751
570752
570779
570780
570781
570782
570783
570784
570785
570786
570787
570788
570789
570790
570791
570792
570793
570794
570795
570796
570797
570798
570799
570800
570801
570802
570803
570804
570831
570832
570833
570834
570835
570836
570837
570838
570839
570840
570841
570842
570843
570844
570845
570846
570847
570848
570849
570850
570851
570852
570853
570854
570855
570856
570909
570910
570911
570912
570913
570914
570915
570916
570917
570918
570919
570920
570921
570922
570923
570924
570925
570926
570927
570928
570929
570930
570931
570932
570933
570934
570935
570937
570938
570939
570940
570941
570942
570943
570944
570945
570946
570947
570948
570949
570950
570951
570952
570953
570954
570955
570956
570957
570958
570959
570960
570987
570988
570989
570990
570991
570992
570993
570994
570995
570996
570997
570998
570999
571000
571001
571002
571003
571004
571005
571006
571007
571008
571009
571010
571011
571012
571013
571014
571015
571016
571017
571018
571019
571020
571021
571022
571023
571024
571025
571026
571027
571028
571029
571030
571031
571032
571033
571034
571035
571036
571037
571038
571039
571040
571041
571042
571043
571044
571045
571046
571047
571048
571049
571050
571051
571052
571053
571054
571055
571056
571057
571058
571059
571060
571061
571062
571063
571064
571066
571067
571068
571069
571070
571071
571072
571073
571074
571075
571076
571077
571078
571079
571080
571081
571082
571083
571084
571085
571086
571087
571088
571089
571090
571117
571118
571119
571120
571121
571122
571123
571124
571125
571126
571127
571128
571129
571130
571131
571132
571133
571134
571135
571136
571137
571138
571139
571140
571141
571142
571169
571170
571171
571172
571173
571174
571175
571176
571177
571178
571179
571180
571181
571182
571183
571184
571185
571186
571187
571188
571189
571190
571191
571192
571193
571194
571195
571196
571197
571199
571201
571202
571203
571204
571206
571207
571208
571209
571210
571211
571212
571213
571214
571215
571216
571217
571218
571219
571220
571221
571223
571224
571225
571226
571227
571228
571229
571230
571231
571232
571233
571234
571235
571236
571237
571238
571239
571240
571241
571242
571243
571244
571245
571246
571325
571326
571327
571328
571329
571330
571331
571332
571333
571334
571335
571336
571337
571338
571339
571340
571341
571342
571343
571344
571345
571346
571347
571348
571349
571350
571403
571404
571405
571406
571407
571408
571409
571410
571411
571412
571413
571414
571415
571416
571417
571418
571419
571420
571421
571422
571423
571424
571425
571426
571427
571428
571430
571431
571432
571433
571434
571435
571436
571437
571438
571439
571440
571441
571442
571443
571444
571445
571446
571447
571448
571449
571450
571451
571452
571453
571454
571559
571560
571561
571562
571563
571564
571565
571566
571567
571568
571569
571570
571571
571572
571573
571574
571575
571576
571577
571578
571579
571580
571581
571582
571583
571584
571585
571586
571587
571588
571589
571590
571591
571592
571593
571594
571595
571596
571597
571598
571599
571600
571601
571602
571603
571604
571605
571606
571607
571608
571609
571610
571663
571664
571665
571666
571667
571668
571669
571670
571671
571672
571673
571674
571675
571676
571677
571678
571679
571680
571681
571682
571683
571684
571685
571686
571687
571688
571715
571716
571717
571718
571719
571720
571721
571722
571723
571724
571725
571726
571727
571728
571729
571730
571731
571732
571733
571734
571735
571736
571737
571738
571739
571740
571741
571742
571743
571744
571745
571746
571747
571748
571749
571750
571751
571752
571753
571754
571755
571756
571757
571758
571759
571760
571761
571762
571763
571764
571765
571766
571768
571769
571770
571771
571772
571773
571774
571775
571776
571777
571778
571779
571780
571781
571782
571783
571784
571785
571786
571787
571788
571789
571790
571791
571792
571819
571820
571821
571822
571823
571824
571825
571826
571827
571828
571829
571830
571831
571832
571833
571834
571835
571836
571837
571838
571839
571840
571841
571842
571843
571844
571897
571898
571899
571900
571901
571902
571903
571904
571905
571906
571907
571908
571909
571910
571911
571912
571913
571914
571915
571916
571917
571918
571919
571920
571921
571922
571924
571925
571926
571927
571928
571929
571930
571931
571932
571933
571934
571935
571936
571937
571938
571939
571940
571941
571942
571943
571944
571946
572079
572080
572081
572082
572083
572084
572085
572086
572087
572088
572089
572090
572091
572092
572093
572094
572095
572096
572097
572098
572099
572100
572101
572102
572103
572104
572131
572132
572133
572134
572135
572136
572137
572138
572139
572140
572141
572142
572143
572144
572145
572146
572147
572148
