572151
572152
572153
572154
572155
572156
572157
572158
572159
572160
572161
572163
572164
572165
572166
572167
572168
572169
572170
572171
572172
572173
572174
572175
572176
572177
572178
572179
572180
572181
572182
572287
572288
572289
572290
572291
572292
572293
572294
572295
572296
572297
572298
572299
572300
572301
572302
572303
572304
572305
572306
572307
572308
572309
572310
572311
572312
572314
572315
572316
572317
572318
572319
572320
572321
572322
572323
572324
572325
572326
572327
572328
572329
572330
572331
572332
572333
572334
572335
572336
572337
572338
572365
572366
572367
572368
572369
572370
572371
572372
572373
572374
572375
572376
572377
572378
572379
572380
572381
572382
572383
572384
572385
572386
572387
572388
572389
572390
572417
572418
572419
572420
572421
572422
572423
572424
572425
572426
572427
572428
572429
572430
572431
572432
572433
572434
572435
572436
572437
572438
572439
572440
572441
572442
572443
572444
572445
572446
572447
572448
572449
572450
572451
572452
572453
572454
572455
572456
572457
572458
572459
572460
572461
572462
572463
572464
572465
572466
572467
572468
572495
572496
572497
572498
572499
572500
572501
572502
572503
572504
572505
572506
572507
572508
572509
572510
572511
572512
572513
572514
572515
572516
572517
572518
572519
572520
572522
572523
572524
572525
572526
572527
572528
572529
572530
572531
572532
572533
572534
572535
572536
572537
572538
572539
572540
572541
572542
572543
572544
572545
572546
572549
572550
572551
572552
572553
572554
572555
572556
572557
572558
572559
572560
572561
572562
572563
572564
572565
572566
572567
572568
572569
572570
572571
572572
572573
572574
572575
572576
572577
572578
572579
572580
572581
572582
572583
572584
572585
572586
572587
572588
572589
572590
572591
572592
572593
572594
572595
572596
572597
572598
572625
572626
572627
572628
572629
572630
572631
572632
572633
572634
572635
572636
572637
572638
572639
572640
572641
572642
572643
572644
572645
572646
572647
572648
572649
572650
572729
572730
572731
572732
572733
572734
572735
572736
572737
572738
572739
572740
572741
572742
572743
572744
572745
572746
572747
572748
572749
572750
572751
572752
572753
572754
572755
572756
572757
572758
572759
572760
572761
572762
572763
572764
572765
572766
572767
572768
572769
572770
572771
572772
572773
572774
572775
572776
572777
572778
572779
572780
572807
572808
572809
572810
572811
572812
572813
572814
572815
572816
572817
572818
572819
572820
572821
572822
572823
572824
572825
572826
572827
572828
572829
572830
572831
572832
572937
572938
572939
572940
572941
572942
572943
572944
572945
572946
572947
572948
572949
572950
572951
572952
572953
572954
572955
572956
572957
572958
572959
572960
572961
572962
572964
572965
572966
572967
572968
572969
572970
572971
572972
572973
572974
572975
572976
572977
572978
572979
572980
572981
572982
572983
572984
572985
572986
572987
572988
573015
573016
573017
573018
573019
573020
573021
573022
573023
573024
573025
573026
573027
573028
573029
573030
573031
573032
573033
573034
573035
573036
573037
573038
573039
573040
573041
573042
573043
573044
573045
573046
573047
573048
573049
573050
573051
573052
573053
573054
573055
573056
573057
573058
573059
573060
573061
573062
573063
573064
573065
573066
573067
573068
573069
573070
573071
573072
573073
573074
573075
573076
573077
573078
573079
573080
573081
573082
573083
573084
573085
573086
573087
573088
573089
573090
573091
573092
573145
573146
573147
573148
573149
573150
573151
573152
573153
573154
573155
573156
573157
573158
573159
573160
573161
573162
573163
573164
573165
573166
573167
573168
573169
573170
573171
573172
573173
573174
573175
573176
573177
573178
573179
573180
573181
573182
573183
573184
573185
573186
573187
573188
573189
573190
573191
573192
573193
573194
573195
573196
573249
573250
573251
573252
573253
573254
573255
573256
573257
573258
573259
573260
573261
573262
573263
573264
573265
573266
573267
573268
573269
573270
573271
573272
573273
573274
573275
573276
573277
573278
573279
573280
573281
573282
573283
573284
573285
573286
573287
573288
573289
573290
573291
573292
573293
573294
573295
573296
573297
573298
573299
573300
573353
573354
573355
573356
573357
573358
573359
573360
573361
573362
573363
573364
573365
573366
573367
573368
573369
573370
573371
573372
573373
573374
573375
573376
573377
573378
573431
573432
573433
573434
573435
573436
573437
573438
573439
573440
573441
573442
573443
573444
573445
573446
573447
573448
573449
573450
573451
573452
573453
573454
573455
573456
573509
573510
573511
573512
573513
573514
573515
573516
573517
573518
573519
573520
573521
573522
573523
573524
573525
573526
573527
573528
573529
573530
573531
573532
573533
573534
573561
573562
573563
573564
573565
573566
573567
573568
573569
573570
573571
573572
573573
573574
573575
573576
573577
573578
573579
573580
573581
573582
573583
573584
573585
573586
573587
573588
573589
573590
573591
573592
573593
573594
573595
573596
573597
573598
573599
573600
573601
573602
573603
573604
573605
573606
573607
573608
573609
573610
573611
573612
573717
573718
573719
573720
573721
573722
573723
573724
573725
573726
573727
573728
573729
573730
573731
573732
573733
573734
573735
573736
573737
573738
573739
573740
573741
573742
573769
573770
573771
573772
573773
573774
573775
573776
573777
573778
573779
573780
573781
573782
573783
573784
573785
573786
573787
573788
573789
573790
573791
573792
573793
573794
573821
573822
573823
573824
573825
573826
573827
573828
573829
573830
573831
573832
573833
573834
573835
573836
573837
573838
573839
573840
573841
573842
573843
573844
573845
573846
573848
573849
573850
573851
573852
573853
573854
573855
573856
573857
573858
573859
573860
573861
573862
573863
573864
573865
573866
573867
573868
573869
573870
573871
573872
573925
573926
573927
573928
573929
573930
573931
573932
573933
573934
573935
573936
573937
573938
573939
573940
573941
573942
573943
573944
573945
573946
573947
573948
573949
573950
573977
573978
573979
573980
573981
573982
573983
573984
573985
573986
573987
573988
573989
573990
573991
573992
573993
573994
573995
573996
573997
573998
573999
574000
574001
574002
574029
574030
574031
574032
574033
574034
574035
574036
574037
574038
574039
574040
574041
574042
574043
574044
574045
574046
574047
574048
574049
574050
574051
574052
574053
574054
574055
574056
574057
574058
574059
574060
574061
574062
574063
574064
574065
574066
574067
574068
574069
574070
574071
574072
574073
574074
574075
574076
574077
574078
574079
574080
574107
574108
574109
574110
574111
574112
574113
574114
574115
574116
574117
574118
574119
574120
574121
574122
574123
574124
574125
574126
574127
574128
574129
574130
574131
574132
574133
574134
574135
574136
574137
574138
574139
574140
574141
574142
574143
574144
574145
574146
574147
574148
574149
574150
574151
574152
574153
574154
574155
574156
574157
574158
574159
574160
574161
574163
574164
574165
574166
574167
574168
574169
574170
574171
574172
574173
574174
574175
574176
574177
574178
574179
574180
574181
574182
574183
574184
574211
574212
574213
574214
574215
574216
574217
574218
574219
574220
574221
574222
574223
574224
574225
574226
574227
574228
574229
574230
574231
574232
574233
574234
574235
574236
574315
574316
574317
574318
574319
574320
574321
574322
574323
574324
574325
574326
574327
574328
574329
574330
574331
574332
574333
574334
574335
574336
574337
574338
574339
574340
574344
574345
574346
574347
574348
574349
574350
574351
574352
574353
574354
574355
574356
574357
574358
574359
574360
574361
574362
574363
574364
574365
574366
574393
574394
574395
574396
574397
574398
574399
574400
574401
574402
574403
574404
574405
574406
574407
574408
574409
574410
574411
574412
574413
574414
574415
574416
574417
574418
574422
574423
574424
574425
574426
574427
574428
574429
574430
574431
574432
574433
574434
574435
574436
574437
574438
574439
574440
574441
574442
574443
574444
574448
574450
574451
574452
574453
574454
574455
574456
574457
574458
574459
574460
574461
574462
574463
574464
574465
574466
574467
574468
574469
574470
574497
574498
574499
574500
574501
574502
574503
574504
574505
574506
574507
574508
574509
574510
574511
574512
574513
574514
574515
574516
574517
574518
574519
574520
574521
574522
574524
574525
574526
574527
574528
574529
574530
574531
574532
574533
574534
574535
574536
574537
574538
574539
574540
574541
574542
574543
574544
574545
574546
574547
574548
574549
574550
574552
574553
574554
574555
574556
574557
574558
574559
574560
574561
574562
574563
574564
574565
574566
574567
574568
574569
574570
574571
574572
574573
574574
574653
574655
574656
574657
574658
574659
574660
574661
574662
574663
574664
574665
574666
574667
574668
574669
574670
574671
574672
574673
574674
574675
574676
574677
574678
574705
574706
574707
574708
574709
574710
574711
574712
574713
574714
574715
574716
574717
574718
574719
574720
574721
574722
574723
574724
574725
574726
574727
574728
574729
574730
574783
574784
574785
574786
574787
574788
574789
574790
574791
574792
574793
574794
574795
574796
574797
574798
574799
574800
574801
574802
574803
574804
574805
574806
574807
574808
574809
574810
574811
574812
574813
574814
574815
574816
574817
574818
574819
574820
574821
574822
574823
574824
574825
574826
574827
574828
574829
574830
574831
574832
574833
574834
574861
574862
574863
574864
574865
574866
574867
574868
574869
574870
574871
574872
574873
574874
574875
574876
574877
574878
574879
574880
574881
574883
574884
574885
574886
574913
574914
574915
574916
574917
574918
574919
574920
574921
574922
574923
574924
574925
574926
574927
574928
574929
574930
574931
574932
574933
574934
574935
574936
574937
574938
574940
574941
574942
574943
574944
574945
574946
574947
574948
574949
574950
574951
574952
574953
574954
574955
574956
574957
574958
574959
574960
574961
574962
574963
574964
574991
574992
574993
574994
574995
574996
574997
574998
574999
575000
575001
575002
575003
575004
575005
575006
575007
575008
575009
575010
575011
575012
575013
575014
575015
575016
575018
575019
575020
575021
575022
575023
575024
575025
575026
575027
575028
575029
575030
575031
575032
575033
575034
575035
575036
575037
575038
575039
575040
575041
575042
575095
575096
575097
575098
575099
575100
575101
575102
575103
575104
575105
575106
575107
575108
575109
575110
575111
575112
575113
575114
575115
575116
575117
575118
575119
575120
575122
575123
575124
575125
575126
575127
575128
575129
575130
575131
575132
575133
575134
575135
575136
575137
575138
575139
575140
575141
575142
575143
575144
575145
575146
575251
575252
575253
575254
575255
575256
575257
575258
575259
575260
575261
575262
575263
575264
575265
575266
575267
575268
575269
575270
575271
575272
575273
575274
575275
575276
575355
575356
575357
575358
575359
575360
575361
575362
575363
575364
575365
575366
575367
575368
575369
575370
575371
575372
575373
575374
575375
575376
575377
575378
575379
575380
575407
575408
575409
575410
575411
575412
575413
575414
575415
575416
575417
575418
575419
575420
575421
575422
575423
575424
575425
575426
575427
575428
575429
575430
575431
575432
575433
575434
575435
575436
575437
575438
575439
575440
575441
575442
575443
575444
575445
575446
575447
575448
575449
575450
575451
575452
575453
575454
575455
575456
575457
575458
575460
575461
575462
575463
575464
575465
575466
575467
575468
575469
575470
575471
575472
575473
575474
575475
575476
575477
575478
575479
575480
575481
575482
575483
575484
575485
575487
575488
575489
575490
575491
575492
575493
575494
575495
575496
575497
575498
575499
575500
575501
575502
575503
575504
575505
575506
575507
575508
575509
575510
575512
575513
575514
575515
575516
575517
575518
575519
575520
575521
575522
575523
575524
575525
575526
575527
575528
575529
575530
575531
575532
575533
575534
575535
575536
575667
575668
575669
575670
575671
575672
575673
575674
575675
575676
575677
575678
575679
575680
575681
575682
575683
575684
575685
575686
575687
575689
575690
575691
575692
575745
575746
575747
575748
575749
575750
575751
575752
575753
575754
575755
575756
575757
575758
575759
575760
575761
575762
575763
575764
575765
575766
575767
575768
575769
575770
575771
575772
575773
575774
575775
575776
575777
575778
575779
575780
575781
575782
575783
575784
575785
575786
575787
575788
575789
575790
575791
575792
575793
575794
575795
575796
575798
575799
575800
575801
575802
575803
575804
575805
575806
575807
575808
575809
575810
575811
575812
575813
575814
575815
575816
575817
575818
575819
575820
575821
575822
575849
575850
575851
575852
575853
575854
575855
575856
575857
575858
575859
575860
575861
575862
575863
575864
575865
575866
575867
575868
575869
575870
575871
575872
575873
575874
575901
575902
575903
575904
575905
575906
575907
575908
575909
575910
575911
575912
575913
575914
575915
575916
575917
575918
575919
575920
575921
575922
575923
575924
575925
575926
575927
575928
575929
575930
575931
575932
575933
575934
575935
575936
575937
575938
575939
575940
575941
575942
575943
575944
575945
575946
575947
575948
575949
575950
575951
575952
575954
575955
575957
575958
575959
575960
575961
575962
575963
575964
575965
575966
575967
575968
575969
575970
575971
575972
575973
575974
575975
575976
575977
575978
575979
575980
575981
575982
575983
575984
575985
575986
575987
575988
575989
575990
575991
575992
575993
575994
575995
575996
575997
575998
575999
576000
576001
576002
576003
576004
576006
576007
576008
576009
576010
576011
576012
576013
576014
576015
576016
576017
576018
576019
576020
576021
576022
576023
576024
576025
576026
576027
576028
576029
576030
576031
576032
576033
576034
576035
576036
576037
576038
576039
576040
576041
576042
576043
576045
576046
576047
576048
576049
576050
576051
576052
576053
576054
576055
576056
576083
576084
576085
576086
576088
576089
576090
576091
576092
576093
576094
576095
576096
576097
576098
576099
576100
576101
576102
576103
576104
576105
576106
576107
576108
576109
576110
576111
576112
576113
576114
576115
576116
576117
576118
576119
576120
576121
576122
576123
576124
576125
576126
576127
576128
576129
576130
576132
576133
576134
576135
576136
576137
576138
576139
576140
576141
576142
576143
576144
576145
576146
576148
576149
576150
576151
576152
576153
576154
576155
576156
576157
576158
576159
576160
576161
576162
576163
576164
576165
576166
576167
576169
576170
576171
576172
576173
576174
576175
576176
576177
576178
576179
576180
576181
576182
576183
576184
576185
576186
576213
576214
576215
576216
576217
576218
576219
576220
576221
576222
576223
576224
576225
576226
576227
576228
576229
576230
576231
576232
576233
576234
576235
576236
576237
576551
576552
576553
576554
576555
576556
576557
576558
576559
576560
576561
576562
576563
576564
576565
576566
576567
576568
576569
576570
576571
576572
576573
576574
576575
576576
576578
576579
576580
576581
576582
576583
576584
576585
576586
576587
576588
576589
576590
576591
576592
576593
576594
576595
576596
576597
576598
576599
576600
576601
576602
576604
576605
576606
576607
576608
576609
576610
576611
576612
576613
576614
576615
576616
576617
576618
576619
576620
576621
576622
576623
576624
576625
576626
576627
576628
576630
576631
576632
576633
576634
576635
576636
576637
576638
576639
576640
576641
576642
576643
576644
576645
576646
576647
576648
576649
576650
576651
576652
576653
576654
576681
576682
576683
576684
576685
576686
576687
576688
576689
576690
576691
576692
576693
576694
576695
576696
576697
576698
576699
576700
576701
576702
576703
576704
576705
576706
576709
576710
576711
576712
576713
576714
576715
576716
576717
576718
576719
576720
576721
576722
576723
576724
576725
576726
576727
576728
576729
576730
576731
576732
576785
576786
576787
576788
576789
576790
576791
576792
576793
576794
576795
576796
576797
576798
576799
576800
576801
576802
576803
576804
576805
576806
576807
576808
576809
576810
576812
576813
576816
576817
576818
576819
576820
576821
576822
576823
576824
576825
576826
576827
576828
576829
576830
576831
576832
576833
576834
576835
576836
576838
576839
576840
576841
576842
576843
576844
576845
576846
576847
576848
576849
576850
576851
576852
576853
576854
576855
576856
576857
576858
576859
576860
576861
576862
576889
576890
576891
576892
576893
576894
576895
576896
576897
576898
576899
576900
576901
576902
576903
576904
576905
576906
576907
576908
576909
576910
576911
576912
576913
576914
576941
576942
576943
576944
576945
576946
576947
576948
576949
576950
576951
576952
576953
576954
576955
576956
576957
576958
576959
576960
576961
576962
576963
576964
576965
576966
576993
576994
576995
576996
576997
576998
576999
577000
577001
577002
577003
577004
577005
577006
577007
577008
577009
577010
577011
577012
577013
577014
577015
577016
577017
577018
577071
577072
577073
577074
577075
577076
577077
577078
577079
577080
577081
577082
577083
577084
577085
577086
577087
577088
577089
577090
577091
577092
577093
577094
577095
577096
577123
577124
577125
577126
577127
577128
577129
577130
577131
577132
577133
577134
577135
577136
577137
577138
577139
577140
577141
577142
577143
577144
577145
577146
577147
577148
577175
577176
577177
577178
577179
577180
577181
577182
577183
577184
577185
577186
577187
577188
577189
577190
577191
577192
577193
577194
577195
577196
577197
577198
577199
577200
577279
577280
577281
577282
577283
577284
577285
577286
577287
577288
577289
577290
577291
577292
577293
577294
577295
577296
577297
577298
577299
577300
577301
577302
577303
577304
577331
577332
577333
577334
577335
577336
577337
577338
577339
577340
577341
577342
577343
577344
577345
577346
577347
577348
577349
577350
577351
577352
577353
577354
577355
577356
577358
577359
577360
577361
577362
577363
577364
577365
577366
577367
577368
577369
577370
577371
577372
577373
577374
577375
577376
577377
577378
577379
577380
577381
577382
577383
577384
577385
577386
577387
577388
577389
577390
577391
577392
577393
577394
577395
577396
577397
577398
577399
577400
577401
577402
577403
577404
577405
577406
577407
577408
577435
577436
577437
577438
577439
577440
577441
577442
577443
577444
577445
577446
577447
577448
577449
577450
577451
577452
577453
577454
577455
577456
577457
577458
577459
577460
577461
577462
577463
577464
577465
577466
577467
577468
577469
577470
577471
577472
577473
577474
577475
577476
577477
577478
577479
577480
577481
577482
577483
577484
577485
577486
577487
577488
577489
577490
577491
577492
577493
577494
577495
577496
577497
577498
577499
577500
577501
577502
577503
577504
577505
577506
577507
577508
577509
577510
577511
577512
577513
577515
577516
577517
577518
577519
577520
577521
577522
577523
577524
577525
577526
577527
577528
577529
577530
577531
577532
577533
577534
577535
577536
577537
577538
577565
577566
577567
577568
577569
577570
577571
577572
577573
577574
577575
577576
577577
577578
577579
577580
577581
577582
577583
577584
577585
577586
577587
577588
577589
577590
577593
577594
577595
577596
577597
577598
577599
577600
577601
577602
577603
577604
577605
577606
577607
577608
577609
577610
577611
577612
577613
577614
577615
577616
577643
577644
577645
577646
577647
577648
577649
577650
577651
577652
577653
577654
577655
577656
577657
577658
577659
577660
577661
577662
577663
577664
577665
577666
577667
577668
577695
577696
577697
577698
577699
577700
577701
577702
577703
577704
577705
577706
577707
577708
577709
577710
577711
577712
577713
577714
577715
577716
577717
577718
577719
577720
577722
577726
577727
577729
577730
577731
577732
577733
577734
577735
577736
577737
577738
577739
577740
577741
577742
577743
577744
577745
577746
577747
577748
577749
577750
577751
577752
577753
577754
577755
577756
577757
577758
577759
577760
577761
577762
577763
577764
577765
577766
577767
577768
577769
577770
577771
577772
577929
577930
577931
577932
577933
577934
577935
577936
577937
577938
577939
577940
577941
577942
577943
577944
577945
577946
577947
577948
577949
577950
577951
577952
577953
577954
577955
577956
577957
577958
577959
577960
577961
577962
577963
577964
577965
577966
577967
577968
577969
577970
577971
577972
577973
577974
577975
577976
577977
577978
577979
577980
577981
577982
577983
577984
577985
577986
577987
577988
577989
577990
577991
577992
577993
577994
577995
577996
577997
577998
577999
578000
578001
578002
578003
578004
578005
578006
578008
578009
578010
578011
578012
578013
578014
578015
578016
578017
578018
578019
578020
578021
578022
578023
578024
578025
578026
578027
578028
578029
578030
578031
578032
578034
578036
578038
578039
578040
578041
578042
578043
578044
578045
578046
578047
578048
578049
578050
578051
578052
578053
578054
578055
578056
578057
578058
578111
578112
578113
578114
578115
578116
578117
578118
578119
578120
578121
578122
578123
578124
578125
578126
578127
578128
578129
578130
578131
578132
578133
578134
578135
578136
578137
578138
578139
578140
578143
578144
578145
578146
578147
578148
578149
578150
578151
578152
578153
578154
578155
578156
578157
578158
578159
578160
578161
578162
578163
578164
578165
578166
578167
578168
578169
578170
578171
578172
578173
578174
578175
578176
578177
578178
578179
578180
578181
578182
578183
578184
578185
578186
578187
578188
578215
578216
578217
578218
578219
578220
578221
578222
578223
578224
578225
578226
578227
578228
578229
578230
578231
578232
578233
578234
578235
578236
578237
578238
578239
578240
578241
578242
578243
578245
578246
578248
578249
578250
578251
578252
578253
578254
578255
578256
578257
578258
578259
578260
578261
578262
578263
578264
578265
578266
578371
578372
578373
578374
578375
578376
578377
578378
578379
578380
578381
578382
578383
578384
578385
578386
578387
578388
578389
578390
578391
578392
578393
578394
578395
578396
578423
578424
578425
578426
578427
578428
578429
578430
578431
578432
578433
578434
578435
578436
578437
578438
578439
578440
578441
578442
578443
578444
578445
578446
578447
578448
578450
578451
578452
578454
578455
578456
578457
578458
578459
578460
578461
578462
578463
578464
578465
578466
578467
578468
578469
578470
578471
578472
578473
578474
578475
578476
578477
578478
578479
578480
578483
578485
578486
578487
578488
578489
578490
578491
578492
578493
578494
578495
578496
578497
578498
578500
578506
578507
578508
578509
578510
578511
578512
578513
578514
578515
578516
578518
578519
578520
578521
578522
578523
578524
578525
578526
578553
578554
578555
578556
578557
578558
578559
578560
578561
578562
578563
578564
578566
578567
578569
578570
578571
578572
578574
578575
578576
578577
578578
578657
578658
578659
578661
578662
578663
578664
578665
578666
578667
578668
578669
578670
578671
578672
578673
578674
578675
578676
578677
578678
578679
578680
578681
578682
578813
578814
578815
578816
578817
578818
578819
578820
578821
578822
578823
578824
578825
578826
578827
578828
578829
578830
578831
578832
578833
578834
578835
578836
578837
578838
578891
578892
578893
578894
578895
578896
578897
578898
578899
578900
578901
578902
578903
578904
578905
578906
578907
578908
578909
578910
578911
578912
578913
578914
578915
578916
578917
578920
578921
578922
578923
578924
578925
578926
578927
578928
578929
578931
578932
578933
578934
578935
578936
578937
578938
578939
578940
578941
578942
578969
578971
578973
578974
578976
578977
578978
578979
578980
578981
578982
578983
578984
578985
578987
578988
578990
578991
578992
578993
578994
579047
579048
579049
579050
579051
579053
579054
579056
579058
579059
579061
579062
579064
579066
579067
579068
579069
579070
579072
579074
579077
579080
579081
579082
579083
579085
579087
579088
579089
579090
579091
579092
579093
579094
579095
579097
579098
579177
579178
579179
579180
579181
579182
579183
579184
579185
579186
579187
579188
579190
579191
579192
579193
579194
579195
579196
579197
579198
579199
579200
579201
579202
579229
579230
579231
579233
579234
579235
579236
579237
579238
579239
579240
579241
579242
579243
579244
579245
579246
579247
579248
579249
579250
579251
579252
579253
579254
