579411
579412
579413
579414
579415
579416
579417
579418
579419
579420
579421
579422
579423
579424
579425
579426
579427
579428
579429
579430
579431
579432
579433
579434
579435
579436
579437
579438
579439
579440
579441
579442
579443
579444
579445
579446
579447
579448
579449
579450
579451
579452
579453
579454
579455
579456
579457
579458
579459
579460
579461
579462
579489
579490
579491
579492
579493
579494
579495
579496
579497
579498
579499
579500
579501
579502
579503
579504
579505
579506
579507
579508
579509
579510
579511
579512
579513
579514
579515
579516
579517
579518
579519
579520
579521
579522
579523
579524
579525
579526
579527
579528
579529
579530
579531
579532
579533
579534
579535
579536
579537
579538
579539
579540
579542
579543
579544
579545
579546
579547
579548
579549
579550
579551
579552
579553
579554
579555
579556
579557
579558
579559
579560
579561
579562
579563
579564
579565
579566
579645
579646
579647
579648
579649
579650
579651
579652
579653
579654
579655
579656
579657
579658
579659
579660
579661
579662
579663
579664
579665
579666
579667
579668
579669
579670
579775
579776
579777
579778
579779
579780
579781
579782
579783
579784
579785
579786
579787
579788
579789
579790
579791
579792
579793
579794
579795
579796
579797
579798
579799
579800
579801
579802
579803
579804
579805
579806
579807
579808
579809
579810
579811
579812
579813
579814
579815
579816
579817
579818
579819
579820
579821
579822
579823
579824
579825
579826
579827
579828
579829
579830
579831
579832
579833
579834
579835
579836
579837
579838
579839
579840
579841
579842
579843
579844
579845
579846
579847
579848
579849
579850
579851
579852
579854
579855
579856
579857
579858
579859
579860
579861
579862
579863
579864
579865
579866
579867
579868
579869
579870
579871
579872
579873
579874
579875
579876
579877
579878
579881
579882
579883
579884
579885
579886
579887
579888
579889
579890
579891
579892
579893
579894
579895
579896
579897
579898
579899
579900
579901
579902
579903
579904
579931
579932
579933
579934
579935
579936
579937
579938
579939
579940
579941
579942
579943
579944
579945
579946
579947
579948
579949
579950
579951
579952
579953
579954
579955
579956
579983
579984
579985
579986
579987
579988
579989
579990
579991
579992
579993
579994
579995
579996
579997
579998
579999
580000
580001
580002
580003
580004
580005
580006
580007
580008
580009
580010
580011
580012
580013
580014
580015
580016
580017
580018
580019
580020
580021
580022
580023
580024
580025
580026
580027
580028
580029
580030
580031
580032
580033
580034
580087
580088
580089
580090
580091
580092
580093
580094
580095
580096
580097
580098
580099
580100
580101
580102
580103
580104
580105
580106
580107
580108
580109
580110
580111
580112
580113
580115
580116
580117
580118
580119
580120
580121
580122
580123
580124
580125
580126
580127
580128
580129
580130
580131
580132
580133
580134
580135
580136
580137
580138
580217
580218
580219
580220
580221
580222
580223
580224
580225
580226
580227
580228
580229
580230
580231
580232
580233
580234
580235
580236
580237
580238
580239
580240
580241
580242
580244
580245
580246
580247
580248
580249
580250
580251
580252
580253
580254
580255
580256
580257
580258
580259
580260
580261
580262
580263
580264
580265
580266
580267
580268
580269
580270
580271
580272
580273
580274
580275
580276
580277
580278
580279
580280
580281
580282
580283
580284
580285
580286
580287
580288
580289
580290
580291
580292
580293
580294
580373
580374
580375
580376
580377
580378
580379
580380
580381
580382
580383
580384
580385
580386
580387
580388
580389
580390
580391
580392
580393
580394
580395
580396
580397
580398
580399
580400
580401
580402
580403
580404
580405
580406
580407
580408
580409
580410
580411
580412
580413
580414
580415
580416
580417
580418
580419
580420
580421
580422
580423
580424
580426
580427
580428
580429
580430
580431
580432
580433
580434
580435
580436
580437
580438
580439
580440
580441
580442
580443
580444
580445
580446
580447
580448
580449
580450
580452
580453
580454
580455
580456
580457
580458
580459
580460
580461
580462
580463
580464
580465
580466
580467
580468
580469
580470
580471
580472
580473
580474
580475
580476
580477
580478
580479
580480
580481
580482
580483
580484
580485
580486
580487
580488
580489
580490
580491
580492
580493
580494
580495
580496
580497
580498
580499
580500
580501
580502
580504
580505
580506
580507
580508
580509
580510
580511
580512
580513
580514
580515
580516
580517
580518
580519
580520
580521
580522
580523
580524
580525
580526
580527
580528
580555
580556
580557
580558
580559
580560
580561
580562
580563
580564
580565
580566
580567
580568
580569
580570
580571
580572
580573
580574
580575
580576
580577
580578
580579
580580
580659
580660
580661
580662
580663
580664
580665
580666
580667
580668
580669
580670
580671
580672
580673
580674
580675
580676
580677
580678
580679
580680
580681
580682
580683
580684
580737
580738
580739
580740
580741
580742
580743
580744
580745
580746
580747
580748
580749
580750
580751
580752
580753
580754
580755
580756
580757
580758
580759
580760
580761
580762
580789
580790
580791
580792
580793
580794
580795
580796
580797
580798
580799
580800
580801
580802
580803
580804
580805
580806
580807
580808
580809
580810
580811
580812
580813
580814
580841
580842
580843
580844
580845
580846
580847
580848
580849
580850
580851
580852
580853
580854
580855
580856
580857
580858
580859
580860
580861
580862
580863
580864
580865
580866
580893
580894
580895
580896
580897
580898
580899
580900
580901
580902
580903
580904
580905
580906
580907
580908
580909
580910
580911
580912
580913
580914
580915
580916
580917
580918
