581023
581024
581025
581026
581027
581028
581029
581030
581031
581032
581033
581034
581035
581036
581037
581038
581039
581040
581041
581042
581043
581044
581045
581046
581047
581048
581127
581128
581129
581130
581131
581132
581133
581134
581135
581136
581137
581138
581139
581140
581141
581142
581143
581144
581145
581146
581147
581148
581149
581150
581151
581152
581153
581154
581155
581157
581158
581159
581160
581161
581162
581163
581164
581165
581166
581167
581168
581169
581170
581171
581172
581173
581174
581175
581176
581177
581178
581205
581206
581207
581208
581209
581210
581211
581212
581213
581214
581215
581216
581217
581218
581219
581220
581221
581222
581223
581224
581225
581226
581227
581228
581229
581230
581257
581258
581259
581260
581261
581262
581263
581264
581265
581266
581267
581268
581269
581270
581271
581272
581273
581274
581275
581276
581277
581278
581279
581280
581281
581282
581283
581284
581285
581286
581287
581288
581289
581290
581291
581292
581293
581294
581295
581296
581297
581298
581299
581300
581301
581302
581303
581304
581305
581306
581307
581308
581361
581362
581363
581364
581365
581366
581367
581368
581369
581370
581371
581372
581373
581374
581375
581376
581377
581378
581379
581380
581381
581382
581383
581384
581385
581386
581387
581388
581389
581390
581391
581392
581393
581394
581395
581396
581397
581398
581399
581400
581401
581402
581403
581404
581405
581406
581407
581408
581409
581410
581411
581412
581413
581414
581415
581416
581417
581418
581419
581420
581421
581422
581423
581424
581425
581426
581427
581428
581429
581430
581431
581432
581433
581434
581435
581436
581437
581438
581439
581440
581441
581442
581443
581444
581445
581446
581447
581448
581449
581450
581451
581452
581453
581454
581455
581456
581457
581458
581459
581460
581461
581462
581463
581464
581491
581492
581493
581494
581495
581496
581497
581498
581499
581500
581501
581502
581503
581504
581505
581506
581507
581508
581509
581510
581511
581512
581513
581514
581515
581516
581517
581518
581520
581521
581522
581523
581524
581525
581526
581527
581528
581529
581530
581531
581532
581533
581534
581535
581536
581537
581538
581539
581540
581541
581542
581569
581570
581571
581572
581573
581574
581575
581576
581577
581578
581579
581580
581581
581582
581583
581584
581585
581586
581587
581588
581589
581590
581591
581592
581593
581594
581595
581596
581597
581598
581599
581600
581601
581602
581603
581604
581605
581606
581607
581608
581609
581610
581611
581612
581613
581614
581615
581616
581617
581618
581619
581620
581621
581622
581623
581624
581625
581626
581627
581628
581629
581630
581631
581632
581633
581634
581635
581636
581637
581638
581639
581640
581641
581642
581643
581644
581645
581646
581673
581674
581675
581676
581677
581678
581679
581680
581681
581682
581683
581684
581685
581686
581687
581688
581689
581690
581691
581692
581693
581694
581695
581696
581697
581698
581725
581726
581727
581728
581729
581730
581731
581732
581733
581734
581735
581736
581737
581738
581739
581740
581741
581742
581743
581744
581745
581746
581747
581748
581749
581750
581751
581752
581753
581754
581755
581756
581757
581758
581759
581760
581761
581762
581763
581764
581765
581766
581767
581768
581769
581770
581771
581772
581773
581774
581775
581776
581803
581804
581805
581806
581807
581808
581809
581810
581811
581812
581813
581814
581815
581816
581817
581818
581819
581820
581821
581822
581823
581824
581825
581826
581827
581828
581855
581856
581857
581858
581859
581860
581861
581862
581863
581864
581865
581866
581867
581868
581869
581870
581871
581872
581873
581874
581875
581876
581877
581878
581879
581880
581881
581882
581883
581884
581885
581886
581887
581888
581889
581890
581891
581892
581893
581894
581895
581896
581897
581898
581899
581900
581901
581902
581903
581904
581905
581906
581907
581908
581909
581910
581911
581912
581913
581914
581915
581916
581917
581918
581919
581920
581921
581922
581923
581924
581925
581926
581927
581928
581929
581930
581931
581932
581934
581935
581936
581937
581938
581939
581940
581941
581942
581943
581944
581945
581946
581947
581948
581949
581950
581951
581952
581953
581954
581955
581956
581957
581958
581959
581960
581961
581962
581963
581964
581965
581966
581967
581968
581969
581970
581971
581972
581973
581974
581975
581976
581977
581978
581979
581980
581981
581982
581983
581984
582011
582012
582013
582014
582015
582016
582017
582018
582019
582020
582021
582022
582023
582024
582025
582026
582027
582028
582029
582030
582031
582032
582033
582034
582035
582036
582063
582064
582065
582066
582067
582068
582069
582070
582071
582072
582073
582074
582075
582076
582077
582078
582079
582080
582081
582082
582083
582084
582085
582086
582087
582088
582115
582116
582117
582118
582119
582120
582121
582122
582123
582124
582125
582126
582127
582128
582129
582130
582131
582132
582133
582134
582135
582136
582137
582138
582139
582140
582141
582142
582143
582144
582145
582146
582147
582148
582149
582150
582151
582152
582153
582154
582155
582156
582157
582158
582159
582160
582161
582162
582163
582164
582165
582166
582219
582220
582221
582222
582223
582224
582225
582226
582227
582228
582229
582230
582231
582232
582233
582234
582235
582236
582237
582238
582239
582240
582241
582242
582243
582244
582245
582246
582247
582248
582249
582250
582251
582252
582253
582254
582255
582256
582257
582258
582259
582260
582261
582262
582263
582264
582265
582266
582267
582268
582269
582270
582272
582273
582274
582275
582276
582277
582278
582279
582280
582281
582282
582283
582284
582285
582286
582287
582288
582289
582290
582291
582292
582293
582294
582295
582296
582323
582324
582325
582326
582327
582328
582329
582330
582331
582332
582333
582334
582335
582336
582337
582338
582339
582340
582341
582342
582343
582344
582345
582346
582347
582348
582349
582350
582351
582352
582353
582354
582355
582356
582357
582358
582359
582360
582361
582362
582363
582364
582365
582366
582367
582368
582369
582370
582371
582372
582373
582374
582453
582454
582455
582456
582457
582458
582459
582460
582461
582462
582463
582464
582465
582466
582467
582468
582469
582470
582471
582472
582473
582474
582475
582476
582477
582478
582531
582532
582533
582534
582535
582536
582537
582538
582539
582540
582541
582542
582543
582544
582545
582546
582547
582548
582549
582550
582551
582552
582553
582554
582555
582556
582557
582558
582559
582560
582561
582562
582563
582564
582565
582566
582567
582568
582569
582570
582571
582572
582573
582574
582575
582576
582577
582578
582579
582580
582581
582582
582713
582714
582715
582716
582717
582718
582719
582720
582721
582722
582723
582724
582725
582726
582727
582728
582729
582730
582731
582732
582733
582734
582735
582736
582737
582738
582817
582818
582819
582820
582821
582822
582823
582824
582825
582826
582827
582828
582829
582830
582831
582832
582833
582834
582835
582836
582837
582838
582839
582840
582841
582842
582843
582844
582845
582846
582847
582848
582849
582850
582851
582852
582853
582854
582855
582856
582857
582858
582859
582860
582861
582862
582863
582864
582865
582866
582867
582868
582947
582948
582949
582950
582951
582952
582953
582954
582955
582956
582957
582958
582959
582960
582961
582962
582963
582964
582965
582966
582967
582968
582969
582970
582971
582972
