589395
589396
589397
589398
589399
589400
589401
589402
589403
589404
589405
589406
589407
589408
589409
589410
589411
589412
589413
589414
589415
589416
589417
589418
589419
589420
589421
589422
589423
589424
589425
589426
589427
589428
589429
589430
589431
589432
589433
589434
589435
589436
589437
589438
589439
589440
589441
589442
589443
589444
589445
589446
589447
589449
589450
589451
589452
589453
589454
589455
589456
589457
589458
589459
589460
589461
589462
589463
589464
589465
589466
589467
589468
589469
589470
589471
589472
589499
589500
589501
589502
589503
589504
589505
589506
589507
589508
589509
589510
589511
589512
589513
589514
589515
589516
589517
589518
589519
589520
589521
589522
589523
589524
589551
589552
589553
589554
589555
589556
589557
589558
589559
589560
589561
589562
589563
589564
589565
589566
589567
589568
589569
589570
589571
589572
589573
589574
589575
589576
589681
589682
589683
589684
589685
589686
589687
589688
589689
589690
589691
589692
589693
589694
589695
589696
589697
589698
589699
589700
589701
589702
589703
589704
589705
589706
589759
589760
589761
589762
589763
589764
589765
589766
589767
589768
589769
589770
589771
589772
589773
589774
589775
589776
589777
589778
589779
589780
589781
589782
589783
589784
589837
589838
589839
589840
589841
589842
589843
589844
589845
589846
589847
589848
589849
589850
589851
589852
589853
589854
589855
589856
589857
589858
589859
589860
589861
589862
589863
589864
589865
589866
589867
589868
589869
589870
589871
589872
589873
589874
589875
589876
589877
589878
589879
589880
589881
589882
589883
589884
589885
589886
589887
589888
589889
589890
589891
589892
589893
589894
589895
589896
589897
589898
589899
589900
589901
589902
589903
589904
589905
589906
589907
589908
589909
589910
589911
589912
589913
589914
589993
589994
589995
589996
589997
589998
589999
590000
