595895
595896
595897
595898
595899
595900
595901
595902
595903
595904
595905
595906
595907
595908
595909
595910
595911
595912
595913
595914
595915
595916
595917
595918
595919
595920
595947
595948
595949
595950
595951
595952
595953
595954
595955
595956
595957
595958
595959
595960
595961
595962
595963
595964
595965
595966
595967
595968
595969
595970
595971
595972
596103
596104
596105
596106
596107
596108
596109
596110
596111
596112
596113
596114
596115
596116
596117
596118
596119
596120
596121
596122
596123
596124
596125
596126
596127
596128
596130
596131
596132
596133
596134
596135
596136
596137
596138
596139
596140
596141
596142
596143
596144
596145
596146
596147
596148
596149
596150
596151
596152
596153
596154
596155
596156
596158
596159
596160
596161
596162
596163
596164
596165
596166
596167
596168
596169
596170
596171
596172
596173
596174
596175
596176
596177
596178
596179
596180
596181
596182
596183
596184
596185
596186
596187
596188
596189
596190
596191
596192
596193
596194
596195
596196
596197
596198
596199
596200
596201
596202
596203
596204
596205
596206
596259
596260
596261
596262
596263
596264
596265
596266
596267
596268
596269
596270
596271
596272
596273
596274
596275
596276
596277
596278
596279
596280
596281
596282
596283
596284
596285
596286
596287
596288
596289
596290
596291
596292
596293
596294
596295
596296
596297
596298
596299
596300
596301
596302
596303
596304
596305
596306
596307
596308
596309
596310
596312
596313
596314
596315
596316
596317
596318
596319
596320
596321
596322
596323
596324
596325
596326
596327
596328
596329
596330
596331
596332
596333
596334
596335
596336
596337
596338
596339
596340
596341
596342
596343
596344
596345
596346
596347
596348
596349
596350
596351
596352
596353
596354
596355
596356
596357
596358
596359
596360
596361
596362
596363
596364
596365
596366
596367
596368
596369
596370
596371
596372
596373
596374
596375
596376
596377
596378
596379
596380
596381
596382
596383
596384
596385
596386
596387
596388
596391
596392
596393
596394
596395
596396
596397
596398
596399
596400
596401
596402
596403
596404
596405
596406
596407
596408
596409
596410
596411
596412
596413
596414
596493
596494
596495
596496
596497
596498
596499
596500
596501
596502
596503
596504
596505
596506
596507
596508
596509
596510
596511
596512
596513
596514
596515
596516
596517
596518
596519
596520
596521
596522
596523
596524
596525
596526
596527
596528
596529
596530
596531
596532
596533
596534
596535
596536
596537
596538
596539
596540
596541
596542
596543
596544
596649
596650
596651
596652
596653
596654
596655
596656
596657
596658
596659
596660
596661
596662
596663
596664
596665
596666
596667
596668
596669
596670
596671
596672
596673
596674
596727
596728
596729
596730
596731
596732
596733
596734
596735
596736
596737
596738
596739
596740
596741
596742
596743
596744
596745
596746
596747
596748
596749
596750
596751
596752
596779
596780
596781
596782
596783
596784
596785
596786
596787
596788
596789
596790
596791
596792
596793
596794
596795
596796
596797
596798
596799
596800
596801
596802
596803
596804
596857
596858
596859
596860
596861
596862
596863
596864
596865
596866
596867
596868
596869
596870
596871
596872
596873
596874
596875
596876
596877
596878
596879
596880
596881
596882
596883
596884
596885
596886
596887
596889
596890
596891
596892
596893
596894
596895
596896
596897
596898
596899
596900
596901
596902
596903
596904
596905
596906
596907
596908
596935
596936
596937
596938
596939
596940
596941
596942
596943
596944
596945
596946
596947
596948
596949
596950
596951
596952
596953
596954
596955
596956
596957
596958
596959
596960
596987
596988
596989
596990
596991
596992
596993
596994
596995
596996
596997
596998
596999
597000
597001
597002
597003
597004
597005
597006
597007
597008
597009
597010
597011
597012
597014
597015
597016
597017
597018
597019
597020
597021
597022
597023
597024
597025
597026
597027
597028
597029
597030
597031
597032
597033
597034
597035
597036
597037
597038
597039
597041
597042
597043
597044
597045
597046
597047
597048
597049
597050
597051
597052
597053
597054
597055
597056
597057
597058
597059
597060
597061
597062
597063
597064
597066
597067
597068
597069
597070
597071
597072
597073
597074
597075
597076
597077
597078
597079
597080
597081
597082
597083
597084
597085
597086
597087
597089
597090
597091
597092
597093
597094
597095
597096
597097
597098
597099
597100
597101
597102
597103
597104
597105
597106
597107
597108
597109
597110
597111
597112
597113
597114
597115
597116
597117
597118
597119
597120
597121
597122
597123
597124
597125
597126
597127
597128
597129
597130
597131
597132
597133
597134
597135
597136
597137
597138
597139
597140
597141
597142
597144
597145
597147
597148
597149
597150
597151
597152
597153
597154
597155
597156
597157
597158
597159
597160
597161
597162
597163
597164
597165
597166
597167
597168
597195
597196
597197
597198
597199
597200
597201
597202
597203
597204
597205
597206
597207
597208
597209
597210
597211
597212
597213
597214
597215
597216
597217
597218
597219
597220
597247
597248
597249
597250
597251
597252
597253
597254
597255
597256
597257
597258
597259
597260
597261
597262
597263
597264
597265
597266
597267
597268
597269
597270
597271
597272
597299
597300
597301
597302
597303
597304
597305
597306
597307
597308
597309
597310
597311
597312
597313
597314
597315
597316
597317
597318
597319
597320
597321
597322
597323
597324
597326
597327
597328
597329
597330
597331
597332
597333
597334
597335
597336
597337
597338
597339
597340
597341
597342
597343
597344
597345
597346
597347
597348
597349
597350
597351
597352
597353
597354
597355
597356
597357
597358
597359
597360
597361
597362
597363
597364
597365
597366
597367
597368
597369
597370
597371
597372
597373
597374
597375
597376
597455
597456
597457
597458
597459
597460
597461
597462
597463
597464
597465
597466
597467
597468
597469
597470
597471
597472
597473
597474
597475
597476
597477
597478
597479
597480
597482
597483
597484
597485
597486
597487
597488
597489
597490
597491
597492
597493
597494
597495
597496
597497
597498
597499
597500
597501
597502
597503
597504
597505
597506
597507
597509
597510
597511
597512
597513
597514
597515
597516
597517
597518
597519
597520
597521
597522
597523
597524
597526
597527
597528
597529
597530
597531
597532
597559
597560
597561
597562
597563
597564
597565
597566
597567
597568
597569
597570
597571
597572
597573
597574
597575
597576
597577
597578
597579
597580
597581
597582
597583
597584
597585
597586
597587
597588
597589
597590
597591
597592
597593
597594
597595
597596
597597
597598
597599
597600
597601
597602
597603
597604
597605
597606
597607
597608
597609
597610
597637
597638
597639
597640
597641
597642
597643
597644
597645
597646
597647
597648
597649
597650
597651
597652
597653
597654
597655
597656
597657
597658
597659
597660
597661
597662
597689
597690
597691
597692
597693
597694
597695
597696
597697
597698
597699
597700
597701
597702
597703
597704
597705
597706
597707
597708
597709
597710
597711
597712
597713
597714
597741
597742
597743
597744
597745
597746
597747
597748
597749
597750
597751
597752
597753
597754
597755
597756
597757
597758
597759
597760
597761
597762
597763
597764
597765
597766
597767
597768
597769
597770
597771
597772
597773
597774
597775
597776
597777
597778
597779
597780
597781
597782
597783
597784
597785
597786
597787
597788
597789
597790
597791
597792
597819
597820
597821
597822
597823
597824
597825
597826
597827
597828
597829
597830
597831
597832
597833
597834
597835
597836
597837
597838
597839
597840
597841
597842
597843
597844
597871
597872
597873
597874
597875
597876
597877
597878
597879
597880
597881
597882
597883
597884
597885
597886
597887
597888
597889
597890
597891
597892
597893
597894
597895
597896
597897
597898
597899
597900
597901
597902
597903
597904
597905
597906
597907
597908
597909
597910
597911
597912
597913
597914
597915
597916
597917
597918
597919
597920
597921
597922
597975
597976
597977
597978
597979
597980
597981
597982
597983
597984
597985
597986
597987
597988
597989
597990
597991
597992
597993
597994
597995
597996
597997
597998
597999
598000
598001
598002
598003
598004
598005
598007
598008
598009
598010
598011
598012
598013
598014
598015
598016
598017
598018
598019
598020
598021
598022
598023
598024
598025
598026
598079
598080
598081
598082
598083
598084
598085
598086
598087
598088
598089
598090
598091
598092
598093
598094
598095
598096
598097
598098
598099
598100
598101
598102
598103
598104
598108
598109
598111
598112
598113
598114
598115
598116
598117
598118
598119
598120
598121
598122
598123
598124
598125
598126
598127
598128
598129
598130
598209
598210
598211
598212
598213
598214
598215
598216
598217
598218
598219
598220
598221
598222
598223
598224
598225
598226
598227
598228
598229
598230
598231
598232
598233
598234
598261
598262
598263
598264
598265
598266
598267
598268
598269
598270
598271
598272
598273
598274
598275
598276
598277
598278
598279
598280
598281
598282
598283
598284
598285
598286
598287
598288
598289
598290
598291
598292
598293
598294
598295
598296
598297
598298
598299
598300
598301
598302
598303
598304
598305
598306
598307
598308
598309
598310
598311
598312
598339
598340
598341
598342
598343
598344
598345
598346
598347
598348
598349
598350
598351
598352
598353
598354
598355
598356
598357
598358
598359
598360
598361
598362
598363
598364
598365
598367
598368
598369
598370
598371
598372
598373
598374
598375
598376
598377
598378
598379
598380
598381
598382
598383
598384
598385
598386
598387
598390
598391
598393
598394
598395
598396
598397
598398
598399
598400
598401
598402
598403
598404
598405
598406
598407
598408
598409
598410
598411
598412
598413
598414
598415
598416
598469
598470
598471
598472
598473
598474
598475
598476
598477
598478
598479
598480
598481
598482
598483
598484
598485
598486
598487
598488
598489
598490
598491
598492
598493
598494
598495
598496
598497
598498
598499
598500
598501
598502
598503
598504
598505
598506
598507
598508
598509
598510
598511
598512
598513
598514
598515
598516
598517
598518
598519
598520
598651
598652
598653
598654
598655
598656
598657
598658
598659
598660
598661
598662
598663
598664
598665
598666
598667
598668
598669
598670
598672
598673
598674
598675
598676
598729
598730
598731
598732
598734
598735
598736
598737
598738
598739
598740
598741
598742
598743
598744
598745
598746
598747
598749
598750
598751
598752
598753
598754
598833
598834
598835
598836
598837
598838
598839
598840
598841
598842
598843
598844
598845
598846
598847
598848
598849
598850
598851
598852
598853
598854
598855
598856
598857
598858
598885
598886
598887
598888
598889
598890
598891
598892
598893
598894
598895
598896
598897
598898
598899
598900
598901
598902
598903
598904
598905
598906
598907
598908
598909
598910
598937
598938
598939
598940
598941
598942
598943
598944
598945
598946
598947
598948
598949
598950
598951
598952
598953
598954
598955
598956
598957
598958
598959
598960
598961
598962
599015
599016
599017
599018
599019
599020
599021
599022
599023
599024
599025
599026
599027
599028
599029
599030
599031
599032
599033
599034
599035
599036
599037
599038
599039
599040
599042
599043
599044
599045
599046
599047
599048
599049
599050
599051
599052
599053
599054
599055
599056
599057
599058
599059
599060
599061
599062
599063
599064
599065
599066
599093
599094
599095
599096
599097
599098
599099
599100
599101
599102
599103
599104
599105
599106
599107
599108
599109
599110
599111
599112
599113
599114
599115
599116
599117
599118
599119
599120
599121
599122
599123
599124
599125
599126
599127
599128
599129
599131
599132
599133
599134
599135
599136
599137
599138
599139
599140
599141
599142
599143
599144
599197
599198
599199
599200
599201
599202
599203
599204
599205
599206
599207
599208
599209
599210
599211
599212
599213
599214
599215
599216
599217
599218
599219
599220
599221
599222
599223
599224
599225
599226
599227
599228
599230
599231
599232
599233
599234
599235
599236
599237
599238
599239
599240
599241
599242
599243
599244
599245
599246
599247
599248
599301
599302
599303
599304
599305
599306
599307
599308
599309
599310
599311
599312
599313
599314
599315
599316
599317
599318
599319
599320
599321
599322
599323
599324
599325
599326
599353
599354
599355
599356
599357
599358
599359
599360
599361
599362
599363
599364
599365
599366
599367
599368
599369
599370
599371
599372
599373
599374
599375
599376
599377
599378
599379
599380
599383
599384
599385
599386
599387
599388
599389
599390
599391
599392
599393
599394
599395
599396
599397
599398
599399
599400
599401
599402
599403
599404
599431
599432
599433
599434
599435
599436
599437
599438
599439
599440
599441
599442
599443
599444
599445
599446
599447
599448
599449
599450
599451
599452
599453
599454
599455
599456
599458
599459
599460
599461
599462
599463
599464
599465
599466
599467
599468
599469
599470
599471
599472
599473
599474
599475
599476
599477
599478
599479
599480
599481
599482
599484
599485
599486
599487
599488
599489
599490
599491
599492
599493
599494
599495
599496
599497
599498
599499
599500
599501
599502
599503
599504
599505
599506
599507
599508
599509
599511
599512
599513
599514
599515
599516
599517
599518
599519
599520
599521
599522
599523
599524
599525
599526
599527
599528
599529
599530
599531
599532
599533
599534
599535
599536
599537
599538
599539
599540
599541
599542
599543
599544
599545
599546
599547
599548
599549
599550
599551
599552
599553
599554
599555
599556
599557
599559
599560
599561
599562
599563
599564
599565
599566
599567
599568
599569
599570
599571
599572
599573
599574
599575
599576
599577
599578
599579
599580
599581
599582
599583
599584
599585
599586
599639
599640
599641
599642
599643
599644
599645
599646
599647
599648
599649
599650
599651
599652
599653
599654
599655
599656
599657
599658
599659
599660
599661
599662
599663
599664
599795
599796
599797
599798
599799
599800
599801
599802
599803
599804
599805
599806
599807
599808
599809
599810
599811
599812
599813
599814
599815
599816
599817
599818
599819
599820
599822
599823
599824
599825
599826
599827
599828
599829
599830
599831
599832
599833
599834
599835
599836
599837
599838
599839
599840
599841
599842
599843
599844
599845
599846
599847
599848
599849
599850
599851
599852
599853
599854
599855
599856
599857
599858
599859
599860
599861
599862
599863
599864
599865
599866
599867
599868
599869
599870
599871
599872
599899
599900
599901
599902
599903
599904
599905
599906
599907
599908
599909
599910
599911
599912
599913
599914
599915
599916
599917
599918
599919
599920
599921
599922
599923
599924
599926
599929
599930
599931
599932
599933
599934
599935
599936
599937
599938
599939
599940
599941
599942
599943
599944
599945
599946
599947
599948
599949
599950
