601823
601824
601825
601826
601827
601828
601829
601830
601831
601832
601833
601834
601835
601836
601837
601838
601839
601840
601841
601842
601843
601844
601845
601846
601847
601848
601850
601851
601852
601853
601854
601855
601856
601857
601858
601859
601860
601861
601862
601863
601864
601865
601866
601867
601868
601869
601870
601871
601872
601873
601874
601875
601876
601877
601878
601879
601880
601881
601882
601883
601884
601885
601886
601887
601888
601889
601890
601891
601892
601893
601894
601895
601896
601897
601898
601899
601900
601927
601928
601929
601930
601931
601932
601933
601934
601935
601936
601937
601938
601939
601940
601941
601942
601943
601944
601945
601946
601947
601948
601949
601950
601951
601952
602031
602032
602033
602034
602035
602036
602037
602038
602039
602040
602041
602042
602043
602044
602045
602046
602047
602048
602049
602050
602051
602052
602053
602054
602055
602056
602109
602110
602111
602112
602113
602114
602115
602116
602117
602118
602119
602120
602121
602122
602123
602124
602125
602126
602127
602128
602129
602130
602131
602132
602133
602134
602135
602136
602137
602138
602139
602140
602141
602142
602143
602144
602145
602146
602147
602148
602149
602150
602151
602152
602153
602154
602155
602156
602157
602158
602159
602160
602187
602188
602189
602190
602191
602192
602193
602194
602195
602196
602197
602198
602199
602200
602201
602202
602203
602204
602205
602206
602207
602208
602209
602210
602211
602212
602239
602240
602241
602242
602243
602244
602245
602246
602247
602248
602249
602250
602251
602252
602253
602254
602255
602256
602257
602258
602259
602260
602261
602262
602263
602264
602291
602292
602293
602294
602295
602296
602297
602298
602299
602300
602301
602302
602303
602304
602305
602306
602307
602308
602309
602310
602311
602312
602313
602314
602315
602316
602317
602318
602319
602320
602321
602322
602323
602324
602325
602326
602327
602328
602329
602330
602331
602332
602333
602334
602335
602336
602337
602338
602339
602340
602341
602342
602343
602344
602345
602346
602347
602348
602349
602350
602351
602352
602353
602354
602355
602356
602357
602358
602359
602360
602361
602362
602363
602364
602365
602366
602367
602368
602369
602370
602371
602372
602373
602374
602375
602376
602377
602378
602379
602380
602381
602382
602383
602384
602385
602386
602387
602388
602389
602390
602391
602392
602393
602394
602396
602397
602398
602399
602400
602401
602402
602403
602404
602405
602406
602407
602408
602409
602410
602411
602412
602413
602414
602415
602416
602417
602418
602419
602420
602525
602526
602527
602528
602529
602530
602531
602532
602533
602534
602535
602536
602537
602538
602539
602540
602541
602542
602543
602544
602545
602546
602547
602548
602549
602550
602577
602578
602579
602580
602581
602582
602583
602584
602585
602586
602587
602588
602589
602590
602591
602592
602593
602594
602595
602596
602597
602598
602599
602600
602601
602602
602629
602630
602631
602632
602633
602634
602635
602636
602637
602638
602639
602640
602641
602642
602643
602644
602645
602646
602647
602648
602649
602650
602651
602652
602653
602654
602759
602760
602761
602762
602763
602764
602765
602766
602767
602768
602769
602770
602771
602772
602773
602774
602775
602776
602777
602778
602779
602780
602781
602782
602783
602784
602811
602812
602813
602814
602815
602816
602817
602818
602819
602820
602821
602822
602823
602824
602825
602826
602827
602828
602829
602830
602831
602832
602833
602834
602835
602836
602863
602864
602865
602866
602867
602868
602869
602870
602871
602872
602873
602874
602875
602876
602877
602878
602879
602880
602881
602882
602883
602884
602885
602886
602887
602888
602889
602890
602891
602892
602893
602894
602895
602896
602897
602898
602899
602900
602901
602902
602903
602904
602905
602906
602907
602908
602909
602910
602911
602912
602913
602914
603097
603098
603099
603100
603101
603102
603103
603104
603105
603106
603107
603108
603109
603110
603111
603112
603113
603114
603115
603116
603117
603118
603119
603120
603121
603122
603201
603202
603203
603204
603205
603206
603207
603208
603209
603210
603211
603212
603213
603214
603215
603216
603217
603218
603219
603220
603221
603222
603223
603224
603225
603226
603305
603306
603307
603308
603309
603310
603311
603312
603313
603314
603315
603316
603317
603318
603319
603320
603321
603322
603323
603324
603325
603326
603327
603328
603329
603330
603357
603358
603359
603360
603361
603362
603363
603364
603365
603366
603367
603368
603369
603370
603371
603372
603373
603374
603375
603376
603377
603378
603379
603380
603381
603382
603487
603488
603489
603490
603491
603492
603493
603494
603495
603496
603497
603498
603499
603500
603501
603502
603503
603504
603505
603506
603507
603508
603509
603510
603511
603512
603591
603592
603593
603594
603595
603596
603597
603598
603599
603600
603601
603602
603603
603604
603605
603606
603607
603608
603609
603610
603611
603612
603613
603614
603615
603616
603643
603644
603645
603646
603647
603648
603649
603650
603651
603652
603653
603654
603655
603656
603657
603658
603659
603660
603661
603662
603663
603664
603665
603666
603667
603668
603695
603696
603697
603698
603699
603700
603701
603702
603703
603704
603705
603706
603707
603708
603709
603710
603711
603712
603713
603714
603715
603716
603717
603718
603719
603720
603721
603722
603723
603724
603725
603726
603727
603728
603729
603730
603731
603732
603733
603734
603735
603736
603737
603738
603739
603740
603741
603742
603743
603744
603745
603746
603747
603748
603749
603750
603751
603752
603753
603754
603755
603756
603757
603758
603759
603760
603761
603762
603763
603764
603765
603766
603767
603768
603769
603770
603771
603772
603799
603800
603801
603802
603803
603804
603805
603806
603807
603808
603809
603810
603811
603812
603813
603814
603815
603816
603817
603818
603819
603820
603821
603822
603823
603824
603827
603828
603829
603830
603831
603832
603833
603834
603835
603836
603837
603838
603839
603840
603841
603842
603843
603844
603845
603846
603847
603848
603849
603850
603877
603878
603879
603880
603881
603882
603883
603884
603885
603886
603887
603888
603889
603890
603891
603892
603893
603894
603895
603896
603897
603898
603899
603900
603901
603902
603955
603956
603957
603958
603959
603960
603961
603962
603963
603964
603965
603966
603967
603968
603969
603970
603971
603972
603973
603974
603975
603976
603977
603978
603979
603980
604007
604008
604009
604010
604011
604012
604013
604014
604015
604016
604017
604018
604019
604020
604021
604022
604023
604024
604025
604026
604027
604028
604029
604030
604031
604032
604059
604060
604061
604062
604063
604064
604065
604066
604067
604068
604069
604070
604071
604072
604073
604074
604075
604076
604077
604078
604079
604080
604081
604082
604083
604084
604085
604086
604087
604088
604089
604090
604091
604092
604093
604094
604095
604096
604097
604098
604099
604100
604101
604102
604103
604104
604105
604106
604107
604108
604109
604110
604163
604164
604165
604166
604167
604168
604169
604170
604171
604172
604173
604174
604175
604176
604177
604178
604179
604180
604181
604182
604183
604184
604185
604186
604187
604188
604190
604191
604192
604193
604194
604195
604196
604197
604198
604199
604200
604201
604202
604203
604204
604205
604206
604207
604208
604209
604210
604211
604212
604213
604214
604241
604242
604243
604244
604245
604246
604247
604248
604249
604250
604251
604252
604253
604254
604255
604256
604257
604258
604259
604260
604261
604262
604263
604264
604265
604266
604345
604346
604347
604348
604349
604350
604351
604352
604353
604354
604355
604356
604357
604358
604359
604360
604361
604362
604363
604364
604365
604366
604367
604368
604369
604370
604397
604398
604399
604400
604401
604402
604403
604404
604405
604406
604407
604408
604409
604410
604411
604412
604413
604414
604415
604416
604417
604418
604419
604420
604421
604422
604527
604528
604529
604530
604531
604532
604533
604534
604535
604536
604537
604538
604539
604540
604541
604542
604543
604544
604545
604546
604547
604548
604549
604550
604551
604552
604605
604606
604607
604608
604609
604610
604611
604612
604613
604614
604615
604616
604617
604618
604619
604620
604621
604622
604623
604624
604625
604626
604627
604628
604629
604630
604631
604632
604633
604634
604635
604636
604637
604638
604639
604640
604641
604642
604643
604644
604645
604646
604647
604648
604649
604650
604651
604652
604653
604654
604655
604656
604657
604659
604660
604661
604662
604663
604664
604665
604666
604667
604668
604669
604670
604671
604672
604673
604674
604675
604676
604677
604678
604679
604680
604681
604682
604709
604710
604711
604712
604713
604714
604715
604716
604717
604718
604719
604720
604721
604722
604723
604724
604725
604726
604727
604728
604729
604730
604731
604732
604733
604734
604969
604970
604971
604972
604973
604974
604975
604976
604977
604978
604979
604980
604981
604982
604983
604984
604985
604986
604987
604988
604989
604990
604991
604992
604993
604994
605021
605022
605023
605024
605025
605026
605027
605028
605029
605030
605031
605032
605033
605034
605035
605036
605037
605038
605039
605041
605042
605043
605044
605045
605046
605073
605074
605075
605076
605077
605078
605079
605080
605081
605082
605083
605084
605085
605086
605087
605088
605089
605090
605091
605092
605093
605094
605095
605096
605097
605098
605125
605126
605127
605128
605129
605130
605131
605132
605133
605134
605135
605136
605137
605138
605139
605140
605141
605142
605143
605144
605145
605146
605147
605148
605149
605150
605152
605153
605154
605155
605156
605157
605158
605159
605160
605161
605162
605163
605164
605165
605166
605167
605168
605169
605170
605171
605172
605173
605174
605175
605176
605203
605204
605205
605206
605207
605208
605209
605210
605211
605212
605213
605214
605215
605216
605217
605218
605219
605220
605221
605222
605223
605224
605225
605226
605227
605228
605229
605230
605231
605232
605233
605234
605235
605236
605237
605238
605239
605240
605241
605242
605243
605244
605245
605246
605247
605248
605249
605250
605251
605252
605253
605254
605255
605256
605257
605258
605259
605260
605261
605262
605263
605264
605265
605266
605267
605268
605269
605270
605271
605272
605273
605274
605275
605276
605277
605278
605279
605280
605282
605283
605284
605285
605286
605287
605288
605289
605290
605291
605292
605293
605294
605295
605296
605297
605298
605299
605301
605302
605303
605304
605305
605306
605333
605334
605335
605336
605337
605338
605339
605340
605341
605342
605343
605344
605346
605347
605348
605349
605350
605351
605352
605353
605354
605355
605356
605357
605358
605411
605412
605413
605414
605415
605416
605417
605418
605419
605420
605421
605422
605423
605424
605425
605426
605427
605428
605429
605430
605431
605432
605433
605434
605435
605436
605437
605438
605440
605443
605444
605445
605446
605447
605448
605449
605450
605451
605452
605453
605454
605455
605456
605457
605458
605459
605460
605461
605462
605463
605467
605468
605470
605471
605472
605473
605474
605475
605476
605477
605478
605479
605480
605481
605482
605483
605484
605485
605486
605487
605488
605515
605516
605517
605518
605519
605520
605521
605522
605523
605524
605525
605526
605527
605528
605529
605530
605531
605532
605533
605534
605535
605536
605537
605538
605539
605540
605542
605543
605544
605545
605546
605547
605548
605549
605550
605551
605552
605553
605554
605555
605556
605557
605558
605559
605560
605561
605562
605563
605564
605565
605566
605569
605570
605571
605572
605573
605574
605575
605576
605577
605578
605579
605580
605581
605582
605583
605584
605585
605586
605587
605588
605589
605590
605591
605592
605593
605595
605596
605597
605598
605599
605600
605601
605602
605604
605606
605607
605608
605609
605610
605611
605612
605613
605614
605615
605616
605617
605618
605671
605672
605673
605674
605675
605676
605677
605678
605679
605680
605681
605682
605683
605684
605685
605686
605687
605688
605689
605690
605691
605692
605693
605694
605695
605696
605723
605724
605725
605726
605727
605728
605729
605730
605731
605732
605733
605734
605735
605736
605737
605738
605739
605740
605741
605742
605743
605744
605745
605746
605747
605748
605749
605750
605751
605752
605753
605754
605756
605757
605758
605759
605760
605761
605762
605763
605764
605765
605766
605767
605768
605769
605770
605771
605772
605773
605774
605801
605802
605803
605804
605805
605806
605807
605808
605809
605810
605811
605812
605813
605814
605815
605816
605817
605818
605819
605820
605821
605822
605823
605824
605825
605826
605853
605854
605855
605856
605857
605858
605859
605860
605861
605862
605863
605864
605865
605866
605867
605868
605869
605870
605871
605872
605873
605874
605875
605876
605877
605878
605931
605932
605933
605934
605935
605936
605937
605938
605939
605940
605941
605942
605943
605944
605945
605946
605947
605948
605949
605950
605951
605952
605953
605954
605955
605956
605957
605958
605959
605960
605961
605962
605963
605964
605965
605966
605967
605968
605969
605970
605971
605972
605973
605974
605975
605976
605977
605978
605979
605980
605981
605982
606035
606036
606037
606038
606039
606040
606041
606042
606043
606044
606045
606046
606047
606048
606049
606050
606051
606052
606053
606054
606055
606056
606057
606058
606059
606060
606087
606088
606089
606090
606091
606092
606093
606094
606095
606096
606097
606098
606099
606100
606101
606102
606103
606104
606105
606106
606107
606108
606109
606110
606111
606112
606191
606192
606193
606194
606195
606196
606197
606198
606199
606200
606201
606202
606203
606204
606205
606206
606207
606208
606209
606210
606211
606212
606213
606214
606215
606216
606243
606244
606245
606246
606247
606248
606249
606250
606251
606252
606253
606254
606255
606256
606257
606258
606259
606260
606261
606262
606263
606264
606265
606266
606267
606268
606295
606296
606297
606298
606299
606300
606301
606302
606303
606304
606305
606306
606307
606308
606309
606310
606311
606312
606313
606314
606315
606316
606317
606318
606319
606320
606347
606348
606349
606350
606351
606352
606353
606354
606355
606356
606357
606358
606359
606360
606361
606362
606363
606364
606365
606366
606367
606368
606369
606370
606371
606372
606425
606426
606427
606428
606429
606430
606431
606432
606433
606434
606435
606436
606437
606438
606439
606440
606441
606442
606443
606444
606445
606446
606447
606448
606449
606450
606529
606530
606531
606532
606533
606534
606535
606536
606537
606538
606539
606540
606541
606542
606543
606544
606545
606546
606547
606548
606549
606550
606551
606552
606553
606554
606555
606556
606557
606558
606559
606560
606561
606562
606563
606564
606565
606566
606567
606568
606569
606570
606571
606572
606573
606574
606575
606576
606577
606578
606579
606580
606633
606634
606635
606636
606637
606638
606639
606640
606641
606642
606643
606644
606645
606646
606647
606648
606649
606650
606651
606652
606653
606654
606655
606656
606657
606658
606659
606661
606662
606663
606664
606665
606666
606667
606668
606669
606670
606671
606672
606673
606674
606675
606676
606677
606678
606679
606680
606681
606682
606683
606684
606686
606687
606688
606689
606690
606691
606692
606693
606694
606695
606696
606697
606698
606699
606700
606701
606702
606703
606704
606705
606706
606707
606708
606709
606710
606867
606868
606869
606870
606871
606872
606873
606874
606875
606876
606877
606878
606879
606880
606881
606882
606883
606884
606885
606886
606887
606888
606889
606890
606891
606892
606919
606920
606921
606922
606923
606924
606925
606926
606927
606928
606929
606930
606931
606932
606933
606934
606935
606936
606937
606938
606939
606940
606941
606942
606943
606944
606971
606972
606973
606974
606975
606976
606977
606978
606979
606980
606981
606982
606983
606984
606985
606986
606987
606988
606989
606990
606991
606992
606993
606994
606995
606996
606998
606999
607000
607001
607002
607003
607004
607005
607006
607007
607008
607009
607010
607011
607012
607013
607014
607015
607016
607017
607018
607019
607020
607021
607022
607023
607024
607025
607026
607027
607028
607029
607030
607032
607033
607034
607035
607036
607037
607038
607039
607040
607041
607042
607043
607044
607045
607046
607047
607048
607049
607050
607051
607052
607053
607054
607055
607056
607057
607058
607059
607060
607061
607062
607063
607064
607065
607066
607067
607068
607069
607070
607071
607072
607073
607074
607127
607128
607129
607130
607131
607132
607133
607134
607135
607136
607137
607138
607139
607140
607141
607142
607143
607144
607145
607146
607147
607148
607149
607150
607151
607152
607179
607180
607181
607182
607183
607184
607185
607186
607187
607188
607189
607190
607191
607192
607193
607194
607195
607196
607197
607198
607199
607200
607201
607202
607203
607204
607205
607208
607209
607210
607211
607212
607213
607214
607215
607216
607217
607218
607219
607220
607221
607222
607223
607224
607225
607226
607227
607228
607229
607230
607233
607234
607235
607236
607237
607238
607239
607240
607241
607242
607243
607244
607245
607246
607247
607248
607249
607250
607251
607252
607253
607254
607255
607256
607283
607284
607285
607286
607287
607288
607289
607290
607291
607292
607293
607294
607295
607296
607297
607298
607299
607300
607301
607302
607303
607304
607305
607306
607307
607308
607309
607310
607311
607312
607313
607314
607315
607316
607317
607318
607319
607320
607321
607322
607323
607324
607325
607326
607327
607328
607329
607330
607331
607332
607333
607334
607361
607362
607363
607364
607365
607366
607367
607368
607369
607370
607371
607372
607373
607374
607375
607376
607377
607378
607379
607381
607382
607383
607384
607385
607386
607439
607440
607441
607442
607443
607444
607445
607446
607447
607448
607449
607450
607451
607452
607453
607454
607455
607456
607457
607458
607459
607460
607461
607462
607463
607464
607569
607570
607571
607572
607573
607574
607575
607576
607577
607578
607579
607580
607581
607582
607583
607584
607585
607586
607587
607588
607589
607590
607591
607592
607593
607594
607595
607596
607597
607598
607599
607600
607601
607602
607603
607604
607605
607606
607607
607608
607609
607610
607611
607612
607613
607614
607615
607616
607617
607618
607619
607620
607647
607648
607649
607650
607651
607652
607653
607654
607655
607656
607657
607658
607659
607660
607661
607662
607663
607664
607665
607666
607667
607668
607669
607670
607671
607672
607673
607674
607675
607676
607677
607678
607679
607680
607681
607682
607683
607684
607685
607686
607687
607688
607689
607690
607691
607692
607693
607694
607695
607696
607697
607698
607699
607700
607701
607702
607703
607704
607705
607706
607707
607708
607709
607710
607711
607712
607713
607714
607715
607716
607717
607718
607719
607720
607721
607722
607723
607724
607725
607726
607727
607728
607729
607730
607731
607732
607733
607734
607735
607736
607737
607738
607739
607740
607741
607742
607743
607744
607745
607746
607747
607748
607749
607750
607752
607753
607754
607755
607756
607757
607758
607759
607760
607761
607762
607763
607764
607765
607766
607767
607768
607769
607770
607771
607772
607773
607774
607775
607776
607907
607908
607909
607910
607911
607912
607913
607914
607915
607916
607917
607918
607919
607920
607921
607922
607923
607924
607925
607926
607927
607928
607929
607930
607931
607932
608011
608012
608013
608014
608015
608016
608017
608018
608019
608020
608021
608022
608023
608024
608025
608026
608027
608028
608029
608030
608031
608032
608033
608034
608035
608036
608115
608116
608117
608118
608119
608120
608121
608122
608123
608124
608125
608126
608127
608128
608129
608130
608131
608132
608133
608134
608135
608136
608137
608138
608139
608140
608193
608194
608195
608196
608197
608198
608199
608200
608201
608202
608203
608204
608205
608206
608207
608208
608209
608210
608211
608212
608213
608214
608215
608216
608217
608218
608271
608272
608273
608274
608276
608277
608278
608279
608280
608281
608282
608283
608284
608285
608286
608288
608289
608290
608291
608292
608293
608294
608295
608296
608297
608298
608299
608300
608301
608302
608303
608304
608305
608306
608307
608308
608309
608310
608311
608312
608313
608316
608317
608318
608319
608320
608321
608322
