608401
608402
608403
608404
608405
608406
608407
608408
608409
608410
608411
608412
608413
608414
608415
608416
608417
608418
608419
608420
608421
608422
608423
608424
608425
608426
608427
608428
608429
608430
608431
608432
608433
608434
608435
608436
608437
608438
608439
608440
608441
608442
608443
608444
608445
608446
608447
608448
608449
608450
608451
608452
608454
608455
608456
608457
608458
608459
608460
608461
608462
608463
608464
608465
608466
608467
608468
608469
608470
608471
608472
608473
608474
608475
608476
608477
608478
608505
608506
608507
608508
608509
608510
608511
608512
608513
608514
608515
608516
608517
608518
608519
608520
608521
608522
608523
608524
608525
608526
608527
608528
608529
608530
608583
608584
608585
608586
608587
608588
608589
608590
608591
608592
608593
608594
608595
608596
608597
608598
608599
608600
608601
608602
608603
608604
608605
608606
608607
608608
608609
608610
608611
608612
608613
608614
608615
608616
608618
608619
608620
608621
608622
608623
608624
608625
608626
608627
608628
608629
608630
608631
608632
608633
608634
608635
608636
608637
608640
608641
608642
608643
608644
608645
608646
608647
608648
608649
608650
608651
608652
608653
608654
608655
608656
608657
608658
608659
608660
608661
608662
608663
608664
608666
608667
608668
608669
608670
608671
608672
608673
608674
608675
608676
608677
608678
608679
608680
608681
608682
608683
608684
608685
608686
608687
608688
608689
608690
608691
608692
608693
608694
608695
608696
608697
608698
608699
608700
608701
608702
608703
608704
608705
608706
608707
608708
608709
608710
608711
608712
608739
608740
608741
608742
608743
608744
608745
608746
608747
608748
608749
608750
608751
608752
608753
608754
608755
608756
608757
608758
608759
608760
608761
608762
608763
608764
608765
608766
608767
608768
608769
608770
608771
608772
608773
608774
608775
608776
608777
608778
608779
608780
608781
608782
608783
608784
608785
608786
608787
608788
608789
608790
608791
608792
608793
608794
608795
608796
608797
608798
608799
608800
608801
608802
608803
608804
608805
608806
608807
608808
608809
608810
608811
608812
608813
608814
608815
608816
608895
608896
608897
608898
608899
608900
608901
608902
608903
608904
608905
608906
608907
608908
608909
608910
608911
608912
608913
608914
608915
608916
608917
608918
608919
608920
608999
609000
609001
609002
609003
609004
609005
609006
609007
609008
609009
609010
609011
609012
609013
609014
609015
609016
609017
609018
609019
609020
609021
609022
609023
609024
609103
609104
609105
609106
609107
609108
609109
609110
609111
609112
609113
609114
609115
609116
609117
609118
609119
609120
609121
609122
609123
609124
609125
609126
609127
609128
609155
609156
609157
609158
609159
609160
609161
609162
609163
609164
609165
609166
609167
609168
609169
609170
609171
609172
609173
609174
609175
609176
609177
609178
609179
609180
609259
609260
609261
609262
609263
609264
609265
609266
609267
609268
609269
609270
609271
609272
609273
609274
609275
609276
609277
609278
609279
609280
609281
609282
609283
609284
609311
609312
609313
609314
609315
609316
609317
609318
609319
609320
609321
609322
609323
609324
609325
609326
609327
609328
609329
609330
609331
609332
609333
609334
609335
609336
609363
609364
609365
609366
609367
609368
609369
609370
609371
609372
609373
609374
609375
609376
609377
609378
609379
609380
609381
609382
609383
609384
609385
609386
609387
609388
609389
609390
609392
609393
609394
609395
609396
609397
609398
609399
609400
609401
609402
609403
609404
609405
609406
609407
609408
609409
609410
609411
609412
609413
609414
609441
609442
609443
609444
609445
609446
609447
609448
609449
609450
609451
609452
609453
609454
609455
609456
609457
609458
609459
609460
609461
609462
609463
609464
609465
609466
609519
609520
609521
609522
609523
609524
609525
609526
609527
609528
609529
609530
609531
609532
609533
609534
609535
609536
609537
609538
609539
609540
609541
609542
609543
609544
609649
609650
609651
609652
609653
609654
609655
609656
609657
609658
609659
609660
609661
609662
609663
609664
609665
609666
609667
609668
609669
609670
609671
609672
609673
609674
609727
609728
609729
609730
609731
609732
609733
609734
609735
609736
609737
609738
609739
609740
609741
609742
609743
609744
609745
609746
609747
609748
609749
609750
609751
609752
609753
609754
609755
609756
609757
609758
609759
609760
609761
609762
609763
609764
609765
609766
609767
609768
609769
609770
609771
609772
609773
609774
609775
609776
609777
609778
609780
609782
609783
609784
609785
609786
609787
609788
609789
609790
609791
609792
609793
609794
609795
609796
609797
609798
609799
609800
609801
609802
609803
609804
609806
609807
609808
609809
609810
609811
609812
609813
609814
609815
609816
609817
609818
609819
609820
609821
609822
609823
609824
609825
609826
609827
609828
609829
609830
609831
609832
609833
609834
609835
609836
609837
609838
609839
609840
609841
609842
609843
609844
609845
609846
609847
609848
609849
609850
609851
609852
609853
609854
609855
609856
609961
609962
609963
609964
609965
609966
609967
609968
609969
609970
609971
609972
609973
609974
609975
609976
609977
609978
609979
609980
609981
609982
609983
609984
609985
609986
609988
609989
609990
609991
609992
609993
609994
609995
609996
609997
609998
609999
610000
610001
610002
610003
610004
610005
610006
610007
610008
610009
610010
610011
610012
610013
610014
610015
610016
610017
610018
610019
610020
610021
610022
610023
610024
610025
610026
610027
610028
610029
610030
610031
610032
610033
610034
610035
610036
610037
610038
610040
610041
610042
610043
610044
610045
610046
610047
610048
610049
610050
610051
610052
610053
610054
610055
610056
610057
610058
610059
610060
610061
610062
610063
610064
610117
610118
610119
610120
610121
610122
610123
610124
610125
610126
610127
610128
610129
610130
610131
610132
610133
610134
610135
610136
610137
610138
610139
610140
610141
610142
610144
610145
610146
610147
610148
610149
610150
610151
610152
610153
610154
610155
610156
610157
610158
610159
610160
610161
610162
610163
610164
610165
610166
610167
610168
610221
610222
610223
610224
610225
610226
610227
610228
610229
610230
610231
610232
610233
610234
610235
610236
610237
610238
610239
610240
610241
610242
610243
610244
610245
610246
610247
610248
610249
610250
610251
610252
610253
610254
610255
610256
610257
610258
610259
610260
610261
610262
610263
610264
610265
610266
610267
610268
610269
610270
610271
610272
610299
610300
610301
610302
610303
610304
610305
610306
610307
610308
610309
610310
610311
610312
610313
610314
610315
610316
610317
610318
610319
610320
610321
610322
610323
610324
610325
610326
610327
610328
610329
610330
610331
610332
610333
610334
610335
610336
610337
610338
610339
610340
610341
610342
610343
610344
610345
610346
610347
610348
610349
610350
610429
610430
610431
610432
610433
610434
610435
610436
610437
610438
610439
610440
610441
610442
610443
610444
610445
610446
610447
610448
610449
610450
610451
610452
610453
610454
610481
610482
610483
610484
610485
610486
610487
610488
610489
610490
610491
610492
610493
610494
610495
610496
610497
610498
610499
610500
610501
610502
610503
610504
610505
610506
610507
610508
610509
610510
610511
610512
610513
610514
610515
610516
610517
610518
610519
610520
610521
610522
610523
610524
610525
610526
610527
610528
610529
610530
610531
610532
610559
610560
610561
610562
610563
610564
610565
610566
610567
610568
610569
610570
610571
610572
610573
610574
610575
610576
610577
610578
610579
610580
610581
610582
610583
610584
610611
610612
610613
610614
610615
610616
610617
610618
610619
610620
610621
610622
610623
610624
610625
610626
610627
610628
610629
610630
610631
610632
610633
610634
610635
610636
610637
610639
610640
610641
610642
610643
610644
610645
610646
610647
610648
610649
610650
610651
610652
610653
610654
610655
610656
610657
610658
610659
610660
610661
610662
610663
610664
610665
610666
610667
610668
610669
610670
610671
610672
610673
610674
610675
610676
610677
610678
610679
610680
610681
610682
610683
610684
610685
610686
610687
610688
610690
610691
610693
610694
610695
610696
610697
610698
610699
610700
610701
610702
610703
610704
610705
610706
610707
610708
610709
610710
610711
610712
610713
610714
610741
610742
610743
610744
610745
610746
610747
610748
610749
610750
610751
610752
610753
610754
610755
610756
610757
610758
610759
610760
610761
610762
610763
610764
610765
610766
610819
610820
610821
610822
610823
610824
610825
610826
610827
610828
610829
610830
610831
610832
610833
610834
610836
610837
610838
610839
610840
610841
610842
610843
610844
610845
610846
610848
610849
610850
610851
610852
610853
610854
610855
610856
610857
610858
610859
610860
610861
610862
610863
610864
610865
610866
610867
610868
610869
610870
610871
610872
610873
610874
610875
610876
610877
610878
610879
610880
610881
610882
610883
610884
610885
610886
610887
610888
610889
610890
610891
610892
610893
610894
610895
610896
610897
610898
610899
610900
610901
610902
610903
610904
610905
610906
610907
610908
610909
610910
610911
610912
610913
610914
610915
610916
610917
610918
610919
610921
610922
610924
610925
610930
610934
610935
610936
610937
610938
610939
610940
610941
610942
610943
610944
610945
610946
610947
610948
610975
610976
610977
610978
610979
610980
610981
610982
610983
610984
610985
610986
610987
610988
610989
610990
610991
610992
610993
610994
610995
610996
610997
610998
610999
611000
611105
611106
611107
611108
611109
611110
611111
611112
611113
611114
611115
611116
611117
611118
611119
611120
611121
611122
611123
611124
611125
611126
611127
611128
611129
611130
611157
611158
611159
611160
611161
611162
611163
611164
611165
611166
611167
611168
611169
611170
611171
611172
611173
611174
611175
611176
611177
611178
611179
611180
611181
611182
611261
611262
611263
611264
611265
611266
611267
611268
611269
611270
611271
611272
611273
611274
611275
611276
611277
611278
611279
611280
611281
611282
611283
611284
611285
611286
611339
611340
611341
611342
611343
611344
611345
611346
611347
611348
611349
611350
611351
611352
611353
611354
611355
611356
611357
611358
611359
611360
611361
611362
611363
611364
611365
611368
611369
611370
611371
611372
611373
611374
611375
611376
611377
611378
611379
611380
611381
611382
611383
611384
611385
611386
611387
611388
611389
611390
611391
611392
611393
611394
611395
611396
611397
611398
611399
611400
611401
611402
611403
611404
611405
611406
611407
611408
611409
611410
611411
611412
611413
611414
611415
611416
611418
611419
611420
611421
611422
611423
611424
611425
611426
611427
611428
611429
611430
611431
611432
611433
611434
611435
611436
611437
611438
611439
611440
611441
611442
611469
611470
611471
611472
611473
611474
611475
611476
611477
611478
611479
611480
611481
611482
611483
611484
611485
611486
611487
611488
611489
611490
611491
611492
611493
611494
611521
611522
611523
611524
611525
611526
611527
611528
611529
611530
611531
611532
611533
611534
611535
611536
611537
611538
611539
611540
611541
611542
611543
611544
611545
611546
611548
611549
611550
611551
611552
611553
611554
611555
611556
611557
611558
611559
611560
611561
611562
611563
611564
611565
611566
611567
611568
611569
611570
611571
611572
611625
611626
611627
611628
611629
611630
611631
611632
611633
611634
611635
611636
611637
611638
611639
611640
611641
611642
611643
611644
611645
611646
611647
611648
611649
611650
611729
611730
611731
611732
611733
611734
611735
611736
611737
611738
611739
611740
611741
611742
611743
611744
611745
611746
611747
611748
611749
611750
611751
611752
611753
611754
611781
611782
611783
611784
611785
611786
611787
611788
611789
611790
611791
611792
611793
611794
611795
611796
611797
611798
611799
611800
611801
611802
611803
611804
611805
611806
611833
611834
611835
611836
611837
611839
611840
611841
611842
611843
611844
611845
611846
611847
611848
611849
611850
611851
611852
611853
611854
611855
611856
611857
611858
611859
611860
611861
611862
611863
611864
611865
611866
611867
611868
611869
611870
611871
611872
611873
611874
611875
611876
611877
611878
611879
611880
611881
611882
611883
611884
611885
611886
611887
611888
611889
611890
611891
611892
611893
611894
611895
611896
611897
611898
611899
611900
611901
611902
611903
611904
611905
611906
611907
611908
611909
611910
611911
611913
611914
611915
611916
611917
611918
611919
611921
611922
611923
611924
611925
611926
611927
611928
611929
611930
611931
611932
611933
611934
611935
611936
611938
611940
611941
611942
611944
611945
611946
611947
611948
611949
611950
611951
611952
611953
611954
611955
611956
611957
611958
611959
611960
611961
611962
611963
611964
611965
611967
611968
611969
611970
611972
611974
611975
611976
611977
611978
611979
611980
611981
611982
611983
611984
611985
611986
611987
611988
612015
612016
612017
612018
612019
612020
612021
612022
612023
612024
612025
612026
612027
612028
612029
612030
612031
612032
612033
612034
612035
612036
612037
612038
612039
612040
612067
612068
612069
612070
612071
612072
612073
612074
612075
612076
612077
612078
612079
612080
612081
612082
612083
612084
612085
612086
612087
612088
612089
612090
612091
612092
612119
612120
612121
612122
612123
612124
612125
612126
612127
612128
612129
612130
612131
612132
612133
612134
612135
612136
612137
612138
612139
612140
612141
612142
612143
612144
612197
612198
612199
612200
612201
612202
612203
612204
612205
612206
612207
612208
612209
612210
612211
612212
612213
612214
612215
612216
612217
612218
612219
612220
612221
612222
612301
612302
612303
612304
612305
612306
612307
612308
612309
612310
612311
612312
612313
612314
612315
612316
612317
612318
612319
612320
612321
612322
612323
612324
612325
612326
612353
612354
612355
612356
612357
612358
612359
612360
612361
612362
612363
612364
612365
612366
612367
612368
612369
612370
612371
612372
612373
612374
612375
612376
612377
612378
612457
612458
612459
612460
612461
612462
612463
612464
612466
612467
612468
612469
612470
612471
612472
612473
612474
612475
612476
612477
612478
612479
612480
612481
612482
612509
612510
612511
612512
612513
612514
612515
612516
612517
612518
612520
612521
612522
612523
612524
612525
612526
612527
612529
612530
612531
612532
612533
612534
612561
612562
612563
612564
612565
612566
612567
612568
612569
612570
612571
612572
612573
612574
612575
612576
612577
612578
612579
612580
612581
612582
612583
612584
612585
612586
612587
612588
612589
612591
612592
612593
612594
612595
612596
612597
612599
612600
612601
612602
612603
612604
612605
612606
612607
612608
612609
612610
612611
612612
612613
612614
612615
612616
612617
612618
612619
612620
612621
612622
612623
612624
612625
612626
612627
612628
612629
612630
612631
612632
612633
612634
612635
612636
612637
612638
612640
612641
612642
612643
612644
612645
612646
612647
612648
612649
612650
612651
612652
612653
612654
612655
612656
612657
612658
612659
612660
612661
612662
612663
612664
612717
612718
612719
612720
612721
612722
612723
612724
612725
612726
612727
612728
612729
612730
612731
612732
612733
612734
612735
612736
612737
612738
612739
612740
612741
612742
612769
612770
612771
612772
612773
612774
612775
612776
612777
612778
612779
612780
612781
612782
612783
612784
612785
612786
612787
612788
612789
612790
612791
612792
612793
612794
612795
612797
612798
612799
612800
612801
612802
612803
612804
612805
612806
612807
612808
612809
612810
612811
612812
612813
612814
612815
612816
612817
612818
612819
612820
612847
612848
612849
612850
612851
612852
612853
612854
612855
612856
612857
612858
612859
612860
612861
612862
612863
612864
612865
612866
612867
612868
612869
612870
612871
612872
612873
612874
612875
612876
612877
612878
612879
612880
612881
612882
612883
612884
612885
612886
612887
612888
612889
612890
612891
612892
612893
612894
612895
612896
612897
612898
612899
612900
612901
612902
612903
612904
612905
612906
612907
612908
612909
612910
612911
612912
612913
612914
612915
612916
612917
612918
612919
612920
612921
612922
612923
612924
612977
612978
612979
612980
612981
612982
612983
612984
612985
612986
612987
612988
612989
612990
612991
612992
612993
612994
612995
612996
612997
612998
612999
613000
613001
613002
613004
613005
613006
613007
613008
613009
613010
613011
613012
613013
613014
613015
613016
613017
613018
613019
613020
613021
613022
613023
613024
613025
613026
613027
613028
613133
613134
613135
613136
613137
613138
613139
613140
613141
613142
613143
613144
613145
613146
613147
613148
613149
613150
613151
613152
613153
613154
613155
613156
613157
613158
613185
613186
613187
613188
613189
613190
613191
613192
613193
613194
613195
613196
613197
613198
613199
613200
613201
613202
613203
613204
613205
613206
613207
613208
613209
613210
613212
613213
613214
613215
613216
613217
613218
613219
613220
613221
613222
613223
613224
613225
613226
613227
613228
613229
613230
613231
613232
613233
613234
613235
613236
613263
613264
613265
613266
613267
613268
613269
613270
613271
613272
613273
613274
613275
613276
613277
613278
613279
613280
613281
613282
613283
613284
613285
613286
613287
613288
613290
613291
613292
613293
613294
613295
613296
613297
613298
613299
613300
613301
613302
613303
613304
613305
613306
613307
613308
613309
613310
613311
613312
613313
613314
613393
613394
613395
613396
613397
613398
613399
613400
613401
613402
613403
613404
613405
613406
613407
613408
613409
613410
613411
613412
613413
613414
613415
613416
613417
613418
613420
613421
613422
613423
613424
613425
613426
613427
613428
613429
613430
613431
613432
613433
613434
613435
613436
613437
613438
613439
613440
613441
613442
613443
613444
613471
613472
613473
613474
613475
613476
613477
613478
613479
613480
613481
613482
613483
613484
613485
613486
613487
613488
613489
613490
613491
613492
613493
613494
613495
613496
613497
613498
613499
613500
613501
613502
613503
613504
613505
613506
613507
613508
613509
613510
613511
613512
613513
613514
613515
613516
613517
613518
613519
613520
613521
613522
613523
613525
613526
613527
613528
613529
613530
613531
613532
613533
613534
613535
613536
613537
613538
613539
613540
613541
613542
613543
613544
613545
613546
613547
613548
613551
613552
613553
613554
613555
613556
613557
613558
613559
613560
613561
613562
613563
613564
613565
613566
613567
613568
613569
613570
613571
613572
613573
613574
613575
613576
613577
613578
613579
613580
613581
613582
613583
613584
613585
613586
613587
613588
613589
613590
613591
613592
613593
613594
613595
613596
613597
613598
613599
613600
613627
613628
613629
613630
613631
613632
613633
613634
613635
613636
613637
613638
613639
613640
613641
613642
613643
613644
613645
613646
613647
613648
613649
613650
613651
613652
613654
613655
613656
613657
613658
613659
613660
613661
613662
613663
613664
613665
613666
613667
613668
613669
613670
613671
613672
613673
613674
613675
613676
613677
613678
613679
613681
613682
613683
613684
613685
613686
613687
613688
613689
613690
613691
613692
613693
613694
613695
613696
613697
613698
613699
613700
613701
613702
613703
613704
613757
613758
613759
613760
613761
613762
613763
613764
613765
613766
613767
613768
613769
613770
613771
613772
613773
613774
613775
613776
613777
613778
613779
613780
613781
613782
613861
613862
613863
613864
613865
613866
613867
613868
613869
613870
613871
613872
613873
613874
613875
613876
613877
613878
613879
613880
613881
613882
613883
613884
613885
613886
613888
613889
613890
613891
613892
613893
613894
613895
613896
613897
613898
613899
613900
613901
613902
613903
613904
613905
613906
613907
613908
613909
613910
613911
613912
613913
613914
613915
613916
613917
613918
613919
613920
613921
613922
613923
613924
613925
613926
613927
613928
613929
613930
613931
613932
613933
613934
613935
613936
613937
613938
613965
613966
613967
613968
613969
613970
613971
613972
613973
613974
613975
613976
613977
613978
613979
613980
613981
613982
613983
613984
613985
613986
613987
613988
613989
613990
613991
613992
613993
613994
613995
613996
613997
613998
613999
614000
614001
614002
614003
614004
614005
614006
614007
614008
614009
614010
614011
614012
614013
614014
614015
614016
614069
614070
614071
614072
614073
614074
614075
614076
614077
614078
614079
614080
614081
614082
614083
614084
614085
614086
614087
614088
614089
614090
614091
614092
614093
614094
614095
614097
614098
614099
614100
614101
614102
614103
614104
614105
614106
614107
614108
614109
614110
614111
614112
614113
614114
614115
614116
614117
614118
614119
614120
614173
614174
614175
614176
614177
614178
614179
614180
614181
614182
614183
614184
614185
614186
614187
614188
614189
614190
614191
614192
614193
614194
614195
614196
614197
614198
614251
614252
614253
614254
614255
614256
614257
614258
614259
614260
614261
614262
614263
614264
614265
614266
614267
614268
614269
614270
614271
614272
614273
614274
614275
614276
614280
614281
614282
614283
614284
614285
614286
614287
614288
614289
614290
614291
614292
614293
614294
614295
614296
614297
614298
614299
614300
614301
614302
614303
614304
614305
614306
614307
614308
614309
614310
614311
614312
614313
614314
614315
614316
614317
614318
614319
614320
614321
614322
614323
614324
614325
614326
614327
614328
614331
614332
614333
614334
614335
614336
614337
614338
614339
614340
614341
614342
614343
614344
614345
614346
614347
614348
614349
614350
614351
614352
614353
614354
614381
614382
614383
614384
614385
614386
614387
614388
614389
614390
614391
614392
614393
614394
614395
614396
614397
614398
614399
614400
614401
614402
614403
614404
614405
614406
614485
614486
614487
614488
614489
614490
614491
614492
614493
614494
614495
614496
614497
614498
614499
614500
614501
614502
614503
614504
614505
614506
614507
614508
614509
614510
614563
614565
614566
614567
614568
614569
614570
614571
614572
614573
614574
614575
614576
614577
614578
614579
614581
614582
614583
614584
614585
614586
614587
614588
614615
614616
614617
614618
614619
614620
614621
614622
614623
614624
614625
614626
614627
614628
614629
614630
614631
614632
614633
614634
614635
614636
614637
614638
614639
614642
614643
614644
614645
614646
614647
614648
614649
614650
614651
614652
614653
614654
614655
614656
614657
614659
614660
614663
614664
614665
