614693
614694
614695
614696
614697
614698
614699
614700
614701
614702
614703
614704
614705
614706
614707
614708
614709
614710
614711
614712
614713
614714
614715
614716
614717
614718
614745
614746
614747
614748
614749
614750
614751
614752
614753
614754
614755
614756
614757
614758
614759
614760
614761
614762
614763
614764
614765
614766
614767
614768
614769
614770
614771
614772
614773
614774
614775
614776
614777
614778
614779
614780
614781
614782
614783
614784
614785
614786
614787
614788
614789
614790
614791
614792
614793
614794
614795
614796
614875
614876
614877
614878
614879
614880
614881
614882
614883
614884
614885
614886
614887
614888
614889
614890
614891
614892
614893
614894
614895
614896
614897
614898
614899
614900
614979
614980
614981
614982
614983
614984
614985
614986
614987
614988
614989
614990
614991
614992
614993
614994
614995
614996
614997
614998
614999
615000
615001
615002
615003
615004
615005
615006
615007
615008
615009
615010
615011
615012
615013
615014
615015
615016
615017
615018
615019
615020
615021
615022
615023
615024
615025
615026
615027
615028
615029
615030
615031
615032
615033
615034
615035
615036
615037
615038
615039
615040
615041
615042
615043
615044
615045
615046
615047
615048
615049
615050
615051
615052
615053
615054
615055
615056
615109
615110
615111
615112
615113
615114
615115
615116
615117
615118
615119
615120
615121
615122
615123
615124
615125
615126
615127
615128
615129
615130
615131
615132
615133
615134
615317
615318
615319
615320
615321
615322
615323
615324
615325
615326
615327
615328
615329
615330
615331
615332
615333
615334
615335
615336
615337
615338
615339
615340
615341
615342
615395
615396
615397
615398
615399
615400
615401
615402
615403
615404
615405
615406
615407
615408
615409
615410
615411
615412
615413
615414
615415
615416
615417
615418
615419
615420
615421
615423
615424
615425
615426
615427
615428
615429
615430
615431
615432
615433
615434
615435
615436
615437
615438
615439
615440
615441
615442
615443
615444
615445
615447
615448
615449
615450
615451
615452
615453
615454
615455
615456
615457
615458
615459
615460
615461
615462
615463
615464
615465
615466
615467
615468
615469
615470
615471
615472
615525
615526
615527
615528
615529
615530
615531
615532
615533
615534
615535
615536
615537
615538
615539
615540
615541
615542
615543
615544
615545
615546
615547
615548
615549
615550
615551
615552
615553
615554
615555
615556
615557
615558
615559
615560
615561
615562
615563
615564
615565
615566
615567
615568
615569
615570
615571
615572
615573
615574
615575
615576
615578
615579
615580
615581
615582
615583
615584
615585
615586
615587
615588
615589
615590
615591
615592
615593
615594
615595
615596
615597
615598
615599
615600
615601
615602
615603
615604
615605
615606
615607
615608
615609
615610
615611
615612
615613
615614
615615
615616
615617
615618
615619
615620
615621
615622
615623
615624
615625
615626
615627
615628
615629
615630
615631
615632
615633
615634
615635
615636
615637
615638
615639
615640
615641
615642
615643
615644
615645
615646
615647
615648
615649
615650
615651
615652
615653
615654
615707
615708
615709
615710
615711
615712
615713
615714
615715
615716
615717
615718
615719
615720
615721
615722
615723
615724
615725
615726
615727
615728
615729
615730
615731
615732
615734
615735
615736
615737
615738
615739
615740
615741
615742
615743
615744
615745
615746
615747
615748
615749
615750
615751
615752
615753
615754
615755
615756
615757
615758
615837
615838
615839
615840
615841
615842
615843
615844
615845
615846
615847
615848
615849
615850
615851
615852
615853
615854
615855
615856
615857
615858
615859
615860
615861
615862
615863
615864
615865
615866
615867
615868
615869
615870
615871
615872
615873
615874
615875
615876
615877
615878
615879
615880
615881
615882
615883
615884
615885
615886
615887
615888
615915
615916
615917
615918
615919
615920
615921
615922
615923
615924
615925
615926
615927
615928
615929
615930
615931
615932
615933
615934
615935
615936
615937
615938
615939
615940
615967
615968
615969
615970
615971
615972
615973
615974
615975
615976
615977
615978
615979
615980
615981
615982
615983
615984
615985
615986
615987
615988
615989
615990
615991
615992
616045
616046
616047
616048
616049
616050
616051
616052
616053
616054
616055
616056
616057
616058
