616059
616060
616061
616062
616063
616064
616065
616066
616067
616068
616069
616070
616071
616073
616074
616075
616076
616077
616078
616079
616080
616081
616082
616083
616084
616085
616086
616087
616088
616089
616090
616091
616092
616093
616094
616095
616096
616123
616124
616125
616126
616127
616128
616129
616130
616131
616132
616133
616134
616135
616136
616137
616138
616139
616140
616141
616142
616143
616144
616145
616146
616147
616148
616149
616150
616151
616152
616153
616154
616155
616156
616157
616158
616159
616160
616161
616162
616163
616164
616165
616166
616167
616168
616169
616170
616171
616172
616173
616174
616175
616176
616177
616178
616179
616180
616181
616182
616183
616184
616185
616186
616187
616188
616189
616190
616191
616192
616193
616194
616195
616196
616197
616198
616199
616200
616253
616254
616255
616256
616257
616258
616259
616260
616261
616262
616263
616264
616265
616266
616267
616268
616269
616270
616271
616272
616273
616274
616275
616276
616277
616278
616435
616436
616437
616438
616439
616440
616441
616442
616443
616444
616445
616446
616447
616448
616449
616450
616451
616452
616453
616454
616455
616456
616457
616458
616459
616460
616513
616514
616515
616516
616517
616518
616519
616520
616521
616522
616523
616524
616525
616526
616527
616528
616529
616530
616531
616532
616533
616534
616535
616536
616537
616538
616565
616566
616567
616568
616569
616570
616571
616572
616573
616574
616575
616576
616577
616578
616579
616580
616581
616582
616583
616584
616585
616586
616587
616588
616589
616590
616695
616696
616697
616698
616699
616700
616701
616702
616703
616704
616705
616706
616707
616708
616709
616710
616711
616712
616713
616714
616715
616716
616717
616718
616719
616720
616723
616724
616725
616726
616727
616728
616729
616730
616731
616732
616733
616734
616735
616736
616737
616738
616739
616740
616741
616742
616743
616744
616745
616746
616851
616852
616853
616854
616855
616856
616857
616858
616859
616860
616861
616862
616863
616864
616865
616866
616867
616868
616869
616870
616871
616872
616873
616874
616875
616876
616903
616904
616905
616906
616907
616908
616909
616910
616911
616912
616913
616914
616915
616916
616917
616918
616919
616920
616921
616922
616923
616924
616925
616926
616927
616928
617007
617008
617009
617010
617011
617012
617013
617014
617015
617016
617017
617018
617019
617020
617021
617022
617023
617024
617025
617026
617027
617028
617029
617030
617031
617032
617034
617035
617036
617037
617038
617039
617040
617041
617042
617043
617044
617045
617046
617047
617048
617049
617050
617051
617052
617053
617054
617055
617056
617057
617058
617059
617061
617062
617063
617064
617065
617066
617067
617068
617069
617070
617071
617072
617073
617074
617075
617076
617077
617078
617079
617080
617081
617082
617083
617084
617137
617138
617139
617140
617141
617142
617143
617144
617145
617146
617147
617148
617149
617150
617151
617152
617153
617154
617155
617156
617157
617158
617159
617160
617161
617162
617163
617164
617165
617166
617167
617168
617169
617170
617171
617172
617173
617174
617175
617176
617177
617178
617179
617180
617181
617182
617183
617184
617185
617186
617187
617188
617189
617190
617191
617192
617193
617194
617195
617196
617197
617198
617199
617200
617201
617202
617203
617204
617205
617206
617207
617208
617209
617210
617211
617212
617213
617214
617216
617217
617218
617219
617220
617221
617222
617223
617224
617225
617226
617227
617228
617229
617230
617231
617232
617233
617234
617235
617236
617237
617238
617239
617240
617242
617243
617244
617245
617246
617247
617248
617249
617250
617251
617252
617253
617254
617255
617256
617257
617258
617259
617260
617261
617262
617263
617264
617265
617266
617293
617294
617295
617296
617297
617298
617299
617300
617301
617302
617303
617304
617305
617306
617307
617308
617309
617310
617311
617312
617313
617314
617315
617316
617317
617318
617319
617320
617321
617323
617324
617325
617326
617327
617328
617329
617330
617331
617332
617333
617334
617335
617336
617337
617338
617339
617340
617341
617342
617343
617344
617371
617372
617373
617374
617375
617376
617377
617378
617379
617380
617381
617382
617383
617384
617385
617386
617387
617388
617389
617390
617391
617392
617393
617394
617395
617396
617397
617398
617399
617400
617401
617402
617403
617404
617405
617406
617407
617408
617409
617410
617411
617412
617413
617414
617415
617416
617417
617418
617419
617420
617421
617422
617423
617424
617425
617426
617427
617428
617429
617430
617431
617432
617433
617434
617435
617436
617437
617438
617439
617440
617441
617442
617443
617444
617445
617446
617447
617448
617449
617450
617451
617452
617453
617454
617455
617456
617457
617458
617459
617460
617461
617462
617463
617464
617465
617466
617467
617468
617469
617470
617471
617472
617473
617474
617475
617476
617477
617478
617479
617480
617481
617482
617483
617484
617485
617486
617487
617488
617489
617490
617491
617492
617493
617494
617495
617496
617497
617498
617499
617500
617579
617580
617581
617582
617583
617584
617585
617586
617587
617588
617589
617590
617591
617592
617593
617594
617595
617596
617597
617598
617599
617600
617601
617602
617603
617604
617605
617607
617608
617609
617610
617611
617612
617613
617614
617615
617616
617617
617618
617619
617620
617621
617622
617623
617624
617625
617626
617627
617628
617629
617630
617735
617736
617737
617738
617739
617740
617741
617742
617743
617744
617745
617746
617747
617748
617749
617750
617751
617752
617753
617754
617755
617756
617757
617758
617759
617760
617761
617762
617763
617764
617765
617766
617767
617768
617769
617770
617771
617772
617773
617774
617775
617776
617777
617778
617779
617780
617781
617782
617783
617784
617785
617786
617787
617788
617789
617790
617791
617792
617793
617794
617795
617796
617797
617798
617799
617800
617801
617802
617803
617804
617805
617806
617807
617808
617809
617810
617811
617812
617839
617840
617841
617842
617843
617844
617845
617846
617847
617848
617849
617850
617851
617852
617853
617854
617855
617856
617857
617858
617859
617860
617861
617862
617863
617864
617868
617869
617870
617872
617873
617874
617875
617876
617877
617878
617879
617880
617881
617883
617884
617885
617886
617887
617888
617889
617890
617917
617918
617919
617920
617921
617922
617923
617924
617925
617926
617927
617928
617929
617930
617931
617932
617933
617934
617935
617936
617937
617938
617939
617940
617941
617942
617943
617944
617945
617946
617947
617948
617949
