617950
617951
617952
617953
617954
617955
617956
617957
617958
617959
617960
617961
617962
617963
617964
617965
617966
617967
617968
617995
617996
617997
617998
617999
618000
618001
618002
618003
618004
618005
618006
618007
618008
618009
618010
618011
618012
618013
618014
618015
618016
618017
618018
618019
618020
618021
618022
618023
618024
618025
618026
618027
618028
618029
618030
618031
618032
618033
618034
618035
618036
618037
618038
618039
618040
618041
618042
618043
618044
618045
618046
618073
618074
618075
618076
618077
618078
618079
618080
618081
618082
618083
618084
618085
618086
618087
618088
618089
618090
618091
618092
618093
618094
618095
618096
618097
618098
618151
618152
618153
618154
618155
618156
618157
618158
618159
618160
618161
618162
618163
618164
618165
618166
618167
618168
618169
618170
618171
618172
618173
618174
618175
618176
618177
618178
618179
618180
618181
618182
618183
618184
618185
618186
618187
618188
618189
618190
618191
618192
618193
618194
618195
618196
618197
618198
618199
618200
618201
618202
618203
618204
618205
618206
618207
618208
618209
618210
618211
618212
618213
618214
618215
618216
618217
618218
618219
618220
618221
618222
618223
618224
618225
618226
618227
618228
618229
618231
618232
618233
618234
618235
618236
618237
618238
618239
618240
618241
618242
618243
618244
618245
618246
618247
618248
618249
618250
618251
618252
618253
618254
618281
618282
618283
618284
618285
618286
618287
618288
618289
618290
618291
618292
618293
618294
618295
618296
618297
618298
618299
618300
618301
618302
618303
618304
618305
618306
618359
618360
618361
618362
618363
618364
618365
618366
618367
618368
618369
618370
618371
618372
618373
618374
618375
618376
618377
618378
618379
618380
618381
618382
618383
618384
618411
618412
618413
618414
618415
618416
618417
618418
618419
618420
618421
618422
618423
618424
618425
618426
618427
618428
618429
618430
618431
618432
618433
618434
618435
618436
618437
618438
618439
618440
618441
618442
618443
618444
618445
618446
618447
618448
618449
618450
618451
618452
618453
618454
618455
618456
618457
618458
618459
618460
618461
618462
618515
618516
618517
618518
618519
618520
618521
618522
618523
618524
618525
618526
618527
618528
618529
618530
618531
618532
618533
618534
618535
618536
618537
618538
618540
618541
618542
618543
618544
618545
618546
618547
618548
618549
618550
618551
618552
618553
618554
618555
618556
618557
618558
618559
618560
618561
618562
618563
618564
618565
618566
618619
618620
618621
618622
618623
618624
618625
618626
618627
618628
618629
618630
618631
618632
618633
618634
618635
618636
618637
618638
618639
618640
618641
618642
618643
618644
618646
618649
618650
618651
618652
618653
618654
618655
618656
618657
618658
618659
618660
618661
618662
618663
618664
618665
618666
618667
618668
618669
618670
618672
618673
618674
618675
618676
618677
618678
618679
618680
618681
618682
618683
618684
618685
618686
618687
618688
618689
618690
618691
618692
618693
618694
618695
618696
618723
618724
618725
618726
618727
618728
618729
618730
618731
618732
618733
618734
618735
618736
618737
618738
618739
618740
618741
618742
618743
618744
618745
618746
618747
618748
618750
618751
618752
618753
618754
618755
618756
618757
618758
618759
618760
618761
618762
618763
618764
618765
618766
618767
618768
618769
618770
618771
618772
618773
618774
618931
618932
618933
618934
618935
618936
618937
618938
618939
618940
618941
618942
618943
618944
618945
618946
618947
618948
618949
618950
618951
618952
618953
618954
618955
618956
618958
618959
618960
618961
618962
618963
618964
618965
618966
618967
618968
618969
618970
618971
618972
618973
618974
618975
618976
618977
618978
618979
618980
618981
618982
618983
618984
618985
618986
618987
618988
618989
618990
618991
618992
618993
618994
618995
618996
618997
618998
618999
619000
619001
619002
619003
619004
619005
619006
619007
619008
619035
619036
619037
619038
619039
619040
619041
619042
619043
619044
619045
619046
619047
619048
619049
619050
619051
619052
619053
619054
619055
619056
619057
619058
619059
619060
619061
619063
619064
619065
619066
619067
619068
619069
619070
619071
619072
619073
619074
619075
619076
619077
619078
619079
619080
619081
619082
619083
619084
619085
619086
619191
619192
619193
619194
619195
619196
619197
619198
619199
619200
619201
619202
619203
619204
619205
619206
619207
619208
619209
619210
619211
619212
619213
619214
619215
619216
619217
619220
619221
619222
619223
619224
619225
619226
619227
619228
619229
619230
619231
619232
619233
619234
619235
619236
619237
619238
619239
619240
619241
619242
619269
619270
619271
619272
619273
619274
619275
619276
619277
619278
619279
619280
619281
619282
619283
619284
619285
619286
619287
619288
619289
619290
619291
619292
619293
619294
619295
619296
619297
619298
619299
619300
619301
619302
619303
619304
619305
619306
619307
619308
619309
619310
619311
619312
619313
619314
619315
619316
619317
619318
619319
619320
619451
619452
619453
619454
619455
619456
619457
619458
619459
619460
619461
619462
619463
619464
619465
619466
619467
619468
619469
619470
619471
619472
619473
619474
619475
619476
619477
619478
619479
619480
619481
619482
619483
619484
619485
619486
619487
619488
619489
619490
619491
619492
619493
619494
619495
619496
619497
619498
619499
619500
619501
619502
619581
619582
619583
619584
619585
619586
619587
619588
619589
619590
619591
619592
619593
619594
619595
619596
619597
619598
619599
619600
619601
619602
619603
619604
619605
619606
619607
619608
619609
619610
619611
619612
619613
619614
619615
619616
619617
619618
619619
619620
619621
619622
619623
619624
619625
619626
619627
619628
619629
619630
619631
619632
619633
619634
619635
619637
619638
619639
619640
619641
619642
619643
619644
619645
619646
619647
619648
619649
619650
619651
619652
619653
619654
619655
619656
619657
619658
619660
619663
619664
619665
619666
619667
619668
619669
619670
619671
619672
619673
619674
619675
619676
619677
619678
619679
619680
619681
619682
619683
619684
619737
619738
619739
619740
619741
619742
619743
619744
619745
619746
619747
619748
619749
619750
619751
619752
619753
619754
619755
619756
619757
619758
619759
619760
619761
619762
619763
619764
619765
619766
619767
619768
619769
619770
619771
619772
619773
619774
619775
619776
619777
619778
619779
619780
619781
619782
619783
619784
619785
619786
619787
619788
619789
619790
619792
619793
619794
619795
619796
619797
619798
619799
619800
619801
619802
619803
619804
619805
619806
619807
619808
619809
619810
619811
619812
619813
619814
619841
619842
619843
619844
619845
619846
619847
619848
619849
619850
619851
619852
619853
619854
619855
619856
619857
619858
619859
619860
619861
619862
619863
619864
619865
619866
619919
619920
619921
619922
619923
619924
619925
619926
619927
619928
619929
619930
619931
619932
619933
619934
619935
619936
619937
619938
619939
619940
619941
619942
619943
619944
619945
619948
619949
619950
619951
619952
619953
619954
619955
619956
619957
619958
619959
619960
619961
619962
619963
619964
619965
619966
619967
619968
619969
619970
619971
619972
619974
619975
619976
619977
619978
619979
619980
619981
619982
619983
619984
619985
619986
619987
619988
619989
619990
619991
619992
619993
619994
619995
619996
620075
620076
620077
620078
620079
620080
620081
620082
620083
620084
620085
620086
620087
620088
620089
620090
620091
620092
620093
620094
620095
620096
620097
620098
620099
620100
620127
620128
620129
620130
620131
620132
620133
620134
620135
620136
620137
620138
620139
620140
620141
620142
620143
620144
620145
620146
620147
620148
620149
620150
620151
620152
620179
620180
620181
620182
620183
620184
620185
620186
620187
620188
620189
620190
620191
620192
620193
620194
620195
620196
620197
620198
620199
620200
620201
620202
620203
620204
620231
620232
620233
620234
620235
620236
620237
620238
620239
620240
620241
620242
620243
620244
620245
620246
620247
620248
620249
620250
620251
620252
620253
620254
620255
620256
620258
620259
620261
620262
620263
620264
620265
620266
620267
620268
620269
620270
620271
620272
620273
620274
620275
620276
620277
620278
620279
620280
620281
620282
620285
620286
620287
620288
620289
620290
620291
620292
620293
620294
620295
620296
620297
620298
620299
620300
620301
620302
620303
620304
620305
620306
620307
620308
620310
620311
620312
620313
620314
620315
620316
620317
620318
620319
620320
620321
620322
620323
620324
620325
620326
620327
620328
620329
620330
620331
620332
620333
620334
620335
620336
620337
620338
620340
620341
620342
620343
620344
620345
620346
620347
620348
620349
620350
620351
620352
620353
620354
620355
620356
620357
620358
620359
620360
620387
620388
620389
620390
620391
620392
620393
620394
620395
620396
620397
620398
620399
620400
620401
620402
620403
620404
620405
620406
620407
620408
620409
620410
620411
620412
620413
620414
620415
620416
620417
620418
620419
620420
620421
620422
620423
620424
620425
620426
620427
620428
620429
620430
620431
620432
620433
620434
620435
620436
620437
620438
620439
620440
620442
620443
620444
620445
620446
620447
620448
620449
620450
620451
620452
620453
620454
620455
620456
620457
620458
620459
620460
620461
620463
620464
620465
620466
620467
620468
620469
620470
620471
620472
620473
620474
620475
620476
620477
620478
620479
620480
620481
620482
620483
620484
620485
620486
620487
620488
620489
620490
620543
620544
620545
620546
620547
620548
620549
620550
620551
620552
620553
620554
620555
620556
620557
620558
620559
620560
620561
620562
620563
620564
620565
620566
620567
620568
620621
620622
620623
620624
620625
620626
620627
620628
620629
620630
620631
620632
620633
620634
620635
620636
620637
620638
620639
620640
620641
620642
620643
620644
620645
620646
620725
620726
620727
620728
620729
620730
620731
620732
620733
620734
620735
620736
620737
620738
620739
620740
620741
620742
620743
620744
620745
620746
620747
620748
620749
620750
620751
620752
620753
620754
620755
620756
620757
620758
620759
620760
620761
620762
620763
620764
620765
620766
620767
620768
620769
620770
620771
620772
620773
620774
620775
620776
620803
620804
620805
620806
620807
620808
620809
620810
620811
620812
620813
620814
620815
620816
620817
620818
620819
620820
620821
620822
620823
620824
620825
620826
620827
620828
620881
620882
620883
620884
620885
620886
620887
620888
620889
620890
620891
620892
620893
620894
620895
620896
620897
620898
620899
620900
620901
620902
620903
620904
620905
620906
620959
620960
620961
620962
620963
620964
620965
620966
620967
620968
620969
620970
620971
620972
620973
620974
620975
620976
620977
620978
620979
620980
620981
620982
620983
620984
621011
621012
621013
621014
621015
621016
621017
621018
621019
621020
621021
621022
621023
621024
621025
621026
621027
621028
621029
621030
621031
621032
621033
621034
621035
621036
621063
621064
621065
621066
621067
621068
621069
621070
621071
621072
621073
621074
621075
621076
621077
621078
621079
621080
621081
621082
621083
621084
621085
621086
621087
621088
621089
621090
621091
621092
621093
621094
621095
621096
621097
621098
621099
621100
621101
621102
621103
621104
621105
621106
621107
621108
621109
621110
621111
621112
621113
621114
621115
621117
621118
621119
621120
621121
621122
621123
621124
621125
621126
621127
621128
621129
621130
621131
621132
621133
621134
621135
621136
621137
621138
621139
621140
621219
621220
621221
621222
621223
621224
621225
621226
621227
621228
621229
621230
621231
621232
621233
621234
621235
621236
621237
621238
621239
621240
621241
621242
621243
621244
621247
621248
621249
621250
621251
621252
621253
621254
621255
621256
621257
621258
621259
621260
621261
621262
621263
621264
621265
621266
621267
621268
621269
621270
621323
621324
621325
621326
621327
621328
621329
621330
621331
621332
621333
621334
621335
621336
621337
621338
621339
621340
621341
621342
621343
621344
621345
621346
621347
621348
621375
621376
621377
621378
621379
621380
621381
621382
621383
621384
621385
621386
621387
621388
621389
621390
621391
621392
621393
621394
621395
621396
621397
621398
621399
621400
621402
621403
621404
621405
621406
621407
621408
621409
621410
621411
621412
621413
621414
621415
621416
621417
621418
621419
621420
621421
621422
621423
621424
621425
621426
621428
621429
621430
621432
621433
621434
621435
621436
621437
621438
621439
621440
621441
621442
621443
621444
621445
621446
621447
621448
621449
621450
621451
621452
621454
621455
621456
621457
621458
621459
621460
621461
621462
621463
621464
621465
621466
621467
621468
621469
621470
621471
621472
621473
621474
621475
621476
621477
621478
621505
621506
621507
621508
621509
621510
621511
621512
621513
621514
621515
621516
621517
621518
621519
621520
621521
621522
621523
621524
621525
621526
621527
621528
621529
621530
621557
621558
621559
621560
621561
621562
621563
621564
621565
621566
621567
621568
621569
621570
621571
621572
621573
621574
621575
621576
621577
621578
621579
621580
621581
621582
621739
621740
621741
621742
621743
621744
621745
621746
621747
621748
621749
621750
621751
621752
621753
621754
621755
621756
621757
621758
621759
621760
621761
621762
621763
621764
621765
621767
621768
621769
621770
621771
621772
621773
621774
621775
621776
621777
621778
621779
621780
621781
621782
621783
621784
621785
621786
621787
621788
621789
621790
621895
621896
621897
621898
621899
621900
621901
621902
621903
621904
621905
621906
621907
621908
621909
621910
621911
621912
621913
621914
621915
621916
621917
621918
621919
621920
621922
621923
621924
621925
621926
621927
621928
621929
621930
621931
621932
621933
621934
621935
621936
621937
621938
621939
621940
621941
621942
621943
621944
621945
621946
621947
621948
621949
621951
621952
621953
621954
621955
621956
621957
621958
621959
621960
621961
621962
621963
621964
621965
621966
621967
621968
621969
621970
621971
621972
622103
622104
622105
622106
622107
622108
622109
622110
622111
622112
622113
622114
622115
622116
622117
622118
622119
622120
622121
622122
622123
622124
622125
622126
622127
622128
622130
622131
622132
622133
622134
622135
622136
622137
622138
622139
622140
622141
622142
622143
622144
622145
622146
622147
622148
622149
622150
622151
622152
622153
622154
622233
622234
622235
622236
622237
622238
622239
622240
622241
622242
622243
622244
622245
622246
622247
622248
622249
622250
622251
622252
622253
622254
622255
622256
622257
622258
622259
622260
622261
622262
622263
622265
622266
622267
622268
622269
622270
622271
622272
622273
622274
622275
622276
622277
622278
622279
622280
622281
622282
622283
622284
622286
622287
622289
622290
622291
622292
622293
622294
622295
622296
622297
622298
622299
622300
622301
622302
622303
622304
622305
622306
622307
622308
622309
622310
622337
622338
622339
622340
622341
622342
622343
622344
622345
622346
622347
622348
622349
622350
622351
622352
622353
622354
622355
622356
622357
622358
622359
622360
622361
622362
622364
622365
622366
622367
622368
622369
622370
622371
622372
622373
622374
622375
622376
622377
622378
622379
622380
622381
622382
622383
622384
622385
622386
622387
622388
622519
622520
622521
622522
622523
622524
622525
622526
622527
622528
622529
622530
622531
622532
622533
622534
622535
622536
622537
622538
622539
622540
622541
622542
622543
622544
622571
622572
622573
622574
622575
622576
622577
622578
622579
622580
622581
622582
622583
622584
622585
622586
622587
622589
622590
622591
622592
622593
622594
622595
622596
622597
622598
622599
622600
622601
622602
622603
622604
622605
622606
622607
622608
622609
622610
622611
622612
622613
622614
622615
622616
622617
622618
622619
622620
622621
622622
622701
622702
622703
622704
622705
622706
622707
622708
622709
622710
622711
622712
622713
622714
622715
622716
622717
622718
622719
622720
622721
622722
622723
622724
622725
622726
622727
622728
622729
622730
622732
622733
622734
622735
622736
622737
622738
622739
622740
622741
622742
622743
622744
622745
622746
622747
622748
622749
622750
622751
622752
622805
622806
622807
622808
622809
622810
622811
622812
622813
622814
622815
622816
622817
622818
622819
622820
622821
622822
622823
622824
622825
622826
622827
622828
622829
622830
622857
622858
622859
622860
622861
622862
622863
622864
622865
622866
622867
622868
622869
622870
622871
622872
622873
622874
622875
622876
622877
622878
622879
622880
622881
622882
622883
622884
622885
622886
622887
622888
622889
622890
622891
622892
622893
622894
622895
622896
622897
622898
622899
622900
622901
622902
622903
622904
622905
622906
622907
622908
622936
622937
622938
622939
622940
622941
622942
622943
622944
622945
622946
622947
622948
622949
622950
622951
622952
622953
622954
622955
622956
622957
622958
622959
622960
622987
622988
622989
622990
622991
622992
622993
622994
622995
622996
622997
622998
622999
623000
623001
623002
623003
623004
623005
623006
623007
623008
623009
623010
623011
623012
623017
623018
623019
623020
623021
623022
623023
623024
623025
623026
623027
623028
623029
623030
623031
623032
623033
623034
623035
623036
623037
623038
623040
623041
623042
623043
623044
623045
623046
623047
623048
623049
623050
623051
623052
623053
623054
623055
623056
623057
623058
623059
623060
623061
623062
623063
623064
623065
623066
623067
623068
623069
623070
623071
623072
623073
623074
623075
623076
623077
623078
623079
623080
623081
623082
623083
623084
623085
623086
623087
623088
623089
623090
623091
623092
623093
623094
623095
623096
623097
623098
623099
623100
623101
623102
623103
623104
623105
623106
623107
623108
623109
623110
623111
623112
623113
623114
623115
623116
623195
623196
623197
623198
623199
623200
623201
623202
623203
623204
623205
623206
623207
623208
623209
623210
623211
623212
623213
623214
623215
623216
623217
623218
623219
623220
623222
623223
623224
623225
623226
623227
623228
623229
623230
623231
623232
623233
623234
623235
623236
623237
623238
623239
623240
623241
623242
623243
623244
623245
623246
623299
623300
623301
623302
623303
623304
623305
623306
623307
623308
623309
623310
623311
623312
623313
623314
623315
623316
623317
623318
623319
623320
623321
623322
623323
623324
623351
623352
623353
623354
623355
623356
623357
623358
623359
623360
623361
623362
623363
623364
623365
623366
623368
623369
623370
623371
623372
623373
623374
623375
623376
623429
623430
623431
623432
623433
623434
623435
623436
623437
623438
623439
623440
623441
623442
623443
623444
623445
623446
623447
623448
623449
623450
623451
623452
623453
623454
623481
623482
623483
623484
623485
623486
623487
623488
623489
623490
623491
623492
623493
623494
623495
623496
623497
623498
623499
623500
623501
623502
623503
623504
623505
623506
623508
623509
623510
623511
623512
623513
623514
623515
623516
623517
623518
623519
623520
623521
623522
623523
623524
623525
623526
623527
623528
623529
623530
623531
623532
623533
623534
623535
623536
623537
623538
623539
623540
623541
623542
623543
623544
623545
623546
623547
623548
623549
623550
623551
623552
623553
623554
623555
623556
623557
623558
623585
623586
623587
623588
623589
623590
623591
623592
623593
623594
623595
623596
623597
623598
623599
623600
623601
623602
623603
623604
623605
623606
623607
623608
623609
623610
623612
623613
623614
623615
623616
623617
623618
623619
623620
623621
623622
623623
623624
623625
623626
623627
623628
623629
623630
623631
623632
623633
623634
623635
623636
623689
623690
623691
623692
623693
623694
623695
623696
623697
623698
623699
623700
623701
623702
623703
623704
623705
623706
623707
623708
623709
623710
623711
623712
623713
623714
623715
623716
623717
623718
623719
623720
623721
623722
623723
623724
623725
623726
623727
623728
623729
623730
623731
623732
623733
623734
623735
623736
623737
623738
623739
623740
623845
623846
623847
623848
623849
623850
623851
623852
623853
623854
623855
623856
623857
623858
623859
623860
623861
623862
623863
623864
623865
623866
623867
623868
623869
623870
623923
623924
623925
623926
623927
623928
623929
623930
623931
623932
623933
623934
623935
623938
623941
623942
623943
623944
623945
623946
623947
623948
623950
623951
623952
623953
623954
623955
623956
623957
623958
623959
623960
623961
623962
623963
