623964
623965
623966
623967
623968
623969
623970
623971
623972
623973
623974
624027
624028
624029
624030
624031
624032
624033
624034
624035
624036
624037
624038
624039
624040
624041
624042
624043
624044
624045
624046
624047
624048
624049
624050
624051
624052
624054
624055
624056
624057
624058
624059
624060
624061
624062
624063
624064
624065
624066
624067
624068
624069
624070
624071
624072
624073
624074
624075
624076
624077
624078
624105
624106
624107
624108
624109
624110
624111
624112
624113
624114
624115
624116
624117
624118
624119
624120
624121
624122
624123
624124
624125
624126
624127
624128
624129
624130
624132
624135
624136
624137
624138
624139
624140
624141
624142
624143
624144
624145
624146
624147
624148
624149
624150
624151
624152
624153
624154
624155
624156
624157
624158
624159
624160
624161
624162
624163
624164
624165
624166
624167
624168
624169
624170
624171
624172
624173
624174
624175
624176
624177
624178
624179
624180
624181
624182
624287
624288
624289
624290
624291
624292
624293
624294
624295
624296
624297
624298
624299
624300
624301
624302
624303
624304
624305
624306
624307
624308
624309
624310
624311
624312
624314
624315
624316
624317
624318
624319
624320
624321
624322
624323
624324
624325
624326
624327
624328
624329
624330
624331
624332
624333
624334
624335
624336
624337
624338
624391
624392
624393
624394
624395
624396
624397
624398
624399
624400
624401
624402
624403
624404
624405
624406
624407
624408
624409
624410
624411
624412
624413
624414
624415
624416
624495
624496
624497
624498
624499
624500
624501
624502
624503
624504
624505
624506
624507
624508
624509
624510
624511
624512
624513
624514
624515
624516
624517
624518
624519
624520
624573
624574
624575
624576
624577
624578
624579
624580
624581
624582
624583
624584
624585
624586
624587
624588
624589
624590
624591
624592
624593
624594
624595
624596
624597
624598
624599
624600
624601
624602
624603
624604
624605
624606
624607
624608
624609
624610
624611
624612
624613
624614
624615
624616
624617
624618
624619
624620
624621
624622
624623
624624
624625
624627
624628
624629
624630
624631
624632
624633
624634
624635
624636
624637
624638
624639
624640
624641
624642
624643
624644
624645
624646
624647
624648
624649
624650
624703
624704
624705
624706
624707
624708
624709
624710
624711
624712
624713
624714
624715
624716
624717
624718
624719
624720
624721
624722
624723
624724
624725
624726
624727
624728
624730
624731
624732
624733
624734
624735
624736
624737
624738
624739
624740
624741
624742
624743
624744
624745
624746
624747
624748
624749
624750
624751
624752
624753
624754
624757
624758
624759
624760
624761
624762
624763
624764
624765
624766
624767
624768
624769
624770
624771
624772
624773
624774
624775
624776
624777
624778
624779
624780
624782
624784
624785
624786
624787
624788
624789
624790
624791
624792
624793
624794
624795
624796
624797
624798
624799
624800
624801
624802
624803
624804
624805
624806
624808
624809
624810
624811
624812
624813
624814
624815
624816
624817
624818
624819
624820
624821
624822
624823
624824
624825
624826
624827
624828
624829
624830
624831
624832
624833
624835
624836
624838
624839
624840
624841
624842
624843
624844
624845
624846
624847
624848
624849
624850
624851
624852
624853
624854
624855
624856
624857
624858
624911
624912
624913
624914
624915
624916
624917
624918
624919
624920
624921
624922
624923
624924
624925
624926
624927
624928
624929
624930
624931
624932
624933
624934
624935
624936
624989
624990
624991
624992
624993
624994
624995
624996
624997
624998
624999
625000
625001
625002
625003
625004
625005
625006
625007
625008
625009
625010
625011
625012
625013
625014
625041
625042
625043
625044
625045
625046
625047
625048
625049
625050
625051
625052
625053
625054
625055
625056
625057
625058
625059
625060
625061
625062
625063
625064
625065
625066
625067
625069
625070
625072
625073
625074
625075
625076
625077
625078
625079
625080
625081
625082
625083
625084
625085
625086
625087
625088
625089
625090
625091
625092
625145
625146
625147
625148
625149
625150
625151
625152
625153
625154
625155
625156
625157
625158
625159
625160
625161
625162
625163
625164
625165
625166
625167
625168
625169
625170
625223
625224
625226
625227
625228
625229
625230
625231
625232
625233
625234
625235
625236
625237
625238
625239
625240
625241
625242
625243
625244
625245
625246
625247
625248
625249
625250
625251
625252
625253
625254
625255
625256
625257
625258
625259
625260
625261
625262
625263
625264
625265
625266
625267
625268
625269
625270
625271
625272
625273
625274
625275
625276
625277
625278
625279
625280
625281
625282
625283
625284
625285
625286
625287
625288
625289
625290
625291
625292
625293
625294
625295
625296
625297
625298
625299
625300
625327
625328
625329
625330
625331
625332
625333
625334
625335
625336
625337
625338
625339
625340
625341
625342
625343
625344
625345
625346
625347
625348
625349
625350
625351
625352
625353
625354
625355
625356
625357
625358
625359
625360
625361
625362
625363
625364
625365
625366
625367
625368
625369
625370
625371
625372
625373
625374
625375
625376
625377
625378
625431
625432
625433
625434
625435
625436
625437
625438
625439
625440
625441
625442
625443
625444
625445
625446
625447
625448
625449
625450
625451
625452
625453
625454
625455
625456
625457
625458
625459
625460
625461
625462
625463
625464
625465
625466
625467
625468
625469
625470
625471
625472
625473
625474
625475
625476
625477
625478
625479
625480
625481
625482
625483
625484
625485
625486
625487
625488
625489
625490
625491
625492
625493
625494
625495
625496
625497
625498
625499
625500
625501
625502
625503
625504
625505
625506
625507
625508
625535
625536
625537
625538
625539
625540
625541
625542
625543
625544
625545
625546
625547
625548
625549
625550
625551
625552
625553
625554
625555
625556
625557
625558
625559
625560
625587
625588
625589
625590
625591
625592
625593
625594
625595
625596
625597
625598
625599
625600
625601
625602
625603
625604
625605
625606
625607
625608
625609
625610
625611
625612
625691
625692
625693
625694
625695
625696
625697
625698
625699
625700
625701
625702
625703
625704
625705
625706
625707
625708
625709
625710
625711
625712
625713
625714
625715
625716
625717
625719
625720
625721
625722
625723
625724
625725
625726
625727
625728
625729
625730
625731
625732
625733
625734
625735
625736
625737
625738
625739
625740
625741
625742
625873
625874
625875
625876
625877
625878
625879
625880
625881
625882
625883
625884
625885
625886
625887
625888
625889
625890
625891
625892
625893
625894
625895
625896
625897
625898
625900
625901
625902
625903
625904
625905
625906
625907
625908
625909
625910
625911
625912
625913
625914
625915
625916
625917
625918
625919
625920
625921
625922
625923
625924
625926
625927
625928
625929
625930
625931
625932
625933
625934
625935
625936
625937
625938
625939
625940
625941
625942
625943
625944
625945
625946
625947
625948
625949
625950
626029
626030
626031
626032
626033
626034
626035
626036
626037
626038
626039
626040
626041
626042
626043
626044
626045
626046
626047
626048
626049
626050
626051
626052
626053
626054
626107
626108
626109
626110
626111
626112
626113
626114
626115
626116
626117
626118
626119
626120
626121
626122
626123
626124
626125
626126
626127
626128
626129
626130
626131
626132
626237
626238
626239
626240
626241
626242
626243
626244
626245
626246
626247
626248
626249
626250
626251
626252
626253
626254
626255
626256
626257
626258
626259
626260
626261
626262
626264
626265
626266
626267
626268
626269
626270
626271
626272
626273
626274
626275
626276
626277
626278
626279
626280
626281
626282
626283
626284
626285
626286
626287
626288
626289
626290
626291
626292
626294
626295
626296
626297
626298
626299
626300
626301
626302
626303
626304
626305
626306
626307
626308
626309
626310
626311
626312
626313
626314
626315
626317
626319
626320
626321
626322
626323
626324
626325
626326
626327
626328
626329
626330
626331
626332
626333
626334
626335
626336
626337
626338
626339
626340
626341
626342
626343
626344
626345
626346
626347
626348
626349
626350
626351
626352
626353
626354
626355
626356
626357
626358
626359
626360
626361
626362
626363
626364
626365
626366
626393
626394
626395
626396
626397
626398
626399
626400
626401
626402
626403
626404
626405
626406
626407
626408
626409
626410
626411
626412
626413
626414
626415
626416
626417
626418
626419
626420
626421
626422
626423
626424
626425
626426
626427
626428
626429
626430
626431
626432
626433
626434
626435
626436
626437
626438
626439
626440
626441
626442
626443
626444
626445
626447
626448
626451
626452
626453
626454
626455
626456
626457
626458
626459
626460
626461
626462
626463
626464
626465
626466
626468
626469
626470
626472
626473
626474
626475
626476
626477
626478
626479
626480
626481
626482
626483
626484
626485
626486
626487
626488
626489
626490
626491
626492
626493
626494
626495
626496
626523
626525
626526
626527
626528
626529
626530
626531
626532
626533
626534
626535
626536
626537
626538
626539
626540
626541
626542
626543
626544
626545
626546
626547
626548
626601
626602
626603
626604
626605
626606
626607
626608
626609
626610
626611
626612
626613
626614
626615
626616
626617
626618
626619
626620
626621
626622
626623
626624
626625
626626
626731
626732
626733
626734
626735
626736
626737
626738
626739
626740
626741
626742
626743
626744
626745
626746
626747
626748
626749
626750
626751
626752
626753
626754
626755
626756
626810
626811
626812
626813
626814
626815
626816
626817
626818
626819
626820
626821
626822
626823
626824
626825
626826
626827
626828
626829
626830
626831
626832
626833
626834
626835
626836
626837
626838
626839
626840
626841
626842
626843
626844
626845
626846
626847
626848
626849
626850
626851
626852
626853
626854
626855
626856
626857
626858
626859
626860
626861
626863
626864
626865
626866
626867
626868
626869
626870
626871
626872
626873
626874
626875
626876
626877
626878
626879
626880
626881
626882
626883
626884
626885
626886
626889
626890
626891
626892
626893
626894
626895
626896
626897
626898
626899
626900
626901
626902
626903
626904
626905
626906
626907
626908
626909
626910
626911
626912
626913
626914
626915
626916
626917
626918
626919
626920
626921
626922
626923
626924
626925
626926
626927
626928
626929
626930
626931
626932
626933
626934
626935
626936
626937
626938
626965
626966
626967
626968
626969
626970
626971
626972
626973
626974
626975
626976
626977
626978
626979
626980
626981
626982
626983
626984
626985
626986
626987
626988
626989
626990
627017
627018
627019
627020
627021
627022
627023
627024
627025
627026
627027
627028
627029
627030
627031
627032
627033
627034
627035
627036
627037
627038
627039
627040
627041
627042
627044
627045
627046
627047
627048
627049
627050
627051
627052
627053
627054
627055
627056
627057
627058
627059
627060
627061
627062
627063
627064
627065
627066
627067
627068
627069
627070
627072
627073
627074
627075
627076
627077
627078
627079
627080
627081
627082
627083
627084
627085
627086
627087
627088
627089
627090
627091
627092
627093
627094
627147
627148
627149
627150
627151
627152
627153
627154
627155
627156
627157
627158
627159
627160
627161
627162
627163
627164
627165
627166
627167
627168
627169
627170
627171
627172
627174
627175
627176
627177
627178
627179
627180
627181
627182
627183
627184
627185
627186
627187
627188
627189
627190
627191
627192
627193
627194
627195
627196
627197
627198
627225
627226
627227
627228
627229
627230
627231
627232
627233
627234
627235
627236
627237
627238
627239
627240
627241
627243
627244
627245
627246
627247
627249
627250
627251
627255
627256
627257
627258
627259
627260
627261
627262
627263
627264
627265
627266
627267
627268
627269
627270
627271
627272
627273
627274
627275
627276
627277
627278
627280
627282
627283
627284
627285
627286
627287
627288
627289
627290
627291
627292
627293
627294
627295
627296
627297
627298
627299
627300
627301
627302
627381
627382
627383
627384
627386
627387
627388
627389
627390
627391
627392
627393
627394
627395
627396
627397
627398
627399
627400
627401
627402
627403
627404
627405
627406
627407
627408
627409
627410
627411
627412
627413
627414
627415
627416
627417
627418
627419
627420
627421
627422
627423
627424
627425
627426
627427
627428
627429
627430
627431
627432
627433
627434
627435
627436
627437
627438
627439
627440
627441
627442
627443
627444
627445
627446
627447
627448
627449
627450
627451
627452
627453
627454
627455
627456
627457
627458
627459
627460
627461
627462
627463
627464
627465
627466
627467
627468
627469
627470
627471
627472
627473
627474
627475
627476
627477
627478
627479
627480
627481
627482
627483
627484
627485
627486
627487
627488
627489
627490
627491
627492
627493
627494
627495
627496
627497
627498
627499
627500
627501
627502
627503
627504
627505
627506
627507
627508
627509
627510
627537
627538
627539
627540
627541
627542
627543
627544
627545
627546
627547
627548
627549
627550
627551
627552
627553
627554
627555
627556
627557
627558
627559
627560
627561
627562
627563
627564
627565
627566
627567
627568
627569
627570
627571
627572
627573
627574
627575
627576
627577
627578
627579
627580
627581
627582
627583
627584
627585
627586
627587
627588
627590
627591
627592
627593
627594
627595
627596
627597
627598
627599
627600
627601
627602
627603
627604
627605
627606
627607
627608
627609
627610
627611
627612
627613
627614
627641
627642
627643
627644
627645
627646
627647
627648
627649
627650
627651
627652
627653
627654
627655
627656
627657
627658
627659
627660
627661
627662
627663
627664
627665
627666
627667
627669
627670
627671
627673
627674
627675
627676
627677
627678
627679
627680
627681
627682
627683
627684
627685
627686
627687
627688
627689
627690
627691
627692
627693
627694
627695
627696
627697
627698
627699
627700
627701
627702
627703
627704
627705
627706
627707
627708
627709
627710
627711
627712
627713
627714
627715
627716
627717
627718
627771
627772
627773
627774
627775
627776
627777
627778
627779
627780
627781
627782
627783
627784
627785
627786
627787
627788
627789
627790
627791
627792
627793
627794
627795
627796
627797
627798
627800
627801
627802
627803
627804
627805
627806
627807
627808
627809
627810
627811
627812
627813
627814
627815
627816
627817
627818
627819
627820
627821
627822
627824
627825
627826
627827
627828
627829
627830
627831
627832
627833
627834
627835
627836
627837
627838
627839
627840
627841
627842
627843
627844
627845
627846
627847
627848
627850
627851
627852
627853
627854
627855
627856
627857
627858
627859
627860
627861
627862
627863
627864
627865
627866
627867
627868
627869
627870
627871
627872
627873
627874
627875
627876
627877
627878
627879
627880
627881
627882
627883
627884
627885
627886
627887
627888
627889
627890
627891
627892
627893
627894
627895
627896
627897
627898
627899
627900
627901
627902
627903
627904
627905
627906
627907
627908
627909
627910
627911
627912
627913
627914
627915
627916
627917
627918
627919
627920
627921
627922
627923
627924
627925
627926
627927
627928
627929
627930
627931
627932
627933
627934
627935
627936
627937
627938
627939
627940
627941
627942
627943
627944
627945
627946
627947
627948
627949
627950
627951
627952
627953
627954
627956
627957
627958
627959
627960
627961
627962
627963
627964
627965
627966
627967
627968
627969
627970
627971
627972
627973
627974
627975
627976
627977
627978
628032
628033
628034
628035
628036
628038
628039
628040
628041
628042
628043
628044
628045
628046
628047
628048
628049
628050
628051
628052
628053
628054
628055
628056
628109
628110
628111
628112
628113
628114
628115
628116
628117
628118
628119
628120
628121
628122
628123
628124
628125
628126
628127
628128
628129
628130
628131
628132
628133
628134
628136
628137
628138
628139
628140
628141
628142
628143
628144
628145
628146
628147
628148
628149
628150
628151
628152
628153
628154
628155
628156
628157
628158
628159
628160
628187
628188
628189
628190
628191
628192
628193
628194
628195
628196
628197
628198
628199
628200
628201
628202
628203
628204
628205
628206
628207
628208
628209
628210
628211
628212
628213
628214
628215
628216
628217
628218
628219
628220
628221
628222
628223
628224
628226
628227
628228
628229
628230
628231
628232
628233
628234
628235
628236
628237
628238
628239
628240
628241
628242
628243
628245
628247
628248
628249
628250
628251
628252
628253
628254
628255
628256
628257
628258
628259
628260
628261
628262
628263
628264
628343
628344
628345
628346
628347
628348
628349
628350
628351
628352
628353
628354
628355
628356
628357
628358
628359
628360
628361
628362
628363
628364
628365
628366
628367
628368
628447
628448
628449
628450
628451
628452
628453
628454
628455
628456
628457
628458
628459
628460
628461
628462
628463
628464
628465
628466
628467
628468
628469
628470
628471
628472
628473
628475
628476
628477
628478
628479
628480
628481
628482
628483
628484
628485
628486
628487
628488
628489
628490
628491
628492
628493
628494
628495
628496
628497
628498
628499
628501
628502
628503
628504
628505
628506
628507
628508
628509
628510
628511
628512
628513
628514
628515
628516
628517
628518
628519
628520
628521
628522
628523
628524
628525
628526
628527
628528
628529
628530
628531
628532
628533
628534
628535
628536
628537
628538
628539
628540
628541
628542
628543
628544
628545
628546
628547
628548
628549
628550
628577
628578
628579
628580
628581
628582
628583
628584
628585
628586
628587
628588
628589
628590
628591
628592
628593
628594
628595
628596
628597
628598
628599
628600
628601
628602
628707
628708
628709
628710
628711
628712
628713
628714
628715
628716
628717
628718
628719
628720
628721
628722
628723
628724
628725
628726
628727
628728
628729
628730
628731
628732
628785
628786
628787
628788
628789
628790
628791
628792
628793
628794
628795
628796
628797
628798
628799
628800
628801
628802
628803
628804
628805
628806
628807
628808
628809
628810
628812
628814
628815
628816
628817
628818
628819
628820
628821
628822
628823
628824
628825
628826
628827
628828
628829
628830
628831
628832
628833
628834
628835
628836
628838
628840
628841
628842
628843
628844
628845
628846
628847
628848
628849
628850
628851
628852
628853
628854
628855
628856
628857
628858
628859
628860
628861
628862
629019
629020
629021
629022
629023
629024
629025
629026
629027
629028
629029
629030
629031
629032
629033
629034
629035
629036
629037
629038
629039
629040
629041
629042
629043
629044
629123
629124
629125
629126
629127
629128
629129
629130
629131
629132
629133
629134
629135
629136
629137
629138
629139
629140
629141
629142
629143
629144
629145
629146
629147
629148
629149
629150
629151
629152
629153
629154
629155
629156
629157
629158
629159
629160
629161
629162
629163
629164
629165
629166
629167
629168
629169
629170
629171
629172
629173
629174
629227
629228
629229
629230
629231
629232
629233
629234
629235
629236
629237
629238
629239
629240
629241
629242
629243
629244
629245
629246
629247
629248
629249
629250
629251
629252
629253
629254
629255
629256
629257
629258
629259
629260
629261
629262
629263
629264
629265
629266
629267
629268
629269
629270
629271
629272
629273
629274
629275
629276
629277
629278
629280
629281
629282
629283
629284
629285
629286
629287
629288
629289
629290
629291
629292
629293
629294
629295
629296
629297
629298
629299
629300
629301
629302
629303
629304
629331
629332
629333
629334
629335
629336
629337
629338
629339
629340
629341
629342
629343
629344
629345
629346
629347
629348
629349
629350
629351
629352
629353
629354
629355
629356
629383
629384
629385
629386
629387
629388
629389
629390
629391
629392
629393
629394
629395
629396
629397
629398
629399
629400
629401
629402
629403
629404
629405
629406
629407
629408
629487
629488
629489
629490
629491
629492
629493
629494
629495
629496
629497
629498
629499
629500
629501
629502
629503
629504
629505
629506
629507
629508
629509
629510
629511
629512
629565
629566
629567
629568
629569
629570
629571
629572
629573
629574
629575
629576
629577
629578
629579
629580
629581
629582
629583
629584
629585
629586
629587
629588
629589
629590
629617
629618
629619
629620
629621
629622
629623
629624
629625
629626
629627
629628
629629
629630
629631
629632
629633
629634
629635
629636
629637
629638
629639
629640
629641
629642
629643
629644
629646
629648
629649
629650
629651
629652
629653
629654
629655
629656
629657
629658
629659
629660
629661
629662
629663
629664
629665
629666
629667
629668
629695
629696
629697
629698
629699
629700
629701
629702
629703
629704
629705
629706
629707
629708
629709
629710
629711
629712
629713
629714
629715
629716
629717
629718
629719
629720
629799
629800
629801
629802
629803
629804
629805
629806
629807
629808
629809
629810
629811
629812
629813
629814
629815
629816
629817
629818
629819
629820
629821
629822
629823
629824
629851
629852
629853
629854
629856
629857
629858
629859
629860
629861
629862
629863
629864
629865
629866
629867
629868
629869
629870
629871
629872
629873
629874
629875
629876
629877
629878
629879
629880
629881
629882
629883
629884
629885
629886
629887
629888
629889
629890
629891
629892
629893
629894
629895
629896
629897
629898
629899
629900
629901
629902
629903
629904
629905
629906
629907
629908
629909
629910
629911
629912
629913
629914
629915
629916
629917
629918
629919
629920
629921
629922
629923
629924
629925
629926
629927
629928
629929
629930
629931
629932
629933
629934
629935
629936
629937
629938
629939
629940
629941
629942
629943
629944
629945
629946
629947
629948
629949
629950
629951
629952
629953
629954
629956
629957
629958
629959
629960
629961
629962
629963
629964
629965
629966
629967
629968
629969
629970
629971
629972
629973
629974
629975
629976
629977
629978
629979
629980
630033
630034
630035
630036
630037
630038
630039
630040
630041
630042
630043
630044
630045
630046
630047
630048
630049
630050
630051
630052
630053
630054
630055
630056
630057
630058
630059
630060
630061
630062
630063
630064
630065
630066
630067
630068
630069
630070
630071
630072
630073
630074
630075
630076
630077
630078
630079
630080
630081
630082
630083
630084
630111
630112
630113
630114
630115
630116
630117
630118
630119
630120
630121
630122
630123
630124
630125
630126
630127
630128
630129
630130
630131
630132
630133
630134
630135
630136
630189
630190
630191
630192
630193
630194
630195
630196
630197
630198
630199
630200
630201
630202
630203
630204
630205
630206
630207
630208
630209
630210
630211
630212
630213
630214
630241
630242
630243
630244
630245
630246
630247
630248
630249
630250
630251
630252
630253
630254
630255
630256
630257
630258
630259
630260
630261
630262
630263
630264
630265
630266
630268
630269
630270
630272
630273
630274
630275
630276
630277
630278
630279
630280
630281
630282
630283
630284
630285
630286
630287
630288
630289
630290
630291
630292
630295
630298
630299
630302
630303
630305
630306
630307
630308
630309
630310
630311
630312
630313
630314
630315
630316
630317
630371
630372
630373
630374
630375
630376
630377
630378
630379
630380
630381
630382
630383
630384
630385
630386
630387
630388
630389
630390
630391
630392
630393
630394
630395
630396
630399
630401
630402
630403
630404
630405
630406
630407
630408
630409
630410
630411
630412
630413
630414
630415
630416
630417
630418
630419
630420
630421
630422
630449
630450
630451
630453
630455
630456
630457
630458
630459
630460
630461
630462
630463
630464
630465
630466
630467
630468
630469
630470
630471
630472
630473
630474
