630501
630502
630503
630504
630505
630506
630507
630508
630509
630510
630511
630512
630513
630514
630515
630516
630517
630518
630519
630520
630521
630522
630523
630524
630525
630526
630553
630554
630555
630556
630557
630558
630559
630560
630561
630562
630563
630564
630565
630566
630567
630568
630569
630570
630571
630572
630573
630574
630575
630576
630577
630578
630580
630581
630582
630583
630584
630585
630586
630587
630588
630589
630590
630591
630592
630593
630594
630595
630596
630597
630598
630599
630600
630601
630602
630603
630604
630631
630632
630633
630634
630635
630636
630637
630638
630639
630640
630641
630642
630643
630644
630645
630646
630647
630648
630649
630650
630651
630652
630653
630654
630655
630656
630735
630736
630737
630738
630739
630740
630741
630742
630743
630744
630745
630746
630747
630748
630749
630750
630751
630752
630753
630754
630755
630756
630757
630758
630759
630760
630839
630840
630841
630842
630843
630844
630845
630846
630847
630848
630849
630850
630851
630852
630853
630854
630855
630856
630857
630858
630859
630860
630861
630862
630863
630864
630866
630867
630868
630869
630870
630871
630872
630873
630874
630875
630876
630877
630878
630879
630880
630881
630882
630883
630884
630885
630886
630887
630888
630889
630890
630891
630892
630893
630894
630895
630896
630897
630898
630899
630900
630901
630902
630903
630904
630905
630906
630907
630908
630909
630910
630911
630912
630913
630914
630915
630916
630917
630918
630919
630920
630921
630922
630923
630924
630925
630926
630927
630928
630929
630930
630931
630932
630933
630934
630935
630936
630937
630938
630939
630940
630941
630942
630969
630970
630971
630972
630973
630974
630975
630976
630977
630978
630979
630980
630981
630982
630983
630984
630985
630986
630987
630988
630989
630990
630991
630992
630993
630994
630995
630997
630998
630999
631000
631001
631002
631003
631004
631005
631006
631007
631008
631009
631010
631011
631012
631013
631014
631015
631016
631017
631018
631019
631020
631021
631022
631023
631024
631025
631026
631027
631028
631029
631030
631031
631032
631033
631034
631035
631036
631037
631038
631039
631040
631041
631042
631043
631044
631045
631046
631047
631048
631049
631050
631051
631052
631053
631054
631055
631056
631057
631058
631059
631060
631061
631062
631063
631064
631065
631066
631067
631068
631069
631070
631071
631072
631074
631075
631076
631077
631078
631080
631081
631082
631083
631084
631085
631086
631087
631088
631089
631090
631091
631092
631093
631094
631095
631096
631097
631098
631125
631126
631127
631128
631129
631130
631131
631132
631133
631134
631135
631136
631137
631138
631139
631140
631141
631142
631143
631144
631145
631146
631147
631148
631149
631150
631151
631152
631153
631154
631155
631156
631157
631158
631159
631160
631161
631162
631163
631164
631165
631166
631167
631168
631169
631170
631171
631172
631173
631174
631175
631176
631203
631204
631205
631206
631207
631208
631209
631210
631211
631212
631213
631214
631215
631216
631217
631218
631219
631220
631221
631222
631223
631224
631225
631226
631227
631228
631230
631231
631233
631234
631235
631236
631237
631238
631239
631240
631241
631242
631243
631244
631245
631246
631247
631248
631249
631250
631251
631252
631253
631254
631255
631256
631257
631258
631259
631260
631261
631262
631263
631264
631265
631266
631267
631268
631269
631270
631271
631272
631273
631274
631275
631276
631277
631278
631279
631280
631385
631386
631387
631388
631389
631390
631391
631392
631393
631394
631395
631396
631397
631398
631399
631400
631401
631402
631403
631404
631405
631406
631407
631408
631409
631410
631411
631412
631413
631414
631415
631416
631418
631419
631420
631421
631422
631423
631424
631425
631426
631427
631428
631429
631430
631431
631432
631433
631434
631435
631436
631593
631594
631595
631596
631597
631598
631599
631600
631601
631602
631603
631604
631605
631606
631607
631608
631609
631610
631611
631612
631613
631614
631615
631616
631617
631618
631645
631646
631647
631648
631649
631650
631651
631652
631653
631654
631655
631656
631657
631658
631659
631660
631661
631662
631663
631664
631665
631666
631667
631668
631669
631670
631671
631672
631673
631674
631675
631676
631677
631678
631679
631680
631681
631682
631683
631684
631685
631686
631687
631688
631689
631690
631691
631692
631693
631694
631695
631696
631749
631750
631751
631752
631753
631754
631755
631756
631757
631758
631759
631760
631761
631762
631763
631764
631765
631766
631767
631768
631769
631770
631771
631772
631773
631774
631801
631802
631803
631804
631805
631806
631807
631808
631809
631810
631811
631812
631813
631814
631815
631816
631817
631818
631819
631820
631821
631822
631823
631824
631825
631826
631827
631829
631830
631831
631832
631833
631834
631835
631836
631837
631838
631839
631840
631842
631843
631844
631845
631846
631847
631848
631849
631850
631851
631852
631854
631856
631857
631858
631859
631860
631861
631862
631863
631864
631865
631866
631867
631868
631869
631870
631871
631872
631873
631874
631875
631876
631877
631878
631880
631881
631882
631883
631884
631885
631886
631887
631888
631889
631890
631891
631892
631893
631894
631895
631896
631897
631898
631899
631900
631901
631902
631903
631904
631906
631907
631908
631909
631910
631911
631912
631913
631914
631915
631916
631917
631918
631919
631920
631921
631922
631923
631924
631925
631926
631927
631928
631929
631930
631957
631958
631959
631960
631961
631962
631963
631964
631965
631966
631967
631968
631969
631970
631971
631972
631973
631974
631975
631976
631977
631978
631979
631980
631981
631982
631984
631985
631986
631987
631988
631989
631990
631991
631992
631993
631994
631995
631996
631997
631998
631999
632000
632001
632002
632003
632004
632005
632006
632007
632008
632009
632011
632012
632015
632016
632017
632018
632019
632020
632021
632022
632023
632024
632025
632026
632027
632028
632029
632030
632031
632032
632033
632034
632036
632038
632039
632040
632041
632042
632043
632044
632045
632046
632047
632048
632049
632050
632051
632052
632053
632054
632055
632056
632057
632058
632059
632060
632113
632114
632115
632116
632117
632118
632119
632120
632121
632122
632123
632124
632125
632126
632127
632128
632129
632130
632131
632132
632133
632134
632135
632136
632137
632138
632140
632141
632142
632143
632144
632145
632146
632147
632148
632149
632150
632151
632152
632153
632154
632155
632156
632157
632158
632159
632160
632161
632162
632163
632164
632191
632192
632193
632194
632195
632196
632197
632198
632199
632200
632201
632202
632203
632204
632205
632206
632207
632208
632209
632210
632211
632212
632213
632214
632215
632216
632217
632218
632219
632220
632221
632222
632223
632224
632225
632226
632227
632228
632229
632230
632231
632232
632233
632234
632235
632236
632237
632238
632239
632240
632241
632242
632243
632245
632246
632247
632248
632249
632250
632251
632252
632253
632254
632255
632256
632257
632258
632259
632260
632261
632262
632263
632264
632265
632266
632267
632268
632321
632322
632323
632324
632325
632326
632327
632328
632329
632330
632331
632332
632333
632334
632335
632336
632337
632338
632339
632340
632341
632342
632343
632344
632345
632346
632373
632374
632375
632376
632377
632378
632379
632380
632381
632382
632383
632384
632385
632386
632387
632388
632389
632390
632391
632392
632393
632394
632395
632396
632397
632398
632425
632426
632427
632428
632429
632430
632431
632432
632433
632434
632435
632436
632437
632438
632439
632440
632441
632442
632443
632444
632445
632446
632447
632448
632449
632450
632477
632478
632479
632480
632481
632482
632483
632484
632485
632486
632487
632488
632489
632490
632491
632492
632493
632494
632495
632496
632497
632498
632499
632500
632501
632502
632503
632504
632505
632506
632507
632508
632509
632510
632511
632512
632513
632514
632515
632516
632517
632518
632519
632520
632521
632522
632523
632524
632525
632526
632527
632528
632633
632634
632635
632636
632637
632638
632639
632640
632641
632642
632643
632644
632645
632646
632647
632648
632649
632650
632651
632652
632653
632654
632655
632656
632657
632658
632659
632661
632662
632663
632664
632665
632666
632667
632668
632669
632670
632671
632672
632673
632674
632675
632676
632677
632678
632679
632680
632681
632682
632683
632684
632737
632738
632739
632740
632741
632742
632743
632744
632745
632746
632747
632748
632749
632750
632751
632752
632753
632754
632755
632756
632757
632758
632759
632760
632761
632762
632841
632842
632843
632844
632845
632846
632847
632848
632849
632850
632851
632852
632853
632854
632855
632856
632857
632858
632859
632860
632861
632862
632863
632864
632865
632866
632867
632868
632869
632870
632871
632872
632873
632874
632875
632876
632877
632878
632879
632880
632881
632882
632883
632884
632885
632886
632887
632888
632889
632890
632891
632892
632893
632894
632895
632896
632897
632898
632899
632900
632901
632902
632903
632904
632905
632906
632907
632908
632909
632910
632911
632912
632913
632914
632915
632916
632917
632918
632945
632946
632947
632948
632949
632950
632951
632952
632953
632954
632955
632956
632957
632958
632959
632960
632961
632962
632963
632964
632965
632966
632967
632968
632969
632970
632971
632973
632974
632975
632976
632977
632978
632979
632980
632981
632982
632983
632984
632985
632986
632987
632988
632989
632990
632991
632992
632993
632994
632995
632996
632997
632998
632999
633000
633001
633002
633004
633005
633006
633007
633008
633009
633010
633011
633012
633013
633014
633015
633016
633017
633018
633019
633020
633021
633022
633024
633025
633026
633027
633028
633029
633030
633031
633032
633033
633034
633035
633036
633037
633038
633039
633040
633041
633042
633043
633044
633045
633046
633047
633048
633101
633102
633103
633104
633105
633106
633107
633108
633109
633110
633111
633112
633113
633114
633115
633116
633117
633118
633119
633120
633121
633122
633123
633124
633125
633126
633205
633206
633207
633208
633209
633210
633211
633212
633213
633214
633215
633216
633217
633218
633219
633220
633221
633222
633223
633224
633225
633226
633227
633228
633229
633230
633309
633310
633311
633312
633313
633314
633315
633316
633317
633318
633319
633320
633321
633322
633323
633324
633325
633326
633327
633328
633329
633330
633331
633332
633333
633334
633361
633362
633363
633364
633365
633366
633367
633368
633369
633370
633371
633372
633373
633374
633375
633376
633377
633378
633379
633380
633381
633382
633383
633384
633385
633386
633569
633570
633571
633572
633573
633574
633575
633576
633577
633578
633579
633580
633581
633582
633583
633584
633585
633586
633587
633588
633589
633590
633591
633592
633593
633594
633647
633648
633649
633650
633651
633652
633653
633654
633655
633656
633657
633658
633659
633660
633661
633662
633663
633664
633665
633666
633667
633668
633669
633670
633671
633672
633673
633675
633676
633677
633678
633679
633680
633681
633682
633683
633684
633685
633686
633687
633688
633689
633690
633691
633692
633693
633694
633695
633696
633697
633698
633725
633726
633727
633728
633729
633730
633731
633732
633733
633734
633735
633736
633737
633738
633739
633740
633741
633742
633743
633744
633745
633747
633748
633749
633750
633751
633752
633753
633754
633755
633756
633757
633758
633759
633760
633761
633762
633763
633764
633765
633766
633767
633768
633769
633770
633772
633773
633774
633775
633776
633777
633778
633780
633781
633782
633783
633784
633785
633786
633787
633788
633789
633790
633791
633792
633793
633794
633795
633796
633797
633798
633799
633800
633801
633802
633804
633805
633806
633807
633808
633809
633810
633811
633812
633813
633814
633815
633816
633817
633818
633819
633820
633821
633822
633823
633824
633825
633826
633827
633828
633855
633856
633857
633858
633859
633860
633861
633862
633863
633864
633865
633866
633867
633868
633869
633870
633871
633872
633873
633874
633875
633876
633877
633878
633879
633880
633907
633908
633909
633910
633911
633912
633913
633914
633915
633916
633917
633918
633919
633920
633921
633922
633923
633924
633925
633926
633927
633928
633929
633930
633931
633932
633933
633934
633935
633936
633937
633938
633939
633940
633941
633942
633943
633944
633945
633946
633947
633948
633949
633950
633951
633952
633953
633954
633955
633956
633957
633958
633985
633986
633987
633988
633989
633990
633991
633992
633993
633994
633995
633996
633997
633998
633999
634000
634001
634002
634003
634004
634005
634006
634007
634008
634009
634010
634015
634016
634017
634018
634019
634020
634021
634022
634023
634024
634025
634026
634027
634028
634029
634030
634031
634032
634033
634034
634035
634036
634115
634116
634117
634118
634119
634120
634121
634122
634123
634124
634125
634126
634127
634128
634129
634130
634131
634132
634133
634134
634135
634136
634137
634138
634139
634140
634323
634324
634325
634326
634327
634328
634329
634330
634331
634332
634333
634334
634335
634336
634337
634338
634339
634340
634341
634342
634343
634344
634345
634346
634347
634348
634349
634350
634351
634352
634353
634354
634355
634356
634357
634359
634360
634361
634362
634363
634364
634365
634366
634367
634368
634369
634370
634371
634372
634373
634374
634401
634402
634403
634404
634405
634406
634407
634408
634409
634410
634411
634412
634413
634414
634415
634416
634417
634418
634419
634420
634421
634422
634423
634424
634425
634426
634453
634454
634455
634456
634457
634458
634459
634460
634461
634462
634463
634464
634465
634466
634467
634468
634469
634470
634471
634472
634473
634474
634475
634476
634477
634478
634479
634481
634482
634484
634485
634486
634487
634488
634489
634490
634491
634492
634493
634494
634495
634496
634497
634498
634499
634500
634501
634502
634503
634504
634531
634532
634533
634534
634535
634536
634537
634538
634539
634540
634541
634542
634543
634544
634545
634546
634547
634548
634549
634550
634551
634552
634553
634554
634555
634556
634559
634561
634562
634563
634564
634565
634566
634567
634568
634569
634570
634571
634572
634573
634574
634575
634576
634577
634578
634579
634580
634581
634582
634609
634610
634611
634612
634613
634614
634615
634616
634617
634618
634619
634620
634621
634622
634623
634624
634625
634626
634627
634628
634629
634630
634631
634632
634633
634634
634635
634636
634637
634638
634639
634640
634641
634642
634643
634644
634645
634646
634647
634648
634649
634650
634651
634652
634653
634654
634655
634656
634657
634658
634659
634660
634687
634688
634689
634690
634691
634692
634693
634694
634695
634696
634697
634698
634699
634700
634701
634702
634703
634704
634705
634706
634707
634708
634709
634710
634711
634712
634714
634715
634716
634717
634718
634719
634720
634721
634722
634723
634724
634725
634726
634727
634728
634729
634730
634731
634732
634733
634734
634735
634736
634737
634738
634739
634740
634741
634742
634743
634744
634745
634746
634748
634749
634750
634751
634752
634753
634754
634755
634756
634757
634758
634759
634760
634761
634762
634763
634764
634791
634792
634793
634794
634795
634796
634797
634798
634799
634800
634801
634802
634803
634804
634805
634806
634807
634808
634809
634810
634811
634812
634813
634814
634815
634816
634843
634844
634845
634846
634847
634848
634849
634850
634851
634852
634853
634854
634855
634856
634857
634858
634859
634860
634861
634862
634863
634864
634865
634866
634867
634868
634947
634948
634949
634950
634951
634952
634953
634954
634955
634956
634957
634958
634959
634960
634961
634962
634963
634964
634965
634966
634967
634968
634969
634970
634971
634972
635025
635026
635027
635028
635029
635030
635031
635032
635033
635034
635035
635036
635037
635038
635039
635040
635041
635042
635043
635044
635045
635046
635047
635048
635049
635050
635052
635053
635054
635055
635056
635057
635058
635059
635060
635061
635062
635063
635064
635065
635066
635067
635068
635069
635070
635071
635072
635073
635074
635075
635076
635129
635130
635131
635132
635133
635134
635135
635136
635137
635138
635139
635140
635141
635142
635143
635144
635145
635146
635147
635148
635149
635150
635151
635152
635153
635154
635155
635156
635157
635158
635159
635160
635161
635162
635163
635164
635165
635166
635167
635168
635169
635170
635171
635172
635173
635174
635175
635176
635177
635178
635179
635180
635181
635182
635183
635184
635185
635186
635187
635188
635189
635190
635191
635192
635193
635194
635195
635196
635197
635198
635199
635200
635201
635202
635203
635204
635205
635206
635259
635260
635261
635262
635263
635264
635265
635266
635267
635268
635269
635270
635271
635272
635273
635274
635275
635276
635277
635278
635279
635280
635281
635282
635283
635284
635337
635338
635339
635340
635341
635342
635343
635344
635345
635346
635347
635348
635349
635350
635351
635352
635353
635354
635355
635356
635357
635358
635359
635360
635361
635362
635389
635390
635391
635392
635393
635394
635395
635396
635397
635398
635399
635400
635401
635402
635403
635404
635405
635406
635407
635408
635409
635410
635411
635412
635413
635414
635571
635572
635573
635574
635575
635576
635577
635578
635579
635580
635581
635582
635583
635584
635585
635586
635587
635588
635589
635590
635591
635592
635593
635594
635595
635596
635597
635598
635599
635600
635601
635602
635603
635604
635605
635606
635607
635608
635609
635610
635611
635612
635613
635614
635615
635616
635617
635618
635619
635620
635621
635622
635624
635625
635626
635627
635628
635629
635630
635631
635632
635633
635634
635635
635636
635637
635638
635639
635640
635641
635642
635643
635644
635645
635646
635647
635648
635675
635676
635677
635678
635679
635680
635681
635682
635683
635684
635685
635686
635687
635688
635689
635690
635691
635692
635693
635694
635695
635696
635697
635698
635699
635700
635701
635702
635703
635704
635705
635706
635707
635708
635709
635710
635711
635712
635713
635714
635715
635716
635717
635718
635719
635720
635721
635722
635723
635724
635725
635726
635935
635936
635937
635938
635939
635940
635941
635942
635943
635944
635945
635946
635947
635948
635949
635950
635951
635952
635953
635954
635955
635956
635957
635958
635959
635960
635961
635962
635963
635964
635965
635966
635967
635968
635969
635970
635971
635972
635973
635974
635975
635976
635977
635978
635979
635980
635981
635982
635983
635984
635985
635986
635987
635989
635990
635991
635992
635993
635994
635995
635996
635997
635998
635999
636000
636001
636002
636003
636004
636005
636006
636007
636008
636009
636010
636011
636012
636013
636014
636015
636016
636017
636018
636019
636020
636021
636022
636023
636024
636025
636026
636027
636028
636029
636030
636031
636032
636033
636034
636035
636036
636037
636038
636039
636040
636041
636042
636043
636044
636045
636046
636047
636048
636049
636050
636051
636052
636053
636054
636055
636056
636057
636058
636059
636060
636061
636062
636063
636064
636117
636118
636119
636120
636121
636122
636123
636124
636125
636126
636127
636128
636129
636130
636131
636132
636133
636134
636135
636136
636137
636138
636139
636140
636141
636142
636169
636170
636171
636172
636173
636174
636175
636176
636177
636178
636179
636180
636181
636182
636183
636184
636185
636186
636187
636188
636189
636190
636191
636192
636193
636194
636273
636274
636275
636276
636277
636278
636279
636280
636281
636282
636283
636284
636285
636286
636287
636288
636289
636290
636291
636292
636293
636294
636295
636296
636297
636298
636351
636352
636353
636354
636355
636356
636357
636358
636359
636360
636361
636362
636363
636364
636365
636366
636367
636368
636369
636370
636371
636372
636373
636374
636375
636376
636377
636378
636379
636380
636381
636382
636383
636384
636385
636386
636387
636388
636389
636390
636391
636392
636393
636394
636395
636396
636397
636398
636399
636400
636401
636402
636403
636405
636407
636408
636409
636410
636411
636412
636413
636414
636415
636416
636417
636418
636419
636420
636421
636422
636423
636424
636425
636426
636427
636428
636430
636432
636433
636434
636435
636436
636437
636438
636439
636440
636443
636444
636445
636446
636447
636448
636449
636450
636451
636452
636453
636454
636455
636456
636457
636458
636459
636460
636462
636463
636465
636466
636467
636468
636469
636470
636471
636472
636473
636474
636475
636476
636477
636478
636479
636480
636482
636483
636484
636485
636486
636487
636488
636489
636491
636493
636494
636495
636496
636497
636498
636499
636500
636501
636502
636503
636504
636505
636506
636533
636534
636536
636537
636538
636539
636540
636541
636542
636543
636544
636545
636546
636547
636548
636549
636550
636551
636552
636553
636554
636555
636556
636557
636558
636560
636565
636566
636567
636568
636570
636571
636572
636573
636574
636575
636576
636577
636578
636579
636580
636581
636582
636583
636584
636637
636639
636640
636641
636642
636643
636644
636645
636646
636647
636648
636649
636650
636651
636652
636653
636654
636655
636656
636657
636658
636659
636660
636661
636662
636664
