636665
636666
636667
636668
636669
636670
636671
636672
636673
636674
636675
636676
636677
636678
636679
636680
636681
636682
636683
636684
636685
636686
636687
636688
636715
636716
636717
636718
636719
636720
636721
636722
636723
636724
636725
636726
636727
636728
636729
636730
636731
636732
636733
636734
636735
636736
636737
636738
636739
636740
636741
636742
636743
636744
636745
636746
636747
636748
636749
636750
636751
636752
636753
636754
636755
636756
636757
636758
636759
636760
636761
636762
636763
636764
636765
636766
636767
636769
636770
636771
636772
636773
636774
636775
636776
636777
636778
636779
636780
636781
636782
636783
636784
636785
636786
636787
636788
636789
636790
636791
636792
636819
636820
636821
636822
636823
636824
636825
636826
636827
636828
636829
636830
636831
636832
636833
636834
636835
636836
636837
636838
636839
636840
636841
636842
636843
636844
636871
636872
636873
636874
636875
636876
636877
636878
636879
636880
636881
636882
636883
636884
636885
636886
636887
636888
636889
636890
636891
636892
636893
636894
636895
636896
636923
636924
636925
636926
636927
636928
636929
636930
636931
636932
636933
636934
636935
636936
636937
636938
636939
636940
636941
636942
636943
636944
636945
636946
636947
636948
636949
636951
636952
636953
636954
636955
636956
636957
636958
636959
636960
636961
636962
636963
636964
636965
636966
636967
636968
636969
636970
636971
636972
636973
636974
636975
636976
636978
636979
636980
636981
636982
636983
636984
636985
636986
636987
636988
636989
636990
636991
636992
636993
636994
636995
636996
636997
636998
636999
637000
637053
637054
637055
637056
637057
637058
637059
637060
637061
637062
637063
637064
637065
637066
637067
637068
637069
637070
637071
637072
637073
637074
637075
637076
637077
637078
637079
637080
637081
637082
637083
637084
637085
637086
637087
637088
637089
637090
637091
637092
637093
637094
637095
637096
637097
637098
637099
637100
637101
637102
637103
637104
637183
637184
637185
637186
637187
637188
637189
637190
637191
637192
637193
637194
637195
637196
637197
637198
637199
637200
637201
637202
637203
637204
637205
637206
637207
637208
637210
637211
637212
637213
637214
637215
637216
637217
637218
637219
637220
637221
637222
637223
637224
637225
637226
637227
637228
637229
637230
637231
637232
637233
637234
637261
637262
637263
637264
637265
637266
637267
637268
637269
637270
637271
637272
637273
637274
637275
637276
637277
637278
637279
637280
637281
637282
637283
637284
637285
637286
637313
637314
637315
637316
637317
637318
637319
637320
637321
637322
637323
637324
637325
637326
637327
637328
637329
637330
637331
637332
637333
637334
637335
637336
637337
637338
637339
637340
637341
637342
637343
637344
637345
637346
637347
637348
637349
637350
637351
637352
637353
637354
637355
637356
637357
637358
637359
637360
637361
637362
637363
637364
637365
637366
637367
637368
637369
637370
637371
637372
637373
637374
637375
637376
637377
637378
637379
637380
637381
637382
637383
637384
637385
637386
637387
637388
637389
637390
637391
637392
637393
637394
637395
637396
637397
637398
637399
637400
637401
637402
637403
637404
637405
637406
637407
637408
637409
637410
637411
637412
637413
637414
637415
637416
637469
637470
637471
637472
637473
637474
637475
637476
637477
637478
637479
637480
637481
637482
637483
637484
637485
637486
637487
637488
637489
637490
637491
637492
637493
637494
637495
637496
637497
637498
637499
637500
637501
637502
637503
637504
637505
637506
637507
637508
637509
637510
637511
637512
637513
637514
637515
637516
637517
637518
637519
637520
637521
637522
637523
637524
637525
637526
637527
637528
637529
637530
637531
637532
637533
637534
637535
637536
637537
637538
637539
637540
637541
637542
637543
637544
637545
637546
637548
637549
637550
637551
637552
637553
637554
637555
637556
637557
637558
637559
637560
637561
637562
637563
637564
637565
637566
637567
637568
637569
637570
637571
637572
637599
637600
637601
637602
637603
637604
637605
637606
637607
637608
637609
637610
637611
637612
637613
637614
637615
637616
637617
637618
637619
637620
637621
637622
637623
637624
637629
637631
637632
637633
637634
637635
637636
637637
637638
637639
637640
637641
637642
637643
637644
637645
637646
637647
637648
637649
637650
637651
637652
637653
637654
637655
637656
637657
637658
637659
637660
637661
637662
637663
637664
637665
637666
637667
637668
637669
637670
637671
637672
637673
637674
637675
637676
637703
637704
637705
637706
637707
637708
637709
637710
637711
637712
637713
637714
637715
637716
637717
637718
637719
637720
637721
637722
637723
637724
637725
637726
637727
637728
637755
637756
637757
637758
637759
637760
637761
637762
637763
637764
637765
637766
637767
637768
637769
637770
637771
637772
637773
637774
637775
637776
637777
637778
637779
637780
637833
637834
637835
637836
637837
637838
637839
637840
637841
637842
637843
637844
637845
637846
637847
637848
637849
637850
637851
637852
637853
637854
637855
637856
637857
637858
637861
637862
637863
637864
637865
637866
637867
637868
637869
637870
637871
637872
637873
637874
637875
637876
637877
637878
637879
637880
637881
637882
637883
637884
637937
637938
637939
637940
637941
637942
637943
637944
637945
637946
637947
637948
637949
637950
637951
637952
637953
637954
637955
637956
637957
637958
637959
637960
637961
637962
637963
637964
637965
637966
637967
637968
637969
637970
637971
637972
637973
637974
637975
637976
637977
637978
637979
637980
637981
637982
637983
637984
637985
637986
637987
637988
638119
638120
638121
638122
638123
638124
638125
638126
638127
638128
638129
638130
638131
638132
638133
638134
638135
638136
638137
638138
638139
638140
638141
638142
638143
638144
638197
638198
638199
638200
638201
638202
638203
638204
638205
638206
638207
638208
638209
638210
638211
638212
638213
638214
638215
638216
638217
638218
638219
638220
638221
638222
638225
638226
638227
638228
638229
638230
638231
638232
638233
638234
638235
638236
638237
638238
638239
638240
638241
638242
638243
638244
638245
638246
638247
638248
638327
638328
638329
638330
638331
638332
638333
638334
638335
638336
638337
638338
638339
638340
638341
638342
638343
638344
638345
638346
638347
638348
638349
638350
638351
638352
638354
638355
638356
638357
638358
638359
638360
638361
638362
638363
638364
638365
638366
638367
638368
638369
638370
638371
638372
638373
638374
638375
638376
638377
638378
638405
638406
638407
638408
638409
638410
638411
638412
638413
638414
638415
638416
638417
638418
638419
638420
638421
638422
638423
638424
638425
638426
638427
638428
638429
638430
638432
638434
638435
638436
638437
638438
638439
638440
638441
638442
638443
638444
638445
638446
638447
638448
638449
638450
638451
638452
638453
638454
638455
638456
638457
638458
638459
638460
638461
638462
638463
638464
638465
638466
638467
638468
638469
638470
638471
638472
638473
638474
638475
638476
638477
638478
638479
638480
638481
638482
638483
638484
638485
638486
638487
638488
638489
638490
638491
638492
638493
638494
638495
638496
638497
638498
638499
638500
638501
638502
638503
638504
638505
638506
638507
638508
638510
638511
638512
638513
638514
638515
638516
638517
638518
638519
638520
638521
638522
638523
638524
638525
638526
638527
638528
638529
638530
638531
638532
638533
638534
638535
638536
638537
638538
638539
638540
638541
638542
638543
638544
638545
638546
638547
638548
638549
638550
638551
638552
638553
638554
638555
638556
638557
638558
638559
638560
638561
638563
638564
638565
638566
638567
638568
638569
638570
638571
638572
638573
638574
638575
638576
638577
638578
638579
638580
638581
638582
638583
638584
638585
638586
638588
638589
638590
638592
638593
638594
638595
638596
638597
638598
638599
638600
638601
638602
638603
638604
638605
638606
638607
638608
638609
638610
638611
638612
638613
638615
638616
638617
638618
638619
638620
638621
638622
638623
638624
638625
638626
638627
638628
638629
638630
638631
638632
638633
638634
638635
638636
638637
638638
638639
638640
638641
638642
638643
638644
638645
638646
638647
638648
638649
638650
638651
638652
638653
638654
638655
638656
638657
638658
638659
638660
638661
638662
638663
638664
638665
638666
638667
638669
638670
638671
638672
638673
638674
638675
638676
638677
638678
638679
638680
638681
638682
638683
638684
638685
638686
638687
638688
638689
638690
638693
638694
638695
638696
638697
638698
638699
638700
638701
638702
638703
638704
638705
638706
638707
638708
638709
638710
638711
638712
638713
638714
638715
638716
638795
638796
638797
638798
638799
638800
638801
638802
638803
638804
638805
638806
638807
638808
638809
638810
638811
638812
638813
638814
638815
638816
638817
638818
638819
638820
638821
638822
638823
638825
638826
638827
638828
638829
638830
638831
638832
638833
638834
638835
638836
638837
638838
638839
638840
638841
638842
638843
638844
638845
638846
638899
638900
638901
638902
638903
638904
638905
638906
638907
638908
638909
638910
638911
638912
638913
638914
638915
638916
638917
638918
638919
638920
638921
638922
638923
638924
638951
638952
638953
638954
638955
638956
638957
638958
638959
638960
638961
638962
638963
638964
638965
638966
638967
638968
638969
638970
638971
638972
638973
638974
638975
638976
639055
639056
639057
639058
639059
639060
639061
639062
639063
639064
639065
639066
639067
639068
639069
639070
639071
639072
639073
639074
639075
639076
639077
639078
639079
639080
639237
639238
639239
639240
639241
639242
639243
639244
639245
639246
639247
639248
639249
639250
639251
639252
639253
639254
639255
639256
639257
639258
639259
639260
639261
639262
639263
639266
639267
639268
639269
639270
639271
639272
639273
639274
639275
639276
639277
639278
639279
639280
639281
639282
639283
639284
639285
639286
639287
639288
639289
639290
639292
639293
639294
639295
639296
639297
639298
639299
639300
639301
639302
639303
639304
639305
639306
639307
639308
639309
639310
639311
639312
639313
639314
639341
639342
639343
639344
639345
639346
639347
639348
639349
639350
639351
639352
639353
639354
639355
639356
639357
639358
639359
639360
639361
639362
639363
639364
639365
639366
639368
639369
639370
639371
639372
639373
639374
639375
639376
639377
639378
639379
639380
639381
639382
639383
639384
639385
639386
639387
639388
639389
639390
639391
639392
639394
639395
639396
639397
639398
639399
639400
639401
639402
639403
639404
639405
639406
639407
639408
639409
639410
639411
639412
639413
639414
639415
639416
639417
639418
639422
639423
639424
639425
639426
639427
639428
639429
639430
639431
639432
639433
639434
639435
639436
639437
639438
639439
639440
639441
639442
639443
639444
639445
639446
639448
639449
639450
639451
639452
639453
639454
639455
639456
639457
639458
639459
639460
639461
639462
639463
639464
639465
639466
639467
639468
639469
639470
639497
639498
639499
639500
639501
639502
639503
639504
639505
639506
639507
639508
639509
639510
639511
639512
639513
639514
639515
639516
639517
639518
639519
639520
639521
639522
639601
639602
639603
639604
639605
639606
639607
639608
639609
639610
639611
639612
639613
639614
639615
639616
639617
639618
639619
639620
639621
639622
639623
639624
639625
639626
639629
639634
639636
639637
639638
639639
639640
639641
639642
639643
639644
639645
639646
639647
639648
639649
639650
639651
639652
639653
639655
639656
639657
639658
639659
639660
639661
639662
639663
639664
639665
639666
639667
639668
639669
639670
639671
639672
639673
639674
639675
639676
639677
639678
639705
639706
639707
639708
639709
639710
639711
639712
639713
639714
639715
639716
639717
639718
639719
639720
639721
639722
639723
639724
639725
639726
639727
639729
639730
639757
639758
639759
639760
639761
639762
639763
639764
639765
639766
639767
639768
639769
639770
639771
639772
639773
639774
639775
639776
639777
639778
639779
639780
639781
639782
639939
639940
639941
639942
639943
639944
639945
639946
639947
639948
639949
639950
639951
639952
639953
639954
639955
639956
639957
639958
639959
639960
639961
639962
639963
639964
639965
639966
639967
639968
639969
639970
639971
639972
639973
639974
639975
639976
639977
639978
639979
639980
639981
639982
639983
639984
639985
639986
639987
639988
639989
639990
639991
639992
639993
639994
639995
639996
639997
639998
639999
640000
640001
640002
640003
640004
640005
640006
640007
640008
640009
640010
640011
640012
640013
640014
640015
640016
640018
640019
640020
640021
640022
640023
640024
640025
640026
640027
640028
640029
640030
640031
640032
640033
640034
640035
640036
640037
640038
640039
640040
640041
640042
640044
640045
640046
640047
640048
640049
640050
640051
640052
640053
640054
640055
640056
640057
640058
640059
640060
640061
640062
640063
640064
640065
640066
640067
640068
640173
640174
640175
640176
640177
640178
640179
640180
640181
640182
640183
640184
640185
640186
640187
640188
640189
640190
640191
640192
640193
640194
640195
640196
640197
640198
640200
640201
640202
640203
640204
640205
640206
640207
640208
640209
640210
640211
640212
640213
640214
640215
640216
640217
640218
640219
640220
640221
640222
640223
640224
640251
640252
640253
640254
640255
640256
640257
640258
640259
640260
640261
640262
640263
640264
640265
640266
640267
640268
640269
640270
640271
640272
640273
640274
640275
640276
640303
640304
640305
640306
640307
640308
640309
640310
640311
640312
640313
640314
640315
640316
640317
640318
640319
640320
640321
640322
640323
640324
640325
640326
640327
640328
640381
640382
640383
640384
640385
640386
640387
640388
640389
640390
640391
640392
640393
640394
640395
640396
640397
640398
640399
640400
640401
640402
640403
640404
640405
640406
640459
640460
640461
640462
640463
640464
640465
640466
640467
640468
640469
640470
640471
640472
640473
640474
640475
640476
640477
640478
640479
640480
640481
640482
640483
640484
640485
640486
640487
640488
640489
640490
640491
640492
640493
640494
640495
640496
640497
640498
640499
640500
640501
640502
640503
640504
640505
640506
640507
640508
640509
640510
640512
640513
640514
640515
640516
640517
640518
640519
640520
640521
640522
640523
640524
640525
640526
640527
640528
640529
640530
640531
640532
640533
640534
640535
640536
640537
640538
640539
640540
640541
640542
640543
640544
640545
640546
640547
640548
640549
640550
640551
640552
640553
640554
640555
640556
640557
640558
640559
640560
640561
640562
640565
640566
640567
640568
640569
640570
640571
640572
640573
640574
640575
640576
640577
640578
640579
640580
640581
640582
640583
640584
640585
640586
640587
640588
640641
640642
640643
640644
640645
640646
640647
640648
640649
640650
640651
640652
640653
640654
640655
640656
640657
640658
640659
640660
640661
640662
640663
640664
640665
640666
640771
640772
640773
640774
640775
640776
640777
640778
640779
640780
640781
640782
640783
640784
640785
640786
640787
640788
640789
640790
640791
640792
640793
640794
640795
640796
640875
640876
640877
640878
640879
640880
640881
640882
640883
640885
640886
640887
640888
640889
640890
640891
640892
640893
640894
640895
640896
640897
640898
640899
640900
640901
640902
640903
640904
640905
640906
640907
640908
640909
640910
640911
640912
640913
640914
640915
640916
640917
640918
640919
640920
640921
640922
640923
640924
640925
640926
640953
640954
640955
640956
640957
640958
640959
640960
640961
640962
640963
640964
640965
640966
640967
640968
640969
640970
640971
640972
640973
640974
640975
640976
640977
640978
641083
641084
641085
641086
641087
641088
641089
641090
641091
641092
641093
641094
641095
641096
641097
641098
641099
641100
641101
641102
641103
641104
641105
641106
641107
641108
641161
641162
641163
641164
641165
641166
641167
641168
641169
641170
641171
641172
641173
641174
641175
641176
641177
641178
641179
641180
641181
641182
641183
641184
641185
641186
641188
641189
641190
641191
641192
641193
641194
641195
641196
641197
641198
641199
641200
641201
641202
641203
641204
641205
641206
641207
641208
641209
641210
641211
641212
641317
641318
641319
641320
641321
641322
641323
641324
641325
641326
641327
641328
641329
641330
641331
641332
641333
641334
641335
641337
641338
641339
641340
641341
641342
641343
641345
641346
641347
641348
641349
641350
641351
641352
641353
641354
641355
641356
641357
641358
641359
641360
641361
641362
641363
641364
641365
641366
641367
641368
641447
641448
641449
641450
641451
641452
641453
641454
641455
641456
641457
641458
641459
641460
641461
641462
641463
641464
641465
641466
641467
641468
641469
641470
641471
641472
641551
641552
641553
641554
641555
641556
641557
641558
641559
641560
641561
641562
641563
641564
641565
641566
641567
641568
641569
641570
641571
641572
641573
641574
641575
641576
641629
641630
641631
641632
641633
641634
641635
641636
641637
641638
641639
641640
641641
641642
641643
641644
641645
641646
641647
641648
641649
641650
641651
641652
641653
641654
641656
641657
641658
641659
641660
641661
641662
641663
641664
641665
641666
641667
641668
641669
641670
641671
641672
641673
641674
641675
641676
641677
641678
641679
641680
641682
641683
641684
641686
641687
641688
641689
641690
641691
641692
641693
641694
641695
641696
641697
641698
641699
641700
641701
641702
641703
641704
641705
641706
641733
641734
641735
641736
641737
641738
641739
641740
641741
641742
641743
641744
641745
641746
641747
641748
641749
641750
641751
641752
641753
641754
641755
641756
641757
641758
641759
641760
641761
641762
641763
641764
641765
641766
641767
641768
641769
641770
641771
641772
641773
641774
641775
641776
641777
641778
641779
641780
641781
641782
641783
641784
641941
641942
641943
641944
641945
641946
641947
641948
641949
641950
641951
641952
641953
641954
641955
641956
641957
641958
641959
641960
641961
641962
641963
641964
641965
641966
641993
641994
641995
641996
641997
641998
641999
642000
642001
642002
642003
642004
642005
642006
642007
642008
642009
642010
642011
642012
642013
642014
642015
642016
642017
642018
642019
642020
642021
642022
642023
642024
642025
642026
642027
642028
642029
642030
642031
642032
642033
642034
642035
642036
642037
642038
642039
642040
642041
642042
642043
642044
642097
642098
642099
642100
642101
642102
642103
642104
642105
642106
642107
642108
642109
642110
642111
642112
642113
642114
642115
642116
642117
642118
642119
642120
642121
642122
642123
642124
642125
642126
642127
642128
642129
642130
642131
642132
642133
642134
642135
642136
642137
642138
642139
642140
642141
642142
642143
642144
642145
642146
642147
642148
642150
642151
642152
642153
642154
642155
642156
642157
642158
642159
642160
642161
642162
642163
642164
642165
642166
642167
642168
642169
642170
642171
642172
642173
642174
642177
642178
642179
642180
642181
642182
642183
642184
642185
642186
642187
642188
642189
642190
642191
642192
642193
642194
642195
642196
642197
642198
642199
642200
642201
642202
642203
642204
642205
642206
642207
642208
642209
642210
642211
642212
642213
642214
642215
642216
642217
642218
642219
642220
642221
642222
642223
642224
642225
642226
642253
642254
642255
642256
642257
642258
642259
642260
642261
642262
642263
642264
642265
642266
642267
642268
642269
642270
642271
642272
642273
642274
642275
642276
642277
642278
642281
642282
642283
642284
642285
642286
642287
642288
642289
642290
642291
642292
642293
642294
642295
642296
642297
642298
642299
642300
642301
642302
642303
642304
642305
642306
642307
642308
642309
642310
642311
642312
642313
642314
642315
642316
642317
642318
642319
642320
642321
642322
642323
642324
642325
642326
642327
642328
642329
642330
642435
642436
642437
642438
642439
642440
642441
642442
642443
642444
642445
642446
642447
642448
642449
642450
642451
642452
642453
642454
642455
642456
642457
642458
642459
642460
642462
642463
642464
642465
642466
642467
642468
642469
642470
642471
642472
642473
642474
642475
642476
642477
642478
642479
642480
642481
642482
642483
642484
642485
642486
642488
642489
642490
642491
642492
642493
642494
642495
642496
642497
642498
642499
642500
642501
642502
642503
642504
642505
642506
642507
642508
642509
642510
642511
642512
642539
642540
642541
642542
642543
642544
642545
642546
642547
642548
642549
642550
642551
642552
642553
642554
642555
642556
642557
642558
642559
642560
642561
642562
642563
642564
642591
642592
642593
642594
642595
642596
642597
642598
642599
642600
642601
642602
642603
642604
642605
642606
642607
642608
642609
642610
642611
642612
642613
642614
642615
642616
642773
642774
642775
642776
642777
642778
642779
642780
642781
642782
642783
642784
642785
642786
642787
642788
642789
642790
642791
642792
642793
642794
642795
642796
642797
642798
642851
642852
642853
642854
642855
642856
642857
642858
642859
642860
642861
642862
642863
642864
642865
642866
642867
642868
642869
642870
642871
642872
642873
642874
642875
642876
