649429
649430
649431
649432
649433
649434
649435
649436
649437
649438
649439
649440
649441
649442
649443
649444
649445
649446
649447
649448
649449
649450
649451
649452
649453
649454
649481
649482
649483
649484
649485
649486
649487
649488
649489
649490
649491
649492
649493
649494
649495
649496
649497
649498
649499
649500
649501
649502
649503
649504
649505
649506
649507
649508
649509
649510
649511
649512
649513
649514
649515
649516
649517
649518
649519
649520
649521
649522
649523
649524
649525
649526
649527
649528
649529
649530
649531
649532
649534
649535
649536
649537
649538
649539
649540
649541
649542
649543
649544
649545
649546
649547
649548
649549
649550
649551
649552
649553
649554
649555
649556
649557
649558
649559
649560
649561
649562
649563
649564
649565
649566
649567
649568
649569
649570
649571
649572
649573
649574
649575
649576
649577
649578
649579
649580
649581
649582
649583
649584
649637
649638
649639
649640
649641
649642
649643
649644
649645
649646
649647
649648
649649
649650
649651
649652
649653
649654
649655
649656
649657
649658
649659
649660
649661
649662
649715
649716
649717
649718
649719
649720
649721
649722
649723
649724
649725
649726
649727
649728
649729
649730
649731
649732
649733
649734
649735
649736
649737
649738
649739
649740
649767
649768
649769
649770
649771
649772
649773
649774
649775
649776
649777
649778
649779
649780
649781
649782
649783
649784
649785
649786
649787
649788
649789
649790
649791
649792
649793
649794
649795
649796
649797
649798
649799
649800
649801
649802
649803
649804
649805
649806
649807
649808
649809
649810
649811
649812
649813
649814
649815
649816
649817
649818
649819
649821
649822
649823
649824
649825
649826
649827
649828
649829
649830
649831
649832
649833
649834
649835
649836
649837
649838
649839
649840
649841
649842
649843
649844
649845
649846
649847
649848
649849
649850
649851
649852
649853
649854
649855
649856
649857
649858
649859
649860
649861
649862
649863
649864
649865
649866
649867
649868
649869
649870
649871
649872
649873
649874
649875
649876
649877
649878
649879
649880
649881
649882
649883
649884
649885
649886
649887
649888
649889
649890
649891
649892
649893
649894
649895
649896
649923
649924
649925
649926
649927
649928
649929
649930
649931
649932
649933
649934
649935
649936
649937
649938
649939
649940
649941
649942
649943
649944
649945
649946
649947
649948
649975
649976
649977
649978
649979
649980
649981
649982
649983
649984
649985
649986
649987
649988
649989
649990
649991
649992
649993
649994
649995
649996
649997
649998
649999
650000
650002
650003
650004
650005
650006
650007
650008
650009
650010
650011
650012
650013
650014
650015
650016
650017
650018
650019
650020
650021
650022
650023
650024
650025
650026
650028
650029
650030
650031
650032
650033
650034
650035
650036
650037
650038
650039
650040
650041
650042
650043
650044
650045
650046
650047
650048
650049
650050
650051
650052
650105
650106
650107
650108
650109
650110
650111
650112
650113
650114
650115
650116
650117
650118
650119
650120
650121
650122
650123
650124
650125
650126
650127
650128
650129
650130
650209
650210
650211
650212
650213
650214
650215
650216
650217
650218
650219
650220
650221
650222
650223
650224
650225
650226
650227
650228
650229
650230
650231
650232
650233
650234
650339
650340
650341
650342
650343
650344
650345
650346
650347
650348
650349
650350
650351
650352
650353
650354
650355
650356
650357
650358
650359
650360
650361
650362
650363
650364
650495
650496
650497
650498
650499
650500
650501
650502
650503
650504
650505
650506
650507
650508
650509
650510
650511
650512
650513
650514
650515
650516
650517
650518
650519
650520
650651
650652
650653
650654
650655
650656
650657
650658
650659
650660
650661
650662
650663
650664
650665
650666
650667
650668
650669
650670
650671
650672
650673
650674
650675
650676
650859
650860
650861
650862
650863
650864
650865
650866
650867
650868
650869
650870
650871
650872
650873
650874
650875
650876
650877
650878
650879
650880
650881
650882
650883
650884
