650937
650938
650939
650940
650941
650942
650943
650944
650945
650946
650947
650948
650949
650950
650951
650952
650953
650954
650955
650956
650957
650958
650959
650960
650961
650962
650989
650990
650991
650992
650993
650994
650995
650996
650997
650998
650999
651000
651001
651002
651003
651004
651005
651006
651007
651008
651009
651010
651011
651012
651013
651014
651015
651016
651017
651018
651019
651020
651021
651022
651023
651024
651025
651026
651027
651028
651029
651030
651031
651032
651033
651034
651035
651036
651037
651038
651039
651040
651067
651068
651069
651070
651071
651072
651073
651074
651075
651076
651077
651078
651079
651080
651081
651082
651083
651084
651085
651086
651087
651088
651089
651090
651091
651092
651145
651146
651147
651148
651149
651150
651151
651152
651153
651154
651155
651156
651157
651158
651159
651160
651161
651162
651163
651164
651165
651166
651167
651168
651169
651170
651171
651172
651173
651174
651175
651176
651177
651178
651179
651180
651181
651182
651183
651184
651185
651186
651187
651188
651189
651190
651191
651192
651193
651194
651195
651196
651223
651224
651225
651226
651227
651228
651229
651230
651231
651232
651233
651234
651235
651236
651237
651238
651239
651240
651241
651242
651243
651244
651245
651246
651247
651248
651250
651251
651252
651253
651254
651255
651256
651257
651258
651259
651260
651261
651262
651263
651264
651265
651266
651267
651268
651269
651270
651271
651272
651273
651274
651275
651276
651277
651278
651279
651280
651281
651282
651283
651284
651285
651286
651287
651288
651289
651290
651291
651292
651293
651294
651295
651296
651297
651298
651299
651300
651301
651302
651303
651304
651305
651306
651307
651308
651309
651310
651311
651312
651313
651314
651315
651316
651317
651318
651319
651320
651321
651322
651323
651324
651325
651326
651327
651328
651329
651330
651331
651332
651333
651334
651335
651336
651337
651338
651339
651340
651341
651342
651343
651344
651345
651346
651347
651348
651349
651350
651351
651352
651405
651406
651407
651408
651409
651410
651411
651412
651413
651414
651415
651416
651417
651418
651419
651420
651421
651422
651423
651424
651425
651426
651427
651428
651429
651430
651457
651458
651459
651460
651461
651462
651463
651464
651465
651466
651467
651468
651469
651470
651471
651472
651473
651474
651475
651476
651477
651478
651479
651480
651481
651482
651509
651510
651511
651512
651513
651514
651515
651516
651517
651518
651519
651520
651521
651522
651523
651524
651525
651526
651527
651528
651529
651530
651531
651532
651533
651534
651587
651588
651589
651590
651591
651592
651593
651594
651595
651596
651597
651598
651599
651600
651601
651602
651603
651604
651605
651606
651607
651608
651609
651610
651611
651612
651639
651640
651641
651642
651643
651644
651645
651646
651647
651648
651649
651650
651651
651652
651653
651654
651655
651656
651657
651658
651659
651660
651661
651662
651663
651664
651691
651692
651693
651694
651695
651696
651697
651698
651699
651700
651701
651702
651703
651704
651705
651706
651707
651708
651709
651710
651711
651712
651713
651714
651715
651716
651717
651718
651719
651720
651721
651722
651723
651724
651725
651726
651727
651728
651729
651730
651731
651732
651733
651734
651735
651736
651737
651738
651739
651740
651741
651742
651743
651744
651745
651746
651747
651748
651749
651750
651751
651752
651753
651754
651755
651756
651757
651758
651759
651760
651761
651762
651763
651764
651765
651766
651767
651768
651847
651848
651849
651850
651851
651852
651853
651854
651855
651856
651857
651858
651859
651860
651861
651862
651863
651864
651865
651866
651867
651868
651869
651870
651871
651872
651873
651874
651875
651876
651877
651878
651879
651880
651881
651882
651883
651884
651885
651886
651887
651888
651889
651890
651891
651892
651893
651894
651895
651896
651897
651898
651925
651926
651927
651928
651929
651930
651931
651932
651933
651934
651935
651936
651937
651938
651939
651940
651941
651942
651943
651944
651945
651946
651947
651948
651949
651950
651977
651978
651979
651980
651981
651982
651983
651984
651985
651986
651987
651988
651989
651990
651991
651992
651993
651994
651995
651996
651997
651998
651999
652000
652001
652002
652004
652005
652006
652007
652008
652009
652010
652011
652012
652013
652014
652015
652016
652017
652018
652019
652020
652021
652022
652023
652024
652025
652026
652027
652028
652055
652056
652057
652058
652059
652060
652061
652062
652063
652064
652065
652066
652067
652068
652069
652070
652071
652072
652073
652074
652075
652076
652077
652078
652079
652080
652133
652134
652135
652136
652137
652138
652139
652140
652141
652142
652143
652144
652145
652146
652147
652148
652149
652150
652151
652152
652153
652154
652155
652156
652157
652158
652211
652212
652213
652214
652215
652216
652217
652218
652219
652220
652221
652222
652223
652224
652225
652226
652227
652228
652229
652230
652231
652232
652233
652234
652235
652236
652289
652290
652291
652292
652293
652294
652295
652296
652297
652298
652299
652300
652301
652302
652303
652304
652305
652306
652307
652308
652309
652310
652311
652312
652313
652314
652341
652342
652343
652344
652345
652346
652347
652348
652349
652350
652351
652352
652353
652354
652355
652356
652357
652358
652359
652360
652361
652362
652363
652364
652365
652366
652367
652368
652369
652370
652371
652372
652373
652374
652375
652376
652377
652378
652379
652380
652381
652382
652383
652384
652385
652386
652387
652388
652389
652390
652391
652392
652393
652394
652395
652396
652397
652398
652399
652400
652401
652402
652403
652404
652405
652406
652407
652408
652409
652410
652411
652412
652413
652414
652415
652416
652417
652418
652419
652420
652421
652425
652426
652427
652428
652429
652430
652431
652433
652434
652435
652437
652439
652440
652441
652442
652443
652444
652627
652628
652629
652630
652631
652632
652633
652634
652635
652636
652637
652638
652639
652640
652641
652642
652643
652644
652645
652646
652647
652648
652649
652650
652651
652652
652679
652680
652681
652682
652683
652684
652685
652686
652687
652688
652689
652690
652691
652692
652693
652694
652695
652696
652697
652698
652699
652700
652701
652702
652703
652704
652705
652706
652707
652708
652709
652710
652711
652712
652713
652714
652715
652716
652717
652718
652719
652720
652721
652722
652723
652724
652725
652726
652727
652728
652729
652730
652757
652758
652759
652760
652761
652762
652763
652764
652765
652766
652767
652768
652769
652770
652771
652772
652773
652774
652775
652776
652777
652778
652779
652780
652781
652782
652783
652784
652785
652786
652787
652788
652789
652790
652791
652792
652793
652794
652795
652796
652797
652798
652799
652800
652801
652802
652803
652804
652805
652806
652807
652808
652887
652888
652889
652890
652891
652892
652893
652894
652895
652896
652897
652898
652899
652900
652901
652902
652903
652904
652905
652906
652907
652908
652909
652910
652911
652912
652965
652966
652967
652968
652969
652970
652971
652972
652973
652974
652975
652976
652977
652978
652979
652980
652981
652982
652983
652984
652985
652986
652987
652988
652989
652990
652991
652992
652993
652995
652996
652997
652998
653000
653001
653002
653003
653004
653005
653006
653007
653008
653010
653011
653012
653013
653016
653043
653044
653045
653046
653047
653048
653050
653052
653053
653054
653055
653057
653058
653059
653060
653061
653062
653063
653065
653066
653067
653096
653097
653098
653099
653100
653101
653102
653103
653104
653105
653106
653107
653108
653109
653110
653111
653112
653113
653114
653115
653116
653117
653120
653122
653123
653125
653126
653127
653129
653130
653131
653132
653133
653134
653135
653136
653137
653138
653139
653140
653141
653142
653143
653145
653146
653147
653148
653150
653151
653157
653158
653159
653160
653161
653162
653163
653164
653165
653167
653169
653170
653172
653200
653202
653203
653204
653206
653207
653208
653210
653212
653213
653214
653215
653217
653218
653222
653223
653224
653225
653226
653227
653230
653232
653233
653234
653236
653237
653238
653240
653241
653242
653244
653245
653246
653248
653249
653250
653252
653253
653254
653255
653256
653257
653260
653261
653263
653264
653265
653266
653267
653268
653270
653272
653273
653274
653275
653276
653330
653331
653333
653334
653335
653336
653337
653338
653339
653340
653341
653342
653343
653344
653346
653347
653348
653349
653350
653351
653352
653353
653354
653381
653382
653383
653384
653385
653387
653388
653389
653390
653391
653392
653394
653395
653396
653397
653399
653400
653401
653402
653403
653404
653405
653406
653407
653408
653409
653411
653413
653414
653415
653416
653417
653419
653420
653421
653422
653423
653424
653425
653426
653427
653429
653430
653431
653432
653433
653434
653435
653436
653438
653439
653440
653441
653442
653443
653447
653448
653449
653450
653451
653454
653456
653458
653511
653513
653514
653516
653517
653518
653519
653520
653521
653523
653524
653526
653527
653528
653530
653531
653532
653533
653534
653535
653536
653537
