653538
653539
653540
653541
653542
653543
653544
653545
653546
653547
653548
653549
653550
653551
653552
653553
653554
653555
653556
653557
653558
653559
653560
653561
653562
653693
653694
653695
653696
653697
653698
653699
653700
653701
653702
653703
653704
653705
653706
653707
653708
653709
653710
653711
653712
653713
653714
653715
653716
653717
653718
653719
653720
653721
653722
653723
653724
653725
653726
653727
653728
653729
653730
653731
653732
653733
653734
653735
653736
653737
653738
653739
653740
653741
653742
653743
653744
653746
653747
653748
653749
653750
653751
653752
653753
653754
653755
653756
653757
653758
653759
653760
653761
653762
653763
653764
653765
653766
653767
653768
653769
653770
653771
653772
653773
653774
653775
653776
653777
653778
653779
653780
653781
653782
653783
653784
653785
653786
653787
653788
653789
653790
653791
653792
653793
653794
653795
653796
653849
653850
653851
653852
653853
653854
653855
653856
653857
653858
653859
653860
653861
653862
653863
653864
653865
653866
653867
653868
653869
653870
653871
653872
653873
653874
653901
653902
653903
653904
653905
653906
653907
653908
653909
653910
653911
653912
653913
653914
653915
653916
653917
653918
653919
653920
653921
653922
653923
653924
653925
653926
653927
653928
653929
653930
653931
653932
653933
653934
653935
653936
653937
653938
653939
653940
653941
653942
653943
653944
653945
653946
653947
653948
653949
653950
653951
653952
653979
653980
653981
653982
653983
653984
653985
653986
653987
653988
653989
653990
653991
653992
653993
653994
653995
653996
653997
653998
653999
654000
654001
654002
654003
654004
654083
654084
654085
654086
654087
654088
654089
654090
654091
654092
654093
654094
654095
654096
654097
654098
654099
654100
654101
654102
654103
654104
654105
654106
654107
654108
654187
654188
654189
654190
654191
654192
654193
654194
654195
654196
654197
654198
654199
654200
654201
654202
654203
654204
654205
654206
654207
654208
654209
654210
654211
654212
654239
654240
654241
654242
654243
654244
654245
654246
654247
654248
654249
654250
654251
654252
654253
654254
654255
654256
654257
654258
654259
654260
654261
654262
654263
654264
654291
654292
654293
654294
654295
654296
654297
654298
654299
654300
654301
654302
654303
654304
654305
654306
654307
654308
654309
654310
654311
654312
654313
654314
654315
654316
654317
654318
654319
654320
654321
654322
654323
654324
654325
654326
654327
654328
654329
654330
654331
654332
654333
654334
654335
654336
654337
654338
654339
654340
654341
654342
654499
654500
654501
654502
654503
654504
654505
654506
654507
654508
654509
654510
654511
654512
654513
654514
654515
654516
654517
654518
654519
654520
654521
654522
654523
654524
654525
654526
654527
654528
654529
654530
654531
654532
654533
654534
654535
654536
654537
654538
654539
654540
654541
654542
654543
654544
654545
654546
654547
654548
654549
654550
654551
654552
654553
654554
654555
654556
654557
654558
654559
654560
654561
654562
654563
654564
654565
654566
654567
654568
654569
654570
654571
654572
654573
654574
654575
654576
654578
654579
654581
654582
654583
654584
654585
654586
654587
654588
654589
654590
654591
654592
654593
654594
654595
654596
654597
654598
654599
654600
654601
654602
654603
654604
654605
654606
654607
654608
654609
654610
654611
654612
654613
654614
654615
654616
654617
654618
654619
654620
654621
654622
654623
654624
654625
654626
654627
654628
654681
654682
654683
654684
654685
654686
654687
654688
654689
654690
654691
654692
654693
654694
654695
654696
654697
654698
654699
654700
654701
654702
654703
654704
654705
654706
654733
654734
654735
654736
654737
654738
654739
654740
654741
654742
654743
654744
654745
654746
654747
654748
654749
654750
654751
654752
654753
654754
654755
654756
654757
654758
654759
654760
654761
654762
654763
654764
654765
654766
654767
654768
654769
654770
654771
654772
654773
654774
654775
654776
654777
654778
654779
654780
654781
654782
654783
654784
654785
654786
654787
654788
654789
654790
654791
654792
654793
654794
654795
654796
654797
654798
654799
654800
654801
654802
654803
654804
654805
654806
654807
654808
654809
654810
654812
654813
654815
654816
654817
654818
654819
654820
654821
654822
654823
654824
654825
654826
654827
654828
654829
654830
654831
654832
654833
654834
654835
654836
654941
654942
654943
654944
654945
654946
654947
654948
654949
654950
654951
654952
654953
654954
654955
654956
654957
654958
654959
654960
654961
654962
654963
654964
654965
654966
655019
655020
655021
655022
655023
655024
655025
655026
655027
655028
655029
655030
655031
655032
655033
655034
655035
655036
655037
655038
655039
655040
655041
655042
655043
655044
655097
655098
655099
655100
655101
655102
655103
655104
655105
655106
655107
655108
655109
655110
655111
655112
655113
655114
655115
655116
655117
655118
655119
655120
655121
655122
655149
655150
655151
655152
655153
655154
655155
655156
655157
655158
655159
655160
655161
655162
655163
655164
655165
655166
655167
655168
655169
655170
655171
655172
655173
655174
655201
655202
655203
655204
655205
655206
655207
655208
655209
655210
655211
655212
655213
655214
655215
655216
655217
655218
655219
655220
655221
655222
655223
655224
655225
655226
655227
655229
655230
655231
655232
655233
655234
655235
655236
655237
655238
655239
655240
655241
655242
655243
655244
655245
655246
655247
655248
655249
655250
655251
655252
655255
655256
655257
655258
655259
655260
655261
655262
655263
655264
655265
655266
655267
655268
655269
655270
655271
655272
655273
655274
655275
655276
655277
655278
655279
655280
655282
655283
655284
655285
655286
655288
655289
655290
655291
655292
655293
655294
655295
655296
655297
655298
655299
655300
655301
655302
655303
655304
655383
655384
655385
655386
655387
655388
655389
655390
655391
655392
655393
655394
655395
655396
655397
655398
655399
655400
655401
655402
655403
655404
655405
655406
655407
655408
655435
655436
655437
655438
655439
655440
655441
655442
655443
655444
655445
655446
655447
655448
655449
655450
655451
655452
655453
655454
655455
655456
655457
655458
655459
655460
655513
655514
655515
655516
655517
655518
655519
655520
655521
655522
655523
655524
655525
655526
655527
655528
655529
655530
655531
655532
655533
655534
655535
655536
655537
655538
655565
655566
655567
655568
655569
655570
655571
655572
655573
655574
655575
655576
655577
655578
655579
655580
655581
655582
655583
655584
655585
655586
655587
655588
655589
655590
655591
655592
655594
655595
655596
655597
655598
655599
655600
655601
655602
655603
655604
655605
655606
655607
655608
655609
655610
655611
655612
655613
655614
655615
655616
655643
655644
655645
655646
655647
655648
655649
655650
655651
655652
655653
655654
655655
655656
655657
655658
655659
655660
655661
655662
655663
655664
655665
655666
655667
655668
655669
655670
655671
655672
655673
655674
655675
655676
655677
655678
655679
655680
655681
655682
655683
655684
655685
655686
655687
655688
655689
655690
655691
655692
655693
655694
655721
655722
655723
655724
655725
655726
655727
655728
655729
655730
655731
655732
655733
655734
655735
655736
655737
655738
655739
655740
655741
655742
655743
655744
655745
655746
655799
655800
655801
655802
655803
655804
655805
655806
655807
655808
655809
655810
655811
655812
655813
655814
655815
655816
655817
655818
655819
655820
655821
655822
655823
655824
655877
655878
655879
655880
655881
655882
655883
655884
655885
655886
655887
655888
655889
655890
655891
655892
655893
655894
655895
655896
655897
655898
655899
655900
655901
655902
655904
655906
655907
655908
655909
655910
655911
655912
655913
655914
655915
655916
655917
655918
655919
655920
655921
655922
655923
655924
655925
655926
655927
655928
655929
655930
655931
655932
655933
655934
655935
655936
655937
655938
655939
655940
655941
655942
655943
655944
655945
655946
655947
655948
655949
655950
655951
655952
655953
655954
655956
655957
655958
655959
655960
655961
655962
655963
655964
655965
655966
655967
655968
655969
655970
655971
655972
655973
655974
655975
655976
655977
655978
655979
655980
656007
656008
656009
656010
656011
656012
656013
656014
656015
656016
656017
656018
656019
656020
656021
656022
656023
656024
656025
656026
656027
656028
656029
656030
656031
656032
656034
656035
656036
656037
656038
656039
656040
656041
656042
656043
656044
656045
656046
656047
656048
656049
656050
656051
656052
656053
656054
656055
656056
656057
656058
656111
656112
656113
656114
656115
656116
656117
656118
656119
656120
656121
656122
656123
656124
656125
656126
656127
656128
656129
656130
656131
656132
656133
656134
656135
656136
656138
656139
656140
656141
656142
656143
656144
656145
656146
656147
656148
656149
656150
656151
656152
656153
656154
656155
656156
656157
656158
656159
656160
656161
656162
656215
656216
656217
656218
656219
656220
656221
656222
656223
656224
656225
656226
656227
656228
656229
656230
656231
656232
656233
656234
656235
656236
656237
656238
656239
656240
656242
656243
656244
656245
656246
656247
656248
656249
656250
656251
656252
656253
656254
656255
656256
656257
656258
656259
656260
656261
656262
656263
656264
656265
656266
656268
656269
656270
656271
656272
656273
656274
656275
656276
656277
656278
656279
656280
656281
656282
656283
656284
656285
656286
656287
656288
656289
656290
656291
656292
656319
656320
656321
656322
656323
656324
656325
656326
656327
656328
656329
656330
656331
656332
656333
656334
656335
656336
656337
656338
656339
656340
656341
656342
656343
656344
656423
656424
656425
656426
656427
656428
656429
656430
656431
656432
656433
656434
656435
656436
656437
656438
656439
656440
656441
656442
656443
656444
656445
656446
656447
656448
656449
656450
656451
656452
656453
656454
656455
656456
656457
656458
656459
656460
656461
656462
656463
656464
656465
656466
656467
656468
656469
656470
656471
656472
656473
656474
656631
656632
656633
656634
656635
656636
656637
656638
656639
656640
656641
656642
656643
656644
656645
656646
656647
656648
656649
656650
656651
656652
656653
656654
656655
656656
656657
656658
656659
656660
656661
656662
656663
656664
656665
656666
656667
656668
656669
656670
656671
656672
656673
656674
656675
656676
656677
656678
656679
656680
656681
656682
656683
656684
656685
656686
656687
656688
656689
656690
656691
656692
656693
656694
656695
656696
656697
656698
656699
656700
656701
656702
656703
656704
656705
656706
656707
656708
656735
656736
656737
656738
656739
656740
656741
656742
656743
656744
656745
656746
656747
656748
656749
656750
656751
656752
656753
656754
656755
656756
656757
656758
656759
656760
656813
656814
656815
656816
656817
656818
656819
656820
656821
656822
656823
656824
656825
656826
656827
656828
656829
656830
656831
656832
656833
656834
656835
656836
656837
656838
656839
656840
656841
656842
656843
656844
656845
656846
656847
656848
656849
656850
656851
656852
656853
656854
656855
656856
656857
656858
656859
656860
656861
656862
656863
656864
656865
656866
656867
656868
656869
656870
656871
656872
656873
656874
656875
656876
656877
656878
656879
656880
656881
656882
656883
656884
656885
656886
656887
656888
656889
656890
656943
656944
656945
656946
656947
656948
656949
656950
656951
656952
656953
656954
656955
656956
656957
656958
656959
656960
656961
656962
656963
656964
656965
656966
656967
656968
657021
657022
657023
657024
657025
657026
657027
657028
657029
657030
657031
657032
657033
657034
657035
657036
657037
657038
657039
657040
657041
657042
657043
657044
657045
657046
657177
657178
657179
657180
657181
657182
657183
657184
657185
657186
657187
657188
657189
657190
657191
657192
657193
657194
657195
657196
657197
657198
657199
657200
657201
657202
657229
657230
657231
657232
657233
657234
657235
657236
657237
657238
657239
657240
657241
657242
657243
657244
657245
657246
657247
657248
657249
657250
657251
657252
657253
657254
657256
657257
657258
657259
657260
657261
657262
657263
657264
657265
657266
657267
657268
657269
657270
657271
657272
657273
657274
657275
657276
657277
657278
657279
657280
657282
657283
657284
657285
657286
657287
657288
657289
657290
657291
657292
657293
657294
657295
657296
657297
657298
657299
657300
657301
657302
657303
657304
657305
657306
657307
657308
657309
657310
657311
657312
657313
657314
657315
657316
657317
657318
657319
657320
657321
657322
657323
657324
657325
657326
657327
657328
657329
657330
657331
657332
657334
657335
657336
657337
657338
657339
657340
657341
657342
657343
657344
657345
657346
657347
657348
657349
657350
657351
657352
657353
657354
657355
657356
657357
657358
657437
657438
657439
657440
657441
657442
657443
657444
657445
657446
657447
657448
657449
657450
657451
657452
657453
657454
657455
657456
657457
657458
657459
657460
657461
657462
657464
657465
657466
657467
657468
657469
657470
657471
657472
657473
657474
657475
657476
657477
657478
657479
657480
657481
657482
657483
657484
657485
657486
657487
657488
657489
657490
657491
657492
657493
657494
657495
657496
657497
657498
657499
657500
657501
657502
657503
657504
657505
657506
657507
657508
657509
657510
657511
657512
657513
657514
657541
657542
657543
657544
657545
657546
657547
657548
657549
657550
657551
657552
657553
657554
657555
657556
657557
657558
657559
657560
657561
657562
657563
657564
657565
657566
657567
657570
657571
657572
657573
657574
657575
657576
657577
657578
657579
657580
657581
657582
657583
657584
657585
657586
657587
657588
657589
657590
657591
657592
657619
657620
657621
657622
657623
657624
657625
657626
657627
657628
657629
657630
657631
657632
657633
657634
657635
657636
657637
657638
657639
657640
657641
657642
657643
657644
657697
657698
657699
657700
657701
657702
657703
657704
657705
657706
657707
657708
657709
657710
657711
657712
657713
657714
657715
657716
657717
657718
657719
657720
657721
657722
657749
657750
657751
657752
657753
657754
657755
657756
657757
657758
657759
657760
657761
657763
657764
657765
657766
657767
657768
657769
657770
657771
657772
657773
657774
657801
657802
657803
657804
657805
657806
657807
657808
657809
657810
657811
657812
657813
657814
657815
657816
657817
657818
657819
657820
657821
657822
657823
657824
657825
657826
657853
657854
657855
657856
657857
657858
657859
657860
657861
657862
657863
657864
657865
657866
657867
657868
657869
657870
657871
657872
657873
657874
657875
657876
657877
657878
657879
657880
657881
657883
657884
657885
657886
657887
657888
657889
657890
657891
657892
657893
657894
657895
657896
657897
657898
657899
657900
657901
657902
657903
657904
657905
657907
657908
657909
657910
657911
657912
657913
657914
657915
657916
657917
657918
657919
657920
657921
657922
657923
657924
657925
657926
657927
657928
657929
657930
657957
657958
657959
657960
657961
657962
657963
657964
657965
657966
657967
657968
657969
657970
657971
657972
657973
657974
657975
657976
657977
657978
657979
657980
657981
657982
658061
658062
658063
658064
658065
658066
658067
658068
658069
658070
658071
658072
658073
658074
658075
658076
658077
658078
658079
658080
658081
658082
658083
658084
658085
658086
658113
658114
658115
658116
658117
658118
658119
658120
658121
658122
658123
658124
658125
658126
658127
658128
658129
658130
658131
658132
658133
658134
658135
658136
658137
658138
658165
658166
658167
658168
658169
658170
658171
658172
658173
658174
658175
658176
658177
658178
658179
658180
658181
658182
658183
658184
658185
658186
658187
658188
658189
658190
658243
658244
658245
658246
658247
658248
658249
658250
658251
658252
658253
658254
658255
658256
658257
658258
658259
658260
658261
658262
658263
658264
658265
658266
658267
658268
658269
658270
658271
658272
658273
658274
658275
658276
658277
658278
658279
658280
658281
658282
658283
658284
658285
658286
658287
658288
658289
658290
658291
658292
658293
658294
658373
658374
658375
658376
658377
658378
658379
658380
658381
658382
658383
658384
658385
658386
658387
658388
658389
658390
658391
658392
658393
658394
658395
658396
658397
658398
658399
658400
658402
658403
658404
658405
658406
658407
658408
658409
658410
658411
658412
658413
658414
658415
658416
658417
658418
658419
658420
658421
658422
658423
658424
658426
658427
658428
658429
658430
658431
658432
658433
658434
658435
658436
658437
658438
658439
658440
658441
658442
658443
658444
658445
658446
658447
658448
658449
658450
658452
658453
658454
658456
658457
658458
658459
658460
658461
658462
658463
658464
658465
658466
658467
658468
658469
658470
658471
658472
658473
658474
658475
658476
658478
658479
658480
658481
658482
658483
658484
658485
658486
658487
658488
658489
658490
658491
658492
658493
658494
658495
658496
658497
658498
658499
658500
658501
658502
658529
658530
658531
658532
658533
658534
658535
658536
658537
658538
658539
658540
658541
658542
658543
658544
658545
658546
658547
658548
658549
658550
658551
658552
658553
658554
658581
658582
658583
658584
658585
658586
658587
658588
658589
658590
658591
658592
658593
658594
658595
658596
658597
658598
658599
658600
658601
658602
658603
658604
658605
658606
658633
658634
658635
658636
658637
658638
658639
658640
658641
658642
658643
658644
658645
658646
658647
658648
658649
658650
658651
658652
658653
658654
658655
658656
658657
658658
658841
658842
658843
658844
658845
658846
658847
658848
658849
658850
658851
658852
658853
658854
658855
658856
658857
658858
658859
658860
658861
658862
658863
658864
658865
658866
658919
658920
658921
658922
658923
658924
658925
658926
658927
658928
658929
658930
658931
658932
658933
658934
658935
658936
658937
658938
658939
658940
658941
658942
658943
658944
659205
659206
659207
659208
659209
659210
659211
659212
659213
659214
659215
659216
659217
659218
659219
659220
659221
659222
659223
659224
659225
659226
659227
659228
659229
659230
659335
659336
659337
659338
659339
659340
659341
659342
659343
659344
659345
659346
659347
659348
659349
659350
659351
659352
659353
659354
659355
659356
659357
659358
659359
659360
659387
659388
659389
659390
659391
659392
659393
659394
659395
659396
659397
659398
659399
659400
659401
659402
659403
659404
659405
659406
659407
659408
659409
659410
659411
659412
659413
659414
659415
659416
659417
659418
659419
659420
659421
659422
659423
659424
659425
659426
659427
659428
659429
659430
659431
659432
659433
659434
659435
659436
659437
659438
659439
659442
659443
659444
659445
659446
659447
659448
659449
659450
659451
659452
659453
659454
659455
659456
659457
659458
659459
659460
659461
659462
659463
659464
659465
659466
659467
659468
659469
659470
659471
659472
659473
659474
659475
659476
659477
659478
659479
659480
659481
659482
659483
659484
659485
659486
659487
659488
659489
659490
659543
659544
659545
659546
659547
659548
659549
659550
659551
659552
659553
659554
659555
659556
659557
659558
659559
659560
659561
659562
659563
659564
659565
659566
659567
659568
659595
659596
659597
659598
659599
659600
659601
659602
659603
659604
659605
659606
659607
659608
659609
659610
659611
659612
659613
659614
659615
659616
659617
659618
659619
659620
659621
659622
659623
659624
659625
659626
659627
659628
659629
659630
659631
659632
659633
659634
659635
659636
659637
659638
659639
659640
659641
659642
659643
659644
659645
659646
659725
659726
659727
659728
659729
659730
659731
659732
659733
659734
659735
659736
659737
659738
659739
659740
659741
659742
659743
659744
659745
659746
659747
659748
659749
659750
659751
659752
659753
659755
659756
659758
659759
659762
659763
659766
659767
659768
659769
659770
659771
659774
659775
659776
659803
659804
659805
659806
659807
659808
659809
659810
659811
659812
659813
659814
659815
659816
659817
659818
659820
659821
659822
659823
659824
659825
659826
659827
659828
659933
659934
659935
659936
659937
659938
659939
659940
659941
659942
659943
659944
659945
659946
659947
659948
659949
659950
659951
659952
659953
659954
659955
659956
659957
659958
659959
659960
659962
659963
659964
659965
659966
659967
659968
659969
659970
659971
659973
659974
659975
659976
659977
659978
659979
659981
659982
659983
659984
659986
659987
659988
659989
659990
659991
659992
659993
659994
659995
659996
659997
659998
659999
660000
660001
660002
660003
660004
660005
660007
660008
660009
660010
660011
660012
660013
660014
660018
660019
660022
660023
660024
660025
660026
660027
660028
660029
660031
660032
660033
660034
660035
660036
660064
660065
660066
660067
660068
660069
660070
660071
660072
660073
660074
660075
660076
660077
660078
660079
660080
660082
660083
660085
660086
660088
660141
660142
660145
660146
660147
660148
660149
660151
660153
660154
660155
660159
660163
660164
660165
660166
660169
660170
660177
660178
660179
660181
660182
660183
660185
660192
660193
660194
660195
660198
660199
660200
660203
660206
660207
660209
660212
660213
660215
660246
660249
660251
660252
660257
660259
660260
660262
660263
660264
660265
660266
660267
660269
660270
660297
660301
660311
660312
660313
660314
660315
660316
660317
660318
660319
660697
