660401
660402
660403
660404
660405
660406
660407
660408
660409
660410
660411
660412
660413
660414
660415
660416
660417
660418
660419
660420
660421
660422
660423
660424
660425
660426
660429
660430
660431
660432
660433
660434
660435
660436
660437
660438
660439
660440
660441
660442
660443
660444
660445
660446
660447
660448
660449
660450
660451
660452
660479
660480
660481
660482
660483
660484
660485
660486
660487
660488
660489
660490
660491
660492
660493
660494
660495
660496
660497
660498
660499
660500
660501
660502
660503
660504
660609
660610
660611
660612
660613
660614
660615
660616
660617
660618
660619
660620
660621
660622
660623
660624
660625
660626
660627
660628
660629
660630
660631
660632
660633
660634
660687
660688
660689
660690
660691
660692
660693
660694
660695
660696
660698
660699
660700
660701
660702
660703
660704
660705
660706
660707
660708
660709
660710
660711
660712
660713
660714
660715
660716
660717
660718
660719
660720
660721
660722
660723
660724
660725
660726
660727
660728
660729
660730
660731
660732
660733
660734
660735
660736
660737
660738
660739
660740
660741
660742
660743
660744
660745
660746
660747
660749
660750
660751
660752
660753
660754
660755
660756
660757
660758
660759
660760
660761
660762
660763
660764
660765
660766
660767
660768
660769
660770
660771
660772
660773
660774
660775
660776
660777
660778
660779
660780
660781
660782
660783
660784
660785
660786
660787
660788
660789
660790
660817
660818
660819
660820
660821
660822
660823
660824
660825
660826
660827
660828
660829
660830
660831
660832
660833
660834
660835
660836
660837
660838
660839
660840
660841
660842
660843
660844
660845
660846
660847
660848
660849
660850
660851
660852
660853
660854
660855
660856
660857
660858
660859
660860
660861
660862
660863
660864
660865
660866
660867
660868
660869
660870
660871
660872
660873
660874
660875
660876
660877
660878
660879
660880
660881
660882
660883
660884
660885
660886
660887
660888
660889
660890
660891
660892
660893
660894
660895
660896
660898
660899
660900
660901
660902
660903
660904
660905
660906
660907
660908
660909
660910
660911
660912
660913
660914
660915
660916
660917
660918
660919
660920
660973
660974
660975
660976
660977
660978
660979
660980
660981
660982
660983
660984
660985
660986
660987
660988
660989
660990
660991
660992
660994
660995
660996
660997
660998
660999
661000
661001
661002
661003
661004
661005
661006
661007
661008
661009
661010
661011
661012
661013
661014
661015
661016
661017
661018
661019
661020
661021
661022
661023
661024
661051
661052
661053
661054
661055
661056
661057
661058
661059
661060
661061
661062
661063
661064
661065
661066
661067
661068
661069
661070
661071
661072
661073
661074
661075
661076
661077
661078
661079
661080
661081
661082
661083
661084
661085
661086
661087
661088
661089
661090
661091
661092
661093
661094
661095
661096
661097
661098
661099
661100
661101
661102
661181
661182
661183
661184
661185
661186
661187
661188
661189
661190
661191
661192
661193
661194
661195
661196
661197
661198
661199
661200
661201
661202
661203
661204
661205
661206
661259
661260
661261
661262
661263
661264
661265
661266
661267
661268
661269
661270
661271
661272
661273
661274
661275
661276
661277
661278
661279
661280
661281
661282
661283
661284
661285
661286
661287
661288
661289
661290
661291
661292
661293
661294
661295
661296
661297
661298
661299
661300
661301
661302
661303
661304
661305
661306
661307
661308
661309
661310
661311
661312
661313
661314
661315
661316
661317
661318
661319
661320
661321
661322
661323
661324
661325
661326
661327
661328
661329
661330
661331
661332
661333
661334
661335
661336
661389
661390
661391
661392
661393
661394
661395
661396
661397
661398
661399
661400
661401
661402
661403
661404
661405
661406
661407
661408
661409
661410
661411
661412
661413
661414
661415
661417
661418
661419
661420
661421
661422
661423
661424
661425
661426
661427
661428
661429
661430
661431
661432
661433
661434
661435
661436
661437
661438
661439
661440
661441
661442
661443
661444
661445
661446
661447
661448
661449
661450
661451
661452
661453
661454
661455
661456
661457
661458
661459
661460
661461
661462
661463
661464
661465
661466
661545
661546
661547
661548
661549
661550
661551
661552
661553
661554
661555
661556
661557
661558
661559
661560
661561
661562
661563
661564
661565
661566
661567
661568
661569
661570
661597
661598
661599
661600
661601
661602
661603
661604
661605
661606
661607
661608
661609
661610
661611
661612
661613
661614
661615
661616
661617
661618
661619
661620
661621
661622
661727
661728
661729
661730
661731
661732
661733
661734
661735
661736
661737
661738
661739
661740
661741
661742
661743
661744
661745
661746
661747
661748
661749
661750
661751
661752
661753
661754
661755
661756
661757
661759
661760
661761
661762
661763
661764
661765
661766
661767
661768
661769
661770
661771
661772
661773
661774
661775
661776
661777
661778
661831
661832
661833
661834
661835
661836
661837
661838
661839
661840
661841
661842
661843
661844
661845
661846
661847
661848
661849
661850
661851
661852
661853
661854
661855
661856
661858
661859
661860
661861
661862
661863
661864
661865
661866
661867
661868
661869
661870
661871
661872
661873
661874
661875
661876
661877
661878
661879
661880
661881
661882
661884
661885
661886
661887
661888
661889
661890
661891
661892
661893
661894
661895
661896
661897
661898
661899
661900
661901
661902
661903
661904
661905
661906
661907
661908
661910
661911
661912
661913
661914
661915
661916
661917
661918
661919
661920
661921
661922
661923
661924
661925
661926
661927
661928
661929
661930
661931
661932
661933
661934
661987
661988
661989
661990
661991
661992
661993
661994
661995
661996
661997
661998
661999
662000
662001
662002
662003
662004
662005
662006
662007
662008
662009
662010
662011
662012
662013
662014
662015
662016
662017
662018
662020
662021
662022
662023
662024
662025
662026
662027
662028
662029
662030
662031
662032
662033
662034
662035
662036
662037
662038
662247
662248
662249
662250
662251
662252
662253
662254
662255
662256
662257
662258
662259
662260
662261
662262
662263
662264
662265
662266
662267
662268
662269
662270
662271
662272
662273
662275
662276
662277
662278
662279
662280
662281
662282
662283
662284
662285
662286
662287
662288
662289
662290
662291
662292
662293
662294
662295
662296
662297
662298
662299
662300
662301
662302
662303
662304
662305
662306
662307
662308
662309
662310
662311
662312
662313
662315
662316
662317
662318
662319
662320
662321
662322
662323
662324
662351
662352
662353
662354
662355
662356
662357
662358
662359
662360
662361
662362
662363
662364
662365
662366
662367
662368
662369
662370
662371
662372
662373
662374
662375
662376
662429
662430
662431
662432
662433
662434
662435
662436
662437
662438
662439
662440
662441
662442
662443
662444
662445
662446
662447
662448
662449
662450
662451
662452
662453
662454
662456
662457
662458
662459
662460
662461
662462
662463
662464
662465
662466
662467
662468
662469
662470
662471
662472
662473
662474
662475
662476
662477
662478
662479
662480
662481
662482
662483
662484
662485
662486
662487
662488
662489
662490
662491
662492
662493
662494
662495
662496
662497
662498
662499
662500
662501
662502
662503
662504
662505
662506
662507
662510
662511
662512
662513
662514
662515
662516
662517
662518
662519
662520
662521
662522
662523
662524
662525
662526
662527
662528
662529
662530
662531
662532
662741
662742
662743
662744
662745
662746
662747
662748
662749
662750
662751
662752
662753
662754
662755
662757
662758
662759
662760
662761
662762
662763
662764
662765
662766
662819
662820
662821
662822
662823
662824
662825
662826
662827
662828
662829
662830
662831
662832
662833
662834
662835
662836
662837
662838
662839
662840
662841
662842
662843
662844
662923
662924
662925
662926
662927
662928
662929
662930
662931
662932
662933
662934
662935
662936
662937
662938
662939
662940
662941
662942
662943
662944
662945
662946
662947
662948
662950
662951
662952
662953
662954
662955
662956
662957
662958
662959
662960
662961
662962
662963
662964
662965
662966
662967
662968
662969
662970
662971
662972
662973
662974
663001
663002
663003
663004
663005
663006
663007
663008
663009
663010
663011
663012
663013
663014
663015
663016
663017
663018
663019
663020
663021
663022
663023
663024
663025
663026
663027
663029
663030
663032
663033
663034
663035
663036
663037
663038
663039
663040
663041
663042
663043
663044
663045
663046
663047
663048
663049
663050
663051
663052
663053
663055
663056
663057
663059
663060
663061
663062
663063
663064
663065
663066
663067
663068
663069
663070
663071
663072
663073
663074
663075
663076
663077
663078
663079
663080
663081
663082
663083
663084
663085
663086
663087
663088
663089
663090
663091
663092
663093
663094
663095
663096
663097
663098
663099
663100
663101
663102
663103
663104
663157
663158
663159
663160
663161
663162
663163
663164
663165
663166
663167
663168
663169
663170
663171
663172
663173
663174
663175
663176
663177
663178
663179
663180
663181
663182
663209
663210
663211
663212
663213
663214
663215
663216
663217
663218
663219
663220
663221
663222
663223
663224
663225
663226
663227
663228
663229
663230
663231
663232
663233
663234
663261
663262
663263
663264
663265
663266
663267
663268
663269
663270
663271
663272
663273
663274
663275
663276
663277
663278
663279
663280
663281
663282
663283
663284
663285
663286
663339
663340
663341
663342
663343
663344
663345
663346
663347
663348
663349
663350
663351
663352
663353
663354
663355
663356
663357
663358
663359
663360
663361
663362
663363
663364
663417
663418
663419
663420
663421
663422
663423
663424
663425
663426
663427
663428
663429
663430
663431
663432
663433
663434
663435
663436
663437
663438
663439
663440
663441
663442
663443
663444
663445
663446
663447
663448
663449
663450
663451
663452
663453
663454
663455
663456
663457
663458
663459
663460
663461
663462
663463
663464
663465
663466
663467
663468
663521
663522
663523
663524
663525
663526
663527
663528
663529
663530
663531
663532
663533
663534
663535
663536
663537
663538
663539
663540
663541
663542
663543
663544
663545
663546
663573
663574
663575
663576
663577
663578
663579
663580
663581
663582
663583
663584
663585
663586
663587
663588
663589
663590
663591
663592
663593
663594
663595
663596
663597
663598
663600
663601
663602
663603
663604
663605
663606
663607
663608
663609
663610
663611
663612
663613
663614
663615
663616
663617
663618
663619
663620
663621
663622
663623
663624
663626
663628
663629
663630
663631
663632
663633
663634
663635
663636
663637
663638
663639
663640
663641
663642
663643
663644
663645
663646
663647
663648
663649
663650
663755
663756
663757
663758
663759
663760
663761
663762
663763
663764
663765
663766
663767
663768
663769
663770
663771
663772
663773
663774
663775
663776
663777
663778
663779
663780
663781
663782
663784
663785
663786
663787
663788
663789
663790
663791
663792
663793
663794
663795
663796
663797
663798
663799
663800
663801
663802
663803
663804
663805
663806
663885
663886
663887
663888
663889
663890
663891
663892
663893
663894
663895
663896
663897
663898
663899
663900
663901
663902
663903
663904
663905
663906
663907
663908
663909
663910
663912
663914
663915
663916
663917
663918
663919
663920
663921
663922
663923
663924
663925
663926
663927
663928
663929
663930
663931
663932
663933
663934
663935
663936
663937
663938
663939
663940
663941
663942
663943
663944
663945
663946
663947
663948
663949
663950
663951
663952
663953
663954
663955
663956
663957
663958
663959
663960
663961
663962
664067
664069
664070
664071
664072
664073
664074
664075
664076
664077
664078
664079
664080
664081
664082
664083
664084
664085
664086
664087
664088
664089
664090
664091
664092
664119
664120
664121
664122
664123
664124
664125
664126
664127
664128
664129
664130
664131
664132
664133
664134
664135
664136
664137
664138
664139
664140
664141
664142
664143
664144
664171
664172
664173
664174
664175
664176
664177
664178
664179
664180
664181
664182
664183
664184
664185
664186
664187
664188
664189
664190
664191
664192
664193
664194
664195
664196
664353
664354
664355
664356
664357
664358
664359
664360
664361
664362
664363
664364
664365
664366
664368
664369
664370
664371
664373
664374
664375
664376
664377
664378
664379
664381
664382
664384
664385
664386
664387
664388
664389
664390
664391
664392
664393
664394
664395
664396
664397
664398
664399
664400
664401
664402
664403
664404
664431
664432
664433
664434
664435
664436
664437
664438
664439
664440
664441
664442
664443
664444
664445
664446
664447
664448
664449
664450
664451
664452
664453
664454
664455
664456
664535
664536
664537
664538
664539
664540
664541
664542
664543
664544
664545
664546
664547
664548
664549
664550
664551
664552
664553
664554
664555
664556
664557
664558
664559
664560
664561
664562
664563
664565
664566
664567
664568
664569
664570
664571
664572
664573
664574
664575
664576
664577
664578
664579
664580
664581
664582
664583
664584
664585
664586
664587
664588
664589
664590
664591
664592
664593
664594
664595
664596
664597
664598
664599
664600
664601
664602
664603
664604
664605
664606
664607
664608
664609
664610
664611
664612
664613
664614
664615
664616
664617
664618
664619
664620
664621
664622
664623
664624
664625
664626
664627
664628
664629
664630
664631
664632
664633
664634
664635
664636
664637
664638
664691
664692
664693
664694
664695
664696
664697
664698
664699
664700
664701
664702
664703
664704
664705
664706
664707
664708
664709
664710
664711
664712
664713
664714
664715
664716
664722
664723
664724
664725
664726
664727
664728
664729
664730
664731
664732
664733
664734
664735
664736
664737
664738
664739
664740
664741
664742
664847
664848
664849
664850
664851
664852
664853
664854
664855
664856
664857
664858
664859
664860
664861
664863
664864
664865
664866
664867
664868
664869
664870
664871
664872
664873
664874
664876
664877
664878
664879
664880
664881
664882
664883
664884
664885
664886
664887
664888
664889
664890
664891
664892
664893
664894
664895
664896
664897
664898
664925
664926
664927
664928
664929
664930
664931
664932
664933
664934
664935
664936
664937
664938
664939
664940
664941
664942
664943
664944
664945
664946
664947
664948
664949
664950
664952
664953
664954
664955
664956
664957
664958
664959
664960
664961
664962
664963
664964
664965
664966
664967
664968
664969
664970
664971
664972
664973
664974
664975
664976
665003
665004
665005
665006
665007
665008
665009
665010
665011
665012
665013
665014
665015
665016
665017
665018
665019
665020
665021
665022
665023
665024
665025
665026
665027
665028
665055
665056
665057
665058
665059
665060
665061
665062
665063
665064
665065
665066
665067
665068
665069
665070
665071
665072
665073
665074
665075
665076
665077
665078
665079
665080
665133
665134
665135
665136
665137
665138
665139
665140
665141
665142
665143
665144
665145
665146
665147
665148
665149
665150
665151
665152
665153
665154
665155
665156
665157
665158
665237
665238
665239
665240
665241
665242
665243
665244
665245
665246
665247
665248
665249
665250
665251
665252
665253
665254
665255
665256
665257
665258
665259
665260
665261
665262
665264
665267
665268
665269
665270
665271
665272
665273
665274
665275
665276
665277
665278
665279
665280
665281
665282
665283
665284
665285
665286
665287
665288
665290
665292
665293
665294
665295
665296
665297
665298
665299
665300
665301
665302
665303
665304
665305
665306
665307
665308
665309
665310
665311
665312
665313
665314
665367
665368
665369
665370
665371
665372
665373
665374
665375
665376
665377
665378
665379
665380
665381
665382
665383
665384
665385
665386
665387
665388
665389
665390
665391
665392
665393
665394
665395
665396
665397
665398
665399
665400
665401
665402
665403
665404
665405
665406
665407
665408
665409
665410
665411
665412
665413
665414
665415
665416
665418
665471
665472
665473
665474
665475
665476
665477
665478
665479
665480
665481
665482
665483
665484
665485
665486
665487
665488
665489
665490
665491
665492
665493
665494
665495
665496
665497
665498
665499
665500
665501
665502
665503
665504
665505
665506
665507
665508
665509
665510
665511
665512
665513
665514
665515
665516
665517
665518
665519
665520
665521
665522
665601
665602
665603
665604
665605
665606
665607
665608
665609
665610
665611
665612
665613
665614
665615
665616
665617
665618
665619
665620
665621
665622
665623
665624
665625
665626
665628
665629
665630
665631
665632
665633
665634
665635
665636
665637
665638
665639
665640
665641
665642
665643
665644
665645
665646
665647
665648
665649
665650
665651
665652
665679
665680
665681
665683
665684
665685
665686
665687
665688
665689
665690
665691
665692
665693
665694
665695
665696
665697
665698
665699
665700
665701
665702
665703
665704
665783
665784
665785
665786
665787
665788
665789
665790
665791
665792
665793
665794
665795
665796
665797
665798
665799
665800
665801
665802
665803
665804
665805
665806
665807
665808
665809
665810
665811
665812
665813
665814
665815
665816
665817
665818
665819
665820
665821
665822
665823
665824
665825
665826
665827
665828
665829
665830
665831
665832
665833
665834
665835
665836
665837
665838
665839
665840
665841
665842
665843
665844
665845
665846
665847
665848
665849
665850
665851
665852
665853
665854
665855
665856
665857
665858
665859
665860
665887
665888
665889
665890
665891
665892
665893
665894
665895
665896
665897
665898
665899
665900
665901
665902
665903
665904
665905
665906
665907
665908
665909
665910
665911
665912
665913
665914
665916
665917
665918
665919
665920
665921
665922
665923
665924
665925
665926
665927
665928
665929
665930
665931
665932
665933
665934
665935
665936
665937
665938
665939
665941
665942
665943
665944
665945
665946
665947
665948
665949
665950
665951
665952
665953
665954
665955
665956
665957
665958
665959
665960
665961
665962
665963
665964
665991
665992
665993
665994
665995
665996
665997
665998
665999
666000
666001
666002
666003
666004
666005
666006
666007
666008
666009
666010
666011
666012
666013
666014
666015
666016
666017
666018
666019
666020
666021
666022
666023
666024
666025
666026
666027
666028
666029
666030
666031
666032
666033
666034
666035
666036
666037
666038
666039
666040
666041
666042
666043
666044
666045
666046
666047
666048
666049
666050
666051
666052
666053
666054
666055
666056
666057
666058
666059
666060
666061
666062
666063
666064
666065
666066
666067
666068
666069
666070
666071
666072
666073
666074
666075
666076
666077
666078
666079
666080
666081
666082
666083
666084
666085
666086
666087
666088
666089
666090
666091
666092
666093
666094
666121
666122
666123
666124
666125
666126
666127
666128
666129
666130
666131
666132
666133
666134
666135
666136
666137
666138
666139
666140
666141
666142
666143
666144
666145
666146
666173
666174
666175
666176
666177
666178
666179
666180
666181
666182
666183
666184
666185
666186
666187
666188
666189
666190
666191
666192
666193
666194
666195
666196
666197
666198
666200
666201
666203
666204
666206
666207
666208
666210
666211
666212
666213
666214
666215
666216
666217
666218
666219
666220
666221
666222
666223
666224
666225
666226
666227
666228
666229
666230
666231
666232
666233
666234
666235
666236
666237
666238
666239
666240
666241
666242
666243
666244
666245
666246
666247
666248
666249
666250
666251
666253
666254
666256
666257
666258
666259
666260
666261
666262
666263
666264
666265
666266
666267
666268
666269
666270
666271
666272
666273
666274
666275
666276
666277
666278
666279
666280
666281
666282
666284
666286
666287
666288
666289
666291
666292
666293
666294
666295
666296
666297
666298
666299
666300
666301
666302
666303
666304
666305
666306
666307
666308
666309
666310
666311
666312
666313
666314
666315
666316
666317
666318
666319
666320
666321
666322
666323
666324
666325
666326
666327
666328
666355
666356
666357
666358
666359
666360
666361
666362
666363
666364
666365
666366
666367
666368
666369
666370
666371
666372
666373
666374
666375
666376
666377
666378
666379
666380
666381
666382
666383
666384
666385
666386
666387
666388
666389
666390
666391
666392
666393
666394
666395
666396
666397
666398
666399
666400
666401
666402
666403
666404
666405
666406
666485
666486
666487
666488
666489
666490
666491
666492
666493
666494
666495
666496
666497
666498
666499
666500
666501
666502
666503
666504
666505
666506
666507
666508
666509
666510
666537
666538
666539
666540
666541
666542
666543
666544
666545
666546
666547
666548
666549
666550
666551
666552
666553
666554
666555
666556
666557
666558
666559
666560
666561
666562
666564
666566
666567
666569
666570
666571
666572
666574
666575
666576
666577
666578
666579
666580
666581
666582
666584
666586
666587
666588
666589
666590
666591
666592
666593
666594
666595
666596
666597
666599
666600
666601
666604
666606
666607
666609
666610
666611
666612
666613
666614
666615
666617
666618
666620
666622
666623
666624
666626
666627
666628
666631
666632
666633
666635
666636
666637
666638
666639
666640
666642
666643
666644
666645
666647
666648
666650
666653
666655
666656
666657
666658
666659
666660
666662
666663
666745
666746
666747
666748
666749
666750
666751
666752
666753
666754
666756
666757
666758
666759
666760
666761
666762
666763
666764
666765
666766
666767
666768
666769
666770
666823
666825
666826
666827
666828
666829
666830
666831
666832
666833
666834
666835
666836
666839
666840
666842
666843
666844
666845
666846
666848
666849
666850
666857
666858
666860
666861
666862
666863
666864
666865
666866
666868
666869
666870
666871
666874
667057
667058
667059
667061
667062
667063
667064
667065
