667066
667067
667068
667069
667070
667071
667072
667073
667074
667075
667076
667077
667078
667079
667080
667081
667082
667084
667085
667086
667087
667088
667089
667090
667091
667092
667093
667094
667095
667096
667097
667098
667099
667100
667101
667102
667103
667104
667105
667106
667107
667108
667161
667162
667163
667164
667165
667166
667167
667168
667169
667170
667171
667172
667173
667174
667175
667176
667177
667178
667179
667180
667181
667182
667183
667184
667185
667186
667187
667188
667190
667191
667192
667193
667194
667195
667196
667197
667198
667199
667200
667201
667202
667203
667204
667205
667206
667207
667208
667209
667210
667211
667212
667215
667216
667217
667218
667219
667220
667221
667222
667223
667224
667225
667226
667227
667228
667229
667230
667231
667232
667233
667234
667235
667236
667237
667238
667291
667292
667293
667294
667295
667296
667297
667298
667299
667300
667301
667302
667303
667304
667305
667306
667307
667308
667309
667310
667311
667312
667313
667314
667315
667316
667369
667370
667371
667372
667373
667374
667375
667376
667377
667378
667379
667380
667381
667382
667383
667384
667385
667386
667387
667388
667389
667390
667391
667392
667393
667394
667395
667396
667397
667398
667399
667400
667401
667402
667403
667404
667405
667406
667407
667408
667409
667410
667411
667412
667413
667414
667415
667416
667417
667418
667419
667420
667447
667448
667449
667450
667451
667452
667453
667454
667455
667456
667457
667458
667459
667460
667461
667462
667463
667464
667465
667466
667467
667468
667469
667470
667471
667472
667499
667500
667501
667502
667503
667504
667505
667506
667507
667508
667509
667510
667511
667512
667513
667514
667515
667516
667517
667518
667519
667520
667521
667522
667523
667524
667603
667604
667605
667606
667607
667608
667609
667610
667611
667612
667613
667614
667615
667616
667617
667618
667619
667620
667621
667622
667623
667624
667625
667626
667627
667628
667629
667630
667631
667632
667633
667634
667635
667636
667637
667638
667639
667640
667641
667642
667643
667644
667645
667646
667647
667648
667649
667650
667651
667652
667653
667654
667657
667658
667659
667660
667661
667662
667663
667664
667665
667666
667667
667668
667669
667670
667671
667672
667673
667674
667675
667676
667677
667678
667679
667680
667733
667734
667735
667736
667737
667738
667739
667740
667741
667742
667743
667744
667745
667746
667747
667748
667749
667750
667751
667752
667753
667754
667755
667756
667757
667758
667759
667760
667761
667762
667763
667764
667765
667766
667767
667768
667769
667770
667771
667772
667773
667774
667775
667776
667777
667778
667779
667780
667781
667782
667783
667784
667785
667786
667787
667789
667790
667791
667792
667793
667794
667795
667796
667797
667798
667799
667800
667801
667802
667803
667804
667805
667806
667807
667808
667809
667810
667811
667812
667813
667814
667815
667816
667817
667818
667819
667820
667821
667822
667823
667824
667825
667826
667827
667828
667829
667830
667831
667832
667833
667834
667835
667836
667863
667864
667865
667866
667867
667868
667869
667870
667871
667872
667873
667874
667875
667876
667877
667878
667879
667880
667881
667882
667883
667884
667885
667886
667887
667888
667889
667890
667891
667892
667893
667894
667895
667896
667897
667898
667899
667900
667901
667902
667903
667904
667905
667906
667907
667908
667909
667910
667911
667912
667913
667914
667915
667916
667917
667919
667920
667921
667922
667923
667924
667925
667926
667927
667928
667929
667930
667931
667932
667933
667934
667935
667936
667937
667938
667939
667940
667942
667943
667944
667945
667946
667947
667948
667949
667950
667951
667952
667953
667954
667955
667956
667957
667958
667959
667960
667961
667962
667963
667964
667965
667966
667967
667968
667969
667970
667971
667972
667973
667974
667975
667976
667977
667978
667979
667980
667981
667982
667983
667984
667985
667986
667987
667988
667989
667990
667991
667992
667993
667994
667995
667996
667997
667998
667999
668000
668001
668002
668003
668004
668005
668006
668007
668008
668009
668010
668011
668012
668013
668014
668015
668016
668017
668018
668019
668020
668021
668022
668023
668024
668025
668026
668027
668028
668029
668030
668031
668032
668033
668034
668035
668036
668037
668038
668039
668040
668041
668042
668043
668044
668071
668072
668073
668074
668075
668076
668077
668078
668079
668080
668081
668082
668083
668084
668085
668086
668087
668088
668089
668090
668091
668092
668093
668094
668095
668096
668149
668150
668151
668152
668153
668154
668155
668156
668157
668158
668159
668160
668161
668162
668163
668164
668165
668166
668167
668168
668169
668170
668171
668172
668173
668174
668201
668202
668203
668204
668205
668206
668207
668208
668209
668210
668211
668212
668213
668214
668215
668216
668217
668218
668219
668220
668221
668222
668223
668224
668225
668226
668227
668228
668229
668230
668231
668232
668233
668234
668235
668236
668237
668238
668239
668240
668241
668242
668243
668244
668245
668246
668247
668248
668249
668250
668251
668252
668253
668254
668255
668256
668257
668258
668259
668260
668261
668262
668263
668264
668265
668266
668267
668268
668269
668270
668271
668272
668273
668274
668275
668276
668277
668278
668280
668281
668282
668283
668284
668285
668286
668287
668288
668289
668290
668291
668292
668293
668294
668295
668296
668297
668298
668299
668300
668301
668302
668303
668304
668331
668332
668333
668334
668335
668336
668337
668338
668339
668340
668341
668342
668343
668344
668345
668346
668347
668348
668349
668350
668351
668352
668353
668354
668355
668356
668383
668384
668385
668386
668387
668388
668389
668390
668391
668392
668393
668394
668395
668396
668397
668398
668399
668400
668401
668402
668403
668404
668405
668406
668407
668408
668487
668488
668489
668490
668491
668492
668493
668494
668495
668496
668497
668498
668499
668500
668501
668502
668503
668504
668505
668506
668507
668508
668509
668510
668511
668512
668514
668515
668516
668517
668518
668519
668520
668521
668522
668523
668524
668525
668526
668527
668528
668529
668530
668531
668532
668533
668534
668535
668536
668537
668538
668591
668592
668593
668594
668595
668596
668597
668598
668599
668600
668601
668602
668603
668604
668605
668606
668607
668608
668609
668610
668611
668612
668613
668614
668615
668616
668643
668644
668645
668646
668647
668648
668649
668650
668651
668652
668653
668654
668655
668656
668657
668658
668659
668660
668661
668662
668663
668664
668665
668666
668667
668668
668669
668670
668671
668672
668673
668674
668675
668676
668677
668678
668679
668680
668681
668682
668683
668684
668685
668686
668687
668688
668689
668690
668691
668692
668693
668694
668695
668696
668697
668698
668699
668700
668701
668702
668703
668704
668705
668706
668707
668708
668709
668710
668711
668712
668713
668714
668715
668716
668717
668718
668719
668720
668929
668930
668931
668932
668933
668934
668935
668936
668937
668938
668939
668940
668941
668942
668943
668944
668945
668946
668947
668948
668949
668950
668951
668952
668953
668954
668981
668982
668983
668984
668985
668986
668987
668988
668989
668990
668991
668992
668993
668994
668995
668996
668997
668998
668999
669000
669001
669002
669003
669004
669005
669006
669111
669112
669113
669114
669115
669116
669117
669118
669119
669120
669121
669122
669123
669124
669125
669126
669127
669128
669129
669130
669131
669132
669133
669134
669135
669136
669138
669139
669140
669141
669142
669143
669144
669145
669146
669147
669148
669149
669150
669151
669152
669153
669154
669155
669156
669157
669158
669159
669160
669161
669162
669189
669190
669191
669192
669193
669194
669195
669196
669197
669198
669199
669200
669201
669202
669203
669204
669205
669206
669207
669208
669209
669210
669211
669212
669213
669214
669241
669242
669243
669244
669245
669246
669247
669248
669249
669250
669251
669252
669253
669254
669255
669256
669257
669258
669259
669260
669261
669262
669263
669264
669265
669266
669268
669269
669270
669271
669272
669273
669274
669275
669276
669277
669278
669279
669280
669281
669282
669283
669284
669285
669286
669287
669288
669289
669290
669291
669292
669397
669398
669399
669400
669401
669402
669403
669404
669405
669406
669407
669408
669409
669410
669411
669412
669413
669414
669415
669416
669417
669418
669419
669420
669421
669422
669475
669476
669477
669478
669479
669480
669481
669482
669483
669484
669485
669486
669487
669488
669489
669490
669491
669492
669493
669494
669495
669496
669497
669498
669499
669500
669504
669505
669506
669507
669508
669509
669510
669511
669512
669513
669514
669515
669516
669517
669518
669519
669520
669521
669522
669523
669524
669525
669526
669527
669528
669530
669531
669532
669533
669534
669535
669536
669537
669538
669539
669540
669541
669542
669543
669544
669545
669546
669547
669548
669549
669550
669551
669552
669579
669580
669581
669582
669583
669584
669585
669586
669587
669588
669589
669590
669591
669592
669593
669594
669595
669596
669597
669598
669599
669600
669601
669602
669603
669604
669605
669607
669608
669609
669610
669611
669612
669613
669614
669615
669616
669617
669618
669619
669620
669621
669622
669623
669624
669625
669626
669627
669628
669629
669630
669683
669684
669685
669686
669687
669688
669689
669690
669691
669692
669693
669694
669695
669696
669697
669698
669699
669700
669701
669702
669703
669704
669705
669706
669707
669708
669761
669762
669763
669764
669765
669766
669767
669768
669769
669770
669771
669772
669773
669774
669775
669776
669777
669778
669779
669780
669781
669782
669783
669784
669785
669786
669839
669840
669841
669842
669843
669844
669845
669846
669847
669848
669849
669850
669851
669852
669853
669854
669855
669856
669857
669858
669859
669860
669861
669862
669863
669864
669866
669867
669868
669869
669870
669871
669872
669873
669874
669875
669876
669877
669878
669879
669880
669881
669882
669883
669884
669885
669886
669887
669888
669889
669890
669917
669918
669919
669920
669921
669922
669923
669924
669925
669926
669927
669928
669929
669930
669931
669932
669933
669934
669935
669936
669937
669938
669939
669940
669941
669942
669969
669970
669971
669972
669973
669974
669975
669976
669977
669978
669979
669980
669981
669982
669983
669984
669985
669986
669987
669988
669989
669990
669991
669992
669993
669994
669995
669996
669997
669998
669999
670000
670001
670002
670003
670004
670005
670006
670007
670008
670009
670010
670011
670012
670013
670014
670015
670016
670017
670018
670019
670020
670047
670048
670049
670050
670051
670052
670053
670054
670055
670056
670057
670058
670059
670060
670061
670062
670063
670064
670065
670066
670067
670068
670069
670070
670071
670072
670073
670074
670075
670076
670077
670078
670079
670080
670081
670082
670083
670084
670085
670086
670087
670088
670089
670090
670091
670092
670093
670094
670095
670096
670097
670098
670125
670126
670127
670128
670129
670130
670131
670132
670133
670134
670135
670136
670137
670138
670139
670140
670141
670142
670143
670144
670145
670146
670147
670148
670149
670150
670203
670204
670205
670206
670207
670208
670209
670210
670211
670212
670213
670214
670215
670216
670217
670218
670219
670220
670221
670222
670223
670224
670225
670226
670227
670228
670255
670256
670257
670258
670259
670260
670261
670262
670263
670264
670265
670266
670267
670268
670269
670270
670271
670272
670273
670274
670275
670276
670277
670278
670279
670280
670282
670283
670284
670285
670286
670287
670288
670289
670290
670291
670292
670293
670294
670295
670296
670297
670298
670299
670300
670301
670302
670303
670304
670305
670306
670333
670334
670335
670336
670337
670338
670339
670340
670341
670342
670343
670344
670345
670346
670347
670348
670349
670350
670351
670352
670353
670354
670355
670356
670357
670358
670359
670361
670362
670363
670364
670365
670366
670367
670368
670369
670370
670371
670372
670373
670374
670375
670376
670377
670378
670379
670380
670381
670382
670383
670384
670437
670438
670439
670440
670441
670442
670443
670444
670445
670446
670447
670448
670449
670450
670451
670452
670453
670454
670455
670456
670457
670458
670459
670460
670461
670462
670489
670490
670491
670492
670493
670494
670495
670496
670497
670498
670499
670500
670501
670502
670503
670504
670505
670506
670507
670508
670509
670510
670511
670512
670513
670514
670567
670568
670569
670570
670571
670572
670573
670574
670575
670576
670577
670578
670579
670580
670581
670582
670583
670584
670585
670586
670587
670588
670589
670590
670591
670592
670595
670596
670597
670598
670599
670600
670601
670602
670603
670604
670605
670606
670607
670608
670609
670610
670611
670612
670613
670614
670615
670616
670617
670618
670619
670620
670623
670627
670630
670631
670632
670633
670634
670635
670636
670637
670638
670639
670640
670641
670642
670643
670644
670671
670672
670673
670674
670675
670676
670677
670678
670679
670680
670681
670682
670683
670684
670685
670686
670687
670688
670689
670690
670691
670692
670693
670694
670695
670696
670723
670724
670725
670726
670727
670728
670729
670730
670731
670732
670733
670734
670735
670736
670737
670738
670739
670740
670741
670742
670743
670744
670745
670746
670747
670748
670775
670776
670777
670778
670779
670780
670781
670782
670783
670784
670785
670786
670787
670788
670789
670790
670791
670792
670793
670794
670795
670796
670797
670798
670799
670800
670801
670802
670803
670804
670805
670806
670807
670808
670809
670810
670811
670812
670813
670814
670815
670816
670817
670818
670819
670820
670821
670822
670823
670824
670825
670826
670827
670828
670829
670830
670831
670832
670833
670834
670835
670836
670837
670838
670839
670840
670841
670842
670843
670844
670845
670846
670847
670848
670849
670850
670851
670852
670905
670906
670907
670908
670909
670910
670911
670912
670913
670914
670915
670916
670917
670918
670919
670920
670921
670922
670923
670924
670925
670926
670927
670928
670929
670930
670931
670932
670933
670934
670935
670936
670937
670938
670939
670940
670941
670942
670943
670944
670945
670946
670947
670948
670949
670950
670951
670952
670953
670954
670955
670956
670957
670958
670959
670960
670961
670962
670963
670964
670965
670966
670967
670968
670969
670970
670971
670972
670973
670974
670975
670976
670977
670978
670979
670980
670981
670982
671035
671036
671037
671038
671039
671040
671041
671042
671043
671044
671045
671046
671047
671048
671049
671050
671051
671052
671053
671054
671055
671056
671057
671058
671059
671060
671087
671088
671089
671090
671091
671092
671093
671094
671095
671096
671097
671098
671099
671100
671101
671102
671103
671104
671105
671106
671107
671108
671109
671110
671111
671112
671217
671218
671219
671220
671221
671222
671223
671224
671225
671226
671227
671228
671229
671230
671231
671232
671233
671234
671235
671236
671237
671238
671239
671240
671241
671242
671269
671270
671271
671273
671274
671275
671276
671277
671278
671279
671280
671281
671282
671283
671284
671285
671286
671287
671288
671289
671290
671291
671292
671293
671294
671297
671298
671299
671300
671301
671302
671303
671304
671305
671306
671307
671308
671309
671310
671311
671312
671313
671314
671315
671316
671317
671318
671319
671320
671373
671374
671375
671376
671377
671378
671379
671380
671381
671382
671383
671384
671385
671386
671387
671388
671389
671390
671391
671392
671393
671394
671395
671396
671397
671398
671399
671400
671401
671402
671403
671404
671405
671406
671408
671409
671410
671411
671412
671413
671414
671415
671416
671417
671418
671419
671420
671421
671422
671424
671555
671556
671557
671558
671559
671560
671561
671562
671563
671564
671565
671566
671567
671568
671569
671570
671571
671572
671573
671574
671575
671576
671577
671578
671579
671580
671583
671584
671585
671586
671587
671588
671589
671590
671591
671592
671593
671594
671595
671596
671597
671598
671599
671600
671601
671602
671603
671604
671605
671606
671608
671609
671610
671611
671612
671613
671614
671615
671616
671617
671618
671619
671620
671621
671622
671623
671624
671625
671626
671627
671628
671629
671630
671631
671632
671634
671635
671636
671637
671638
671639
671640
671641
671642
671643
671644
671645
671646
671647
671648
671649
671650
671651
671652
671653
671654
671655
671656
671657
671658
671661
671662
671663
671664
671665
671666
671667
671668
671669
671670
671671
671672
671673
671674
671675
671676
671677
671678
671679
671680
671681
671682
671683
671684
671711
671712
671713
671714
671715
671716
671717
671718
671719
671720
671721
671722
671723
671724
671725
671726
671727
671728
671729
671730
671731
671732
671733
671734
671735
671736
671738
671739
671740
671741
671742
671743
671744
671745
671746
671747
671748
671749
671750
671751
671752
671753
671754
671755
671756
671757
671758
671759
671760
671761
671762
671841
671842
671843
671844
671845
671846
671847
671848
671849
671850
671851
671852
671853
671854
671855
671856
671857
671858
671859
671860
671861
671863
671864
671865
671866
671919
671920
671921
671922
671923
671924
671925
671926
671927
671928
671929
671930
671931
671933
671934
671935
671936
671937
671938
671939
671940
671941
671942
671943
671944
671946
671947
671948
671949
671950
671951
671952
671953
671954
671955
671956
671957
671958
671959
671960
671961
671962
671963
671964
671965
671966
671967
671968
671969
671970
671971
671972
671973
671974
671975
671976
671977
671978
671979
671980
671981
671982
671983
671984
671985
671986
671987
671988
671989
671990
671991
671992
671993
671994
671995
671996
671997
671998
671999
672000
672001
672002
672003
672004
672005
672006
672007
672008
672009
672010
672011
672012
672013
672014
672015
672016
672017
672018
672019
672020
672021
672022
672024
672025
672026
672027
672028
672029
672030
672031
672032
672033
672034
672035
672036
672037
672038
672039
672040
672041
672042
672043
672044
672045
672046
672047
672048
672049
672052
672053
672055
672056
672057
672058
672059
672060
672061
672062
672063
672064
672065
672066
672067
672068
672069
672070
672071
672072
672073
672074
672076
672077
672078
672079
672080
672081
672082
672083
672084
672085
672086
672087
672088
672089
672090
672091
672092
672093
672094
672095
672096
672097
672098
672099
672100
672179
672180
672181
672182
672183
672184
672185
672186
672187
672188
672189
672190
672191
672192
672193
672194
672195
672196
672197
672198
672199
672200
672201
672202
672203
672204
672205
672206
672207
672208
672209
672210
672212
672213
672214
672215
672216
672217
672218
672219
672220
672221
672222
672223
672224
672225
672226
672227
672228
672229
672230
672232
672233
672234
672235
672236
672237
672238
672239
672240
672241
672242
672243
672244
672245
672246
672247
672248
672249
672250
672251
672252
672253
672254
672255
672256
672283
672284
672285
672286
672287
672288
672289
672290
672291
672292
672293
672294
672295
672296
672297
672298
672299
672300
672301
672302
672303
672304
672305
672306
672307
672308
672309
672310
672311
672312
672313
672314
672315
672316
672317
672318
672319
672320
672321
672322
672323
672324
672325
672326
672327
672328
672329
672330
672331
672332
672333
672334
672387
672388
672389
672390
672391
672392
672393
672394
672395
672396
672397
672398
672399
672400
672401
672402
672403
672404
672405
672406
672407
672408
672409
672410
672411
672412
672465
672466
672467
672468
672469
672470
672471
672472
672473
672474
672475
672476
672477
672478
672479
672480
672481
672482
672483
672484
672485
672486
672487
672488
672489
672490
672491
672492
672493
672494
672495
672496
672497
672498
672499
672500
672501
672502
672503
672504
672505
672506
672507
672508
672509
672510
672511
672512
672513
672514
672515
672516
672543
672544
672545
672546
672547
672548
672549
672550
672551
672552
672553
672554
672555
672556
672557
672558
672559
672560
672561
672562
672563
672564
672565
672566
672567
672568
672569
672571
672572
672573
672574
672575
672576
672577
672578
672579
672580
672581
672582
672583
672584
672585
672586
672587
672588
672589
672590
672591
672592
672593
672594
672725
672726
672727
672728
672729
672730
672731
672732
672733
672734
672735
672736
672737
672738
672739
672740
672741
672742
672743
672744
672745
672746
672747
672748
672749
672750
672985
672986
672987
672988
672989
672990
672991
672992
672993
672994
672995
672996
672997
672998
672999
673000
673001
673002
673003
673004
673005
673006
673007
673008
673009
673010
673011
673012
673013
673014
673015
673016
673017
673018
673019
673020
673021
673022
673023
673024
673025
673026
673027
673028
673029
673030
673031
673032
673033
673034
673035
673036
673037
673038
673039
673040
673041
673042
673043
673044
673045
673046
673047
673048
673049
673050
673051
673052
673053
673054
673055
673056
673057
673058
673059
673060
673061
673062
673063
673064
673065
673066
673067
673068
673069
673070
673071
673072
673073
673074
673075
673076
673077
673078
673079
673080
673081
673082
673083
673084
673085
673086
673087
673088
673115
673116
673117
673118
673119
673120
673121
673122
673123
673124
673125
673126
673127
673128
673129
673130
673131
673132
673133
673134
673135
673136
673137
673138
673139
673140
673194
673195
673196
673197
673198
673200
673201
673202
673203
673204
673205
673206
673207
673208
673209
673210
673211
673212
673213
673214
673215
673216
673217
673218
673245
673246
673247
673248
673249
673250
673251
673252
673253
673255
673256
673257
673258
673259
673260
673261
673262
673263
673264
673265
673266
673267
673268
673269
673270
673297
673298
673299
673300
673301
673302
673303
673304
673305
673306
673307
673308
673310
673311
673312
673313
673314
673315
673316
673317
673318
673319
673320
673321
673322
673323
673324
673327
673329
673331
673332
673333
673334
673335
673336
673337
673338
673339
673340
673341
673342
673343
673344
673345
673346
673348
673349
673350
673351
673352
673353
673354
673355
673356
673357
673358
673360
673362
673363
673365
673367
673368
673370
673371
673373
673374
673453
673454
673455
673456
673458
673459
673461
673462
673464
673466
673467
673468
673469
673470
673471
673472
673473
673474
673475
673476
673477
673478
673505
673506
673507
673508
673511
673512
673513
673514
673515
673516
673517
673518
673519
673521
673522
673523
673524
673525
673527
673529
673530
673557
673558
673559
673561
673562
673563
673565
673566
673567
673569
673570
673571
673572
673573
673574
673575
673576
673577
673578
673579
673580
673581
673582
673635
673636
673637
673638
673639
673640
673641
673642
673643
673644
673645
673646
673647
673648
673649
673650
673651
673652
673653
673654
673655
673656
673657
673658
673659
673660
