673791
673792
673793
673794
673795
673796
673797
673798
673799
673800
673801
673802
673803
673804
673805
673806
673807
673808
673809
673810
673811
673812
673813
673814
673815
673816
673895
673896
673897
673898
673899
673900
673901
673902
673903
673904
673905
673906
673907
673908
673909
673910
673911
673912
673913
673914
673915
673916
673917
673918
673919
673920
673922
673923
673924
673925
673926
673927
673928
673929
673930
673931
673932
673933
673934
673935
673936
673937
673938
673939
673940
673941
673942
673943
673944
673945
673946
673973
673974
673975
673976
673977
673978
673979
673980
673981
673982
673983
673984
673985
673986
673987
673988
673989
673990
673991
673992
673993
673994
673995
673996
673997
673998
674051
674052
674053
674054
674055
674056
674057
674058
674059
674060
674061
674062
674063
674064
674065
674066
674067
674068
674069
674070
674071
674072
674073
674074
674075
674076
674077
674078
674079
674080
674081
674082
674083
674084
674085
674086
674087
674088
674089
674090
674091
674092
674093
674094
674095
674096
674097
674098
674099
674100
674101
674102
674103
674104
674106
674107
674108
674109
674110
674111
674112
674113
674114
674115
674116
674117
674118
674119
674120
674121
674122
674123
674124
674125
674126
674127
674128
674155
674156
674157
674158
674159
674160
674161
674162
674163
674164
674165
674166
674167
674168
674169
674170
674171
674172
674173
674174
674175
674176
674177
674178
674179
674180
674207
674208
674209
674210
674211
674212
674213
674214
674215
674216
674217
674218
674219
674220
674221
674222
674223
674224
674225
674226
674227
674228
674229
674230
674231
674232
674233
674234
674235
674236
674237
674238
674239
674240
674241
674242
674243
674244
674245
674246
674247
674248
674249
674250
674251
674252
674253
674254
674255
674256
674257
674258
674285
674286
674287
674288
674289
674290
674291
674292
674293
674294
674295
674296
674297
674298
674299
674300
674301
674302
674303
674304
674305
674306
674307
674308
674309
674310
674493
674494
674495
674496
674497
674498
674499
674500
674501
674502
674503
674504
674505
674506
674507
674508
674509
674510
674511
674512
674513
674514
674515
674516
674517
674518
674519
674520
674521
674522
674523
674524
674525
674526
674527
674528
674529
674530
674531
674532
674533
674534
674535
674536
674537
674538
674539
674540
674541
674542
674543
674544
674571
674572
674573
674574
674575
674576
674577
674578
674579
674580
674581
674582
674583
674584
674585
674586
674587
674588
674589
674590
674591
674592
674593
674594
674595
674596
674597
674599
674600
674601
674602
674603
674604
674605
674606
674607
674608
674609
674610
674611
674612
674613
674614
674615
674616
674617
674618
674619
674620
674621
674622
674624
674625
674626
674627
674628
674629
674630
674631
674632
674633
674634
674635
674636
674637
674638
674639
674640
674641
674642
674643
674644
674645
674646
674647
674648
674701
674702
674703
674704
674705
674706
674707
674708
674709
674710
674711
674712
674713
674714
674715
674716
674717
674718
674719
674720
674721
674722
674723
674724
674725
674726
674727
674728
674729
674730
674732
674733
674734
674735
674736
674737
674738
674739
674740
674741
674742
674743
674744
674745
674746
674747
674748
674749
674750
674751
674752
674753
674754
674755
674756
674757
674758
674759
674760
674761
674762
674763
674764
674765
674766
674767
674768
674769
674770
674771
674772
674773
674774
674775
674776
674777
674778
674779
674780
674781
674783
674784
674785
674786
674787
674788
674789
674790
674791
674792
674793
674794
674795
674796
674797
674798
674799
674800
674801
674802
674803
674804
674857
674858
674859
674860
674861
674862
674863
674864
674865
674866
674867
674868
674869
674870
674871
674872
674873
674874
674875
674876
674877
674878
674879
674880
674881
674882
674909
674910
674911
674912
674913
674914
674915
674916
674917
674918
674919
674920
674921
674922
674923
674924
674925
674926
674927
674928
674929
674930
674931
674932
674933
674934
674935
674936
674937
674938
674939
674940
674941
674942
674943
674944
674945
674946
674947
674948
674949
674950
674951
674952
674953
674954
674955
674956
674957
674958
674959
674960
675013
675014
675015
675016
675017
675018
675019
675020
675021
675022
675023
675024
675025
675026
675027
675028
675029
675030
675031
675032
675033
675034
675035
675036
675037
675038
675065
675066
675067
675068
675069
675070
675071
675072
675073
675074
675075
675076
675077
675078
675079
675080
675081
675082
675083
675084
675085
675086
675087
675088
675089
675090
675091
675093
675094
675095
675096
675097
675098
675099
675100
675101
675102
675103
675104
675105
675106
675107
675108
675109
675110
675111
675112
675113
675114
675115
675116
675118
675119
675120
675121
675122
675123
675124
675125
675126
675127
675128
675129
675130
675131
675132
675133
675134
675135
675136
675137
675138
675139
675140
675141
675142
675195
675196
675197
675198
675199
675200
675201
675202
675203
675204
675205
675206
675207
675208
675209
675210
675211
675212
675213
675214
675215
675216
675217
675218
675219
675220
675247
675248
675249
675250
675251
675252
675253
675254
675255
675256
675257
675258
675259
675260
675261
675262
675263
675264
675265
675266
675267
675268
675269
675270
675271
675272
675273
675274
675276
675277
675278
675279
675280
675281
675282
675283
675284
675285
675286
675287
675288
675289
675290
675291
675292
675293
675294
675295
675296
675297
675298
675301
675302
675303
675304
675305
675306
675307
675308
675309
675310
675311
675312
675313
675314
675315
675316
675317
675318
675319
675320
675321
675322
675323
675324
675351
675352
675353
675354
675355
675356
675357
675358
675359
675360
675361
675362
675363
675364
675365
675366
675367
675368
675369
675370
675371
675372
675373
675374
675375
675376
675403
675404
675405
675406
675407
675408
675409
675410
675411
675412
675413
675414
675415
675416
675417
675418
675419
675420
675421
675422
675423
675424
675425
675426
675427
675428
675430
675431
675432
675433
675434
675435
675436
675437
675438
675439
675440
675441
675442
675443
675444
675445
675446
675447
675448
675449
675450
675451
675452
675453
675454
675456
675457
675458
675459
675460
675461
675462
675463
675464
675465
675466
675467
675468
675469
675470
675471
675472
675473
675474
675475
675476
675477
675478
675479
675480
675481
675483
675484
675485
675486
675487
675488
675489
675490
675491
675492
675493
675494
675495
675496
675497
675498
675499
675500
675501
675502
675503
675504
675505
675506
675507
675508
675509
675510
675511
675512
675513
675514
675515
675516
675517
675519
675520
675521
675522
675523
675524
675525
675526
675527
675528
675529
675530
675531
675532
675663
675664
675665
675666
675667
675668
675669
675670
675671
675672
675673
675674
675675
675676
675677
675678
675679
675680
675681
675682
675683
675684
675685
675686
675687
675688
675689
675690
675692
675693
675694
675695
675696
675697
675698
675699
675700
675701
675702
675703
675704
675705
675706
675707
675708
675709
675710
675711
675712
675713
675714
675741
675742
675743
675744
675745
675746
675747
675748
675749
675750
675751
675752
675753
675754
675755
675756
675757
675758
675759
675760
675761
675762
675763
675764
675765
675766
675793
675794
675795
675796
675797
675798
675799
675800
675801
675802
675803
675804
675805
675806
675807
675808
675809
675810
675811
675812
675813
675814
675815
675816
675817
675818
675975
675976
675977
675978
675979
675980
675981
675982
675983
675984
675985
675986
675987
675988
675989
675990
675991
675992
675993
675994
675995
675996
675997
675998
675999
676000
676001
676002
676003
676004
676005
676006
676007
676008
676009
676010
676011
676012
676013
676014
676015
676016
676017
676018
676019
676020
676021
676022
676023
676024
676025
676026
676053
676054
676055
676056
676057
676058
676059
676060
676061
676062
676063
676064
676065
676066
676067
676068
676069
676070
676071
676072
676073
676074
676075
676076
676077
676078
676105
676106
676107
676108
676109
676110
676111
676112
676113
676114
676115
676116
676117
676118
676119
676120
676121
676122
676123
676124
676125
676126
676127
676128
676129
676130
676131
676133
676134
676135
676136
676137
676138
676139
676140
676141
676142
676143
676144
676145
676146
676147
676148
676149
676150
676151
676152
676153
676154
676155
676156
676157
676158
676159
676160
676161
676162
676163
676164
676165
676166
676167
676168
676169
676170
676171
676172
676173
676174
676175
676176
676177
676178
676179
676180
676181
676182
676261
676262
676263
676264
676265
676266
676267
676268
676269
676270
676271
676272
676273
676274
676275
676276
676277
676278
676279
676280
676281
676282
676283
676284
676285
676286
676339
676340
676341
676342
676343
676344
676345
676346
676347
676348
676349
676350
676351
676352
676353
676354
676355
676356
676357
676358
676359
676360
676361
676362
676363
676364
676391
676392
676393
676394
676395
676396
676397
676398
676399
676400
676401
676402
676403
676404
676405
676406
676407
676408
676409
676410
676411
676412
676413
676414
676415
676416
676469
676470
676471
676472
676473
676474
676475
676476
676477
676478
676479
676480
676481
676482
676483
676484
676485
676486
676487
676488
676489
676490
676491
676492
676493
676494
676495
676496
676497
676498
676499
676500
676501
676502
676503
676504
676505
676506
676507
676508
676509
676510
676511
676512
676513
676514
676515
676516
676517
676518
676519
676520
676547
676548
676549
676550
676551
676552
676553
676554
676555
676556
676557
676558
676559
676560
676561
676562
676563
676564
676565
676566
676567
676568
676569
676570
676571
676572
676573
676575
676576
676577
676578
676579
676580
676581
676582
676583
676584
676585
676586
676587
676588
676589
676590
676591
676592
676593
676594
676595
676596
676597
676598
676651
676652
676653
676654
676655
676656
676657
676658
676659
676660
676661
676662
676663
676664
676665
676666
676667
676668
676669
676670
676671
676672
676673
676674
676675
676676
676729
676730
676731
676732
676733
676734
676735
676736
676737
676738
676739
676740
676741
676742
676743
676744
676745
676746
676747
676748
676749
676750
676752
676753
676754
676859
676860
676861
676862
676863
676864
676865
676866
676867
676868
676869
676870
676871
676872
676873
676874
676875
676876
676877
676878
676879
676880
676881
676882
676883
676884
676937
676938
676939
676940
676941
676942
676943
676944
676945
676946
676947
676948
676949
676950
676951
676952
676953
676954
676955
676956
676957
676958
676959
676960
676961
676962
676964
676965
676966
676967
676968
676969
676970
676971
676972
676973
676974
676975
676976
676977
676978
676979
676980
676981
676982
676983
676984
676985
676986
676987
676988
677041
677042
677043
677044
677045
677046
677047
677048
677049
677050
677051
677052
677053
677054
677055
677056
677057
677058
677059
677060
677061
677062
677063
677064
677065
677066
677145
677146
677147
677148
677149
677150
677151
677152
677153
677154
677155
677156
677157
677158
677159
677160
677161
677162
677163
677164
677165
677166
677167
677168
677169
677170
677171
677172
677173
677174
677175
677176
677177
677178
677179
677180
677181
677182
677183
677184
677185
677186
677187
677188
677189
677190
677191
677192
677193
677194
677195
677196
677223
677224
677225
677226
677227
677228
677229
677230
677231
677232
677233
677234
677235
677236
677237
677238
677239
677240
677241
677242
677243
677244
677245
677246
677247
677248
677249
677250
677251
677252
677253
677254
677255
677256
677257
677258
677259
677260
677261
677262
677263
677264
677265
677266
677267
677268
677269
677270
677271
677272
677273
677274
677275
677276
677277
677278
677279
677282
677283
677284
677285
677286
677287
677288
677289
677290
677291
677292
677293
677294
677295
677296
677297
677298
677299
677300
677353
677354
677355
677356
677357
677358
677359
677360
677361
677362
677363
677364
677365
677366
677367
677368
677369
677370
677371
677372
677373
677374
677375
677376
677377
677378
677587
677588
677589
677590
677591
677592
677593
677594
677595
677596
677597
677598
677599
677600
677601
677602
677603
677604
677605
677606
677607
677608
677609
677610
677611
677612
677639
677640
677641
677642
677643
677644
677645
677646
677647
677648
677649
677650
677651
677652
677653
677654
677655
677656
677657
677658
677659
677660
677661
677662
677663
677664
677821
677822
677823
677824
677825
677826
677827
677828
677829
677830
677831
677832
677833
677834
677835
677836
677837
677838
677839
677840
677841
677842
677843
677844
677845
677846
677873
677874
677875
677876
677877
677878
677879
677880
677881
677882
677883
677884
677885
677886
677887
677888
677889
677890
677891
677892
677893
677894
677895
677896
677897
677898
677951
677952
677953
677954
677955
677956
677957
677958
677959
677960
677961
677962
677963
677964
677965
677966
677967
677968
677969
677970
677971
677972
677973
677974
677975
677976
677977
677979
677981
677982
677983
677984
677985
677986
677987
677988
677989
677990
677991
677992
677993
677994
677995
677996
677997
677998
677999
678000
678001
678002
678003
678005
678006
678007
678008
678009
678010
678011
678012
678013
678014
678015
678016
678017
678018
678019
678020
678021
678022
678023
678024
678025
678026
678027
678028
678081
678082
678083
678084
678085
678086
678087
678088
678089
678090
678091
678092
678093
678094
678095
678097
678098
678099
678100
678101
678102
678103
678104
678105
678106
678109
678110
678111
678112
678113
678114
678115
678116
678117
678118
678119
678120
678121
678122
678123
678124
678125
678126
678127
678128
678129
678130
678131
678132
678159
678160
678161
678162
678163
678164
678165
678166
678167
678168
678169
678170
678171
678172
678173
678174
678175
678176
678177
678178
678179
678180
678181
678182
678183
678184
678185
678186
678187
678188
678189
678191
678192
678193
678194
678195
678196
678197
678198
678199
678200
678201
678202
678203
678204
678205
678206
678207
678208
678209
678210
678315
678316
678317
678318
678319
678320
678321
678322
678323
678324
678325
678326
678327
678328
678329
678330
678331
678332
678333
678334
678335
678336
678337
678338
678339
678340
678341
678343
678345
678346
678347
678348
678349
678350
678351
678352
678353
678354
678355
678356
678357
678358
678359
678360
678361
678362
678363
678364
678365
678366
678369
678370
678371
678372
678373
678374
678375
678376
678377
678378
678379
678380
678381
678382
678383
678384
678385
678386
678387
678388
678389
678390
678391
678392
678445
678446
678447
678448
678449
678450
678451
678453
678454
678455
678456
678457
678458
678459
678460
678461
678462
678463
678464
678465
678466
678467
678468
678469
678470
678471
678472
678473
678474
678475
678476
678477
678478
678479
678480
678481
678482
678483
678484
678485
678486
678487
678488
678489
678490
678491
678492
678493
678494
678495
678496
678497
678498
678499
678500
678501
678502
678503
678504
678505
678506
678507
678508
678509
678510
678511
678513
678514
678515
678516
678517
678518
678519
678520
678521
678522
678524
678525
678526
678527
678528
678529
678530
678531
678532
678533
678534
678535
678536
678537
678538
678540
678541
678542
678543
678544
678545
678546
678547
678548
678757
678758
678759
678760
678761
678762
678763
678764
678765
678766
678767
678768
678769
678770
678771
678772
678773
678774
678775
678776
678777
678778
678779
678780
678781
678782
678785
678786
678787
678788
678789
678790
678791
678792
678793
678794
678795
678796
678797
678798
678799
678800
678801
678802
678803
678804
678805
678806
678807
678808
678861
678862
678863
678864
678865
678866
678867
678868
678869
678870
678871
678872
678873
678874
678875
678876
678877
678878
678879
678880
678881
678882
678883
678884
678885
678886
678887
678889
678890
678891
678892
678893
678894
678895
678896
678897
678898
678899
678900
678901
678902
678903
678904
678905
678906
678908
678909
678910
678911
678912
678939
678940
678941
678942
678943
678944
678945
678946
678947
678948
678949
678950
678951
678952
678953
678954
678955
678956
678957
678958
678959
678960
678961
678962
678963
678964
678991
678992
678993
678994
678995
678996
678997
678998
678999
679000
679001
679002
679003
679004
679005
679006
679007
679008
679009
679010
679011
679012
679013
679014
679015
679016
679043
679044
679045
679046
679047
679048
679049
679050
679051
679052
679053
679054
679055
679056
679057
679058
679059
679060
679061
679062
679063
679064
679065
679066
679067
679068
679069
679070
679071
679072
679073
679074
679075
679076
679077
679078
679079
679080
679081
679082
679083
679084
679085
679086
679087
679088
679089
679090
679091
679092
679093
679094
679096
679097
679098
679099
679100
679101
679102
679103
679104
679105
679106
679107
679108
679109
679110
679111
679112
679113
679114
679115
679116
679117
679118
679119
679120
679122
679123
679124
679125
679126
679127
679128
679129
679130
679131
679132
679133
679134
679135
679136
679137
679138
679139
679140
679141
679142
679143
679144
679145
679146
679173
679174
679175
679176
679177
679178
679179
679180
679181
679182
679183
679184
679185
679186
679187
679188
679189
679190
679191
679192
679193
679194
679195
679196
679197
679198
679329
679330
679331
679332
679333
679334
679335
679336
679337
679338
679339
679340
679341
679342
679343
679344
679345
679346
679347
679348
679349
679350
679351
679352
679353
679354
679355
679357
679358
679359
679360
679361
679362
679363
679364
679365
679366
679367
679368
679369
679370
679371
679372
679373
679374
679375
679376
679377
679378
679379
679380
679381
679382
679383
679384
679385
679386
679387
679388
679389
679390
679391
679392
679393
679394
679395
679396
679397
679398
679399
679400
679401
679402
679403
679404
679405
679406
679511
679512
679513
679514
679515
679516
679517
679518
679519
679520
679521
679522
679523
679524
679525
679526
679527
679528
679529
679530
679531
679532
679533
679534
679535
679536
679537
679538
679539
679540
679541
679542
679543
679544
679545
679546
679547
679548
679549
679550
679551
679552
679553
679554
679555
679556
679557
679558
679559
679560
679561
679562
679615
679616
679617
679618
679619
679620
679621
679622
679623
679624
679625
679626
679627
679628
679629
679630
679631
679632
679633
679634
679635
679636
679638
679639
679640
679693
679694
679695
679696
679697
679698
679699
679700
679701
679702
679703
679704
679705
679706
679707
679708
679709
679710
679711
679712
679713
679714
679715
679716
679717
679718
679719
679720
679721
679722
679723
679724
679725
679726
679727
679728
679729
679730
679731
679732
679733
679734
679735
679736
679737
679738
679739
679740
679741
679742
679743
679744
679771
679772
679773
679774
679775
679776
679777
679778
679779
679780
679781
679782
679783
679784
679785
679786
679787
679788
679789
679790
679791
679792
679793
679794
679795
679796
679797
679798
679799
679800
679801
679802
679803
679804
679805
679806
679807
679808
679809
679810
679811
679812
679813
679814
679815
679816
679817
679818
679819
679820
679821
679822
679823
679824
679825
679826
679827
679828
679829
679830
679831
679832
679833
679834
679835
679836
679837
679838
679839
679840
679841
679842
679843
679844
679845
679846
679847
679848
679875
679876
679877
679878
679879
679880
679881
679882
679883
679884
679885
679886
679887
679888
679889
679890
679891
679892
679893
679894
679895
679896
679897
679898
679899
679900
679901
679902
679904
679905
679906
679907
679908
679909
679910
679911
679912
679913
679914
679915
679916
679917
679918
679919
679920
679921
679922
679923
679924
679925
679926
679927
679928
679929
679930
679931
679932
679933
679934
679935
679936
679937
679938
679939
679940
679941
679942
679943
679944
679945
679946
679947
679948
679949
679950
679951
679952
680005
680006
680007
680008
680009
680010
680011
680012
680013
680014
680015
680016
680017
680018
680019
680020
680021
680022
680023
680024
680025
680026
680027
680028
680029
680030
680031
680033
680034
680035
680036
680037
680038
680039
680040
680041
680042
680043
680044
680045
680046
680047
680048
680049
680050
680051
680052
680053
680054
680055
680056
680058
680059
680060
680061
680062
680063
680064
680065
680066
680067
680068
680069
680070
680071
680072
680073
680074
680075
680076
680077
680078
680079
680080
680081
680082
680083
680084
680085
680086
680087
680088
680089
680090
680091
680092
680093
680094
680095
680096
680097
680098
680099
680100
680101
680102
680103
680104
680105
680106
680107
680108
680135
680136
680137
680138
680139
680140
680141
680142
680143
680144
680145
680146
680147
680148
680149
680150
680151
680152
680153
680154
680155
680156
680157
680158
680159
680160
680162
680163
680164
680165
680166
680167
680168
680169
680170
680172
680173
680174
680175
680176
680177
680178
680179
680180
680181
680182
680183
680184
680185
680186
680187
680189
680190
680191
680192
680193
680194
680195
680196
680197
680199
680200
680201
680203
680204
680205
680206
680208
680209
680210
680212
680291
680292
680293
680294
680296
680298
680299
680300
680301
680302
680303
680304
680305
680306
680307
680308
680309
680310
680311
680312
680313
680314
680315
680316
680317
680318
680319
680320
680321
680322
680327
680328
680330
680331
680332
680333
680334
680335
680336
680338
680339
680340
680342
680369
680370
680371
680372
680373
680374
680375
680376
680377
680378
680379
680380
680381
680382
680383
680384
680385
680386
680387
680388
680389
680390
680391
680392
680393
680394
680395
680397
680398
680399
680400
680401
680402
680403
680404
680406
680407
680408
680409
680411
680412
680413
680414
680415
680416
680417
680418
680419
680420
680473
680474
680476
680478
680479
680480
680481
680482
680483
680484
680485
680486
680487
680488
680489
680490
680491
680492
680493
680494
680495
680496
680497
680498
680499
680501
680503
680504
680505
680506
680507
680508
680510
680511
680513
680514
680515
680516
680517
680518
680519
680520
680521
680522
680523
680524
680630
680631
680632
680633
680634
680635
680636
680638
680639
680641
680642
680646
680650
680652
680653
680681
680682
680683
680684
680686
680687
680689
680690
680691
680692
680694
680695
680696
680697
680699
680700
680701
680702
680703
680704
680705
680706
680811
680812
680813
680814
680815
680816
680817
680818
680819
680820
680821
680822
680823
680824
680825
680826
680827
680828
680829
680830
680831
680832
680833
680834
680835
680836
680844
680845
680846
680847
680848
680849
680850
680851
680852
680854
680856
680857
680858
680859
680860
680862
