680967
680968
680969
680970
680971
680972
680973
680974
680975
680976
680977
680978
680979
680980
680981
680982
680983
680984
680985
680986
680987
680988
680989
680990
680991
680992
681019
681020
681021
681022
681023
681024
681025
681026
681027
681028
681029
681030
681031
681032
681033
681034
681035
681036
681037
681038
681039
681040
681041
681042
681043
681044
681097
681098
681099
681100
681101
681102
681103
681104
681105
681106
681107
681108
681109
681110
681111
681112
681113
681114
681115
681116
681117
681118
681119
681120
681121
681122
681123
681124
681126
681127
681128
681129
681130
681131
681132
681133
681134
681135
681136
681137
681138
681139
681140
681141
681142
681143
681144
681145
681146
681147
681148
681149
681150
681151
681152
681153
681154
681155
681156
681157
681158
681159
681160
681161
681162
681163
681164
681165
681166
681167
681168
681169
681170
681171
681172
681173
681174
681176
681177
681178
681179
681180
681181
681182
681183
681184
681185
681186
681187
681188
681189
681190
681191
681192
681193
681194
681195
681196
681197
681198
681199
681200
681279
681280
681281
681282
681283
681284
681285
681286
681287
681288
681289
681290
681291
681292
681293
681294
681295
681296
681297
681298
681299
681300
681301
681302
681303
681304
681305
681306
681307
681308
681309
681310
681311
681312
681313
681314
681315
681316
681317
681318
681319
681320
681321
681322
681323
681324
681325
681326
681327
681328
681329
681330
681331
681332
681333
681334
681335
681336
681337
681338
681339
681340
681341
681342
681343
681344
681345
681346
681347
681348
681349
681350
681351
681352
681353
681354
681355
681356
681383
681384
681385
681386
681387
681388
681389
681390
681391
681392
681393
681394
681395
681396
681397
681398
681399
681400
681401
681402
681403
681404
681405
681406
681407
681408
681435
681436
681437
681438
681439
681440
681441
681442
681443
681444
681445
681446
681447
681448
681449
681450
681451
681452
681453
681454
681455
681456
681457
681458
681459
681460
681539
681540
681541
681542
681543
681544
681545
681546
681547
681548
681549
681550
681551
681552
681553
681554
681555
681556
681557
681558
681559
681560
681561
681562
681563
681564
681565
681566
681567
681568
681569
681570
681571
681572
681573
681574
681575
681576
681577
681578
681579
681580
681581
681582
681583
681584
681585
681586
681587
681588
681589
681590
681591
681592
681593
681594
681595
681596
681597
681598
681599
681600
681601
681602
681603
681604
681605
681606
681607
681608
681609
681610
681611
681612
681613
681614
681615
681616
681617
681618
681619
681620
681621
681622
681623
681624
681625
681626
681627
681628
681629
681630
681631
681632
681633
681634
681635
681636
681637
681638
681639
681640
681641
681642
681643
681644
681645
681646
681647
681648
681649
681650
681651
681652
681653
681654
681655
681656
681657
681658
681659
681660
681661
681662
681663
681664
681665
681666
681667
681668
681669
681670
681671
681672
681673
681674
681675
681676
681677
681678
681679
681680
681681
681682
681683
681684
681685
681686
681687
681688
681689
681690
681691
681692
681693
681694
681721
681722
681723
681724
681725
681726
681727
681728
681729
681730
681731
681732
681733
681734
681735
681736
681737
681738
681739
681740
681741
681742
681743
681744
681745
681746
681747
681748
681750
681751
681752
681753
681754
681755
681756
681757
681758
681759
681760
681761
681762
681763
681764
681765
681766
681767
681768
681769
681770
681771
681772
681825
681826
681827
681828
681829
681830
681831
681832
681833
681834
681835
681836
681837
681838
681839
681840
681841
681842
681843
681844
681845
681846
681847
681848
681849
681850
681877
681878
681879
681880
681881
681882
681883
681884
681885
681886
681887
681888
681889
681890
681891
681892
681893
681894
681895
681896
681897
681898
681899
681900
681901
681902
681929
681930
681931
681932
681933
681934
681935
681936
681937
681938
681939
681940
681941
681942
681943
681944
681945
681946
681947
681948
681949
681950
681951
681952
681953
681954
682033
682034
682035
682036
682037
682038
682039
682040
682041
682042
682043
682044
682045
682046
682047
682048
682049
682050
682051
682052
682053
682054
682055
682056
682057
682058
682189
682190
682191
682192
682193
682194
682195
682196
682197
682198
682199
682200
682201
682202
682203
682204
682205
682206
682207
682208
682209
682210
682211
682212
682213
682214
682319
682320
682321
682322
682323
682324
682325
682326
682327
682328
682329
682330
682331
682332
682333
682334
682335
682336
682337
682338
682339
682340
682341
682342
682343
682344
682397
682398
682399
682400
682401
682402
682403
682404
682405
682406
682407
682408
682409
682410
682411
682412
682413
682414
682415
682416
682417
682418
682419
682420
682421
682422
682423
682425
682426
682430
682432
682433
682434
682435
682439
682441
682442
682443
682444
682445
682446
682447
682448
682450
682451
682452
682453
682454
682455
682456
682457
682458
682459
682460
682461
682462
682463
682464
682465
682466
682467
682468
682469
682470
682471
682472
682473
682474
682501
682502
682503
682504
682505
682506
682507
682508
682509
682510
682511
682512
682513
682514
682515
682516
682517
682518
682519
682520
682521
682522
682523
682524
682525
682526
682528
682529
682530
682531
682532
682533
682534
682535
682536
682537
682538
682539
682540
682541
682542
682543
682544
682545
682546
682547
682548
682549
682550
682551
682552
682605
682606
682607
682608
682609
682610
682611
682612
682613
682614
682615
682616
682617
682618
682619
682620
682621
682622
682623
682624
682625
682626
682627
682628
682629
682630
682657
682658
682659
682660
682661
682662
682663
682664
682665
682666
682667
682668
682669
682670
682671
682672
682673
682674
682675
682676
682677
682678
682679
682680
682681
682682
682709
682710
682711
682712
682713
682714
682715
682716
682717
682718
682719
682720
682721
682722
682723
682724
682725
682726
682727
682728
682729
682730
682731
682732
682733
682734
682735
682737
682738
682739
682740
682741
682742
682743
682744
682745
682746
682747
682748
682749
682750
682751
682752
682753
682754
682755
682756
682757
682758
682759
682760
682762
682763
682764
682765
682766
682767
682768
682769
682770
682771
682772
682773
682774
682775
682776
682777
682778
682779
682780
682781
682782
682783
682784
682785
682786
682789
682791
682792
682793
682794
682795
682796
682797
682798
682799
682800
682801
682802
682803
682804
682805
682806
682807
682808
682809
682810
682811
682812
682839
682840
682841
682842
682843
682844
682845
682846
682847
682848
682849
682850
682851
682852
682853
682854
682855
682856
682857
682858
682859
682860
682861
682862
682863
682864
682917
682918
682919
682920
682921
682922
682923
682924
682925
682926
682927
682928
682929
682930
682931
682932
682933
682934
682935
682936
682937
682938
682939
682940
682941
682942
682944
682945
682946
682947
682948
682949
682950
682951
682952
682953
682954
682955
682956
682957
682958
682959
682960
682961
682962
682963
682964
682965
682966
682967
682968
683073
683074
683075
683076
683077
683078
683079
683080
683081
683082
683083
683084
683085
683086
683087
683088
683089
683090
683091
683092
683093
683094
683095
683096
683097
683098
683125
683126
683127
683128
683129
683130
683131
683132
683133
683134
683135
683136
683137
683138
683139
683140
683141
683142
683143
683144
683145
683146
683147
683148
683149
683150
683151
683152
683153
683154
683155
683156
683157
683158
683159
683160
683161
683162
683163
683164
683165
683166
683167
683168
683169
683170
683171
683172
683173
683174
683175
683176
683178
683179
683180
683181
683182
683183
683184
683185
683186
683187
683188
683189
683190
683191
683192
683193
683194
683195
683196
683197
683198
683199
683200
683201
683202
683203
683205
683206
683207
683208
683209
683210
683211
683212
683213
683214
683215
683216
683217
683218
683219
683220
683221
683222
683223
683224
683225
683226
683227
683228
683255
683256
683257
683258
683259
683260
683261
683262
683263
683264
683265
683266
683267
683268
683269
683270
683271
683272
683273
683274
683275
683276
683277
683278
683279
683280
683333
683334
683335
683336
683337
683338
683339
683340
683341
683342
683343
683344
683345
683346
683347
683348
683349
683350
683351
683352
683353
683354
683355
683356
683357
683358
683359
683360
683361
683363
683364
683365
683366
683367
683368
683369
683370
683371
683372
683373
683374
683375
683376
683377
683378
683379
683380
683381
683382
683383
683384
683385
683387
683388
683389
683390
683391
683392
683393
683394
683395
683396
683397
683398
683399
683400
683401
683402
683403
683404
683405
683406
683407
683408
683409
683410
683437
683438
683439
683440
683441
683442
683443
683444
683445
683446
683447
683448
683449
683450
683451
683452
683453
683454
683455
683456
683457
683458
683459
683460
683461
683462
683515
683516
683517
683518
683519
683520
683521
683522
683523
683524
683525
683526
683527
683528
683529
683530
683531
683532
683533
683534
683535
683536
683537
683538
683539
683540
683542
683543
683544
683545
683546
683547
683548
683549
683550
683551
683552
683553
683554
683555
683556
683557
683558
683559
683560
683561
683562
683563
683564
683565
683566
683671
683672
683673
683674
683675
683676
683677
683678
683679
683680
683681
683682
683683
683684
683685
683686
683687
683688
683689
683690
683691
683692
683693
683694
683695
683696
683775
683776
683777
683778
683779
683780
683781
683782
683783
683784
683785
683786
683787
683788
683789
683790
683791
683792
683793
683794
683795
683796
683797
683798
683799
683800
683827
683828
683829
683830
683831
683832
683833
683834
683835
683836
683837
683838
683839
683840
683841
683842
683843
683844
683845
683846
683847
683848
683849
683850
683851
683852
683853
683854
683855
683856
683857
683858
683859
683861
683862
683863
683864
683865
683866
683867
683868
683869
683870
683871
683872
683873
683874
683875
683876
683877
683878
683905
683906
683907
683908
683909
683910
683911
683912
683913
683914
683915
683916
683917
683918
683919
683920
683921
683922
683923
683924
683925
683926
683927
683928
683929
683930
683932
683933
683934
683935
683936
683937
683938
683939
683940
683941
683942
683943
683944
683945
683946
683947
683948
683949
683950
683951
683952
683953
683954
683955
683956
683957
683958
683959
683960
683961
683962
683963
683964
683965
683966
683967
683968
683969
683970
683971
683972
683973
683974
683975
683976
683977
683978
683979
683980
683981
683982
684009
684010
684011
684012
684013
684014
684015
684016
684017
684018
684019
684020
684021
684022
684023
684024
684025
684026
684027
684028
684029
684030
684031
684032
684033
684034
684036
684037
684038
684039
684040
684041
684042
684043
684044
684045
684046
684047
684048
684049
684050
684051
684052
684053
684054
684055
684056
684057
684058
684059
684060
684061
684062
684063
684064
684065
684066
684067
684068
684069
684070
684071
684072
684073
684074
684075
684076
684077
684078
684079
684080
684081
684082
684083
684084
684085
684086
684088
684089
684090
684091
684092
684093
684094
684095
684096
684097
684098
684099
684100
684101
684102
684103
684104
684105
684106
684107
684108
684109
684110
684111
684112
684113
684115
684116
684117
684118
684119
684120
684121
684122
684123
684124
684125
684126
684127
684128
684129
684130
684131
684132
684133
684134
684135
684136
684137
684138
684140
684141
684142
684143
684144
684145
684146
684147
684148
684149
684150
684151
684152
684153
684154
684155
684156
684157
684158
684159
684160
684161
684162
684163
684164
684166
684167
684168
684169
684170
684171
684172
684173
684174
684175
684176
684177
684178
684179
684180
684181
684182
684183
684184
684185
684186
684187
684188
684189
684190
684191
684192
684193
684194
684195
684196
684197
684198
684199
684200
684201
684202
684203
684204
684205
684206
684207
684208
684209
684210
684211
684212
684213
684214
684215
684216
684243
684244
684245
684246
684247
684248
684249
684250
684251
684252
684253
684254
684255
684256
684257
684258
684259
684260
684261
684262
684263
684264
684265
684266
684267
684268
684295
684296
684297
684298
684299
684300
684301
684302
684303
684304
684305
684306
684307
684308
684309
684310
684311
684312
684313
684314
684315
684316
684317
684318
684319
684320
684399
684400
684401
684402
684403
684404
684405
684406
684407
684408
684409
684410
684411
684412
684413
684414
684415
684416
684417
684418
684419
684420
684421
684422
684423
684424
684425
684426
684427
684428
684429
684430
684431
684432
684433
684434
684435
684436
684437
684438
684439
684440
684441
684442
684443
684444
684445
684446
684447
684448
684449
684450
684451
684452
684453
684454
684455
684456
684457
684458
684459
684460
684461
684462
684463
684464
684465
684466
684467
684468
684469
684470
684471
684472
684473
684474
684475
684476
684503
684504
684505
684506
684507
684508
684509
684510
684511
684512
684513
684514
684515
684516
684517
684518
684519
684520
684521
684522
684523
684524
684525
684526
684527
684528
684555
684556
684557
684558
684559
684560
684561
684562
684563
684564
684565
684566
684567
684568
684569
684570
684571
684572
684573
684574
684575
684576
684577
684578
684579
684580
684582
684583
684584
684586
684587
684588
684590
684591
684592
684593
684594
684595
684596
684597
684598
684599
684600
684601
684602
684603
684604
684605
684606
684659
684660
684661
684662
684663
684664
684665
684666
684667
684668
684669
684670
684671
684672
684673
684674
684675
684676
684677
684678
684679
684680
684681
684682
684683
684684
684686
684687
684688
684689
684690
684691
684692
684693
684694
684695
684696
684697
684698
684699
684700
684701
684702
684703
684704
684705
684706
684707
684708
684709
684710
684737
684738
684739
684740
684741
684742
684743
684744
684745
684746
684747
684748
684749
684750
684751
684752
684753
684754
684755
684756
684757
684758
684759
684760
684761
684762
684763
684765
684766
684767
684768
684769
684770
684771
684772
684773
684774
684775
684776
684777
684778
684779
684780
684781
684782
684783
684784
684785
684786
684787
684788
684919
684920
684921
684922
684923
684924
684925
684926
684927
684928
684929
684930
684931
684932
684933
684934
684935
684936
684937
684938
684939
684940
684941
684942
684943
684944
684971
684972
684973
684974
684975
684976
684977
684978
684979
684980
684981
684982
684983
684984
684985
684986
684987
684988
684989
684990
684991
684992
684993
684994
684995
684996
685023
685024
685025
685026
685027
685028
685029
685030
685031
685032
685033
685034
685035
685036
685037
685038
685039
685040
685041
685042
685043
685044
685045
685046
685047
685048
685075
685076
685077
685078
685079
685080
685081
685082
685083
685084
685085
685086
685087
685088
685089
685090
685091
685092
685093
685094
685095
685096
685097
685098
685099
685100
685257
685258
685259
685260
685261
685262
685263
685264
685265
685266
685267
685268
685269
685270
685271
685272
685273
685274
685275
685276
685277
685278
685279
685280
685281
685282
685283
685285
685286
685287
685288
685290
685291
685292
685293
685294
685295
685296
685297
685298
685299
685300
685301
685302
685303
685304
685305
685306
685307
685308
685335
685336
685337
685338
685339
685340
685341
685342
685343
685344
685345
685346
685347
685348
685349
685350
685351
685352
685353
685354
685355
685356
685357
685358
685359
685360
685387
685388
685389
685390
685391
685392
685393
685394
685395
685396
685397
685398
685399
685400
685401
685402
685403
685404
685405
685406
685407
685408
685409
685410
685411
685412
685569
685570
685571
685572
685573
685574
685575
685576
685577
685578
685579
685580
685581
685582
685583
685584
685585
685586
685587
685588
685589
685590
685591
685592
685593
685594
685621
685622
685623
685624
685625
685626
685627
685628
685629
685630
685631
685632
685633
685634
685635
685636
685637
685638
685639
685640
685641
685642
685643
685644
685645
685646
685648
685649
685650
685651
685652
685653
685654
685655
685656
685657
685658
685659
685660
685661
685662
685663
685664
685665
685666
685667
685668
685669
685670
685671
685672
685673
685674
685675
685676
685677
685678
685679
685680
685681
685682
685683
685684
685685
685686
685687
685688
685689
685690
685691
685692
685693
685694
685695
685696
685697
685698
685751
685752
685753
685754
685755
685756
685757
685758
685759
685760
685761
685762
685763
685764
685765
685766
685767
685768
685769
685770
685771
685772
685773
685774
685775
685776
685855
685856
685857
685858
685859
685860
685861
685862
685863
685864
685865
685866
685867
685868
685869
685870
685871
685872
685873
685874
685875
685876
685877
685878
685879
685880
686011
686012
686013
686014
686015
686016
686017
686018
686019
686020
686021
686022
686023
686024
686025
686026
686027
686028
686029
686030
686031
686032
686033
686034
686035
686036
686037
686039
686040
686041
686042
686043
686044
686045
686046
686047
686048
686049
686050
686051
686052
686053
686054
686055
686056
686057
686058
686059
686060
686061
686062
686115
686116
686117
686118
686119
686120
686121
686122
686123
686124
686125
686126
686127
686128
686129
686130
686131
686132
686133
686134
686135
686136
686137
686138
686139
686140
686245
686246
686247
686248
686249
686250
686251
686252
686253
686254
686255
686256
686257
686258
686259
686260
686261
686262
686263
686264
686265
686266
686267
686268
686269
686270
686297
686298
686299
686300
686301
686302
686303
686304
686305
686306
686307
686308
686309
686310
686311
686312
686313
686314
686315
686316
686317
686318
686319
686320
686321
686322
686401
686402
686403
686404
686405
686406
686407
686408
686409
686410
686411
686412
686413
686414
686415
686416
686417
686418
686419
686420
686421
686422
686423
686424
686425
686426
686427
686428
686429
686430
686431
686432
686433
686434
686435
686436
686437
686438
686439
686440
686441
686442
686443
686444
686445
686446
686447
686448
686449
686450
686451
686452
686479
686480
686481
686482
686483
686484
686485
686486
686487
686488
686489
686490
686491
686492
686493
686494
686495
686496
686497
686498
686499
686500
686501
686502
686503
686504
686507
686508
686509
686510
686511
686512
686513
686514
686515
686516
686517
686518
686519
686520
686521
686522
686523
686524
686525
686526
686527
686528
686529
686530
686557
686558
686559
686560
686561
686562
686563
686564
686565
686566
686567
686568
686569
686570
686571
686572
686573
686574
686575
686576
686577
686578
686579
686580
686581
686582
686739
686740
686741
686742
686743
686744
686745
686746
686747
686748
686749
686750
686751
686752
686753
686754
686755
686756
686757
686758
686759
686760
686761
686762
686763
686764
686765
686766
686767
686768
686769
686770
686771
686772
686773
686774
686775
686776
686777
686778
686779
686780
686781
686782
686783
686784
686785
686786
686787
686788
686789
686790
686817
686818
686819
686820
686821
686822
686823
686824
686825
686826
686827
686828
686829
686830
686831
686832
686833
686834
686835
686836
686837
686838
686839
686840
686841
686842
686844
686845
686846
686847
686848
686849
686850
686851
686852
686853
686854
686855
686856
686857
686858
686859
686860
686861
686862
686863
686864
686865
686866
686867
686868
686869
686870
686871
686872
686873
686874
686875
686876
686877
686878
686879
686880
686881
686882
686883
686884
686885
686886
686887
686888
686889
686890
686891
686892
686893
686894
686921
686922
686923
686924
686925
686926
686927
686928
686929
686930
686931
686932
686933
686934
686935
686936
686937
686938
686939
686940
686941
686942
686943
686944
686945
686946
687025
687026
687027
687028
687029
687030
687031
687032
687033
687034
687035
687036
687037
687038
687039
687040
687041
687042
687043
687044
687045
687046
687047
687048
687049
687050
687052
687053
687054
687056
687057
687058
687059
687062
687063
687064
687065
687066
687067
687068
687069
687071
687072
687073
687074
687075
687076
687077
687079
687081
687082
687085
687086
687089
687090
687091
687092
687093
687094
687095
687096
687097
687098
687099
687100
687101
687102
687259
687260
687261
687262
687263
687264
687265
687266
687267
687268
687269
687270
687271
687272
687273
687274
687275
687276
687277
687278
687279
687280
687281
687282
687283
687286
687287
687288
687289
687290
687291
687293
687294
687295
687296
687297
687299
687300
687301
687303
687304
687305
687307
687309
687310
687341
687342
687343
687344
687345
687346
687347
687348
687349
687350
687351
687352
687353
687354
687355
687356
687357
687358
687359
687360
687361
687362
687363
687364
687365
687366
687367
687368
687369
687370
687371
687372
687373
687374
687375
687376
687377
687378
687379
687381
687384
687385
687386
687387
687388
687415
687417
687418
687419
687420
687422
687423
687424
687425
687426
687427
687428
687429
687430
687431
687432
687433
687434
687435
687436
687437
687438
687439
687440
687467
687468
687469
687470
687471
687472
687473
687474
687475
687476
687477
687478
687479
687480
687481
687482
687483
687484
687485
687486
687487
687488
687489
687490
687491
687492
687519
687520
687521
687522
687523
687524
687525
687526
687527
687528
687529
687530
687531
687532
687533
687534
687535
687536
687538
687539
687540
687541
687542
687543
687544
687571
687572
687573
687574
687575
687576
