687578
687579
687580
687581
687582
687583
687584
687585
687586
687587
687588
687589
687590
687591
687592
687593
687594
687595
687596
687649
687650
687651
687652
687653
687654
687655
687656
687657
687658
687659
687660
687661
687662
687663
687664
687665
687666
687667
687668
687669
687670
687671
687672
687673
687674
687701
687702
687703
687704
687705
687706
687707
687708
687709
687710
687711
687712
687713
687714
687715
687716
687717
687718
687719
687720
687721
687722
687723
687724
687725
687726
687753
687754
687755
687756
687757
687758
687759
687760
687761
687762
687763
687764
687765
687766
687767
687768
687769
687770
687771
687772
687773
687774
687775
687776
687777
687778
687805
687806
687807
687808
687809
687810
687811
687812
687813
687814
687815
687816
687817
687818
687819
687820
687821
687822
687823
687824
687825
687826
687827
687828
687829
687830
687857
687858
687859
687860
687861
687862
687863
687864
687865
687866
687867
687868
687869
687870
687871
687872
687873
687874
687875
687876
687877
687878
687879
687880
687881
687882
687909
687910
687911
687912
687913
687914
687915
687916
687917
687918
687919
687920
687921
687922
687923
687924
687925
687926
687927
687928
687929
687930
687931
687932
687933
687934
688013
688014
688015
688016
688017
688018
688019
688020
688021
688022
688023
688024
688025
688026
688027
688028
688029
688030
688031
688032
688033
688034
688035
688036
688037
688038
688039
688041
688042
688043
688044
688045
688046
688047
688048
688049
688050
688051
688052
688053
688054
688055
688056
688057
688058
688059
688060
688061
688062
688063
688064
688091
688092
688093
688094
688095
688096
688097
688098
688099
688100
688101
688102
688103
688104
688105
688106
688107
688108
688109
688110
688111
688112
688113
688114
688115
688116
688117
688118
688119
688120
688121
688122
688123
688124
688125
688126
688127
688128
688129
688130
688131
688132
688133
688134
688135
688136
688137
688138
688139
688140
688141
688142
688143
688144
688145
688146
688147
688148
688149
688150
688151
688152
688153
688154
688155
688156
688157
688158
688159
688160
688161
688162
688163
688164
688165
688166
688167
688168
688221
688222
688223
688224
688225
688226
688227
688228
688229
688230
688231
688232
688233
688234
688235
688236
688237
688238
688239
688240
688241
688242
688243
688244
688245
688246
688247
688248
688249
688250
688251
688252
688253
688254
688255
688256
688257
688258
688259
688260
688261
688262
688263
688264
688265
688266
688267
688268
688269
688270
688271
688272
688273
688274
688275
688276
688277
688278
688279
688280
688281
688282
688283
688284
688285
688286
688287
688288
688289
688290
688291
688292
688293
688294
688295
688296
688297
688298
688325
688326
688327
688328
688329
688330
688331
688332
688333
688334
688335
688336
688337
688338
688339
688340
688341
688342
688343
688344
688345
688346
688347
688348
688349
688350
688377
688378
688379
688380
688381
688382
688383
688384
688385
688386
688387
688388
688389
688390
688391
688392
688393
688394
688395
688396
688397
688398
688399
688400
688401
688402
688403
688404
688405
688406
688407
688408
688409
688410
688411
688412
688413
688414
688415
688416
688417
688418
688419
688420
688421
688422
688423
688424
688425
688426
688427
688428
688429
688430
688431
688432
688433
688434
688435
688436
688437
688438
688439
688440
688441
688442
688443
688444
688445
688446
688447
688448
688449
688450
688451
688452
688453
688454
688456
688458
688459
688460
688461
688462
688463
688464
688465
688466
688467
688468
688469
688470
688471
688472
688473
688474
688475
688476
688477
688478
688479
688480
688611
688612
688613
688614
688615
688616
688617
688618
688619
688620
688621
688622
688623
688624
688625
688626
688627
688628
688629
688630
688631
688632
688633
688634
688635
688636
688689
688690
688691
688692
688693
688694
688695
688696
688697
688698
688699
688700
688701
688702
688703
688704
688705
688706
688707
688708
688709
688710
688711
688712
688713
688714
688741
688742
688743
688744
688745
688746
688747
688748
688749
688750
688751
688752
688753
688754
688755
688756
688757
688758
688759
688760
688761
688762
688763
688764
688765
688766
688793
688794
688795
688796
688797
688798
688799
688800
688801
688802
688803
688804
688805
688806
688807
688808
688809
688810
688811
688812
688813
688814
688815
688816
688817
688818
688871
688872
688873
688874
688875
688876
688877
688878
688879
688880
688881
688882
688883
688884
688885
688886
688887
688888
688889
688890
688891
688892
688893
688894
688895
688896
688898
688899
688900
688901
688902
688903
688904
688905
688906
688907
688908
688909
688910
688911
688912
688913
688914
688915
688916
688917
688918
688919
688920
688921
688922
688949
688950
688951
688952
688953
688954
688955
688956
688957
688958
688959
688960
688961
688962
688963
688964
688965
688966
688967
688968
688969
688970
688971
688972
688973
688974
688975
688976
688977
688978
688979
688980
688981
688982
688983
688984
688985
688986
688987
688988
688989
688990
688991
688992
688993
688994
688995
688996
688997
688998
688999
689000
689002
689004
689005
689006
689007
689008
689009
689010
689011
689012
689013
689014
689015
689016
689017
689018
689019
689020
689021
689022
689023
689024
689025
689026
689029
689030
689031
689032
689033
689034
689035
689036
689037
689038
689039
689040
689041
689042
689043
689044
689045
689046
689047
689048
689049
689050
689051
689052
689053
689054
689055
689056
689057
689058
689059
689060
689061
689062
689063
689064
689065
689066
689067
689068
689069
689070
689071
689072
689073
689074
689075
689076
689077
689078
689080
689081
689082
689083
689084
689085
689086
689087
689088
689089
689090
689091
689092
689093
689094
689095
689096
689097
689098
689099
689100
689101
689102
689103
689104
689131
689132
689133
689134
689135
689136
689137
689138
689139
689140
689141
689142
689143
689144
689145
689146
689147
689148
689149
689150
689151
689152
689153
689154
689155
689156
689157
689158
689159
689160
689161
689162
689163
689164
689165
689166
689167
689168
689169
689170
689171
689172
689173
689174
689175
689176
689177
689178
689179
689180
689181
689182
689209
689210
689211
689212
689213
689214
689215
689216
689217
689218
689219
689220
689221
689222
689223
689224
689225
689226
689227
689228
689229
689230
689231
689232
689233
689234
689365
689366
689367
689368
689369
689370
689371
689372
689373
689374
689375
689376
689377
689378
689379
689380
689381
689382
689383
689384
689385
689386
689387
689388
689389
689390
689391
689393
689394
689395
689396
689397
689398
689399
689400
689401
689402
689403
689404
689405
689406
689407
689408
689409
689410
689411
689412
689413
689414
689415
689416
689443
689444
689445
689446
689447
689448
689449
689450
689451
689452
689453
689454
689455
689456
689457
689458
689459
689460
689461
689462
689463
689464
689465
689466
689467
689468
689469
689470
689471
689472
689473
689474
689475
689476
689477
689478
689479
689480
689481
689482
689483
689484
689485
689486
689487
689488
689489
689490
689491
689492
689493
689494
689547
689548
689549
689550
689551
689552
689553
689554
689555
689556
689557
689558
689559
689560
689561
689562
689563
689564
689565
689566
689567
689568
689569
689570
689571
689572
689574
689575
689576
689577
689578
689579
689580
689581
689582
689583
689584
689585
689586
689587
689588
689589
689590
689591
689592
689593
689594
689595
689596
689597
689598
689599
689600
689601
689602
689603
689604
689605
689606
689607
689608
689609
689610
689611
689612
689613
689614
689615
689616
689617
689618
689619
689620
689621
689622
689623
689624
689625
689627
689628
689629
689630
689631
689632
689633
689634
689635
689636
689637
689638
689639
689640
689641
689642
689643
689644
689645
689646
689647
689648
689649
689650
689651
689652
689653
689654
689655
689656
689657
689658
689659
689660
689661
689662
689663
689664
689665
689666
689667
689668
689669
689670
689671
689672
689673
689674
689675
689676
689678
689679
689680
689681
689682
689683
689684
689685
689686
689687
689688
689689
689690
689691
689692
689693
689694
689695
689696
689697
689698
689699
689700
689701
689702
689703
689706
689707
689708
689709
689710
689711
689712
689713
689714
689715
689716
689717
689718
689719
689720
689721
689722
689723
689724
689725
689726
689727
689728
689729
689731
689732
689733
689734
689735
689736
689737
689738
689739
689740
689741
689742
689743
689744
689745
689746
689747
689748
689749
689750
689751
689752
689753
689754
689756
689759
689760
689761
689762
689763
689764
689765
689766
689767
689768
689769
689770
689771
689772
689773
689774
689775
689776
689777
689778
689779
689780
689781
689782
689783
689784
689785
689786
689787
689788
689789
689790
689791
689792
689793
689794
689795
689796
689797
689798
689799
689800
689801
689802
689803
689804
689805
689806
689833
689834
689835
689836
689837
689838
689839
689840
689841
689842
689843
689844
689845
689846
689847
689848
689849
689850
689851
689852
689853
689854
689855
689856
689857
689858
689860
689861
689862
689863
689864
689865
689866
689867
689868
689869
689870
689871
689872
689873
689874
689875
689876
689877
689878
689879
689880
689881
689882
689883
689884
689911
689912
689913
689914
689915
689916
689917
689918
689919
689920
689921
689922
689923
689924
689925
689926
689927
689928
689929
689930
689931
689932
689933
689934
689935
689936
689937
689938
689939
689940
689941
689942
689943
689944
689945
689946
689947
689948
689949
689950
689951
689952
689953
689954
689955
689956
689957
689958
689959
689960
689961
689962
689989
689990
689991
689992
689993
689994
689995
689996
689997
689998
689999
690000
690001
690002
690003
690004
690005
690006
690007
690008
690009
690010
690011
690012
690013
690014
690067
690068
690069
690070
690071
690072
690073
690074
690075
690076
690077
690078
690079
690080
690081
690082
690083
690084
690085
690086
690087
690088
690089
690090
690091
690092
690093
690094
690096
690097
690098
690099
690100
690101
690102
690103
690104
690105
690106
690107
690108
690109
690110
690111
690112
690113
690114
690115
690116
690117
690118
690197
690198
690199
690200
690201
690202
690203
690204
690205
690206
690207
690208
690209
690210
690211
690212
690213
690214
690215
690216
690217
690218
690219
690220
690221
690222
690275
690276
690277
690278
690279
690280
690281
690282
690283
690284
690285
690286
690287
690288
690289
690290
690291
690292
690293
690294
690295
690296
690297
690298
690299
690300
690302
690303
690304
690305
690306
690307
690308
690309
690310
690311
690312
690313
690314
690315
690316
690317
690318
690319
690320
690321
690322
690323
690324
690325
690326
690405
690406
690407
690408
690409
690410
690411
690412
690413
690414
690415
690416
690417
690418
690419
690420
690421
690422
690423
690424
690425
690426
690427
690428
690429
690430
690483
690484
690485
690486
690487
690488
690489
690490
690491
690492
690493
690494
690495
690496
690497
690498
690499
690500
690501
690502
690503
690504
690505
690506
690507
690508
690535
690536
690537
690539
690540
690541
690542
690543
690544
690545
690546
690547
690548
690549
690550
690551
690552
690553
690554
690555
690556
690557
690558
690559
690560
690613
690614
690615
690616
690617
690618
690619
690620
690621
690622
690623
690624
690625
690626
690627
690628
690629
690630
690631
690632
690633
690634
690635
690636
690637
690638
690665
690666
690667
690668
690669
690670
690671
690672
690673
690674
690675
690676
690677
690678
690679
690680
690681
690682
690683
690684
690685
690686
690687
690688
690689
690690
690691
690692
690693
690694
690695
690696
690697
690698
690699
690700
690701
690702
690703
690704
690705
690706
690707
690708
690709
690710
690711
690712
690713
690714
690715
690716
690718
690719
690720
690721
690722
690723
690724
690725
690726
690727
690728
690729
690730
690731
690732
690733
690734
690735
690736
690737
690738
690739
690740
690741
690742
690821
690822
690823
690824
690825
690826
690827
690828
690829
690830
690831
690832
690833
690834
690835
690836
690837
690838
690839
690840
690841
690842
690843
690844
690845
690846
690899
690900
690901
690902
690903
690904
690905
690906
690907
690908
690909
690910
690911
690912
690913
690914
690915
690916
690917
690918
690919
690920
690921
690922
690923
690924
690925
690926
690927
690928
690929
690930
690931
690932
690933
690934
690935
690936
690937
690938
690939
690940
690941
690942
690943
690944
690945
690946
690947
690948
690949
690950
691081
691082
691083
691084
691085
691086
691087
691088
691089
691090
691091
691092
691093
691094
691095
691096
691097
691098
691099
691100
691101
691102
691103
691104
691105
691106
691109
691110
691111
691112
691113
691114
691115
691116
691117
691118
691119
691120
691121
691122
691123
691124
691125
691126
691127
691128
691129
691130
691131
691132
691133
691134
691135
691136
691138
691139
691141
691142
691143
691144
691146
691147
691148
691149
691150
691151
691152
691153
691154
691155
691156
691157
691158
691159
691164
691165
691167
691168
691169
691170
