691171
691172
691173
691174
691175
691176
691177
691178
691179
691180
691181
691182
691183
691184
691187
691188
691189
691190
691191
691192
691193
691194
691195
691196
691197
691198
691199
691200
691201
691202
691203
691204
691205
691206
691207
691208
691209
691210
691212
691213
691214
691215
691216
691217
691218
691219
691220
691221
691222
691223
691224
691225
691226
691227
691228
691229
691230
691231
691232
691233
691234
691235
691236
691263
691264
691265
691266
691267
691268
691269
691270
691271
691272
691273
691274
691275
691276
691277
691278
691279
691280
691281
691282
691283
691284
691285
691286
691287
691288
691289
691290
691291
691292
691293
691294
691295
691296
691297
691298
691299
691300
691301
691302
691303
691304
691305
691306
691307
691308
691309
691310
691311
691312
691313
691314
691341
691342
691343
691344
691345
691346
691347
691348
691349
691350
691351
691352
691353
691354
691355
691356
691357
691358
691359
691360
691361
691362
691363
691364
691365
691366
691367
691368
691369
691370
691371
691372
691373
691374
691375
691376
691377
691378
691379
691380
691381
691382
691383
691384
691385
691386
691387
691388
691389
691390
691391
691392
691419
691420
691421
691422
691423
691424
691425
691426
691427
691428
691429
691430
691431
691432
691433
691434
691435
691436
691437
691438
691439
691440
691441
691442
691443
691444
691471
691472
691473
691474
691475
691476
691477
691478
691479
691480
691481
691482
691483
691484
691485
691486
691487
691488
691489
691490
691491
691492
691493
691494
691495
691496
691497
691498
691499
691500
691501
691502
691503
691504
691505
691506
691507
691508
691509
691510
691511
691512
691513
691514
691515
691516
691517
691518
691519
691520
691521
691522
691549
691550
691551
691552
691553
691554
691555
691556
691557
691558
691559
691560
691561
691562
691563
691564
691565
691566
691567
691568
691569
691570
691571
691572
691573
691574
691627
691628
691629
691630
691631
691632
691633
691634
691635
691636
691637
691638
691639
691640
691641
691642
691643
691644
691645
691646
691647
691648
691649
691650
691651
691652
691654
691655
691656
691657
691658
691659
691660
691661
691662
691663
691664
691665
691666
691667
691668
691669
691670
691671
691672
691673
691674
691675
691676
691677
691678
691679
691680
691681
691682
691683
691684
691685
691686
691687
691688
691689
691690
691691
691692
691693
691694
691695
691696
691697
691698
691699
691700
691701
691702
691703
691704
691705
691707
691708
691709
691710
691711
691712
691713
691714
691715
691716
691717
691718
691719
691720
691721
691722
691723
691724
691725
691726
691727
691728
691729
691730
691757
691758
691759
691760
691761
691762
691763
691764
691765
691766
691767
691768
691769
691770
691771
691772
691773
691774
691775
691776
691777
691778
691779
691780
691781
691782
691809
691810
691811
691812
691813
691814
691815
691816
691817
691818
691819
691820
691821
691822
691823
691824
691825
691826
691827
691828
691829
691830
691831
691832
691833
691834
691913
691914
691915
691916
691917
691918
691919
691920
691921
691922
691923
691924
691925
691926
691927
691928
691929
691930
691931
691932
691933
691934
691935
691936
691937
691938
691991
691992
691993
691994
691995
691996
691997
691998
691999
692000
692001
692002
692003
692004
692005
692006
692007
692008
692009
692010
692011
692012
692013
692014
692015
692016
692069
692070
692071
692072
692073
692074
692075
692076
692077
692078
692079
692080
692081
692082
692083
692084
692085
692086
692087
692088
692089
692090
692091
692092
692093
692094
692121
692122
692123
692124
692125
692126
692127
692128
692129
692130
692131
692132
692133
692134
692135
692136
692137
692138
692139
692140
692141
692142
692143
692144
692145
692146
692147
692148
692149
692150
692151
692152
692153
692154
692155
692156
692157
692158
692159
692160
692161
692162
692163
692164
692165
692166
692167
692168
692169
692170
692171
692172
692173
692175
692177
692179
692180
692181
692182
692184
692185
692186
692187
692188
692189
692190
692191
692192
692193
692194
692195
692196
692197
692198
692225
692226
692227
692228
692229
692230
692231
692232
692233
692234
692235
692236
692237
692238
692239
692240
692241
692242
692243
692244
692245
692246
692247
692248
692249
692250
692277
692278
692279
692280
692281
692282
692283
692284
692285
692286
692287
692288
692289
692290
692291
692292
692293
692294
692295
692296
692297
692298
692299
692300
692301
692302
692303
692304
692305
692306
692307
692308
692309
692310
692311
692312
692313
692314
692315
692316
692317
692318
692319
692320
692321
692322
692323
692324
692325
692326
692327
692328
692485
692486
692487
692488
692489
692490
692491
692492
692493
692494
692495
692496
692497
692498
692499
692500
692501
692502
692503
692504
692505
692506
692507
692508
692509
692510
692537
692538
692539
692540
692541
692542
692543
692544
692545
692546
692547
692548
692549
692550
692551
692552
692553
692554
692555
692556
692557
692558
692559
692560
692561
692562
692589
692590
692591
692592
692593
692594
692595
692596
692597
692598
692599
692600
692601
692602
692603
692604
692605
692606
692607
692608
692609
692610
692611
692612
692613
692614
692641
692642
692643
692644
692645
692646
692647
692648
692649
692650
692651
692652
692653
692654
692655
692656
692657
692658
692659
692660
692661
692662
692663
692664
692665
692666
692667
692668
692669
692670
692671
692672
692673
692674
692675
692676
692677
692678
692679
692680
692681
692682
692683
692684
692685
692686
692687
692688
692689
692690
692691
692692
692719
692720
692721
692722
692723
692724
692725
692726
692727
692728
692729
692730
692731
692732
692733
692734
692735
692736
692737
692738
692739
692740
692741
692742
692743
692744
692771
692772
692773
692774
692775
692776
692777
692778
692779
692780
692781
692782
692783
692784
692785
692786
692787
692788
692789
692790
692791
692792
692793
692794
692795
692796
692823
692824
692825
692826
692827
692828
692829
692830
692831
692832
692833
692834
692835
692836
692837
692838
692839
692840
692841
692842
692843
692844
692845
692846
692847
692848
692849
692850
692851
692852
692853
692854
692855
692856
692857
692858
692859
692860
692861
692862
692863
692864
692865
692866
692867
692868
692869
692870
692871
692872
692873
692874
692953
692954
692955
692956
692957
692958
692959
692960
692961
692962
692963
692964
692965
692966
692967
692968
692969
692970
692971
692972
692973
692974
692975
692976
692977
692978
693057
693058
693059
693060
693061
693062
693063
693064
693065
693066
693067
693068
693069
693070
693071
693072
693073
693074
693075
693076
693077
693078
693079
693080
693081
693082
693084
693085
693086
693087
693088
693089
693090
693091
693092
693093
693094
693095
693096
693097
693098
693099
693100
693101
693102
693103
693104
693105
693106
693107
693108
693111
693112
693113
693114
693115
693116
693117
693118
693119
693120
693121
693122
693123
693124
693125
693126
693127
693128
693129
693130
693131
693132
693133
693134
693135
693137
693138
693139
693140
693141
693142
693143
693144
693145
693146
693147
693148
693149
693150
693151
693152
693153
693154
693155
693156
693157
693158
693159
693160
693213
693214
693215
693216
693217
693218
693219
693220
693221
693222
693223
693224
693225
693226
693227
693228
693229
693230
693231
693232
693233
693234
693235
693236
693237
693238
693317
693318
693319
693320
693321
693322
693323
693324
693325
693326
693327
693328
693329
693330
693331
693332
693333
693334
693335
693336
693337
693338
693339
693340
693341
693342
693525
693526
693527
693528
693529
693530
693531
693532
693533
693534
693535
693536
693537
693538
693539
693540
693541
693542
693543
693544
693545
693546
693547
693548
693549
693550
693577
693578
693579
693580
693581
693582
693583
693584
693585
693586
693587
693588
693589
693590
693591
693592
693593
693594
693595
693596
693597
693598
693599
693600
693601
693602
693629
693630
693631
693632
693633
693634
693635
693636
693637
693638
693639
693640
693642
693643
693644
693645
693646
693647
693648
693649
693650
693651
693652
693653
693654
693655
693656
693657
693658
693659
693660
693661
693662
693663
693664
693665
693666
693667
693668
693669
693670
693671
693672
693673
693674
693675
693676
693677
693678
693679
693680
693683
693684
693685
693686
693687
693688
693689
693690
693691
693692
693693
693694
693695
693696
693698
693699
693700
693701
693702
693703
693704
693705
693706
693707
693709
693710
693712
693713
693714
693715
693716
693717
693718
693719
693720
693721
693722
693723
693724
693725
693726
693727
693728
693729
693730
693731
693732
693733
693734
693735
693736
693737
693738
693739
693740
693741
693742
693743
693744
693745
693746
693747
693748
693749
693750
693751
693752
693753
693754
693755
693756
693757
693758
693837
693838
693839
693840
693841
693842
693843
693844
693845
693846
693847
693848
693849
693850
693851
693852
693853
693854
693855
693856
693857
693858
693860
693861
693862
693941
693942
693943
693944
693945
693946
693947
693948
693949
693950
693951
693952
693953
693954
693955
693956
693957
693958
693959
693960
693961
693962
693963
693964
693965
693966
693967
693968
693969
693970
693971
693972
693973
693974
693975
693976
693977
693978
693979
693980
693981
693982
693983
693984
693985
693986
693987
693988
693989
693990
693991
693992
693994
693995
693996
693997
693998
693999
694000
694001
694002
694003
694004
694005
694006
694007
694008
694009
694010
694011
694012
694013
694014
694015
694016
694017
694018
694020
694021
694023
694026
694027
694028
694029
694030
694031
694032
694033
694034
694035
694036
694037
694038
694039
694040
694041
694042
694043
694044
694046
694047
694048
694049
694050
694051
694052
694053
694054
694055
694056
694057
694058
694059
694060
694061
694062
694063
694064
694065
694066
694067
694068
694069
694070
694097
694098
694099
694100
694101
694102
694103
694104
694105
694106
694107
694108
694109
694110
694111
694112
694113
694114
694115
694116
694117
694118
694119
694120
694121
694122
694123
694124
694125
694126
694127
694128
694129
694130
694131
694132
694133
694134
694135
694136
694137
694138
694139
694140
694141
694142
694143
694144
694145
694146
694147
694148
694201
694202
694203
694204
694205
694206
694207
694208
694209
694210
694211
694212
694213
694214
694215
694216
694217
694218
694219
694220
694221
694222
694223
694224
694225
694226
694227
694228
694229
694230
694231
694232
694233
694234
694235
694236
694237
694238
694239
694240
694241
694242
694243
694244
694245
694246
694247
694248
694249
694250
694251
694252
694357
694358
694359
694360
694361
694362
694363
694364
694365
694366
694367
694368
694369
694370
694371
694372
694373
694374
694375
694376
694377
694378
694379
694380
694381
694382
694409
694410
694411
694412
694413
694414
694415
694416
694417
694418
694419
694420
694421
694422
694423
694424
694425
694426
694427
694428
694429
694430
694431
694432
694433
694434
694513
694514
694515
694516
694517
694518
694519
694520
694521
694522
694523
694524
694525
694526
694527
694528
694529
694530
694531
694532
694533
694534
694535
694536
694537
694538
694540
694541
694542
694543
694544
694545
694546
694547
694548
694549
694550
694551
694552
694553
694554
694555
694556
694557
694558
694559
694560
694561
694562
694563
694564
