694643
694644
694645
694646
694647
694648
694649
694650
694651
694652
694653
694654
694655
694656
694657
694658
694659
694660
694661
694662
694663
694664
694665
694666
694667
694668
694669
694670
694671
694672
694673
694674
694675
694676
694677
694678
694679
694680
694681
694682
694683
694684
694685
694686
694687
694688
694689
694690
694691
694692
694693
694694
694696
694697
694698
694699
694700
694701
694702
694703
694704
694705
694706
694707
694708
694709
694710
694711
694712
694713
694714
694715
694716
694717
694718
694719
694720
694721
694722
694723
694724
694725
694726
694727
694728
694729
694730
694731
694732
694733
694734
694735
694736
694737
694738
694739
694740
694741
694742
694743
694744
694745
694746
694851
694852
694853
694854
694855
694856
694857
694858
694859
694860
694861
694862
694863
694864
694865
694866
694867
694868
694869
694870
694871
694872
694873
694874
694875
694876
694903
694904
694905
694906
694907
694908
694909
694910
694911
694912
694913
694914
694915
694916
694917
694918
694919
694920
694921
694922
694923
694924
694925
694926
694927
694928
694929
694930
694931
694932
694933
694934
694935
694936
694937
694938
694939
694940
694941
694942
694943
694944
694945
694946
694947
694948
694949
694950
694951
694952
694953
694954
694981
694982
694983
694984
694985
694986
694987
694988
694989
694990
694991
694992
694993
694994
694995
694996
694997
694998
694999
695000
695001
695002
695003
695004
695005
695006
695085
695086
695087
695088
695089
695090
695091
695092
695093
695094
695095
695096
695097
695098
695099
695100
695101
695102
695103
695104
695105
695106
695107
695108
695109
695110
695111
695112
695113
695114
695115
695116
695117
695118
695119
695120
695121
695122
695123
695124
695125
695126
695127
695128
695129
695130
695131
695132
695133
695134
695135
695136
695137
695138
695139
695140
695141
695142
695143
695144
695145
695146
695147
695148
695149
695150
695151
