695152
695153
695154
695155
695156
695157
695158
695159
695160
695161
695162
695189
695190
695191
695192
695193
695194
695195
695196
695197
695198
695199
695200
695201
695202
695203
695204
695205
695206
695207
695208
695209
695210
695211
695212
695213
695214
695241
695242
695243
695244
695245
695246
695247
695248
695249
695250
695251
695252
695253
695254
695255
695256
695257
695258
695259
695260
695261
695262
695263
695264
695265
695266
695268
695269
695270
695271
695272
695273
695274
695275
695276
695277
695278
695279
695280
695281
695282
695283
695284
695285
695286
695287
695288
695289
695290
695291
695292
695293
695294
695295
695296
695297
695298
695299
695300
695301
695302
695303
695304
695305
695306
695307
695308
695309
695310
695311
695312
695313
695314
695315
695316
695317
695318
695345
695346
695347
695348
695349
695350
695351
695352
695353
695354
695355
695356
695357
695358
695359
695360
695361
695362
695363
695364
695365
695366
695367
695368
695369
695370
695371
695372
695373
695374
695375
695376
695377
695378
695379
695380
695381
695382
695383
695384
695385
695386
695387
695388
695389
695390
695391
695392
695393
695394
695395
695396
695397
695398
695399
695400
695401
695402
695403
695404
695405
695406
695407
695408
695409
695410
695411
695412
695413
695414
695415
695416
695417
695418
695419
695420
695421
695422
695423
695424
695425
695426
695427
695428
695429
695430
695431
695432
695433
695434
695435
695436
695437
695438
695439
695440
695441
695442
695443
695444
695445
695446
695447
695448
695449
695450
695451
695452
695453
695454
695455
695456
695457
695458
695459
695460
695461
695462
695463
695464
695465
695466
695467
695468
695469
695470
695471
695472
695473
695474
