695796
695797
695798
695799
695800
695801
695802
695803
695804
695805
695806
695807
695808
695809
695810
695811
695812
695813
695814
695815
695816
695817
695818
695819
695820
695821
695822
695823
695824
695825
695826
695827
695828
695829
695830
695831
695832
695833
695834
695835
695836
695837
695838
695839
695840
695841
695842
695843
695844
695845
695846
695847
695848
695849
695850
695851
695852
695853
695854
695855
695856
695857
695858
695859
695860
695861
695862
695863
695864
695943
695944
695945
695946
695947
695948
695949
695950
695951
695952
695953
695954
695955
695956
695957
695958
695959
695960
695961
695962
695963
695964
695965
695966
695967
695968
695995
695996
695997
695998
695999
696000
696001
696002
696003
696004
696005
696006
696007
696008
696009
696010
696011
696012
696013
696014
696015
696016
696017
696018
696019
696020
696021
696022
696023
696024
696025
696026
696027
696028
696029
696030
696031
696032
696033
696034
696035
696036
696037
696038
696039
696040
696041
696042
696043
696044
