696045
696046
696073
696074
696075
696076
696077
696078
696079
696080
696081
696082
696083
696084
696085
696086
696087
696088
696089
696090
696091
696092
696093
696094
696095
696096
696097
696098
696151
696152
696153
696154
696155
696156
696157
696158
696159
696160
696161
696162
696163
696164
696165
696166
696167
696168
696169
696170
696171
696172
696173
696174
696175
696176
696177
696178
696179
696180
696181
696182
696183
696184
696185
696186
696187
696188
696189
696190
696191
696192
696193
696194
696195
696196
696197
696198
696199
696200
696201
696202
696204
696205
