696206
696207
696208
696209
696210
696211
696212
696213
696214
696215
696216
696217
696218
696219
696220
696221
696222
696223
696224
696225
696226
696227
696228
696255
696256
696257
696258
696259
696260
696261
696262
696263
696264
696265
696266
696267
696268
696269
696270
696271
696272
696273
696274
696275
696276
696277
696278
696279
696280
696333
696334
696335
696336
696337
696338
696339
696340
696341
696342
696343
696344
696345
696346
696347
696348
696350
696351
696352
696353
696354
696355
696356
696357
696358
696411
696412
696413
696414
696415
696416
696417
696418
696419
696420
696421
696422
696423
696424
696425
696426
696427
696428
696429
696430
696431
696432
696433
696434
696435
696436
696463
696464
696465
696466
696467
696468
696469
696470
696471
696472
696473
696474
696475
696476
696477
696478
696479
696480
696481
696482
696483
696484
696485
696486
696487
696488
696515
696516
696517
696518
696519
696520
696521
696522
696523
696524
696525
696526
696527
696528
696529
696530
696531
696532
696533
696534
696535
696536
696537
696538
696539
696540
696541
696542
696543
696544
696545
696546
696547
696548
696549
696550
696551
696552
696553
696554
696555
696556
696557
696558
696559
696560
696561
696562
696563
696564
696565
696566
696567
696568
696569
696570
696571
696572
696573
696574
696575
696576
696577
696578
696579
696580
696581
696582
696583
696584
696585
696586
696587
696588
696589
696590
696591
696592
696723
696724
696725
696726
696727
696728
696729
696730
696731
696732
696733
696734
696735
696736
696737
696738
696739
696740
696741
696742
696743
696744
696745
696746
696747
696748
696749
696750
696751
696752
696753
696754
696755
696756
696757
696758
696759
696760
696761
696762
696763
696764
696765
696766
696767
696768
696769
696770
696771
696772
696773
696774
