696801
696802
696803
696804
696805
696806
696807
696808
696809
696810
696811
696812
696813
696814
696815
696816
696817
696818
696819
696820
696821
696822
696823
696824
696825
696826
696879
696880
696881
696882
696883
696884
696885
696886
696887
696888
696889
696890
696891
696892
696893
696894
696895
696896
696897
696898
696899
696900
696901
696902
696903
696904
696905
696906
696907
696908
696909
696910
696911
696912
696913
696914
696915
696916
696917
696918
696919
696920
696921
696922
696923
696924
696925
696926
696927
696928
696929
696930
696931
696932
696933
696934
696935
696936
696937
696938
696939
696940
696941
696942
696943
696944
696945
696946
696947
696948
696949
696950
696951
696952
696953
696954
696955
696956
696983
696984
696985
696986
696987
696988
696989
696990
696991
696992
696993
696994
696995
696996
696997
696998
696999
697000
697001
697002
697003
697004
697005
697006
697007
697008
697010
697011
697012
697013
697014
697015
697016
697017
697018
697019
697020
697021
697022
697023
697024
697025
697026
697027
697028
697029
697030
697031
697032
697033
697034
697035
697036
697037
697038
697039
697040
697041
697042
697043
697044
697045
697046
697047
697048
697049
697050
697051
697052
697053
697054
697055
697056
697057
697058
697059
697060
697062
697063
697064
697065
697066
697067
697068
697069
697070
697071
697072
697073
697074
697075
697076
697077
697078
697079
697080
697081
697082
697083
697084
697085
697086
697165
697166
697167
697168
697169
697170
697171
697172
697173
697174
697175
697176
697177
697178
697179
697180
697181
697182
697183
697184
697185
697186
697187
697188
697189
697190
697191
697192
697193
697194
697195
697196
697197
697198
697199
697200
697201
697202
697203
697204
697205
697206
697207
697208
697209
697210
697211
697212
697213
697214
697215
697216
697399
697400
697401
697402
697403
697404
697405
697406
697407
697408
697409
697410
697411
697412
697413
697414
697415
697416
697417
697418
697419
697420
697421
697422
697423
697424
697451
697452
697453
697454
697455
697456
697457
697458
697459
697460
697461
697462
697463
697464
697465
697466
697467
697468
697469
697470
697471
697472
697473
697474
697475
697476
697529
697530
697531
697532
697533
697534
697535
697536
697537
697538
697539
697540
697541
697542
697543
697544
697545
697546
697547
697548
697549
697550
697551
697552
697553
697554
697555
697556
697557
697558
697559
697560
697561
697562
697563
697564
697565
697566
697567
697568
697569
697570
697571
697572
697573
697574
697575
697576
697577
697578
697579
697580
697607
697608
697609
697610
697611
697612
697613
697614
697615
697616
697617
697618
697619
697620
697621
697622
697623
697624
697625
697626
697627
697628
697629
697630
697631
697632
697633
697634
697635
697636
697637
697638
697639
697640
697641
697642
697643
697644
697645
697646
697647
697648
697649
697650
697651
697652
697653
697654
697655
697656
697657
697658
697685
697686
697687
697688
697689
697690
697691
697692
697693
697694
697695
697696
697697
697698
697699
697700
697701
697702
697703
697704
697705
697706
697707
697708
697709
697710
697737
697738
697739
697740
697741
697742
697743
697744
697745
697746
697747
697748
697749
697750
697751
697752
697753
697754
697755
697756
697757
697758
697759
697760
697761
697762
697763
697764
697765
697766
697767
697768
697769
697770
697771
697772
697773
697774
697775
697776
697777
697778
697779
697780
697781
697782
697783
697784
697785
697786
697787
697788
697841
697842
697843
697844
697845
697846
697847
697848
697849
697850
697851
697852
697853
697854
697855
697856
697857
697858
697859
697860
697861
697862
697863
697864
697865
697866
697893
697894
697895
697896
697897
697898
697899
697900
697901
697902
697903
697904
697905
697906
697907
697908
697909
697910
697911
697912
697913
697914
697915
697916
697917
697918
697945
697946
697947
697948
697949
697950
697951
697952
697953
697954
697955
697956
697957
697958
697959
697960
697961
697962
697963
697964
697965
697966
697967
697968
697969
697970
697971
697972
697973
697974
697975
697976
697977
697978
697979
697980
697981
697982
697983
697984
697985
697986
697987
697988
697989
697990
697991
697992
697993
697994
697995
697996
697998
697999
698000
698001
698002
698003
698004
698005
698006
698007
698008
698009
698010
698011
698012
698013
698014
698015
698016
698017
698018
698019
698020
698021
698022
698049
698050
698051
698052
698053
698054
698055
698056
698057
698058
698059
698060
698061
698062
698063
698064
698065
698066
698067
698068
698069
698070
698071
698072
698073
698074
698075
698076
698077
698078
698079
698080
698081
698082
698083
698084
698085
698086
698087
698088
698090
698091
698092
698093
698094
698095
698096
698097
698098
698099
698100
698101
698102
698103
698104
698105
698106
698107
698108
698109
698110
698111
698112
698113
698114
698115
698116
698117
698118
698119
698120
698121
698122
698123
698124
698125
698126
698154
698157
698158
698160
698161
698162
698163
698166
698168
698169
698170
698171
698172
698173
698175
698177
698178
698257
698258
698259
698260
698261
698262
698263
698264
698265
698266
698267
698268
698269
698270
698271
698272
698275
698276
698277
698278
698279
698280
698281
698282
698283
698284
698285
698286
698287
698288
698289
698290
698291
698292
698293
698295
698296
698297
698298
698299
698300
698301
698302
698303
698306
698307
698308
698336
698337
698339
698340
698344
698345
698348
698349
698351
698352
698353
698354
698355
698356
698357
698358
698359
698360
