698413
698414
698415
698416
698417
698418
698419
698420
698421
698422
698423
698424
698425
698426
698427
698428
698429
698430
698431
698432
698433
698434
698435
698436
698437
698438
698439
698440
698441
698442
698443
698444
698445
698446
698447
698448
698449
698450
698451
698452
698453
698454
698455
698456
698457
698458
698459
698460
698461
698462
698463
698464
698491
698492
698493
698494
698495
698496
698497
698498
698499
698500
698501
698502
698503
698504
698505
698506
698507
698508
698509
698510
698511
698512
698513
698514
698515
698516
698517
698518
698519
698520
698521
698522
698523
698524
698525
698526
698527
698528
698529
698530
698531
698532
698533
698534
698535
698536
698537
698538
698539
698540
698541
698542
698569
698570
698571
698572
698573
698574
698575
698576
698577
698578
698579
698580
698581
698582
698583
698584
698585
698586
698587
698588
698589
698590
698591
698592
698593
698594
698621
698622
698623
698624
698625
698626
698627
698628
698629
698630
698631
698632
698633
698634
698635
698636
698637
698638
698639
698640
698641
698642
698643
698644
698645
698646
698673
698674
698675
698676
698677
698678
698679
698680
698681
698682
698683
698684
698685
698686
698687
698688
698689
698690
698691
698692
698693
698694
698695
698696
698697
698698
698751
698752
698753
698754
698755
698756
698757
698758
698759
698760
698761
698762
698763
698764
698765
698766
698767
698768
698769
698770
698771
698772
698773
698774
698775
698776
698829
698830
698831
698832
698833
698834
698835
698836
698837
698838
698839
698840
698841
698842
698843
698844
698845
698846
698847
698848
698849
698850
698851
698852
698853
698854
698933
698934
698935
698936
698937
698938
698939
698940
698941
698942
698943
698944
698945
698946
698947
698948
698949
698950
698951
698952
698953
698954
698955
698956
698957
698958
698959
698960
698961
698962
698963
698964
698965
698966
698967
698968
698969
698970
698971
698972
698973
698974
698975
698976
698977
698978
698979
698980
698981
698982
698983
698984
699037
699038
699039
699040
699041
699042
699043
699044
699045
699046
699047
699048
699049
699050
699051
699052
699053
699054
699055
699056
699057
699058
699059
699060
699061
699062
699063
699064
699065
699066
699067
699068
699069
699070
699071
699072
699073
699074
699075
699076
699077
699078
699079
699080
699081
699082
699083
699084
699085
699086
699087
699088
699089
699091
699092
699093
699094
699095
699096
699097
699098
699099
699100
699101
699102
699103
699104
699105
699106
699107
699108
699109
699110
699111
699112
699113
699114
699115
699116
699117
699118
699119
699120
699121
699122
699123
699124
699125
699126
699127
699128
699129
699130
699131
699132
699133
699134
699135
699136
699137
699138
699139
699140
699167
699168
699169
699170
699171
699172
699173
699174
699175
699176
699177
699178
699179
699180
699181
699182
699183
699184
699185
699186
699187
699188
699189
699190
699191
699192
699193
699194
699195
699196
699197
699198
699199
699200
699201
699202
699203
699204
699205
699206
699207
699208
699209
699210
699211
699212
699213
699214
699215
699216
699217
699218
699245
699246
699247
699248
699249
699250
699251
699252
699253
699254
699255
699256
699257
699258
699259
699260
699261
699262
699263
699264
699265
699266
699267
699268
699269
699270
699323
699324
699325
699326
699327
699328
699329
699330
699331
699332
699333
699334
699335
699336
699337
699338
699339
699340
699341
699342
699343
699344
699345
699346
699347
699348
699375
699376
699377
699378
699379
699380
699381
699382
699383
699384
699385
699386
699387
699388
699389
699390
699391
699392
699393
699394
699395
699396
699397
699398
699399
699400
699427
699428
699429
699430
699431
699432
699433
699434
699435
699436
699437
699438
699439
699440
699441
699442
699443
699444
699445
699446
699447
699448
699449
699450
699451
699452
699479
699480
699481
699482
699483
699484
699485
699486
699487
699488
699489
699490
699491
699492
699493
699494
699495
699496
699497
699498
699499
699500
699501
699502
699503
699504
699531
699532
699533
699534
699535
699536
699537
699538
699539
699540
699541
699542
699543
699544
699545
699546
699547
699548
699549
699550
699551
699552
699553
699554
699555
699556
699557
699558
699559
699560
699561
699562
699563
699564
699565
699566
699567
699568
699569
699570
699571
699572
699573
699574
699575
699576
699577
699578
699579
699580
699581
699582
699609
699610
699611
699612
699613
699614
699615
699616
699617
699618
699619
699620
699621
699622
699623
699624
699625
699626
699627
699628
699629
699630
699631
699632
699633
699634
699687
699688
699689
699690
699691
699692
699693
699694
699695
699696
699697
699698
699699
699700
699701
699702
699703
699704
699705
699706
699707
699708
699709
699710
699711
699712
699714
699715
699716
699717
699718
699719
699720
699722
699723
699724
699725
699726
699727
699728
699729
699730
699731
699732
699733
699734
699735
699736
699737
699738
699741
699742
699743
699744
699745
699746
699747
699748
699749
699750
699751
699752
699753
699754
699755
699756
699757
699758
699759
699760
699761
699762
699763
699764
699791
699792
699793
699794
699795
699796
699797
699798
699799
699800
699801
699802
699803
699804
699805
699806
699807
699808
699809
699810
699811
699812
699813
699814
699815
699816
699869
699870
699871
699872
699873
699874
699875
699876
699877
699878
699879
699880
699881
699882
699883
699884
699885
699886
699887
699888
699889
699890
699891
699892
699893
699894
699895
699896
699897
699898
699899
699900
699901
699902
699903
699904
699905
699906
699907
699908
699909
699910
699911
699912
699913
699914
699915
699916
699917
699918
699919
699920
699923
699926
699927
699929
699930
699931
699932
699933
699934
699935
699936
699937
699938
699939
699940
699941
699942
699943
699944
699945
699946
700077
700078
700079
700080
700081
700082
700083
700084
700085
700086
700087
700088
700089
700090
700091
700092
700093
700094
700095
700096
700097
700098
700099
700100
700101
700102
700155
700156
700157
700158
700159
700160
700161
700162
700163
700164
700165
700166
700167
700168
700169
700170
700171
700172
700173
700174
700175
700176
700177
700178
700179
700180
700182
700183
700184
700186
700187
700188
700189
700190
700191
700192
700193
700194
700195
700196
700197
700198
700199
700200
700201
700202
700203
700204
700205
700206
700207
700210
700211
700212
700213
700214
700215
700216
700217
700218
700219
700220
700221
700222
700223
700224
700225
700226
700227
700228
700229
700230
700231
700232
700285
700286
700287
700288
700289
700290
700291
700292
700293
700294
700295
700296
700297
700298
700299
700300
700301
700302
700303
700304
700305
700306
700307
700308
700309
700310
700312
700313
700314
700315
700316
700317
700318
700319
700320
700321
700322
700323
700324
700325
700326
700327
700328
700329
700330
700331
700332
700333
700334
700335
700336
700337
700339
700340
700341
700342
700343
700344
700345
700346
700347
700348
700349
700350
700351
700352
700353
700354
700355
700356
700357
700358
700359
700360
700361
700362
700363
700364
700365
700367
700368
700369
700370
700371
700372
700373
700374
700375
700376
700377
700378
700379
700380
700381
700382
700383
700384
700385
700386
700387
700388
700390
700391
700392
700393
700394
700395
700396
700397
700398
700399
700400
700401
700402
700403
700404
700405
700406
700407
700408
700409
700410
700411
700412
700413
700414
700415
700416
700417
700418
700419
700420
700421
700422
700423
700424
700425
700426
700427
700428
700429
700430
700431
700432
700433
700434
700435
700436
700437
700438
700439
700440
700444
700445
700446
700447
700448
700449
700450
700451
700452
700453
700454
700455
700456
700457
700458
700459
700460
700461
700462
700463
700464
700465
700466
700467
700468
700469
700470
700471
700472
700473
700474
700475
700476
700477
700478
700479
700480
700481
700482
700483
700484
700485
700486
700487
700488
700489
700490
700491
700492
700519
700520
700521
700522
700523
700524
700525
700526
700527
700528
700529
700530
700531
700532
700533
700534
700535
700536
700537
700538
700539
700540
700541
700542
700543
700544
700571
700572
700573
700574
700575
700576
700577
700578
700579
700580
700581
700582
700583
700584
700585
700586
700587
700588
700589
700590
700591
700592
700593
700594
700595
700596
700623
700624
700625
700626
700627
700628
700629
700630
700631
700632
700633
700634
700635
700636
700637
700638
700639
700640
700641
700642
700643
700644
700645
700646
700647
700648
700649
700650
700652
700653
700655
700657
700659
700660
700661
700662
700663
700664
700665
700666
700667
700668
700669
700670
700671
700672
700673
700674
700701
700702
700703
700704
700705
700706
700707
700708
700709
700710
700711
700712
700713
700714
700715
700716
700717
700718
700719
700720
700721
700722
700723
700724
700725
700726
700728
700729
700730
700731
700732
700733
700734
700735
700736
700737
700738
700739
700740
700741
700742
700743
700744
700745
700746
700747
700748
700749
700750
700751
700752
700753
700754
700755
700756
700757
700758
700759
700760
700761
700762
700763
700764
700765
700766
700767
700768
700769
700770
700771
700772
700773
700774
700775
700776
700777
700778
700780
700781
700782
700783
700784
700785
700786
700787
700788
700789
700790
700791
700792
700793
700794
700795
700796
700797
700798
700799
700800
700801
700802
700803
700804
701013
701014
701015
701016
701017
701018
701019
701020
701021
701022
701023
701024
701025
701026
701027
701028
701029
701030
701031
701032
701033
701034
701035
701036
701037
701038
701039
701040
701041
701043
701044
701045
701046
701047
701048
701049
701050
701051
701052
701053
701054
701055
701056
701057
701058
701059
701060
701061
701062
701063
701064
701091
701092
701093
701094
701095
701096
701097
701098
701099
701100
701101
701102
701103
701104
701105
701106
701107
701108
701109
701110
701111
701112
701113
701114
701115
701116
701143
701144
701145
701146
701147
701148
701149
701150
701151
701152
701153
701154
701155
701156
701157
701158
701159
701160
701161
701162
701163
701164
701165
701166
701167
701168
701195
701196
701197
701198
701199
701200
701201
701202
701203
701204
701205
701206
701207
701208
701209
701210
701211
701212
701213
701214
701215
701216
701217
701218
701219
701220
701221
701222
701223
701224
701225
701226
701227
701228
701229
701230
701231
701232
701233
701234
701235
701236
701237
701238
701239
701240
701241
701242
701243
701244
701245
701246
701247
701248
701249
701250
701251
701252
701253
701254
701255
701256
701257
701258
701259
701260
701261
701262
701263
701264
701265
701266
701267
701268
701269
701270
701271
701272
701325
701326
701327
701328
701329
701330
701331
701332
701333
701334
701335
701336
701337
701338
701339
701340
701341
701342
701343
701344
701345
701346
701347
701348
701349
701350
701352
701353
701354
701355
701356
701357
701358
701359
701360
701361
701362
701363
701364
701365
701366
701367
701368
701369
701370
701371
701372
701373
701374
701375
701376
701378
701379
701380
701381
701382
701383
701384
701385
701386
701387
701388
701389
701390
701391
701392
701393
701394
701395
701396
701397
701398
701399
701400
701401
701402
701403
701404
701405
701407
701408
701409
701410
701411
701412
701413
701414
701415
701416
701417
701418
701419
701420
701421
701422
701423
701424
701425
701426
701427
701428
701663
701664
701665
701666
701667
701668
701669
701670
701671
701672
701673
701674
701675
701676
701677
701678
701679
701680
701681
701682
701683
701684
701685
701686
701687
701688
701692
701693
701694
701695
701696
701697
701698
701699
701700
701701
701702
701703
701704
701705
701706
701707
701708
701709
701710
701711
701712
701713
701714
701741
701742
701743
701744
701745
701746
701747
701748
701749
701750
701751
701752
701753
701754
701755
701756
701757
701758
701759
701760
701761
701762
701763
701764
701765
701766
701768
701770
701771
701772
701773
701774
701775
701776
701777
701778
701779
701780
701781
701782
701783
701784
701785
701786
701787
701788
701789
701790
701791
701792
701795
701797
701798
701801
701802
701803
701804
701805
701806
701807
701808
701809
701810
701811
701812
701813
701814
701815
701816
701817
701818
701845
701846
701847
701848
701849
701850
701851
701852
701853
701854
701855
701856
701857
701858
701859
701860
701861
701862
701863
701864
701865
701866
701867
701868
701869
701870
701871
701872
701873
701874
701875
701876
701877
701878
701879
701880
701881
701882
701883
701884
701885
701886
701887
701888
701889
701890
701892
701893
701894
701895
701896
701949
701950
701951
701952
701953
701954
701955
701956
701957
701958
701959
701960
701961
701962
701963
701964
701965
701966
701967
701968
701969
701970
701971
701972
701973
701974
701976
701977
701979
701980
701981
701982
701983
701984
701985
701986
701987
701988
701989
701990
701991
701992
701993
701994
701995
701996
701997
701998
701999
702000
702027
702028
702029
702030
702031
702032
702033
702034
702035
702036
702037
702038
702039
702040
702041
702042
702043
702044
702045
702046
702047
702048
702049
702050
702051
702052
702054
702055
702056
702057
702058
702059
702060
702061
702062
702063
702064
702065
702066
702067
702068
702069
702070
702071
702072
702073
702074
702075
702076
702077
702078
702105
702106
702107
702108
702109
702110
702111
702112
702113
702114
702115
702116
702117
702118
702119
702120
702121
702122
702123
702124
702125
702126
702127
702128
702129
702130
702132
702133
702134
702135
702136
702137
702138
702139
702140
702141
702142
702143
702144
702145
702146
702147
702148
702149
702150
702151
702152
702153
702154
702155
702156
702183
702184
702185
702186
702187
702188
702189
702190
702191
702192
702193
702194
702195
702196
702197
702198
702199
702200
702201
702202
702203
702204
702205
702206
702207
702208
702209
702210
702211
702212
702213
702214
702215
702216
702217
702218
702219
702220
702221
702222
702223
702224
702225
702226
702227
702228
702229
702230
702231
702232
702233
702234
702339
702340
702341
702342
702343
702344
702345
702346
702347
702348
702349
702350
702351
702352
702353
702354
702355
702356
702357
702358
702359
702360
702361
702362
702363
702364
702391
702392
702393
702394
702395
702396
702397
702398
702399
702400
702401
702402
702403
702404
702405
702406
702407
702408
702409
702410
702411
702412
702413
702414
702415
702416
702469
702470
702471
702472
702473
702474
702475
702476
702477
702478
702479
702480
702481
702482
702483
702484
702485
702486
702487
702488
702489
702490
702491
702492
702493
702494
702495
702496
702497
702498
702499
702500
702501
702502
702503
702504
702505
702506
702507
702508
702509
702510
702511
702512
702513
702514
702515
702516
702517
702518
702519
702520
702547
702548
702549
702550
702551
702552
702553
702554
702555
702556
702557
702558
702559
702560
702561
702562
702563
702564
702565
702566
702567
702568
702569
702570
702571
702572
702599
702600
702601
702602
702603
702604
702605
702606
702607
702608
702609
702610
702611
702612
702613
702614
702615
702616
702617
702618
702619
702620
702621
702622
702623
702624
702651
702652
702653
702654
702655
702656
702657
702658
702659
702660
702661
702662
702663
702664
702665
702666
702667
702668
702669
702670
702671
702672
702673
702674
702675
702676
702703
702704
702705
702706
702707
702708
702709
702710
702711
702712
702713
702714
702715
702716
702717
702718
702719
702720
702721
702722
702723
702724
702725
702726
702727
702728
702729
702730
702731
702732
702733
702734
702735
702736
702737
702738
702739
702740
702741
702742
702743
702744
702745
702746
702747
702748
702749
702750
702751
702752
702753
702754
702807
702808
702809
702810
702811
702812
702813
702814
702815
702816
702817
702818
702819
702820
702821
702822
702823
702824
702825
702826
702827
702828
702829
702830
702831
702832
702911
702912
702913
702914
702915
702916
702917
702918
702919
702920
702921
702922
702923
702924
702925
702926
702927
702928
702929
702930
702931
702932
702933
702934
702935
702936
702938
702939
702940
702941
702942
702943
702944
702945
702946
702947
702948
702949
702950
702951
702952
702953
702954
702955
702956
702957
702958
702959
702960
702961
702962
702989
702990
702991
702992
702993
702994
702995
702996
702997
702998
702999
703000
703001
703002
703003
703004
703005
703006
703007
703008
703009
703010
703011
703012
703013
703015
703016
703017
703018
703019
703020
703021
703022
703023
703024
703025
703026
703027
703028
703029
703030
703031
703032
703033
703034
703035
703036
703037
703038
703039
703040
703067
703068
703069
703070
703071
703072
703073
703074
703075
703076
703077
703078
703079
703080
703081
703082
703083
703084
703085
703086
703087
703088
703089
703090
703091
703092
703120
703121
703122
703123
703124
703125
703126
703127
703128
703129
703130
703131
703132
703133
703134
703135
703136
703137
703138
703139
703140
703141
703142
703143
703144
703145
703147
703148
703149
703150
703151
703152
703153
703154
703155
703156
703157
703158
703159
703160
703161
703162
703163
703164
703165
703166
703167
703168
703169
703170
703223
703224
703225
703226
703227
703228
703229
703230
703231
703232
703233
703234
703235
703236
703237
703238
703239
703240
703241
703242
703243
703244
703245
703246
703247
703248
703249
703250
703251
703252
703253
703254
703255
703256
703257
703258
703259
703260
703261
703262
703263
703264
703265
703266
703267
703268
703269
703270
703271
703272
703273
703274
703327
703328
703329
703330
703331
703332
703333
703334
703335
703336
703337
703338
703339
703340
703341
703342
703343
703344
703345
703346
703347
703348
703349
703350
703351
703352
703353
703354
703356
703357
703358
703359
703360
703361
703362
703363
703364
703365
703366
703367
703368
703369
703370
703371
703372
703373
703374
703375
703376
703377
703378
703457
703458
703459
703460
703461
703462
703463
703464
703465
703466
703467
703468
703469
703470
703471
703472
703473
703474
703475
703476
703477
703478
703479
703480
703481
703482
703485
703487
703488
703489
703490
703491
703492
703493
703494
703495
703496
703497
703498
703499
703500
703501
703502
703503
703504
703505
703506
703507
703508
703510
703511
703512
703513
703514
703515
703516
703517
703518
703519
703520
703521
703522
703523
703524
703525
703526
703527
703528
703529
703530
703531
703532
703533
703534
703639
703640
703641
703642
703643
703644
703645
703646
703647
703648
703649
703650
703651
703652
703653
703654
703655
703656
703657
703658
703659
703660
703661
703662
703663
703664
703666
703667
703668
703670
703671
703673
703680
703681
703682
703683
703684
703685
703686
703687
703688
703689
703690
703691
703692
703693
703694
703695
703696
703697
703698
703699
703700
703701
703702
703703
703704
703705
703706
703707
703708
703709
703710
703711
703712
703713
703714
703715
703716
703719
703720
703722
703723
703725
703728
703731
703732
703733
703734
703735
703736
703737
703738
703739
703740
703741
703742
703743
703744
703745
703746
703747
703748
703749
703750
703751
703752
703753
703754
703755
703756
703757
703758
703759
703760
703761
703762
703763
703764
703765
703766
703767
703768
703769
703770
703771
703772
703773
703774
703775
703776
703777
703778
703779
703780
703781
703782
703783
703784
703785
703786
703787
703788
703789
703790
703791
703792
703793
703794
703821
703822
703823
703824
703825
703826
703827
703828
703829
703830
703831
703832
703833
703834
703835
703836
703837
703838
703839
703840
703841
703842
703843
703844
703845
703846
703847
703848
703849
703850
703851
703852
703853
703854
703855
703856
703857
703858
703859
703860
703861
703862
703863
703864
703865
703866
703867
703868
703869
703870
703871
703872
703873
703874
703875
703876
703877
703878
703879
703880
703881
703883
703884
703885
703886
703887
703888
703889
703890
703891
703892
703893
703894
703895
703896
703897
703898
703925
703926
703927
703928
703929
703930
703931
703932
703933
703934
703935
703936
703937
703938
703939
703940
703941
703942
703943
703944
703945
703946
703947
703948
703949
703950
703977
703978
703979
703980
703981
703982
703983
703984
703985
703986
703987
703988
703989
703990
703991
703992
703993
703994
703995
703996
703997
703998
703999
704000
704001
704002
704003
704004
704005
704006
704007
704008
704009
704010
704011
704012
704013
704014
704015
704016
704017
704018
704019
704020
704021
704022
704023
704024
704025
704026
704027
704028
704029
704030
704031
704032
704033
704034
704035
704036
704037
704038
704039
704040
704041
704042
704043
704044
704045
704046
704047
704048
704049
704050
704051
704052
704053
704054
704237
704238
704239
704240
704241
704242
704243
704244
704245
704246
704247
704248
704249
704250
704251
704252
704253
704254
704255
704256
704257
704258
704259
704260
704261
704262
704263
704264
704265
704266
704267
704268
704269
704270
704271
704272
704273
704274
704275
704276
704277
704278
704279
704280
704281
704282
704283
704284
704285
704286
704287
704288
704290
704291
704292
704293
704294
704295
704296
704297
704298
704299
704300
704301
704302
704303
704304
704305
704306
704307
704308
704309
704310
704311
704312
704313
704314
704315
704316
704318
704319
704320
704321
704322
704323
704324
704325
704326
704327
704328
704329
704330
704331
704332
704333
704334
704335
704336
704337
704338
704339
704340
704341
704342
704343
704344
704345
704346
704347
704348
704349
704350
704351
704352
704353
704354
704355
704356
704357
704358
704359
704360
704361
704362
704363
704364
704365
704366
704369
704370
704371
704372
704373
704374
704375
704376
704377
704378
704379
704380
704381
704382
704383
704384
704385
704386
704387
704388
704389
704390
704391
704392
704393
704394
704395
704396
704397
704398
704399
704400
704401
704402
704403
704404
704405
704406
704407
704408
704409
704410
704411
704412
704413
704415
704416
704417
704418
704420
704421
704422
704423
704424
704425
704426
704427
704428
704429
704430
704431
704432
704433
704434
704435
704436
704437
704438
704439
704440
704441
704442
704443
704444
704446
704447
704448
704449
704450
704451
704452
704453
704454
704455
704456
704457
704458
704459
704460
704461
704462
704463
704464
704465
704466
704467
704468
704469
704470
704498
704500
704501
704503
704504
704505
704506
704507
704508
704509
704510
704511
704512
704513
704514
704515
704516
704517
704518
704519
704520
704521
704522
704524
704525
704526
704527
704528
704529
704530
704532
704533
704534
704535
704536
704537
704538
704539
704540
704541
704542
704544
704545
704547
704548
704550
704551
704553
704554
704555
704556
704559
704560
704562
704563
704566
704568
704569
704571
704572
704574
704575
704576
704577
704578
704579
704584
704585
704586
704589
704590
704592
704594
704595
704596
704597
704598
704599
704600
704656
704657
704659
704661
704662
704663
704664
704665
704667
704668
704669
704670
704671
704672
704673
704674
704675
704676
704677
704679
704680
704681
704682
704683
704684
704685
704686
704687
704688
704689
704690
704691
704693
704694
704696
704698
704700
704701
704702
704703
704704
704705
704706
704707
704708
704709
704710
704711
704712
704714
704715
704716
704718
704720
704726
704727
704728
704729
704730
704731
704732
704733
704735
704739
704741
704742
704743
704744
704745
704746
704747
704748
704749
704750
704751
704753
704754
704755
704887
704888
704889
704890
704891
704892
704893
704894
704896
704897
704898
704899
704900
704901
704902
704903
704904
704905
704906
704907
704908
704909
704910
704912
704913
704914
704915
704916
704919
704920
704921
704923
704925
704928
704929
704930
704931
704932
704933
704934
704935
704936
704937
704939
704940
704941
704942
704943
704944
704945
704948
704950
704952
704953
704956
704957
704958
704959
704960
704961
704962
704963
704964
704966
704967
704968
704969
704970
704973
704974
704975
704976
704977
704978
704979
704980
704981
704982
704983
704984
704986
704987
704988
704989
704993
704994
704995
704996
704997
704998
704999
705001
705002
705003
705004
705005
705006
705007
705008
705009
705010
705011
705012
705013
705014
705016
705018
705019
705020
705021
705022
705023
705024
705027
705030
705032
705034
705035
705036
705037
705038
705040
705041
705042
705147
705148
705149
705150
705152
705153
705154
705155
705156
705159
705160
705161
705162
705163
705164
705165
705166
705167
705168
705169
705170
705171
705172
705277
705278
705279
705280
705281
705282
705283
705284
705285
705286
705288
705289
705290
705291
705292
705293
705294
705295
705296
705297
705298
705299
705300
705301
705302
705305
705306
705307
705308
705309
705310
705311
705312
705313
705314
705315
705316
705318
705319
705320
705321
705322
705323
705324
705325
705326
705327
705328
705356
705357
705358
705360
705361
705362
705363
705364
705366
705368
705369
705370
705371
705372
705373
705374
705375
705376
705377
