712126
712127
712128
712129
712130
712131
712132
712133
712134
712135
712136
712137
712138
712139
712140
712141
712142
712143
712144
712145
712146
712147
712148
712149
712150
712151
712152
712153
712154
712155
712156
712157
712158
712159
712160
712161
712162
712163
712164
712165
712166
712167
712168
712169
712170
712171
712172
712173
712174
712175
712176
712177
712178
712179
712180
712181
712182
712183
712184
712185
712186
712187
712188
712189
712190
712191
712192
712219
712220
712221
712222
712223
712224
712225
712226
712227
712228
712229
712230
712231
712232
712233
712234
712235
712236
712237
712238
712239
712240
712241
712242
712243
712244
712245
712246
712247
712248
712249
712250
712251
712252
712253
712254
712255
712256
712257
712258
712259
712260
712261
712262
712263
712264
712265
712266
712267
712268
712269
712270
712297
712298
712299
712300
712301
712302
712303
712304
712305
712306
712307
712308
712309
712310
712311
712312
712313
712314
712315
712316
712317
712318
712319
712320
712321
712322
712323
712325
712326
712327
712328
712329
712330
712331
712332
712333
712334
712335
712336
712337
712338
712339
712340
712341
712342
712343
712344
712345
712346
712347
712348
712427
712428
712429
712430
712431
712432
712433
712434
712435
712436
712437
712438
712439
712440
712441
712442
712443
712444
712445
712446
712447
712448
712449
712450
712451
712452
712453
712454
712455
712456
712457
712458
712459
712460
712461
712462
712463
712464
712465
712466
712467
712468
712469
712470
712471
712472
712473
712474
712475
712476
712477
712478
712479
712480
712481
712482
712483
712484
712485
712486
712487
712488
712489
712490
712491
712492
712493
712494
712495
712496
712497
712498
712499
712500
712501
712502
712503
712504
712505
712506
712509
712510
712511
712512
712513
712514
712515
712516
712517
712518
712519
712520
712521
712522
712523
712524
712525
712526
712527
712528
712529
712530
712583
712584
712585
712586
712587
712588
712589
712590
712591
712592
712593
712594
712595
712596
712597
712598
712599
712600
712601
712602
712603
712604
712605
712606
712607
712608
712635
712636
712637
712638
712639
712640
712641
712642
712643
712644
712645
712646
712647
712648
712649
712650
712651
712652
712653
712654
712655
712656
712657
712658
712659
712660
712687
712688
712689
712690
712691
712692
712693
712694
712695
712696
712697
712698
712699
712700
712701
712702
712703
712704
712705
712706
712707
712708
712709
712710
712711
712712
712714
712715
712716
712717
712718
712719
712720
712721
712722
712723
712724
712725
712726
712727
712728
712729
712730
712731
712732
712733
712734
712735
712736
712737
712738
712739
712740
712741
712742
712743
712744
712745
712746
712747
712748
712749
712750
712751
712752
712753
712754
712755
712756
712757
712758
712759
712760
712761
712762
712763
712764
712767
712768
712769
712770
712771
712772
712773
712774
712775
712776
712777
712778
712779
712780
712781
712782
712783
712784
712785
712786
712787
712788
712789
712790
712792
712793
712794
712795
712796
712797
712798
712799
712800
712801
712802
712803
712804
712805
712806
712807
712808
712809
712810
712811
712812
712813
712814
712815
712816
712817
712818
712819
712820
712821
712822
712823
712824
712825
712826
712827
712828
712829
712830
712831
712832
712833
712834
712835
712836
712837
712838
712839
712840
712841
712842
712869
712870
712871
712872
712873
712874
712875
712876
712877
712878
712879
712880
712881
712882
712883
712884
712885
712886
712887
712888
712889
712890
712891
712892
712893
712894
712973
712974
712975
712976
712977
712978
712979
712980
712981
712982
712983
712984
712985
712986
712987
712988
712989
712990
712991
712992
712993
712994
712995
712996
712997
712998
712999
713000
713001
713002
713003
713004
713005
713006
713007
713008
713009
713010
713011
713012
713013
713014
713015
713016
713017
713018
713019
713020
713021
713022
713023
713024
713051
713052
713053
713054
713055
713056
713057
713058
713059
713060
713061
713062
713063
713064
713065
713066
713067
713068
713069
713070
713071
713072
713073
713074
713075
713076
713103
713104
713105
713106
713107
713108
713109
713110
713111
713112
713113
713114
713115
713116
713117
713118
713119
713120
713121
713122
713123
713124
713125
713126
713127
713128
713155
713156
713157
713158
713159
713160
713161
713162
713163
713164
713165
713166
713167
713168
713169
713170
713171
713172
713173
713174
713175
713176
713177
713178
713179
713180
713207
713208
713209
713210
713211
713212
713213
713214
713215
713216
713217
713218
713219
713220
713221
713222
713223
713224
713225
713226
713227
713228
713229
713230
713231
713232
713285
713286
713287
713288
713289
713290
713291
713292
713293
713294
713295
713296
713297
713298
713299
713300
713301
713302
713303
713304
713305
713306
713307
713308
713309
713310
713337
713338
713339
713340
713341
713342
713343
713344
713345
713346
713347
713348
713349
713350
713351
713352
713353
713354
713355
713356
713357
713358
713359
713360
713361
713362
713363
713364
713365
713366
713367
713368
713369
713370
713371
713372
713373
713374
713375
713376
713377
713378
713379
713380
713381
713382
713383
713384
713385
713386
713387
713388
713389
713390
713391
713392
713393
713394
713395
713396
713397
713398
713399
713400
713401
713402
713403
713404
713405
713406
713407
713408
713409
713410
713411
713412
713413
713414
713416
713417
713418
713419
713420
713421
713422
713423
713424
713425
713426
713427
713428
713429
713430
713431
713432
713433
713434
713435
713436
713437
713438
713439
713440
713519
713520
713521
713522
713523
713524
713525
713526
713527
713528
713529
713530
713531
713532
713533
713534
713535
713536
713537
713538
713539
713540
713541
713542
713543
713544
713623
713624
713625
713626
713627
713628
713629
713630
713631
713632
713633
713634
713635
713636
713637
713638
713639
713640
713641
713642
713643
713644
713645
713646
713647
713648
713675
713676
713677
713678
713679
713680
713681
713682
713683
713684
713685
713686
713687
713688
713689
713690
713691
713692
713693
713694
713695
713696
713697
713698
713699
713700
713701
713702
713703
713704
713705
713706
713707
713708
713709
713710
713711
713712
713713
713714
713715
713716
713717
713719
713720
713721
713722
713723
713724
713725
713726
713727
713728
713729
713730
713731
713732
713733
713734
713735
713736
713737
713738
713739
713740
713741
713742
713743
713744
713745
713746
713747
713748
713749
713750
713751
713752
713779
713780
713781
713782
713783
713784
713785
713786
713787
713788
713789
713790
713791
713792
713793
713794
713795
713796
713797
713798
713799
713800
713801
713802
713803
713804
713831
713832
713833
713834
713835
713836
713837
713838
713839
713840
713841
713842
713843
713844
713845
713846
713847
713848
713849
713850
713851
713852
713853
713854
713855
713856
713857
713858
713859
713860
713861
713862
713863
713864
713865
713866
713867
713868
713869
713870
713871
713872
713873
713874
713875
713876
713877
713878
713879
713880
713881
713882
713883
713885
713886
713887
713888
713889
713890
713891
713892
713893
713894
713895
713896
713897
713898
713899
713900
713901
713902
713903
713904
713905
713906
713907
713908
713935
713936
713937
713938
713939
713940
713941
713942
713943
713944
713945
713946
713947
713948
713949
713950
713951
713952
713953
713954
713955
713956
713957
713958
713959
713960
713961
713963
713964
713965
713966
713967
713968
713969
713970
713971
713972
713973
713974
713975
713976
713977
713978
713979
713980
713981
713982
713983
713984
713985
713986
714065
714066
714067
714068
714069
714070
714071
714072
714073
714074
714075
714076
714077
714078
714079
714080
714081
714082
714083
714084
714085
714086
714087
714088
714089
714090
714117
714118
714119
714120
714121
714122
714123
714124
714125
714126
714127
714128
714129
714130
714131
714132
714133
714134
714135
714136
714137
714138
714139
714140
714141
714142
714195
714196
714197
714198
714199
714200
714201
714202
714203
714204
714205
714206
714207
714208
714209
714210
714211
714212
714213
714214
714215
714216
714217
714218
714219
714220
714221
714222
714223
714224
714225
714226
714227
714228
714229
714230
714231
714232
714233
714234
714235
714236
714237
714238
714239
714240
714241
714242
714243
714244
714245
714246
714273
714274
714275
714276
714277
714278
714279
714280
714281
714282
714283
714284
714285
714286
714287
714288
714289
714290
714291
714292
714293
714294
714295
714296
714297
714298
714325
714326
714327
714328
714329
714330
714331
714332
714333
714334
714335
714336
714337
714338
714339
714340
714341
714342
714343
714344
714345
714346
714347
714348
714349
714350
714377
714378
714379
714380
714381
714382
714383
714384
714385
714386
714387
714388
714389
714390
714391
714392
714393
714394
714395
714396
714397
714398
714399
714400
714401
714402
714403
714404
714405
714406
714407
714408
714409
714410
714411
714412
714413
714414
714415
714416
714417
714418
714419
714420
714421
714422
714423
714424
714425
714426
714427
714428
714429
714430
714432
714433
714434
714435
714436
714437
714438
714439
714440
714441
714442
714443
714444
714445
714446
714447
714448
714449
714450
714451
714452
714453
714454
714611
714612
714613
714614
714615
714616
714617
714618
714619
714620
714621
714622
714623
714624
714625
714626
714627
714628
714629
714630
714631
714632
714633
714634
714635
714636
714639
714640
714641
714642
714643
714644
714645
714646
714647
714648
714649
714650
714651
714652
714653
714654
714655
714656
714657
714658
714659
714660
714661
714662
714689
714690
714691
714692
714693
714694
714695
714696
714697
714698
714699
714700
714701
714702
714703
714704
714705
714706
714707
714708
714709
714710
714711
714712
714713
714714
714715
714716
714718
714719
714720
714721
714722
714723
714724
714725
714726
714727
714728
714729
714730
714731
714732
714733
714734
714735
714736
714737
714738
714739
714740
714741
714742
714743
714744
714745
714746
714747
714748
714749
714750
714751
714752
714753
714754
714755
714756
714757
714758
714759
714760
714761
714762
714763
714764
714765
714766
714819
714820
714821
714822
714823
714824
714825
714826
714827
714828
714829
714830
714831
714832
714833
714834
714835
714836
714837
714838
714839
714840
714841
714842
714843
714844
714871
714872
714873
714874
714875
714876
714877
714878
714879
714880
714881
714882
714883
714884
714885
714886
714887
714888
714889
714890
714891
714892
714893
714894
714895
714896
714898
714899
714900
714901
714902
714903
714904
714905
714906
714907
714908
714909
714910
714911
714912
714913
714914
714915
714916
714917
714918
714919
714920
714921
714922
714949
714950
714951
714952
714953
714954
714955
714956
714957
714958
714959
714960
714961
714962
714963
714964
714965
714966
714967
714968
714969
714970
714971
714972
714973
714974
714975
714976
714977
714978
714979
714980
714981
714982
714983
714984
714985
714986
714987
714988
714989
714990
714991
714992
714993
714994
714995
714996
714997
714998
714999
715000
715001
715003
715004
715005
715006
715007
715008
715009
715010
715011
715012
715013
715014
715015
715016
715017
715018
715019
715020
715021
715022
715023
715024
715025
715026
715053
715054
715055
715056
715057
715058
715059
715060
715061
715062
715063
715064
715065
715066
715067
715068
715069
715070
715071
715072
715073
715074
715075
715076
715077
715078
715080
715081
715082
715083
715084
715085
715086
715087
715088
715089
715090
715091
715092
715093
715094
715095
715096
715097
715098
715099
715100
715101
715102
715103
715104
715105
715106
715107
715108
715109
715110
715111
715112
715113
715114
715115
715116
715117
715118
715119
715120
715121
715122
715123
715124
715125
715126
715127
715128
715129
715130
715131
715132
715133
715134
715135
715136
715137
715138
715139
715140
715141
715142
715143
715144
715145
715146
715147
715148
715149
715150
715151
715152
715153
715154
715155
715156
715157
715159
715160
715161
715162
715163
715164
715165
715166
715167
715168
715169
715170
715171
715172
715173
715174
715175
715176
715177
715178
715179
715180
715181
715182
715209
715210
715211
715212
715213
715214
715215
715216
715217
715218
715219
715220
715221
715222
715223
715224
715225
715226
715227
715228
715229
715230
715231
715232
715233
715234
715261
715262
715263
715264
715265
715266
715267
715268
715269
715270
715271
715272
715273
715274
715275
715276
715277
715278
715279
715280
715281
715282
715283
715284
715285
715286
715287
715288
715290
715291
715292
715293
715294
715295
715296
715297
715298
715299
715300
715301
715302
715303
715304
715305
715306
715307
715308
715309
715310
715311
715312
715339
715340
715341
715342
715343
715344
715345
715346
715347
715348
715349
715350
715351
715352
715353
715354
715355
715356
715357
715358
715359
715360
715361
715362
715363
715364
715391
715392
715393
715394
715395
715396
715397
715398
715399
715400
715401
715402
715403
715404
715405
715406
715407
715408
715409
715410
715411
715412
715413
715414
715415
715416
715443
715444
715445
715446
715447
715448
715449
715450
715451
715452
715453
715454
715455
715456
715457
715458
715459
715460
715461
715462
715463
715464
715465
715466
715467
715468
715469
715470
715471
715472
715473
715474
715475
715476
715477
715478
715479
715480
715481
715482
715483
715484
715485
715486
715487
715488
715489
715490
715491
715492
715493
715494
715496
715497
715498
715499
715500
715501
715502
715503
715504
715505
715506
715507
715508
715509
715510
715511
715512
715513
715514
715515
715516
715517
715518
715519
715520
715521
715522
715524
715525
715526
715527
715528
715529
715530
715531
715532
715533
715534
715535
715536
715537
715538
715539
715540
715541
715542
715543
715544
715545
715546
715599
715600
715601
715602
715603
715604
715605
715606
715607
715608
715609
715610
715611
715612
715613
715614
715615
715616
715617
715618
715619
715620
715621
715622
715623
715624
715677
715678
715679
715680
715681
715682
715683
715684
715686
715687
715688
715689
715690
715691
715692
715693
715694
715695
715696
715697
715698
715699
715700
715701
715702
715729
715730
715731
715732
715733
715734
715735
715736
715737
715738
715739
715740
715741
715742
715743
715744
715745
715746
715747
715748
715749
715750
715751
715752
715753
715754
715756
715758
715759
715760
715761
715762
715763
715764
715765
715766
715767
715768
715769
715770
715771
715772
715773
715774
715775
715776
715777
715778
715779
715780
715781
715782
715784
715785
715786
715787
715788
715789
715790
715791
715792
715793
715794
715795
715796
715797
715798
715799
715800
715801
715802
715803
715804
715805
715806
715808
715809
715812
715813
715814
715815
715816
715817
715818
715819
715820
715821
715822
715823
715824
715825
715826
715828
715829
715830
715831
715832
715911
715912
715913
715914
715915
715916
715917
715918
715919
715920
715921
715922
715923
715924
715925
715926
715927
715928
715929
715930
715931
715932
715933
715934
715935
715936
715963
715964
715965
715966
715967
715968
715969
715970
715971
715972
715973
715974
715975
715976
715977
715978
715979
715980
715981
715982
715983
715984
715985
715986
715987
715988
715989
715990
715992
715993
715994
715995
715996
715997
715999
716000
716001
716002
716003
716004
716005
716006
716007
716008
716009
716010
716011
716012
716013
716014
716015
716016
716017
716018
716019
716020
716021
716022
716023
716024
716025
716026
716027
716028
716029
716030
716031
716032
716033
716034
716035
716036
716037
716038
716039
716040
716042
716043
716044
716045
716046
716047
716048
716049
716050
716051
716052
716053
716054
716055
716056
716057
716058
716059
716060
716061
716062
716063
716064
716065
716066
716068
716069
716070
716071
716072
716073
716074
716075
716076
716077
716078
716079
716080
716081
716082
716083
716084
716085
716086
716087
716088
716089
716090
716091
716092
716197
716198
716199
716200
716201
716202
716203
716204
716205
716206
716207
716208
716209
716210
716211
716212
716213
716214
716215
716216
716217
716218
716219
716220
716221
716222
716249
716250
716251
716252
716253
716254
716255
716256
716257
716258
716259
716260
716261
716262
716263
716264
716265
716266
716267
716268
716269
716270
716271
716272
716273
716274
716277
716278
716279
716280
716281
716282
716283
716284
716285
716286
716287
716288
716289
716290
716291
716292
716293
716294
716295
716296
716297
716298
716299
716300
716303
716304
716306
716307
716308
716309
716310
716311
716312
716313
716314
716315
716316
716317
716318
716319
716320
716321
716322
716323
716324
716325
716326
716353
716354
716355
716356
716357
716358
716359
716360
716361
716362
716363
716364
716365
716366
716367
716368
716369
716370
716371
716372
716373
716374
716375
716376
716377
716378
716405
716406
716407
716408
716409
716410
716411
716412
716413
716414
716415
716416
716417
716418
716419
716420
716421
716422
716423
716424
716425
716426
716427
716428
716429
716430
716509
716510
716511
716512
716513
716514
716515
716516
716517
716518
716519
716520
716521
716522
716523
716524
716525
716526
716527
716528
716529
716530
716531
716532
716533
716534
716536
716537
716538
716542
716543
716544
716545
716547
716548
716549
716550
716551
716552
716553
716554
716555
716556
716557
716558
716559
716560
716561
716562
716564
716565
716567
716568
716569
716570
716571
716572
716573
716574
716575
716576
716577
716578
716579
716580
716581
716582
716583
716584
716585
716586
716587
716588
716589
716590
716591
716592
716593
716594
716596
716597
716598
716599
716600
716601
716602
716603
716604
716605
716606
716607
716608
716609
716610
716611
716612
716614
716615
716616
716617
716618
716619
716620
716621
716622
716623
716624
716625
716626
716627
716628
716629
716630
716631
716632
716633
716634
716635
716636
716637
716638
716743
716744
716745
716746
716747
716748
716749
716750
716751
716752
716753
716754
716755
716756
716757
716758
716759
716760
716761
716762
716763
716764
716765
716766
716767
716768
716847
716848
716849
716850
716851
716852
716853
716854
716855
716856
716857
716858
716859
716860
716861
716862
716863
716864
716865
716866
716867
716868
716869
716870
716871
716872
716899
716900
716901
716902
716903
716904
716905
716906
716907
716908
716909
716910
716911
716912
716913
716914
716915
716916
716917
716918
716919
716920
716921
716922
716923
716924
716925
716926
716927
716928
716929
716931
716932
716933
716935
716936
716937
716938
716939
716940
716941
716942
716943
716944
716945
716946
716947
716948
716949
716950
716977
716978
716979
716980
716981
716982
716983
716984
716985
716986
716987
716988
716989
716990
716991
716992
716993
716994
716995
716996
716997
716998
716999
717000
717001
717002
717003
717004
717005
717006
717007
717008
717009
717010
717011
717012
717013
717014
717015
717016
717017
717018
717019
717020
717021
717022
717023
717024
717025
717026
717027
717028
717055
717056
717057
717058
717059
717060
717061
717062
717063
717064
717065
717066
717067
717068
717069
717070
717071
717072
717073
717074
717075
717076
717077
717078
717079
717080
717081
717083
717084
717085
717086
717087
717088
717089
717090
717091
717092
717093
717094
717095
717096
717097
717098
717099
717100
717101
717102
717103
717104
717105
717106
717107
717108
717109
717110
717111
717112
717113
717114
717115
717116
717117
717118
717119
717120
717121
717122
717123
717124
717125
717126
717127
717128
717129
717130
717131
717132
717159
717160
717161
717162
717163
717164
717165
717166
717168
717169
717170
717171
717172
717173
717174
717175
717176
717177
717178
717179
717180
717181
717182
717183
717184
717186
717187
717188
717189
717190
717191
717192
717193
717194
717195
717196
717197
717198
717199
717200
717201
717202
717203
717204
717205
717206
717207
717208
717209
717210
717237
717238
717239
717240
717241
717242
717243
717244
717245
717246
717247
717248
717249
717250
717251
717252
717253
717254
717255
717256
717257
717258
717259
717260
717261
717262
717289
717290
717291
717292
717293
717294
717295
717296
717297
717298
717299
717300
717301
717302
717303
717304
717305
717306
717307
717308
717309
717310
717311
717312
717313
717314
717316
717317
717318
717319
717320
717321
717322
717323
717324
717325
717326
717327
717328
717329
717330
717331
717332
717333
717334
717335
717336
717337
717338
717339
717340
717367
717368
717369
717370
717371
717372
717373
717374
717375
717376
717377
717378
717379
717380
717381
717382
717383
717384
717385
717386
717387
717388
717389
717390
717391
717392
717393
717394
717395
717396
717397
717398
717399
717400
717401
717402
717403
717404
717405
717406
717407
717408
717409
717410
717411
717412
717413
717414
717415
717416
717417
717418
717445
717446
717447
717448
717449
717450
717451
717452
717453
717454
717455
717456
717457
717458
717459
717460
717461
717462
717463
717464
717465
717466
717467
717468
717469
717470
717471
717472
717473
717474
717475
717476
717477
717478
717479
717480
717481
717482
717483
717484
717485
717486
717487
717488
717489
717490
717491
717492
717493
717494
717495
717496
717523
717524
717525
717526
717527
717528
717529
717530
717531
717532
717533
717534
717535
717536
717537
717538
717539
717540
717541
717542
717543
717544
717545
717546
717547
717548
717549
717550
717551
717552
717553
717554
717555
717556
717557
717558
717559
717560
717561
717562
717563
717564
717565
717566
717567
717568
717569
717570
717571
717572
717573
717574
717601
717602
717603
717604
717606
717607
717608
717609
717610
717611
717612
717613
717614
717615
717616
717617
717618
717619
717620
717621
717622
717623
717624
717625
717626
717627
717628
717629
717630
717631
717632
717633
717634
717635
717636
717637
717638
717639
717640
717641
717642
717643
717644
717645
717646
717647
717648
717649
717650
717651
717652
717705
717706
717707
717708
717709
717710
717711
717712
717713
717714
717715
717716
717717
717718
717719
717720
717721
717722
717723
717724
717725
717726
717727
717728
717729
717730
717887
717888
717889
717890
717891
717892
717893
717894
717895
717896
717897
717898
717899
717900
717901
717902
717903
717904
717905
717906
717907
717908
717909
717910
717911
717912
717913
717915
717916
717917
717918
717919
717920
717921
717922
717923
717924
717925
717926
717927
717928
717929
717930
717931
717932
717933
717934
717935
717936
717937
717938
717991
717992
717993
717994
717995
717996
717997
717998
717999
718000
718001
718002
718003
718004
718005
718006
718007
718008
718009
718010
718011
718012
718013
718014
718015
718016
718017
718018
718019
718020
718021
718022
718023
718024
718025
718026
718027
718028
718029
718030
718031
718032
718033
718034
718035
718036
718037
718038
718039
718040
718041
718042
718069
718070
718071
718072
718073
718074
718075
718076
718077
718078
718079
718080
718081
718082
718083
718084
718085
718086
718087
718088
718089
718090
718091
718092
718093
718094
718095
718096
718097
718098
718099
718100
718101
718102
718103
718104
718105
718106
718107
718108
718109
718110
718111
718112
718113
718114
718115
718116
718117
718118
718119
718120
718121
718122
718123
718124
718125
718126
718127
718128
718129
718130
718131
718132
718133
718134
718135
718136
718137
718138
718139
718140
718141
718142
718143
718144
718145
718146
718277
718278
718279
718280
718281
718282
718283
718284
718285
718286
718287
718288
718289
718290
718291
718292
718293
718294
718295
718296
718297
718298
718299
718300
718301
718302
718329
718330
718331
718332
718333
718334
718335
718336
718337
718338
718339
718340
718341
718343
718344
718345
718346
718347
718348
718349
718350
718351
718352
718353
718354
718407
718408
718409
718410
718411
718412
718413
718414
718415
718416
718417
718418
718419
718420
718422
718423
718424
718425
718426
718427
718428
718429
718430
718431
718432
718434
718435
718437
718438
718439
718440
718441
718442
718443
718446
718447
718448
718449
718450
718451
718452
718456
718457
718458
718485
718486
718487
718488
718489
718490
718491
718492
718493
718494
718495
718496
718497
718498
718500
718501
718502
718503
718504
718505
718506
718507
718508
718509
718510
718511
718512
718513
718514
718515
718516
718518
718519
718520
718521
718522
718523
718524
718525
718527
718529
718530
718531
718532
718533
718535
718536
718563
718564
718565
718566
718567
718572
718574
718576
718578
718580
718581
718583
718586
718587
718588
718693
718694
718695
718696
718697
718698
718699
718700
718701
718702
718703
718704
718705
718706
718707
718708
718709
718710
718711
718712
718713
718716
718717
718745
718746
718747
718748
718749
718750
718751
718752
718753
718754
718755
718756
718757
718758
718759
718760
718761
718762
718763
718764
718765
718766
718767
718768
718769
718770
718771
718772
718773
718776
718779
718780
718781
718782
718784
718785
718786
718787
718788
718789
718790
718791
718793
718794
718795
718796
718797
718798
718799
718800
718801
718802
718804
718805
718806
718809
718811
718812
718813
718817
718818
718819
718820
718821
718822
718823
718824
718826
718827
718828
718829
718830
718831
718832
718833
718834
718835
718836
718837
718838
718840
718841
718842
718843
718845
718846
718847
718849
718850
718852
718853
718854
718855
718856
718857
718858
718859
718860
718861
718862
718863
718864
718865
718866
718867
718868
