718869
718870
718871
718872
718873
718874
718953
718954
718955
718956
718957
718958
718959
718960
718961
718962
718963
718964
718965
718966
718967
718968
718969
718970
718971
718972
718973
718974
718975
718976
718977
718978
718979
718980
718981
718982
718983
718984
718985
718986
718987
718988
718989
718990
718991
718992
718993
718994
718995
718996
718997
718998
718999
719000
719001
719002
719003
719004
719005
719006
719007
719008
719009
719010
719011
719012
719013
719014
719015
719016
719017
719018
719019
719020
719021
719022
719023
719024
719025
719026
719027
719028
719029
719030
719083
719084
719085
719086
719087
719088
719089
719090
719091
719092
719093
719094
719095
719096
719097
719098
719099
719100
719101
719102
719103
719104
719105
719106
719107
719108
719110
719111
719112
719113
719114
719115
719116
719117
719118
719119
719120
719121
719122
719123
719124
719125
719126
719127
719128
719129
719130
719131
719132
719133
719134
719187
719188
719189
719190
719191
719192
719193
719194
719195
719196
719197
719198
719199
719200
719201
719202
719203
719204
719205
719206
719207
719208
719209
719210
719211
719212
719265
719266
719267
719268
719269
719270
719271
719272
719273
719274
719275
719276
719277
719278
719279
719280
719281
719282
719283
719284
719285
719286
719287
719288
719289
719290
719291
719293
719294
719295
719296
719297
719298
719299
719300
719301
719302
719303
719304
719305
719306
719307
719308
719309
719310
719311
719312
719313
719314
719315
719316
719343
719344
719345
719346
719347
719348
719349
719350
719351
719352
719353
719354
719355
719356
719357
719358
719359
719360
719361
719362
719363
719364
719365
719366
719367
719368
719421
719422
719423
719424
719425
719426
719427
719428
719429
719430
719431
719432
719433
719434
719435
719436
719437
719438
719439
719440
719441
719442
719443
719444
719445
719446
719447
719448
719449
719450
719451
719452
719453
719454
719455
719456
719457
719458
719459
719460
719461
719462
719463
719464
719465
719466
719467
719468
719469
719470
719471
719472
719473
719474
719475
719476
719477
719478
719479
719480
719481
719482
719483
719484
719485
719486
719487
719488
719489
719490
719491
719492
719493
719494
719495
719496
719497
719498
719499
719500
719501
719502
719503
719504
719505
719506
719507
719508
719509
719510
719511
719512
719513
719514
719515
719516
719517
719518
719519
719520
719521
719522
719523
719524
719603
719604
719605
719606
719607
719608
719609
719610
719611
719612
719613
719614
719615
719616
719617
719618
719619
719620
719621
719622
719623
719624
719625
719626
719627
719628
719629
719631
719632
719633
719634
719635
719636
719637
719638
719639
719640
719641
719642
719643
719644
719645
719646
719647
719648
719649
719650
719651
719652
719653
719654
719657
719658
719659
719660
719661
719662
719663
719664
719665
719666
719667
719668
719669
719670
719671
719672
719673
719674
719675
719676
719677
719678
719679
719680
719682
719683
719684
719685
719686
719687
719688
719689
719690
719691
719692
719693
719694
719695
719696
719697
719698
719699
719700
719701
719702
719703
719704
719705
719706
719863
719864
719865
719866
719867
719868
719869
719870
719871
719872
719873
719874
719875
719876
719877
719878
719879
719880
719881
719882
719883
719884
719885
719886
719887
719888
719993
719994
719995
719996
719997
719998
719999
720000
720001
720002
720003
720004
720005
720006
720007
720008
720009
720010
720011
720012
720013
720014
720015
720016
720017
720018
720019
720020
720021
720022
720023
720024
720025
720026
720027
720028
720029
720030
720031
720032
720033
720034
720035
720036
720037
720038
720039
720040
720041
720042
720043
720044
720071
720072
720073
720074
720075
720076
720077
720078
720079
720080
720081
720082
720083
720084
720085
720086
720087
720088
720089
720090
720091
720092
720093
720094
720095
720096
720098
720099
720100
720101
720102
720103
720104
720105
720106
720107
720108
720109
720110
720111
720112
720113
720114
720115
720116
720117
720118
720119
720120
720121
720122
720149
720150
720151
720152
720153
720154
720155
720156
720157
720158
720159
720160
720161
720162
720163
720164
720165
720166
720167
720168
720169
720170
720171
720172
720173
720174
720201
720202
720203
720204
720205
720206
720207
720208
720209
720210
720211
720212
720213
720214
720215
720216
720217
720218
720219
720220
720221
720222
720223
720224
720225
720226
720279
720280
720281
720282
720283
720284
720285
720286
720287
720288
720289
720290
720291
720292
720293
720294
720295
720296
720297
720298
720299
720300
720301
720302
720303
720304
720306
720307
720308
720309
720310
720311
720312
720313
720314
720315
720316
720317
720318
720319
720320
720321
720322
720323
720324
720325
720326
720327
720328
720329
720330
720331
720332
720333
720334
720335
720336
720337
720338
720339
720340
720341
720342
720343
720344
720345
720346
720347
720348
720349
720350
720351
720352
720353
720354
720355
720356
720357
720358
720360
720361
720362
720363
720364
720365
720366
720367
720368
720369
720370
720371
720372
720373
720374
720375
720376
720377
720378
720379
720380
720381
720382
720461
720462
720463
720464
720465
720466
720467
720468
720469
720470
720471
720472
720473
720474
720475
720476
720477
720478
720479
720480
720481
720482
720483
720484
720485
720486
720487
720488
720489
720490
720491
720492
720493
720494
720495
720496
720497
720498
720499
720500
720501
720502
720503
720504
720505
720506
720507
720508
720509
720510
720511
720512
720539
720540
720541
720542
720543
720544
720545
720546
720547
720548
720549
720550
720551
720552
720553
720554
720555
720556
720557
720558
720559
720560
720561
720562
720563
720564
720565
720566
720567
720568
720569
720570
720571
720572
720573
720574
720575
720576
720577
720578
720579
720580
720581
720582
720583
720584
720585
720586
720587
720588
720589
720590
720592
720593
720594
720595
720596
720597
720598
720599
720600
720601
720602
720603
720604
720605
720606
720607
720608
720609
720610
720611
720612
720613
720614
720615
720616
720747
720748
720749
720750
720751
720752
720753
720754
720755
720756
720757
720758
720759
720760
720761
720762
720763
720764
720765
720766
720767
720768
720769
720770
720771
720772
720799
720800
720801
720802
720803
720804
720805
720806
720807
720808
720809
720810
720811
720812
720813
720814
720815
720816
720817
720818
720819
720820
720821
720822
720823
720824
720877
720878
720879
720880
720881
720882
720883
720884
720885
720886
720887
720888
720889
720890
720891
720892
720893
720894
720895
720896
720897
720898
720899
720900
720901
720902
720955
720956
720957
720958
720959
720960
720961
720962
720963
720964
720965
720966
720967
720968
720969
720970
720971
720972
720973
720974
720975
720976
720977
720978
720979
720980
721033
721034
721035
721036
721037
721038
721039
721040
721041
721042
721043
721044
721045
721046
721047
721048
721049
721050
721051
721052
721053
721054
721055
721056
721057
721058
721111
721112
721113
721114
721115
721116
721117
721118
721119
721120
721121
721122
721123
721124
721125
721126
721127
721128
721129
721130
721131
721132
721133
721134
721135
721136
721137
721138
721139
721140
721143
721144
721145
721146
721147
721148
721149
721150
721151
721152
721153
721154
721155
721156
721157
721158
721159
721160
721161
721162
721163
721165
721166
721167
721169
721170
721172
721173
721174
721175
721176
721177
721178
721179
721180
721181
721182
721183
721184
721185
721186
721187
721188
721267
721268
721269
721270
721271
721272
721273
721274
721275
721276
721277
721278
721279
721280
721281
721282
721283
721284
721285
721286
721287
721288
721289
721290
721291
721292
721449
721450
721451
721452
721453
721454
721455
721456
721457
721458
721459
721460
721461
721462
721463
721464
721465
721466
721467
721468
721469
721470
721471
721472
721473
721474
721475
721476
721477
721478
721479
721480
721481
721482
721483
721484
721485
721486
721487
721488
721489
721490
721491
721492
721493
721494
721495
721496
721497
721498
721499
721500
721501
721502
721503
721504
721505
721506
721507
721508
721509
721510
721511
721512
721513
721514
721515
721516
721517
721518
721519
721520
721521
721522
721523
721524
721525
721526
721528
721529
721530
721532
721533
721534
721535
721536
721537
721538
721539
721540
721541
721542
721543
721544
721545
721546
721547
721548
721549
721550
721551
721552
721579
721580
721581
721582
721583
721584
721585
721586
721587
721588
721589
721590
721591
721592
721593
721594
721595
721596
721597
721598
721599
721600
721601
721602
721603
721604
721631
721632
721633
721634
721635
721636
721637
721638
721639
721640
721641
721642
721643
721644
721645
721646
721647
721648
721649
721650
721651
721652
721653
721654
721655
721656
721657
721658
721659
721660
721661
721662
721663
721664
721665
721666
721667
721668
721669
721670
721671
721672
721673
721674
721675
721676
721677
721678
721679
721680
721681
721682
721683
721684
721685
721686
721687
721688
721689
721690
721691
721692
721693
721694
721695
721696
721697
721698
721699
721700
721701
721702
721703
721704
721705
721706
721707
721708
721735
721736
721737
721738
721739
721740
721741
721742
721743
721744
721745
721746
721747
721748
721749
721750
721751
721752
721753
721754
721755
721756
721757
721758
721759
721760
721839
721840
721841
721842
721843
721844
721845
721846
721847
721848
721849
721850
721851
721852
721853
721854
721855
721856
721857
721858
721859
721860
721861
721862
721863
721864
721865
721866
721867
721868
721869
721870
721871
721872
721873
721874
721875
721876
721877
721878
721879
721880
721881
721882
721883
721884
721885
721886
721887
721888
721889
721890
721917
721918
721919
721920
721921
721922
721923
721924
721925
721926
721927
721928
721929
721930
721931
721932
721933
721934
721935
721936
721937
721938
721939
721940
721941
721942
721969
721970
721971
721972
721973
721974
721975
721976
721977
721978
721979
721980
721981
721982
721983
721984
721985
721986
721987
721988
721989
721990
721991
721992
721993
721994
721995
721996
721997
721998
721999
722000
722001
722002
722003
722004
722005
722006
722007
722008
722009
722010
722011
722012
722013
722014
722015
722016
722017
722018
722019
722020
722203
722204
722205
722206
722207
722208
722209
722210
722211
722212
722213
722214
722215
722216
722217
722218
722219
722220
722221
722222
722223
722224
722225
722226
722227
722228
722229
722230
722231
722232
722233
722234
722235
722236
722237
722238
722239
722240
722241
722242
722243
722244
722245
722246
722247
722248
722249
722250
722251
722252
722253
722254
722256
722257
722258
722259
722260
722261
722262
722263
722264
722265
722266
722267
722268
722269
722270
722271
722272
722273
722274
722275
722276
722277
722278
722279
722280
722281
722283
722284
722285
722286
722287
722288
722289
722290
722291
722292
722293
722294
722295
722296
722297
722298
722299
722300
722301
722302
722303
722304
722305
722306
722308
722309
722310
722311
722312
722313
722314
722315
722316
722317
722318
722319
722320
722321
722322
722323
722324
722325
722326
722327
722328
722329
722330
722331
722332
722334
722335
722336
722337
722338
722339
722340
722341
722342
722343
722344
722345
722346
722347
722348
722349
722350
722351
722352
722353
722354
722355
722356
722357
722358
722361
722363
722364
722365
722366
722367
722368
722369
722370
722371
722372
722373
722374
722375
722376
722377
722378
722379
722380
722381
722382
722383
722384
722411
722412
722413
722414
722415
722416
722417
722418
722419
722420
722421
722422
722423
722424
722425
722426
722427
722428
722429
722430
722431
722432
722433
722434
722435
722436
722489
722490
722491
722492
722493
722494
722495
722496
722497
722498
722499
722500
722501
722502
722503
722504
722505
722506
722507
722508
722509
722510
722511
722512
722513
722514
722541
722542
722543
722544
722545
722546
722547
722548
722549
722550
722551
722552
722553
722554
722555
722556
722557
722558
722559
722560
722561
722562
722563
722564
722565
722566
722568
722569
722571
722572
722573
722574
722575
722576
722577
722578
722579
722580
722581
722582
722583
722584
722585
722586
722588
722589
722590
722591
722592
722594
722597
722598
722599
722600
722601
722602
722603
722604
722605
722606
722607
722608
722609
722610
722611
722612
722613
722614
722615
722616
722617
722618
722645
722646
722647
722648
722649
722650
722651
722652
722653
722654
722655
722656
722657
722658
722659
722660
722661
722662
722663
722664
722665
722666
722667
722668
722669
722670
722671
722672
722673
722674
722675
722676
722677
722678
722679
722680
722681
722682
722683
722684
722685
722686
722687
722688
722689
722690
722691
722692
722693
722694
722695
722696
722699
722700
722701
722702
722703
722704
722705
722706
722707
722708
722709
722710
722711
722712
722713
722714
722715
722716
722717
722718
722719
722720
722721
722722
722749
722750
722751
722752
722753
722754
722755
722756
722757
722758
722759
722760
722761
722762
722763
722764
722765
722766
722767
722768
722769
722770
722771
722772
722773
722774
722853
722854
722855
722856
722857
722858
722859
722860
722861
722862
722863
722864
722865
722866
722867
722868
722869
722870
722871
722872
722873
722874
722875
722876
722877
722878
722957
722958
722959
722960
722961
722962
722963
722964
722965
722966
722967
722968
722969
722970
722971
722972
722973
722974
722975
722976
722977
722978
722979
722980
722981
722982
722985
722986
722987
722988
722989
722990
722991
722992
722993
722994
722995
722996
722997
722998
722999
723000
723001
723002
723003
723004
723005
723006
723007
723008
723035
723036
723037
723038
723039
723040
723041
723042
723043
723044
723045
723046
723047
723048
723049
723050
723051
723052
723053
723054
723055
723056
723057
723058
723059
723060
723061
723062
723063
723064
723065
723067
723068
723069
723070
723071
723072
723073
723074
723075
723076
723077
723078
723079
723080
723081
723082
723083
723084
723085
723086
723087
723088
723091
723095
723096
723097
723098
723099
723100
723101
723102
723103
723104
723105
723106
723107
723108
723109
723110
723111
723112
723165
723166
723167
723168
723169
723170
723171
723172
723173
723174
723175
723176
723177
723178
723179
723180
723181
723182
723183
723184
723185
723186
723187
723188
723189
723190
723217
723218
723219
723220
723221
723222
723223
723224
723225
723226
723227
723228
723229
723230
723231
723232
723233
723234
723235
723236
723237
723238
723239
723240
723241
723242
723269
723270
723271
723272
723273
723274
723275
723276
723277
723278
723279
723280
723281
723282
723283
723284
723285
723286
723287
723288
723289
723290
723291
723292
723293
723294
723321
723322
723323
723324
723325
723326
723327
723328
723329
723330
723331
723332
723333
723334
723335
723336
723337
723338
723339
723340
723341
723342
723343
723344
723345
723346
723348
723349
723350
723351
723352
723353
723354
723355
723356
723357
723358
723359
723360
723361
723362
723363
723364
723365
723366
723367
723368
723369
723370
723371
723372
723399
723400
723401
723402
723403
723404
723405
723406
723407
723408
723409
723410
723411
723412
723413
723414
723415
723416
723417
723418
723419
723420
723421
723422
723423
723424
723425
723426
723428
723430
723431
723432
723433
723434
723435
723436
723437
723438
723439
723440
723441
723442
723443
723444
723445
723446
723447
723448
723449
723450
723451
723452
723453
723454
723455
723456
723457
723459
723460
723461
723462
723463
723464
723465
723466
723467
723468
723469
723470
723471
723472
723473
723474
723475
723476
723581
723582
723583
723584
723585
723586
723587
723588
723589
723590
723591
723592
723593
723594
723595
723596
723597
723598
723599
723600
723601
723602
723603
723604
723605
723606
723685
723686
723687
723688
723689
723690
723691
723692
723693
723694
723695
723696
723697
723698
723699
723700
723701
723702
723703
723704
723705
723706
723707
723708
723709
723710
723737
723738
723739
723740
723741
723742
723743
723744
723745
723746
723747
723748
723749
723750
723751
723752
723753
723754
723755
723756
723757
723758
723759
723760
723761
723762
723764
723765
723766
723767
723768
723769
723770
723771
723772
723773
723774
723775
723776
723777
723778
723779
723780
723781
723782
723783
723784
723785
723786
723787
723788
723789
723790
723791
723792
723794
723795
723796
723797
723798
723799
723800
723801
723802
723803
723804
723805
723806
723807
723808
723809
723810
723811
723812
723813
723814
723816
723817
723818
723819
723820
723821
723822
723823
723824
723825
723826
723827
723828
723829
723830
723831
723832
723833
723834
723835
723836
723837
723838
723839
723840
723842
723844
723845
723846
723847
723848
723849
723850
723851
723852
723853
723854
723855
723856
723857
723858
723859
723860
723861
723862
723863
723864
723865
723866
723893
723894
723895
723896
723897
723899
723900
723901
723902
723903
723904
723905
723906
723907
723908
723909
723910
723911
723912
723913
723914
723915
723916
723917
723918
723945
723946
723947
723948
723949
723950
723951
723952
723953
723954
723956
723957
723958
723959
723960
723961
723962
723963
723964
723965
723966
723967
723968
723969
723970
724023
724024
724025
724026
724027
724028
724029
724030
724031
724032
724033
724034
724035
724036
724037
724038
724039
724040
724041
724042
724043
724044
724045
724046
724047
724048
724049
724050
724051
724052
724053
724054
724055
724056
724057
724058
724059
724060
724061
724062
724063
724064
724065
724066
724067
724068
724069
724070
724071
724072
724073
724074
724179
724180
724181
724182
724183
724184
724185
724186
724187
724188
724189
724190
724191
724192
724193
724194
724195
724196
724197
724198
724199
724200
724201
724202
724203
724204
724231
724232
724233
724234
724235
724236
724237
724238
724239
724240
724241
724242
724243
724244
724245
724246
724247
724248
724249
724250
724251
724252
724253
724254
724255
724256
724257
724258
724259
724261
724262
724263
724264
724265
724266
724267
724268
724269
724270
724271
724272
724273
724274
724275
724276
724277
724278
724279
724280
724281
724282
724285
724286
724287
724288
724289
724290
724291
724292
724293
724294
724295
724296
724297
724298
724299
724300
724301
724302
724303
724304
724305
724306
724307
724308
724387
724388
724389
724390
724391
724392
724393
724394
724395
724396
724397
724398
724399
724400
724401
724402
724403
724404
724405
724406
724407
724408
724409
724410
724411
724412
724439
724440
724441
724442
724443
724444
724445
724446
724447
724448
724449
724450
724451
724452
724453
724454
724455
724456
724457
724458
724459
724460
724461
724462
724463
724464
724465
724466
724468
724469
724470
724471
724472
724473
724474
724475
724476
724477
724478
724479
724480
724481
724482
724483
724484
724485
724486
724487
724488
724489
724490
724491
724492
724493
724494
724495
724496
724497
724498
724499
724500
724501
724502
724503
724504
724505
724506
724507
724508
724509
724510
724511
724512
724513
724514
724515
724516
724518
724519
724520
724521
724522
724523
724524
724525
724526
724527
724528
724529
724530
724531
724532
724533
724534
724535
724536
724537
724538
724539
724540
724541
724542
724544
724545
724546
724547
724548
724549
724550
724552
724553
724554
724555
724556
724557
724558
724559
724560
724561
724562
724563
724564
724565
724566
724567
724568
724725
724726
724727
724728
724729
724730
724731
724732
724733
724734
724735
724736
724737
724738
724739
724740
724741
724742
724743
724744
724745
724746
724747
724748
724749
724750
724777
724778
724779
724781
724782
724783
724784
724785
724786
724787
724788
724789
724790
724791
724792
724793
724794
724795
724796
724797
724798
724799
724800
724801
724802
724855
724856
724857
724858
724859
724860
724861
724862
724863
724864
724865
724866
724867
724868
724869
724870
724871
724872
724873
724874
724875
724876
724877
724878
724879
724880
724882
724883
724884
724885
724886
724887
724888
724889
724890
724891
724892
724893
724894
724895
724896
724897
724898
724899
724900
724901
724902
724903
724904
724905
724906
724959
724960
724961
724962
724963
724964
724965
724966
724967
724968
724969
724970
724971
724972
724973
724974
724975
724976
724977
724978
724979
724980
724981
724982
724983
724984
724986
724987
724988
724989
724990
724991
724992
724993
724994
724995
724996
724997
724998
724999
725000
725001
725002
725003
725004
725005
725006
725007
725008
725009
725010
725011
725013
725014
725015
725016
725017
725018
725019
725020
725021
725022
725023
725024
725025
725026
725027
725028
725029
725030
725031
725032
725033
725034
725035
725036
725063
725064
725065
725066
725067
725068
725069
725070
725071
725072
725073
725074
725075
725076
725077
725078
725079
725080
725081
725082
725083
725084
725085
725086
725087
725088
725141
725142
725143
725144
725145
725146
725147
725148
725149
725150
725151
725152
725153
725154
725155
725156
725157
725158
725159
725160
725161
725162
725163
725164
725165
725166
725245
725246
725247
725248
725249
725250
725251
725252
725253
725254
725255
725256
725257
725258
725259
725260
725261
725262
725263
725264
725266
725267
725268
725269
725270
725323
725324
725325
725326
725327
725328
725329
725330
725331
725332
725333
725334
725335
725336
725337
725338
725339
725340
725341
725342
725343
725344
725345
725346
725347
725348
725349
725350
725351
725352
725353
725354
725355
725356
725357
725358
725359
725360
725361
725362
725363
725364
725365
725366
725367
725368
725369
725370
725371
725372
725373
725374
725401
725402
725403
725404
725405
725406
725407
725408
725409
725410
725411
725412
725413
725414
725415
725416
725417
725418
725419
725420
725421
725422
725423
725424
725425
725426
725453
725454
725455
725456
725457
725458
725459
725460
725461
725462
725463
725464
725465
725466
725467
725468
725469
725470
725471
725472
725473
725474
725475
725476
725477
725478
725505
725506
725507
725509
725510
725511
725512
725514
725515
725516
725517
725518
725519
725520
725521
725523
725524
725525
725526
725527
725528
725529
725530
725531
725532
725533
725534
725535
725536
725537
725538
725540
725542
725543
725545
725546
725548
725549
725551
725552
725553
725554
725555
725556
725583
725586
725589
725590
725591
725592
725593
725594
725596
725597
725598
725599
725600
725601
725602
725603
725604
725605
725606
725607
725608
725635
725636
725640
725643
725644
725646
725648
725649
725650
725651
725652
725653
725655
725656
725657
725658
725659
725660
725661
725662
725664
725666
725667
725669
725670
725672
725673
725674
725675
725676
725677
725678
725679
725680
725681
725683
725684
725685
725686
725713
725714
725715
725716
725717
725719
725721
725722
725723
725724
725725
725726
725727
725728
725729
725730
725731
725732
725733
725734
725735
725736
725737
725738
725767
725768
725769
725770
725772
725773
725774
725777
725778
725779
725781
725782
725783
725784
725785
725786
725787
725788
725789
725790
725791
725797
725798
725800
725803
725804
725805
725806
725809
725810
725811
725812
725813
725814
725815
725816
725895
725896
725898
725899
725902
725904
725905
725906
725907
725908
725909
725910
725911
725912
725913
725914
725917
725918
725919
725920
725947
725948
725949
725950
725951
725952
725953
725954
725955
725956
725957
725958
725959
725960
725961
725962
725963
725964
725965
725966
725967
725968
725969
725970
725971
726077
726078
726080
726081
726082
726083
726084
726085
726086
726087
726088
726089
726090
726091
726092
726093
726094
726095
726096
726097
726098
726099
726100
726101
726102
726129
726130
726131
726132
726133
726134
726135
726137
726138
726140
726141
726142
726143
726144
726145
726146
726147
726148
726149
726150
726151
726152
726153
726154
726155
726156
726159
726160
726161
726162
726163
726164
726165
726166
726167
726168
726169
726170
726171
726172
726173
726174
726175
726176
726177
726178
726179
726180
726181
726184
726186
726187
726188
726189
726190
726192
726193
726194
726195
726196
726197
726198
726200
726201
726203
726204
726205
726206
726207
726210
726211
726212
726213
726214
726216
726217
726218
