726219
726220
726221
726222
726223
726224
726225
726226
726227
726228
726229
726230
726231
726232
726234
726235
726236
726237
726238
726239
726240
726241
726242
726243
726244
726245
726246
726247
726248
726249
726250
726251
726252
726253
726254
726255
726256
726257
726258
726259
726260
726261
726262
726263
726264
726265
726266
726267
726268
726269
726270
726271
726272
726273
726274
726275
726276
726277
726278
726279
726280
726281
726282
726283
726284
726285
726286
726287
726288
726289
726290
726291
726292
726293
726294
726295
726296
726297
726298
726299
726300
726301
726302
726303
726304
726305
726306
726307
726308
726309
726310
726311
726312
726313
726314
726315
726316
726317
726318
726319
726320
726321
726322
726323
726324
726325
726326
726327
726328
726329
726330
726331
726332
726333
726334
726335
726336
726389
726390
726391
726392
726394
726395
726396
726397
726398
726399
726400
726401
726402
726403
726404
726405
726406
726407
726408
726409
726410
726411
726412
726413
726414
726415
726417
726418
726419
726420
726421
726422
726423
726424
726425
726426
726427
726428
726429
726430
726431
726432
726433
726434
726435
726436
726437
726438
726439
726440
726441
726442
726443
726444
726445
726446
726447
726448
726449
726450
726451
726452
726453
726454
726455
726456
726457
726458
726459
726460
726461
726462
726463
726464
726465
726466
726519
726520
726521
726522
726523
726524
726525
726526
726527
726528
726529
726530
726531
726532
726533
726534
726535
726536
726537
726538
726539
726540
726541
726542
726543
726544
726545
726546
726547
726548
726549
726550
726551
726552
726553
726554
726555
726556
726557
726558
726559
726560
726561
726562
726563
726564
726565
726566
726567
726568
726569
726570
726597
726598
726599
726600
726601
726602
726603
726604
726605
726606
726607
726608
726609
726610
726611
726612
726613
726614
726615
726616
726617
726618
726619
726620
726621
726622
726623
726624
726625
726626
726627
726628
726629
726630
726631
726632
726633
726634
726635
726636
726637
726638
726639
726640
726641
726642
726643
726644
726645
726646
726647
726648
726675
726676
726677
726678
726679
726680
726681
726682
726683
726684
726685
726686
726687
726688
726689
726690
726691
726692
726693
726694
726695
726696
726697
726698
726699
726700
726727
726728
726729
726730
726731
726732
726733
726734
726735
726736
726737
726738
726739
726740
726741
726742
726743
726744
726745
726746
726747
726748
726749
726750
726751
726752
726754
726755
726756
726757
726758
726759
726760
726761
726762
726763
726764
726765
726766
726767
726768
726769
726770
726771
726772
726773
726774
726775
726776
726777
726778
726805
726806
726807
726808
726809
726810
726811
726812
726813
726814
726815
726816
726817
726818
726819
726820
726821
726822
726823
726824
726825
726826
726827
726828
726829
726830
726831
726832
726833
726834
726835
726836
726837
726838
726839
726840
726841
726842
726843
726844
726845
726846
726847
726848
726849
726850
726851
726852
726853
726854
726855
726856
726857
726858
726859
726860
726861
726862
726863
726864
726865
726866
726867
726868
726869
726870
726871
726872
726873
726874
726875
726876
726877
726878
726879
726880
726881
726882
726935
726936
726937
726938
726939
726940
726941
726942
726943
726944
726945
726946
726947
726948
726949
726950
726951
726952
726953
726954
726955
726956
726957
726958
726959
726960
726961
726962
726963
726964
726965
726966
726967
726968
726969
726970
726971
726972
726973
726974
726975
726976
726977
726978
726979
726980
726981
726982
726983
726984
726985
726986
726987
726988
726989
726990
726991
726992
726993
726994
726995
726996
726997
726998
726999
727000
727001
727002
727003
727004
727005
727006
727007
727008
727009
727010
727011
727012
727039
727040
727041
727042
727043
727044
727045
727046
727047
727048
727049
727050
727051
727052
727053
727054
727055
727056
727057
727058
727059
727060
727061
727062
727063
727064
727091
727092
727093
727094
727095
727096
727097
727098
727099
727100
727101
727102
727103
727104
727105
727106
727107
727108
727109
727110
727111
727112
727113
727114
727115
727116
727143
727144
727145
727146
727147
727148
727149
727150
727151
727152
727153
727154
727155
727156
727157
727158
727159
727160
727161
727162
727163
727164
727165
727166
727167
727168
727170
727171
727172
727173
727174
727175
727176
727177
727178
727179
727180
727181
727182
727183
727184
727185
727186
727187
727188
727189
727190
727191
727192
727193
727194
727299
727300
727301
727302
727303
727304
727305
727306
727307
727308
727309
727310
727311
727312
727313
727314
727315
727316
727317
727318
727319
727320
727321
727322
727323
727324
727326
727327
727328
727329
727330
727331
727332
727333
727334
727335
727336
727337
727338
727339
727340
727341
727342
727343
727344
727345
727346
727347
727348
727349
727350
727377
727378
727379
727380
727381
727382
727383
727384
727385
727386
727387
727388
727389
727390
727391
727392
727393
727394
727395
727396
727397
727398
727399
727400
727401
727402
727403
727404
727405
727406
727409
727410
727411
727412
727413
727414
727415
727416
727417
727418
727419
727420
727421
727422
727423
727424
727425
727426
727427
727428
727429
727430
727431
727432
727433
727434
727435
727436
727437
727438
727439
727440
727441
727442
727443
727444
727445
727446
727447
727448
727449
727450
727451
727452
727453
727454
727481
727482
727483
727484
727485
727486
727487
727488
727489
727490
727491
727492
727493
727494
727495
727496
727497
727498
727499
727500
727501
727502
727503
727504
727505
727506
727507
727509
727510
727511
727512
727513
727514
727515
727516
727517
727518
727519
727520
727521
727522
727523
727524
727525
727526
727527
727528
727529
727530
727531
727532
727534
727535
727536
727537
727538
727539
727540
727541
727542
727543
727544
727545
727546
727547
727548
727549
727550
727551
727552
727553
727554
727555
727556
727557
727558
727559
727560
727561
727562
727563
727564
727565
727566
727567
727568
727569
727570
727571
727572
727573
727574
727575
727576
727577
727578
727579
727580
727581
727582
727583
727584
727586
727587
727589
727590
727591
727592
727593
727594
727595
727596
727597
727598
727599
727600
727601
727602
727603
727604
727605
727606
727607
727608
727609
727610
727611
727612
727613
727614
727615
727616
727617
727618
727619
727620
727621
727622
727623
727624
727625
727626
727627
727628
727629
727630
727631
727632
727633
727634
727635
727636
727741
727742
727743
727744
727745
727746
727747
727748
727749
727750
727751
727752
727753
727754
727755
727756
727757
727758
727759
727760
727761
727762
727763
727764
727765
727766
727767
727768
727769
727770
727771
727772
727773
727774
727775
727776
727777
727778
727779
727780
727781
727782
727783
727784
727785
727786
727787
727788
727789
727790
727791
727792
727793
727794
727795
727796
727797
727798
727799
727800
727801
727802
727803
727804
727805
727806
727807
727808
727809
727810
727811
727812
727813
727814
727815
727816
727817
727818
727845
727846
727847
727848
727849
727850
727851
727852
727853
727854
727855
727856
727857
727858
727859
727860
727861
727862
727863
727864
727865
727866
727867
727868
727869
727870
727872
727873
727874
727875
727876
727877
727878
727879
727880
727881
727882
727883
727884
727885
727886
727887
727888
727889
727890
727891
727892
727893
727894
727895
727896
727923
727924
727925
727926
727927
727928
727929
727930
727931
727932
727933
727934
727935
727936
727937
727938
727939
727940
727941
727942
727943
727944
727945
727946
727947
727948
728053
728054
728055
728056
728057
728058
728059
728060
728061
728062
728063
728064
728065
728066
728067
728068
728069
728070
728071
728072
728073
728074
728075
728076
728077
728078
728079
728081
728082
728083
728084
728085
728086
728087
728088
728089
728090
728091
728092
728093
728094
728095
728096
728097
728098
728099
728100
728101
728102
728103
728104
728131
728132
728133
728134
728135
728136
728137
728138
728139
728140
728141
728142
728143
728144
728145
728146
728147
728148
728149
728150
728151
728152
728153
728154
728155
728156
728157
728158
728159
728160
728161
728163
728164
728165
728166
728167
728168
728169
728170
728171
728172
728173
728174
728175
728176
728177
728178
728179
728180
728181
728182
728183
728184
728185
728186
728187
728188
728189
728190
728191
728192
728193
728194
728195
728196
728197
728198
728199
728200
728201
728202
728203
728204
728205
728206
728207
728208
728211
728212
728213
728214
728215
728216
728217
728218
728219
728220
728221
728222
728223
728224
728225
728226
728227
728228
728229
728230
728231
728232
728233
728234
728235
728237
728238
728240
728241
728242
728243
728244
728245
728246
728247
728248
728249
728250
728251
728252
728253
728254
728255
728256
728257
728258
728259
728260
728417
728418
728419
728420
728421
728422
728423
728424
728425
728426
728427
728428
728429
728430
728431
728432
728433
728434
728435
728436
728437
728438
728439
728440
728441
728442
728443
728444
728445
728446
728448
728449
728450
728451
728452
728454
728455
728456
728457
728458
728459
728460
728461
728462
728463
728464
728465
728466
728467
728468
728470
728471
728472
728473
728474
728475
728476
728477
728478
728479
728480
728481
728482
728483
728484
728485
728486
728487
728488
728489
728490
728491
728492
728493
728494
728625
728626
728627
728628
728629
728630
728631
728632
728633
728634
728635
728636
728637
728638
728639
728640
728641
728642
728643
728644
728645
728646
728647
728648
728649
728650
728703
728704
728705
728706
728707
728708
728709
728710
728711
728712
728713
728714
728715
728716
728717
728718
728719
728720
728721
728722
728723
728724
728725
728726
728727
728728
728781
728782
728783
728784
728785
728786
728787
728788
728789
728790
728791
728792
728793
728794
728795
728796
728797
728798
728800
728801
728802
728803
728804
728805
728806
728807
728808
728809
728810
728811
728812
728813
728814
728815
728816
728817
728818
728819
728820
728821
728822
728823
728824
728825
728826
728827
728828
728829
728830
728831
728832
728833
728834
728835
728836
728837
728838
728839
728840
728841
728842
728843
728844
728845
728846
728847
728848
728849
728850
728851
728852
728853
728854
728855
728856
728857
728858
728860
728861
728863
728864
728865
728866
728867
728868
728869
728870
728871
728872
728873
728874
728875
728876
728877
728878
728879
728880
728881
728882
728883
728884
728885
728886
728887
728888
728889
728890
728891
728892
728893
728894
728895
728896
728897
728898
728899
728900
728901
728902
728903
728904
728905
728906
728907
728908
728909
728910
728937
728938
728939
728940
728941
728942
728943
728944
728945
728946
728947
728948
728949
728950
728951
728952
728953
728954
728955
728956
728957
728958
728959
728960
728961
728962
728966
728968
728969
728970
728971
728972
728973
728974
728975
728976
728977
728978
728979
728980
728981
728982
728983
728984
728985
728986
728987
728988
729015
729016
729017
729018
729019
729020
729021
729022
729023
729024
729025
729026
729027
729028
729029
729030
729031
729032
729033
729034
729035
729036
729037
729038
729039
729040
729067
729068
729069
729070
729071
729072
729073
729074
729075
729076
729077
729078
729079
729080
729081
729082
729083
729084
729085
729086
729087
729088
729089
729090
729091
729092
729119
729120
729121
729122
729123
729124
729125
729126
729127
729128
729129
729130
729131
729132
729133
729134
729135
729136
729137
729138
729139
729140
729141
729142
729143
729144
729171
729172
729173
729174
729175
729176
729177
729178
729179
729180
729181
729182
729183
729184
729185
729186
729187
729188
729189
729190
729191
729192
729193
729194
729195
729196
729223
729224
729225
729226
729227
729228
729229
729230
729231
729232
729233
729234
729235
729236
729237
729238
729239
729240
729241
729242
729243
729244
729245
729246
729247
729248
729301
729302
729303
729304
729305
729306
729307
729308
729309
729310
729311
729312
729313
729314
729315
729316
729317
729318
729319
729320
729321
729322
729323
729324
729325
729326
729353
729354
729355
729356
729357
729358
729359
729360
729361
729362
729363
729364
729365
729366
729367
729368
729369
729370
729371
729372
729373
729374
729375
729376
729377
729378
729379
729380
729381
729382
729383
729384
729385
729386
729387
729388
729389
729390
729391
729392
729393
729394
729395
729396
729397
729398
729399
729400
729401
729402
729403
729404
729405
729406
729407
729408
729409
729410
729412
729413
729414
729415
729416
729417
729418
729419
729420
729421
729422
729423
729424
729425
729426
729427
729428
729429
729430
729432
729433
729435
729436
729437
729438
729439
729440
729441
729442
729443
729444
729445
729446
729447
729448
729449
729450
729452
729453
729454
729455
729456
729484
729485
729486
729487
729489
729490
729491
729492
729493
729494
729495
729496
729497
729498
729499
729500
729501
729502
729503
729504
729505
729506
729507
729508
729510
729511
729512
729513
729514
729515
729516
729517
729518
729519
729520
729521
729522
729523
729524
729525
729526
729527
729528
729529
729530
729531
729532
729533
729534
729561
729562
729563
729564
729565
729566
729567
729568
729569
729570
729571
729572
729573
729574
729575
729576
729577
729578
729579
729580
729581
729582
729583
729584
729585
729586
729613
729614
729615
729616
729617
729618
729619
729620
729621
729622
729623
729624
729625
729626
729627
729628
729629
729630
729631
729632
729633
729634
729635
729636
729637
729638
729717
729718
729719
729720
729721
729722
729723
729724
729725
729726
729727
729728
729729
729730
729731
729732
729733
729734
729735
729736
729737
729738
729739
729740
729741
729742
729769
729770
729771
729772
729773
729774
729775
729776
729777
729778
729779
729780
729781
729782
729783
729784
729785
729786
729787
729788
729789
729790
729791
729792
729793
729794
729821
729822
729823
729824
729825
729826
729827
729828
729829
729830
729831
729832
729833
729834
729835
729836
729837
729838
729839
729840
729841
729842
729843
729844
729845
729846
729848
729849
729850
729851
729852
729853
729854
729855
729856
729857
729858
729859
729860
729861
729862
729863
729864
729865
729866
729867
729868
729869
729870
729871
729872
729925
729926
729927
729928
729929
729930
729931
729932
729933
729934
729935
729936
729937
729938
729939
729940
729941
729942
729943
729944
729945
729946
729947
729948
729949
729950
729952
729953
729954
729956
729957
729958
729959
729960
729961
729962
729963
729964
729965
729966
729967
729968
729969
729970
729971
729972
729973
729974
729975
729976
730003
730004
730005
730006
730007
730008
730009
730010
730011
730012
730013
730014
730015
730016
730017
730018
730019
730020
730021
730022
730023
730024
730025
730026
730027
730028
730055
730056
730057
730058
730059
730060
730061
730062
730063
730064
730065
730066
730067
730068
730069
730070
730071
730072
730073
730074
730075
730076
730077
730078
730079
730080
730107
730108
730109
730111
730112
730113
730114
730115
730116
730117
730118
730119
730120
730121
730122
730123
730124
730125
730126
730127
730128
730129
730130
730131
730132
730135
730136
730137
730138
730139
730140
730141
730142
730143
730144
730145
730146
730147
730148
730149
730150
730151
730152
730153
730154
730155
730156
730157
730158
730159
730161
730162
730163
730164
730165
730166
730167
730168
730169
730170
730171
730172
730173
730174
730175
730176
730177
730178
730179
730180
730181
730182
730183
730184
730237
730238
730239
730240
730241
730242
730243
730244
730245
730246
730247
730248
730249
730250
730251
730252
730253
730254
730255
730256
730257
730258
730259
730260
730261
730262
730264
730265
730266
730267
730268
730269
730270
730271
730272
730273
730274
730275
730277
730278
730279
730280
730281
730282
730283
730284
730285
730286
730287
730288
730341
730342
730343
730344
730345
730346
730347
730348
730349
730350
730351
730352
730353
730354
730355
730356
730357
730358
730359
730360
730361
730362
730363
730364
730365
730366
730368
730369
730370
730371
730372
730373
730374
730375
730376
730377
730378
730379
730380
730381
730382
730383
730384
730385
730386
730387
730388
730389
730390
730391
730392
730445
730446
730447
730448
730449
730450
730451
730452
730453
730454
730455
730456
730457
730458
730459
730460
730461
730462
730463
730464
730465
730466
730467
730468
730469
730470
730472
730473
730475
730476
730477
730478
730479
730480
730481
730482
730483
730484
730485
730486
730487
730488
730489
730490
730491
730492
730493
730494
730495
730496
730497
730498
730499
730501
730502
730503
730504
730505
730506
730507
730508
730509
730510
730511
730512
730513
730514
730515
730516
730517
730518
730519
730520
730521
730522
730523
730524
730525
730526
730527
730528
730529
730530
730531
730532
730533
730534
730535
730536
730537
730538
730539
730540
730541
730542
730543
730544
730545
730546
730547
730548
730575
730576
730577
730578
730579
730580
730581
730582
730583
730584
730585
730586
730587
730588
730589
730590
730591
730592
730593
730594
730595
730596
730597
730598
730599
730600
730653
730654
730655
730656
730657
730659
730660
730661
730662
730663
730664
730665
730666
730667
730668
730669
730670
730671
730672
730673
730674
730675
730676
730677
730678
730681
730682
730683
730684
730685
730686
730687
730688
730689
730690
730691
730692
730693
730694
730695
730696
730697
730698
730699
730700
730701
730702
730703
730704
730783
730784
730785
730786
730787
730788
730789
730790
730791
730792
730793
730794
730795
730796
730797
730798
730799
730800
730801
730802
730803
730804
730805
730806
730807
730808
730887
730888
730889
730890
730891
730892
730893
730894
730895
730896
730897
730898
730899
730900
730901
730902
730903
730904
730905
730906
730907
730908
730909
730910
730911
730912
730916
730917
730918
730919
730920
730921
730922
730924
730925
730926
730927
730928
730929
730930
730931
730932
730933
730934
730935
730936
730937
730938
730939
730941
730942
730943
730944
730945
730946
730947
730948
730949
730950
730951
730952
730953
730954
730955
730956
730957
730958
730959
730960
730961
730962
730963
730964
730991
730992
730993
730994
730995
730996
730997
730998
730999
731000
731001
731002
731003
731004
731005
731006
731007
731008
731009
731010
731011
731012
731013
731014
731015
731016
731017
731021
731022
731023
731024
731025
731026
731027
731028
731029
731030
731031
731032
731033
731034
731035
731036
731037
731038
731039
731040
731041
731042
731045
731046
731047
731048
731049
731050
731051
731052
731053
731054
731055
731056
731057
731058
731059
731060
731061
731062
731063
731064
731065
731066
731067
731068
731096
731097
731098
731099
731100
731101
731102
731103
731104
731105
731106
731107
731108
731109
731110
731111
731112
731113
731114
731115
731116
731117
731118
731119
731120
731173
731174
731175
731176
731177
731178
731179
731180
731181
731182
731183
731184
731185
731186
731187
731188
731189
731190
731191
731192
731193
731194
731195
731196
731197
731198
731199
731200
731201
731202
731203
731204
731205
731206
731207
731208
731209
731210
731211
731212
731213
731214
731215
731216
731217
731218
731219
731220
731221
731222
731223
731224
731277
731278
731279
731280
731281
731282
731283
731284
731285
731286
731287
731288
731289
731290
731291
731292
731293
731294
731295
731296
731297
731298
731299
731300
731301
731302
731329
731330
731331
731332
731333
731334
731335
731336
731337
731338
731339
731340
731341
731342
731343
731344
731345
731346
731347
731348
731349
731350
731351
731352
731353
731354
731356
731357
731358
731359
731360
731361
731362
731363
731364
731365
731366
731367
731368
731369
731370
731371
731372
731373
731374
731375
731376
731377
731378
731379
731380
731381
731382
731383
731384
731385
731386
731387
731388
731389
731390
731391
731392
731393
731394
731395
731396
731397
731398
731399
731400
731401
731402
731403
731404
731405
731406
731433
731434
731435
731436
731437
731438
731439
731440
731441
731442
731443
731444
731445
731446
731447
731448
731449
731450
731451
731452
731453
731454
731455
731456
731457
731458
731459
731460
731461
731462
731464
731465
731466
731467
731468
731469
731470
731471
731472
731473
731474
731475
731476
731477
731478
731479
731480
731481
731482
731483
731484
731511
731512
731513
731514
731515
731516
731517
731518
731519
731520
731521
731522
731523
731524
731525
731526
731527
731528
731529
731530
731531
731532
731533
731534
731535
731536
731667
731668
731669
731670
731671
731672
731673
731674
731675
731676
731677
731678
731679
731680
731681
731682
731683
731684
731685
731686
731687
731688
731689
731690
731691
731692
731695
731696
731698
731699
731700
731701
731702
731703
731704
731705
731706
731707
731708
731709
731710
731711
731712
731713
731714
731715
731716
731717
731718
731745
731746
731747
731748
731749
731750
731751
731752
731753
731754
731755
731756
731757
731758
731759
731760
731761
731762
731763
731764
731765
731766
731767
731768
731769
731770
731797
731798
731799
731800
731801
731802
731803
731804
731805
731806
731807
731808
731809
731810
731811
731812
731813
731814
731815
731816
731817
731818
731819
731820
731821
731822
731824
731825
731828
731829
731830
731831
731832
731833
731834
731835
731836
731837
731838
731839
731840
731841
731842
731843
731844
731845
731846
731847
731848
731927
731928
731929
731930
731931
731932
731933
731934
731935
731936
731937
731938
731939
731940
731941
731942
731943
731944
731945
731946
731947
731948
731949
731950
731951
731952
731954
731955
731956
731957
731958
731959
731960
731961
731962
731963
731964
731965
731966
731967
731968
731969
731970
731971
731972
731973
731974
731975
731976
731977
731978
732031
732032
732033
732034
732035
732036
732037
732038
732039
732040
732041
732042
732043
732044
732045
732046
732047
732048
732049
732050
732051
732052
732053
732054
732055
732056
732058
732061
732062
732063
732064
732065
732066
732067
732068
732069
732070
732071
732072
732073
732074
732075
732076
732077
732078
732079
732080
732081
732082
732083
732084
732085
732086
732087
732088
732089
732090
732091
732092
732093
732094
732095
732096
732097
732098
732099
732100
732101
732102
732103
732104
732105
732106
732107
732108
732109
732110
732111
732112
732113
732115
732116
732117
732119
732120
732121
732122
732123
732124
732125
732126
732127
732128
732129
732130
732131
732132
732133
732134
732135
732137
732138
732139
732140
732141
732142
732143
732144
732145
732146
732147
732148
732149
732150
732151
732152
732153
732154
732155
732156
732157
732158
732159
732160
732213
732214
732215
732216
732217
732218
732219
732220
732221
732222
732223
732224
732225
732226
732227
732228
732229
732230
732231
732232
732233
732234
732235
732236
732237
732238
732291
732292
732293
732294
732295
732296
732297
732298
732299
732300
732301
732302
732303
732304
732305
732306
732307
732308
732309
732310
732311
732312
732313
732314
732315
732316
732343
732344
732345
732346
732347
732348
732349
732350
732351
732352
732353
732354
732355
732356
732357
732358
732359
732360
732361
732362
732363
732364
732365
732366
732367
732368
732369
732370
732371
732372
732373
732374
732375
732376
732377
732378
732379
732380
732381
732382
732383
732384
732385
732386
732387
732388
732389
732390
732391
732392
732393
732394
732395
732396
732397
732398
732399
732400
732401
732402
732403
732404
732405
732406
732407
732408
732409
732410
732411
732412
732413
732414
732415
732416
732417
732418
732419
732420
732447
732448
732449
732450
732451
732452
732453
732454
732455
732456
732457
732458
732459
732460
732461
732462
732463
732464
732465
732466
732467
732468
732469
732470
732471
732472
732473
732474
732475
732476
732477
732478
732479
732480
732481
732482
732483
732484
732485
732486
732487
732488
732489
732490
732491
732492
732493
732494
732495
732496
732497
732498
732525
732526
732527
732528
732529
732530
732531
732532
732533
732534
732535
732536
732537
732538
732539
732540
732541
732542
732543
732544
732545
732546
732547
732548
732549
732550
732551
732552
732553
732554
732556
732557
732558
732559
732560
732561
732562
732563
732564
732565
732566
732567
732568
732569
732570
732571
732572
732573
732575
732576
732577
732578
732579
732580
732581
732582
732583
732584
732585
732586
732587
732588
732589
732590
732591
732592
732593
732594
732595
732596
732597
732598
732599
732600
732601
732602
732603
732604
732606
732607
732608
732609
732610
732611
732612
732613
732614
732615
732616
732617
732618
732619
732620
732621
732622
732623
732624
732625
732626
732627
732628
732785
732786
732787
732788
732789
732790
732791
732792
732793
732794
732795
732796
732797
732798
732799
732800
732801
732802
732803
732804
732805
732806
732807
732808
732809
732810
732811
732812
732813
732814
732815
732818
732819
732820
732821
732822
732823
732824
732825
732826
732827
732828
732829
732830
732831
732832
732833
732834
732835
732836
732837
732838
732839
732840
732841
732843
732844
732845
732846
732847
732848
732849
732851
732852
732853
732854
732855
732856
732857
732858
732859
732860
732861
732890
732891
732892
732893
732895
732896
732897
732898
732899
732900
732901
732902
732903
732904
732905
732906
732907
732908
732909
732910
732911
732912
732913
732914
732918
732919
732926
732927
732929
732933
732935
732937
732938
732939
732940
732993
732994
732995
732996
732997
732998
732999
733000
733001
733002
733003
733004
733005
733006
733007
733008
733009
733010
733011
733012
733013
733014
733015
733016
733017
733018
733019
733020
733022
733023
733027
733028
733029
733030
733031
733032
733033
733034
733035
733036
733037
733038
733039
733040
733043
733044
733123
733125
733126
733130
733131
733135
733137
733138
733139
733142
733143
733144
733145
733146
733147
733148
733149
733151
733152
733153
733154
733155
733156
733158
733159
733160
733162
733163
733164
733165
733166
733167
733168
733169
733170
733171
733172
733173
733174
733175
733177
733178
733179
733180
733182
733183
733184
