733185
733186
733187
733188
733189
733190
733191
733192
733193
733194
733195
733196
733197
733198
733199
733200
733201
733202
733203
733204
733205
733206
733207
733208
733209
733210
733211
733212
733213
733214
733215
733216
733217
733218
733219
733220
733221
733222
733223
733224
733225
733226
733253
733254
733255
733256
733257
733258
733259
733260
733261
733262
733263
733264
733265
733266
733267
733268
733269
733270
733271
733272
733273
733274
733275
733276
733277
733278
733279
733280
733281
733282
733283
733284
733285
733286
733287
733288
733289
733290
733291
733292
733293
733294
733295
733296
733297
733298
733299
733300
733301
733302
733303
733304
733305
733306
733307
733308
733309
733310
733311
733312
733313
733314
733315
733316
733317
733318
733319
733320
733321
733322
733323
733324
733325
733326
733327
733328
733329
733330
733331
733332
733333
733334
733335
733336
733337
733338
733339
733340
733341
733342
733343
733344
733345
733346
733347
733348
733349
733350
733351
733352
733353
733354
733355
733356
733357
733358
733359
733360
733361
733362
733363
733364
733365
733366
733367
733368
733370
733371
733372
733373
733374
733375
733376
733377
733378
733379
733380
733381
733382
733383
733384
733385
733386
733387
733388
733389
733390
733391
733392
733393
733394
733395
733396
733397
733398
733399
733400
733401
733402
733403
733404
733405
733406
733407
733408
733435
733436
733437
733438
733439
733440
733441
733442
733443
733444
733445
733446
733447
733448
733449
733450
733451
733452
733453
733454
733455
733456
733457
733458
733459
733460
733513
733514
733515
733516
733517
733518
733519
733520
733521
733522
733523
733524
733525
733526
733527
733528
733529
733530
733531
733532
733533
733534
733535
733536
733537
733538
733539
733540
733541
733542
733543
733544
733545
733546
733547
733548
733549
733550
733551
733552
733553
733554
733555
733556
733557
733558
733559
733560
733561
733562
733563
733564
733565
733566
733567
733568
733569
733570
733571
733572
733573
733574
733575
733576
733577
733578
733579
733580
733581
733582
733583
733584
733585
733586
733587
733588
733589
733590
733591
733592
733593
733594
733595
733596
733597
733598
733599
733600
733601
733602
733603
733604
733605
733606
733607
733608
733609
733610
733611
733612
733613
733614
733615
733616
733669
733670
733671
733672
733673
733674
733675
733676
733677
733678
733679
733680
733681
733682
733683
733684
733685
733686
733687
733688
733689
733690
733691
733692
733693
733694
733695
733696
733697
733698
733699
733700
733701
733702
733703
733704
733705
733706
733707
733708
733709
733710
733711
733712
733713
733714
733715
733716
733717
733718
733719
733720
733722
733723
733724
733725
733726
733727
733728
733729
733730
733731
733732
733733
733734
733735
733736
733737
733738
733739
733740
733741
733742
733743
733744
733745
733746
733747
733748
733749
733750
733751
733752
733753
733754
733755
733756
733757
733758
733759
733760
733761
733762
733763
733764
733765
733766
733767
733768
733769
733770
733771
733772
733773
733774
733775
733776
733777
733778
733779
733780
733781
733782
733783
733784
733785
733786
733787
733788
733789
733790
733791
733792
733793
733794
733795
733796
733797
733798
733799
733800
733801
733802
733803
733804
733805
733806
733807
733808
733809
733810
733811
733812
733813
733814
733815
733816
733817
733818
733819
733820
733821
733822
733823
733824
733825
733826
733827
733828
733829
733830
733831
733833
733834
733835
733836
733837
733838
733839
733840
733841
733842
733843
733844
733845
733846
733847
733848
733849
733850
733852
733853
733854
733855
733856
733857
733858
733859
733860
733861
733862
733863
733864
733865
733866
733867
733868
733869
733870
733871
733872
733873
733874
733875
733876
733955
733956
733957
733958
733959
733960
733961
733963
733964
733965
733966
733967
733968
733969
733970
733971
733972
733973
733974
733975
733976
733977
733978
733979
733980
733981
733982
733983
733984
733985
733986
733987
733988
733989
733990
733991
733992
733993
733994
733995
733996
733997
733998
733999
734000
734001
734002
734003
734004
734005
734006
734007
734008
734009
734010
734011
734012
734013
734014
734015
734016
734017
734018
734019
734020
734021
734022
734023
734024
734025
734026
734027
734028
734029
734030
734031
734032
734059
734060
734061
734062
734063
734064
734065
734066
734067
734068
734069
734070
734071
734072
734073
734074
734075
734076
734077
734078
734079
734080
734081
734082
734083
734084
734111
734112
734113
734114
734115
734116
734117
734118
734119
734120
734121
734122
734123
734124
734125
734126
734127
734128
734129
734130
734131
734132
734133
734134
734135
734136
734189
734190
734191
734192
734193
734194
734195
734196
734197
734198
734199
734200
734201
734202
734203
734204
734205
734206
734207
734208
734209
734210
734211
734212
734213
734214
734215
734216
734217
734218
734219
734220
734221
734222
734223
734224
734225
734226
734227
734228
734229
734230
734231
734232
734233
734234
734235
734236
734237
734238
734239
734240
734241
734242
734243
734244
734245
734246
734247
734248
734249
734250
734251
734252
734253
734254
734255
734256
734257
734258
734259
734260
734261
734262
734263
734264
734265
734266
734293
734294
734295
734296
734297
734298
734299
734300
734301
734302
734303
734304
734305
734306
734307
734308
734309
734310
734311
734312
734313
734314
734315
734316
734317
734318
734345
734346
734347
734348
734349
734350
734351
734352
734353
734354
734355
734356
734357
734358
734359
734360
734361
734362
734363
734364
734365
734366
734367
734368
734369
734370
734371
734372
734373
734374
734375
734376
734377
734378
734379
734380
734381
734382
734383
734384
734385
734386
734387
734388
734389
734390
734391
734392
734393
734394
734395
734396
734423
734424
734425
734426
734427
734428
734429
734430
734431
734432
734433
734434
734435
734436
734437
734438
734439
734440
734441
734442
734443
734444
734445
734446
734447
734448
734449
734450
734451
734452
734453
734454
734455
734456
734457
734458
734459
734460
734461
734462
734463
734464
734465
734466
734467
734468
734469
734470
734471
734472
734473
734474
734527
734528
734529
734530
734531
734532
734533
734534
734535
734536
734537
734538
734539
734540
734541
734542
734543
734544
734545
734546
734547
734548
734549
734550
734551
734552
