734735
734736
734737
734738
734739
734740
734741
734742
734743
734744
734745
734746
734747
734748
734749
734750
734751
734752
734753
734754
734755
734756
734757
734758
734759
734760
734787
734788
734789
734790
734791
734792
734793
734794
734795
734796
734797
734798
734799
734800
734801
734802
734803
734804
734805
734806
734807
734808
734809
734810
734811
734812
734813
734815
734816
734817
734818
734819
734820
734821
734822
734823
734824
734825
734826
734827
734828
734829
734830
734831
734832
734833
734834
734835
734836
734837
734838
734839
734840
734841
734842
734843
734844
734845
734846
734847
734848
734849
734850
734851
734852
734853
734854
734855
734856
734857
734858
734859
734860
734861
734862
734863
734864
734891
734892
734893
734894
734895
734896
734897
734898
734899
734900
734901
734902
734903
734904
734905
734906
734907
734908
734909
734910
734911
734912
734913
734914
734915
734916
735047
735048
735049
735050
735051
735052
735053
735054
735055
735056
735057
735058
735059
735060
735061
735062
735063
735064
735065
735066
735067
735068
735069
735070
735071
735072
735074
735075
735076
735077
735078
735079
735080
735081
735082
735083
735084
735085
735086
735087
735088
735089
735090
735091
735092
735093
735094
735095
735096
735097
735098
735099
735100
735101
735102
735103
735104
735105
735106
735107
735108
735109
735110
735111
735112
735113
735114
735115
735116
735117
735118
735119
735120
735121
735122
735123
735124
735151
735152
735153
735154
735155
735156
735157
735158
735159
735160
735161
735162
735163
735164
735165
735166
735167
735168
735169
735170
735171
735172
735173
735174
735175
735176
735177
735178
735179
735180
735181
735182
735183
735184
735185
735186
735187
735188
735189
735190
735191
735192
735193
735194
735195
735196
735197
735198
735199
735200
735201
735202
735204
735205
735206
735207
735208
735209
735210
735211
735212
735213
735214
735215
735216
735217
735218
735219
735220
735221
735222
735223
735224
735225
735226
735227
735228
735359
735360
735361
735362
735363
735364
735365
735366
735367
735368
735369
735370
735371
735372
735373
735374
735375
735376
735377
735378
735379
735380
735381
735382
735383
735384
735411
735412
735413
735414
735415
735416
735417
735418
735419
735420
735421
735422
735423
735424
735425
735426
735427
735428
735429
735430
735431
735432
735433
735434
735435
735436
735437
735438
735439
735440
735441
735442
735443
735444
735445
735446
735447
735448
735449
735450
735451
735452
735453
735454
735455
735456
735457
735458
735459
735460
735461
735462
735463
735464
735465
735466
735467
735468
735469
735470
735471
735472
735473
735474
735475
735476
735477
735478
735479
735480
735481
735482
735483
735484
735485
735486
735487
735488
735541
735542
735543
735544
735545
735546
735547
735548
735549
735550
735551
735552
735553
735554
735555
735556
735557
735558
735559
735560
735561
735562
735563
735564
735565
735566
735567
735568
735569
735570
735571
735572
735573
735574
735575
735576
735577
735578
735579
735580
735581
735582
735583
735584
735585
735586
735587
735588
735589
735590
735591
735592
735619
735620
735621
735622
735623
735624
735625
735626
735627
735628
735629
735630
735631
735632
735633
735634
735635
735636
735637
735638
735639
735640
735641
735642
735643
735644
735671
735672
735673
735674
735675
735676
735677
735678
735679
735680
735681
735682
735683
735684
735685
735686
735687
735688
735689
735690
735691
735692
735693
735694
735695
735696
735723
735724
735725
735726
735727
735728
735729
735730
735731
735732
735733
735734
735735
735736
735737
735738
735739
735740
735741
735742
735743
735744
735745
735746
735747
735748
735801
735802
735803
735804
735805
735806
735807
735808
735809
735810
735811
735812
735813
735814
735815
735816
735817
735818
735819
735820
735821
735822
735823
735824
735825
735826
735827
735828
735829
735830
735831
735832
735833
735834
735835
735836
735837
735838
735839
735840
735841
735842
735843
735844
735845
735846
735847
735848
735849
735850
735851
735852
735854
735855
735856
735857
735858
735859
735860
735861
735862
735863
735864
735865
735866
735867
735868
735869
735870
735871
735872
735873
735874
735875
735876
735877
735878
735879
735880
735881
735882
735883
735884
735885
735886
735887
735888
735889
735890
735891
735892
735893
735894
735895
735896
735897
735898
735899
735900
735901
735902
735903
735904
735931
735932
735933
735934
735935
735936
735937
735938
735939
735940
735941
735942
735943
735944
735945
735946
735947
735948
735949
735950
735951
735952
735953
735954
735955
735956
735983
735984
735985
735986
735987
735988
735989
735990
735991
735992
735993
735994
735995
735996
735997
735998
735999
736000
736001
736002
736003
736004
736005
736006
736007
736008
736061
736062
736063
736064
736065
736066
736067
736068
736069
736070
736071
736072
736073
736074
736075
736076
736077
736078
736079
736080
736081
736082
736083
736084
736085
736086
736113
736114
736115
736116
736117
736118
736119
736120
736121
736122
736123
736124
736125
736126
736127
736128
736129
736130
736131
736132
736133
736134
736135
736136
736137
736138
736139
736142
736143
736144
736145
736146
736147
736148
736149
736150
736151
736152
736153
736154
736155
736156
736157
736158
736159
736160
736161
736162
736163
736164
736191
736192
736193
736194
736195
736196
736197
736198
736199
736200
736201
736202
736203
736204
736205
736206
736207
736208
736209
736210
736211
736212
736213
736214
736215
736216
736243
736244
736245
736246
736247
736248
736249
736250
736251
736252
736253
736254
736255
736256
736257
736258
736259
736260
736261
736262
736263
736264
736265
736266
736267
736268
736269
736270
736271
736272
736274
736275
736276
736277
736278
736279
736280
736281
736282
736283
736284
736285
736286
736287
736288
736289
736290
736291
736292
736293
736294
736295
736297
736298
736299
736300
736301
736302
736303
736304
736305
736306
736307
736308
736309
736310
736311
736312
736313
736314
736315
736316
736317
736318
736319
736320
736321
736322
736323
736324
736325
736326
736327
736328
736329
736330
736331
736332
736333
736334
736335
736336
736337
736338
736339
736340
736341
736342
736343
736344
736345
736346
736347
736348
736349
736350
736351
736352
736353
736354
736355
736356
736357
736358
736359
736360
736361
736362
736363
736364
736365
736366
736367
736368
736369
736370
736371
736372
736399
736400
736401
736402
736403
736404
736405
736406
736407
736408
736409
736410
736411
736412
736413
736414
736415
736416
736417
736418
736419
736420
736421
736422
736423
736424
736425
736426
736427
736428
736429
736430
736431
736432
736433
736434
736435
736436
736437
736438
736439
736440
736441
736442
736443
736444
736445
736446
736447
736448
736449
736450
736451
736452
736453
736454
736455
736456
736457
736458
736459
736460
736461
736462
736463
736464
736465
736466
736467
736468
736469
736470
736471
736472
736473
736474
736475
736476
736478
736480
736481
736482
736484
736485
736486
736487
736488
736489
736490
736491
736492
736493
736494
736495
736496
736497
736498
736499
736500
736501
736502
736503
736504
736505
736506
736507
736508
736509
736510
736511
736512
736513
736514
736515
736516
736517
736518
736519
736520
736521
736522
736523
736524
736525
736526
736527
736528
736529
736530
736531
736532
736533
736534
736535
736536
736537
736538
736539
736540
736541
736542
736543
736544
736545
736546
736547
736548
736549
736550
736551
736552
736553
736554
736555
736556
736557
736558
736559
736560
736561
736562
736563
736564
736565
736566
736567
736568
736569
736570
736571
736572
736573
736574
736575
736576
736577
736578
736579
736580
736581
736582
736583
736584
736585
736586
736587
736588
736589
736590
736591
736592
736593
736594
736595
736596
736597
736598
736599
736600
736601
736602
736603
736604
736605
736606
736608
736609
736610
736611
736612
736613
736614
736615
736616
736617
736618
736619
736620
736621
736622
736623
736624
736625
736626
736627
736628
736629
736630
736631
736632
736633
736634
736635
736636
736637
736638
736639
736640
736641
736642
736643
736644
736645
736646
736647
736648
736649
736650
736651
736652
736653
736654
736655
736656
736657
736658
736685
736686
736687
736688
736689
736690
736691
736692
736693
736694
736695
736696
736697
736698
736699
736700
736701
736702
736703
736704
736705
736706
736707
736708
736709
736710
736737
736738
736739
736740
736741
736742
736743
736744
736745
736746
736747
736748
736749
736750
736751
736752
736753
736754
736755
736756
736757
736758
736759
736760
736761
736762
736763
736764
736766
736767
736768
736769
736770
736771
736772
736773
736774
736775
736777
736778
736779
736780
736781
736782
736783
736784
736785
736786
736787
736788
736789
736790
736791
736792
736793
736794
736795
736796
736797
736798
736800
736801
736802
736803
736804
736805
736806
736807
736808
736809
736810
736811
736812
736813
736814
736815
736816
736817
736818
736819
736820
736821
736823
736824
736825
736826
736827
736828
736829
736830
736831
736832
736833
736834
736835
736836
736837
736838
736839
736840
736842
736843
736845
736846
736847
736848
736849
736851
736852
736854
736856
736857
736858
736859
736861
736862
736863
736864
736865
736866
736893
736895
736896
736897
736898
736899
736900
736901
736902
736904
736905
736906
736907
736908
736909
736910
736911
736912
736914
736916
736917
736918
736945
736946
736947
736948
736949
736950
736951
736952
736953
736954
736955
736956
736957
736958
736959
736960
736961
736962
736963
736964
736965
736966
736967
736968
736969
736970
736997
736998
736999
737000
737001
737002
737003
737004
737005
737006
737009
737010
737011
737012
737013
737014
737015
737016
737017
737018
737019
737020
737021
737075
737076
737077
737078
737079
737080
737081
737082
737083
737084
737085
737086
737087
737088
737089
737090
737091
737092
737093
737094
737095
737096
737097
737098
737099
737100
737127
737128
737136
737137
737138
737139
737140
737141
737142
737144
737148
737149
737151
737152
737163
737164
737168
737169
737172
737173
737174
737178
737184
737203
