737361
737362
737363
737364
737365
737366
737367
737368
737369
737370
737371
737372
737373
737374
737375
737376
737377
737378
737379
737380
737381
737382
737383
737384
737385
737386
737387
737388
737389
737390
737391
737392
737393
737394
737395
737396
737397
737398
737399
737400
737401
737402
737403
737404
737405
737406
737407
737408
737409
737410
737411
737412
737439
737440
737441
737442
737443
737444
737445
737446
737447
737448
737449
737450
737451
737452
737453
737454
737455
737456
737457
737458
737459
737460
737461
737462
737463
737464
737491
737492
737493
737494
737495
737496
737497
737498
737499
737500
737501
737502
737503
737504
737505
737506
737507
737508
737509
737510
737511
737512
737513
737514
737515
737516
737543
737544
737545
737546
737547
737548
737549
737550
737551
737552
737553
737554
737555
737556
737557
737558
737559
737560
737561
737562
737563
737564
737565
737566
737567
737568
737595
737596
737597
737598
737599
737600
737601
737602
737603
737604
737605
737606
737607
737608
737609
737610
737611
737612
737613
737614
737615
737616
737617
737618
737619
737620
737621
737623
737624
737625
737626
737627
737628
737629
737630
737631
737632
737633
737634
737635
737636
737637
737638
737639
737640
737641
737642
737643
737644
737645
737646
737725
737726
737727
737728
737729
737730
737731
737732
737733
737734
737735
737736
737737
737738
737739
737740
737741
737742
737743
737744
737745
737746
737747
737748
737749
737750
737751
737752
737753
737754
737755
737756
737757
737758
737759
737760
737761
737762
737763
737764
737765
737766
737767
737768
737769
737770
737771
737772
737773
737774
737775
737776
737778
737779
737780
737781
737782
737783
737784
737785
737786
737787
737788
737789
737790
737791
737792
737793
737794
737795
737796
737797
737798
737799
737800
737801
737802
737829
737830
737831
737832
737833
737834
737835
737836
737837
737838
737839
737840
737841
737842
737843
737844
737845
737846
737847
737848
737849
737850
737851
737852
737853
737854
737881
737882
737883
737884
737885
737886
737887
737888
737889
737890
737891
737892
737893
737894
737895
737896
737897
737898
737899
737900
737901
737902
737903
737904
737905
737906
737933
737934
737935
737936
737937
737938
737939
737940
737941
737942
737943
737944
737945
737946
737947
737948
737949
737950
737951
737952
737953
737954
737955
737956
737957
737958
738063
738064
738065
738066
738067
738068
738069
738070
738071
738072
738073
738074
738075
738076
738077
738078
738079
738080
738081
738082
738083
738084
738085
738086
738087
738088
738089
738090
738091
738092
738093
738094
738095
738096
738097
738098
738099
738100
738101
738102
738103
738104
738105
738106
738107
738108
738109
738110
738111
738112
738113
738114
738245
738246
738247
738248
738249
738250
738251
738252
738253
738254
738255
738256
738257
738258
738259
738260
738261
738262
738263
738264
738265
738266
738267
738268
738269
738270
738297
738298
738299
738300
738301
738302
738303
738304
738305
738306
738307
738308
738309
738310
738311
738312
738313
738314
738315
738316
738317
738318
738319
738320
738321
738322
738375
738376
738377
738378
738379
738380
738381
738382
738383
738384
738385
738386
738387
738388
738389
738390
738391
738392
738393
738394
738395
738396
738397
738398
738399
738400
738401
738403
738404
738405
738406
738407
738408
738409
738410
738411
738412
738413
738414
738415
738416
738417
738418
738419
738420
738421
738422
738423
738424
738425
738426
738453
738454
738455
738456
738457
738458
738459
738460
738461
738462
738463
738464
738465
738466
738467
738468
738469
738470
738471
738472
738473
738474
738475
738476
738477
738478
738531
738532
738533
738534
738535
738536
738537
738538
738539
738540
738541
738542
738543
738544
738545
738546
738547
738548
738549
738550
738551
738552
738553
738554
738555
738556
738609
738610
738611
738612
738613
738614
738615
738616
738617
738618
738619
738620
738621
738622
738623
738624
738625
738626
738627
738628
738629
738630
738631
738632
738633
738634
738635
738636
738637
738638
738639
738640
738641
738642
738643
738644
738645
738646
738647
738648
738649
738650
738651
738652
738653
738654
738655
738656
738657
738658
738659
738660
738687
738688
738689
738690
738691
738692
738693
738694
738695
738696
738697
738698
738699
738700
738701
738702
738703
738704
738705
738706
738707
738708
738709
738710
738711
738712
738765
738766
738767
738768
738769
738770
738771
738772
738773
738774
738775
738776
738777
738778
738779
738780
738781
738782
738783
738784
738785
738786
738787
738788
738789
738790
738869
738870
738871
738872
738873
738874
738875
738876
738877
738878
738879
738880
738881
738882
738883
738884
738885
738886
738887
738888
738889
738890
738891
738892
738893
738894
738896
738897
738898
738899
738900
738901
738902
738903
738904
738905
738906
738907
738908
738909
738910
738911
738912
738913
738914
738915
738916
738917
738918
738919
738920
738999
739000
739001
739002
739003
739004
739005
739006
739007
739008
739009
739010
739011
739012
739013
739014
739015
739016
739017
739018
739019
739020
739021
739022
739023
739024
739025
739026
739027
739028
739029
739030
739031
739032
739033
739034
739035
739036
739037
739038
739039
739040
739041
739042
739043
739044
739045
739046
739047
739048
739049
739050
739052
739053
739054
739055
739056
739057
739058
739059
739060
739061
739062
739063
739064
739065
739066
739067
739068
739069
739070
739071
739072
739073
739074
739075
739076
739103
739104
739105
739106
739107
739108
739109
739110
739111
739112
739113
739114
739115
739116
739117
739118
739119
739120
739121
739122
739123
739124
739125
739126
739127
739128
739207
739208
739209
739210
739211
739212
739213
739214
739215
739216
739217
739218
739219
739220
739221
739222
739223
739224
739225
739226
739227
739228
739229
739230
739231
739232
739233
739236
739237
739238
739239
739240
739241
739242
739243
739244
739245
739246
739247
739248
739249
739250
739251
739252
739253
739254
739255
739256
739257
739258
739259
739260
739261
739262
739263
739264
739267
739268
739269
739270
739271
739272
739273
739274
739275
739276
739277
739278
739279
739280
739281
739282
739283
739284
739311
739312
739313
739314
739315
739316
739317
739318
739319
739320
739321
739322
739323
739324
739325
739326
739327
739328
739329
739330
739331
739332
739333
739334
739335
739336
739363
739364
739365
739366
739367
739368
739369
739370
739371
739372
739373
739374
739375
739376
739377
739378
739379
739380
739381
739382
739383
739384
739385
739386
739387
739388
739389
739391
739392
739393
739394
739395
739396
739397
739398
739399
739400
739401
739402
739403
739404
739405
739406
739407
739408
739409
739410
739411
739412
739413
739414
739493
739494
739495
739496
739497
739498
739499
739500
739501
739502
739503
739504
739505
739506
739507
739508
739509
739510
739511
739512
739513
739514
739515
739516
739517
739518
739519
739521
739522
739523
739524
739525
739526
739527
739528
739529
739530
739531
739532
739533
739534
739535
739536
739537
739538
739539
739540
739541
739542
739543
739544
739547
739548
739549
739550
739551
739552
739553
739554
739555
739556
739557
739558
739559
739560
739561
739562
739563
739564
739565
739566
739567
739568
739569
739570
739597
739598
739599
739600
739601
739602
739603
739604
739605
739606
739607
739608
739609
739610
739611
739612
739613
739614
739615
739616
739617
739618
739619
739620
739621
739622
739624
739625
739626
739627
739628
739629
739630
739631
739632
739633
739634
739635
739636
739637
739638
739639
739640
739641
739642
739643
739644
739645
739646
739647
739648
739653
739654
739655
739656
739657
739658
739659
739660
739661
739662
739663
739664
739665
739666
739667
739668
739669
739670
739671
739672
739673
739674
739676
739678
739679
739680
739681
739682
739683
739684
739685
739686
739687
739688
739689
739690
739691
739692
739693
739694
739695
739696
739697
739698
739699
739700
739753
739754
739755
739756
739757
739758
739759
739760
739761
739762
739763
739764
739765
739766
739767
739768
739769
739770
739771
739772
739773
739774
739775
739776
739777
739778
739805
739806
739807
739808
739809
739810
739811
739812
739813
739814
739815
739816
739817
739818
739819
739820
739821
739822
739823
739824
739825
739826
739827
739828
739829
739830
739833
739834
739835
739836
739837
739838
739839
739840
739841
739842
739843
739844
739845
739846
739847
739848
739849
739850
739851
739852
739853
739854
739855
739856
739883
739884
739885
739886
739887
739888
739889
739890
739891
739892
739893
739894
739895
739896
739897
739898
739899
739900
739901
739902
739903
739904
739905
739906
739907
739908
739909
739911
739912
739913
739914
739915
739916
739917
739918
739919
739920
739921
739922
739923
739924
739925
739926
739927
739928
739929
739930
739931
739932
739933
739934
740039
740040
740041
740042
740043
740044
740045
740046
740047
740048
740049
740050
740051
740052
740053
740054
740055
740056
740057
740058
740059
740060
740061
740062
740063
740064
740117
740118
740119
740120
740121
740122
740123
740124
740125
740126
740127
740128
740129
740130
740131
740132
740133
740134
740135
740136
740137
740138
740139
740140
740141
740142
740169
740170
740171
740172
740173
740174
740175
740176
740177
740178
740179
740180
740181
740182
740183
740184
740185
740186
740187
740188
740189
740190
740191
740192
740193
740194
740196
740197
740198
740199
740200
740201
740202
740203
740204
740205
740206
740207
740208
740209
740210
740211
740212
740213
740214
740215
740216
740217
740218
740219
740220
740247
740248
740249
740250
740251
740252
740253
740254
740255
740256
740257
740258
740259
740260
740261
740262
740263
740264
740265
740266
740267
740268
740269
740270
740271
740272
740351
740352
740353
740354
740355
740356
740357
740358
740359
740360
740361
740362
740363
740364
740365
740366
740367
740368
740369
740370
740371
740372
740373
740374
740375
740376
740403
740404
740405
740406
740407
740408
740409
740410
740411
740412
740413
740414
740415
740416
740417
740418
740419
740420
740421
740422
740423
740424
740425
740426
740427
740428
740455
740456
740457
740458
740459
740460
740461
740462
740463
740464
740465
740466
740467
740468
740469
740470
740471
740472
740473
740474
740475
740476
740477
740478
740479
740480
740507
740508
740509
740510
740512
740513
740514
740515
740516
740517
740518
740519
740520
740521
740522
740523
740524
740525
740526
740527
740528
740529
740530
740531
740532
740559
740560
740561
740562
740563
740564
740565
740566
740567
740568
740569
740570
740571
740572
740573
740574
740575
740576
740577
740578
740579
740580
740581
740582
740583
740584
740637
740638
740639
740640
740641
740642
740643
740644
740645
740646
740647
740648
740649
740650
740651
740652
740653
740654
740655
740656
740657
740658
740659
740660
740661
740662
740664
740665
740671
740674
740675
740676
740677
740678
740679
740680
740681
740682
740683
740684
740685
740686
740687
740688
740689
740690
740691
740692
740693
740695
740697
740698
740699
740701
740702
740703
740704
740705
740706
740707
740708
740709
740710
740711
740712
740713
740714
740716
740717
740718
740719
740720
740721
740722
740723
740724
740725
740726
740727
740728
740729
740730
740731
740732
740733
740734
740735
740736
740737
740738
740739
740740
740767
740768
740769
740770
740771
740772
740773
740774
740775
740776
740777
740778
740779
740780
740781
740782
740783
740784
740785
740786
740787
740788
740789
740790
740791
740792
740793
740794
740795
740796
740797
740798
740800
740801
740803
740804
740805
740806
740807
740808
740809
740810
740811
740812
740813
740814
740815
740816
740817
740818
740819
740820
740821
740822
740823
740824
740825
740826
740827
740828
740829
740830
740831
740832
740833
740834
740835
740836
740837
740838
740839
740840
740841
740842
740843
740844
740923
740924
740925
740926
740927
740928
740929
740930
740931
740932
740933
740934
740935
740936
740937
740938
740939
740940
740941
740942
740943
740944
740945
740946
740947
740948
740949
740956
740957
740958
740959
740960
740961
740962
740963
740964
740965
740966
740967
740968
740969
740970
740971
740972
740973
740974
740975
740977
740978
740979
740980
740981
740982
740983
740984
740985
740986
740987
740988
740989
740990
740991
740992
740993
740994
740995
740996
740997
740998
740999
741000
741053
741054
741055
741056
741057
741058
741059
741060
741061
741062
741063
741064
741065
741066
741067
741068
741069
741070
741071
741072
741073
741074
741075
741076
741077
741078
741105
741106
741107
741108
741109
741110
741111
741112
741113
741114
741115
741116
741117
741118
741119
741120
741121
741122
741123
741124
741125
741126
741127
741128
741129
741130
741132
741133
741134
741135
741137
741138
741139
741140
741141
741142
741143
741144
741145
741146
741147
741148
741149
741150
741151
741152
741153
741154
741155
741156
741209
741210
741211
741212
741213
741214
741215
741216
741217
741218
741219
741220
741221
741222
741223
741224
741225
741226
741227
741228
741229
741230
741231
741232
741233
741234
741235
741236
741237
741238
741239
741240
741241
741242
741243
741244
741245
741246
741247
741248
741249
741250
741251
741252
741253
741254
741255
741256
741257
741258
741259
741260
741263
741264
741265
741266
741267
741268
741269
741270
741271
741272
741273
741274
741275
741276
741277
741278
741279
741280
741281
741282
741283
741284
741285
741286
741417
741418
741419
741420
741421
741422
741423
741424
741425
741426
741427
741428
741429
741430
741431
741432
741433
741434
741435
741436
741437
741438
741439
741441
741442
741444
741445
741446
741447
741448
741449
741450
741451
741452
741453
741454
741455
741456
741457
741458
741459
741460
741461
741462
741463
741464
741465
741466
741467
741468
741469
741470
741471
741472
741473
741474
741475
741476
741477
741478
741479
741480
741481
741482
741483
741484
741485
741486
741487
741488
741489
741490
741491
741492
741493
741494
741521
741522
741523
741524
741525
741526
741527
741528
741529
741530
741531
741532
741533
741534
741535
741536
741537
741538
741539
741540
741541
741542
741543
741544
741545
741546
741549
741550
741551
741552
741553
741554
741555
741556
741557
741558
741559
741560
741561
741562
741563
741564
741565
741566
741567
741568
741569
741570
741571
741572
741573
741574
741575
741576
741577
741578
741579
741580
741581
741582
741583
741584
741585
741586
741587
741588
741589
741590
741591
741592
741593
741594
741595
741596
741597
741598
741625
741626
741627
741628
741629
741630
741631
741632
741633
741634
741635
741636
741637
741638
741639
741640
741641
741642
741643
741644
741645
741646
741647
741648
741649
741650
741651
741652
741653
741654
741655
741656
741657
741659
741660
741661
741662
741663
741664
741665
741666
741667
741668
741669
741670
741671
741672
741673
741674
741675
741676
741729
741730
741731
741732
741733
741734
741735
741736
741737
741738
741739
741740
741741
741742
741743
741744
741745
741746
741747
741748
741749
741750
741751
741752
741753
741754
741755
741756
741757
741758
741759
741760
741761
741762
741763
741764
741765
741766
741767
741768
741769
741770
741771
741772
741773
741774
741775
741776
741777
741778
741779
741780
741782
741783
741784
741785
741786
741787
741788
741789
741790
741791
741792
741793
741794
741795
741796
741797
741798
741799
741800
741801
741802
741803
741804
741805
741806
741807
741808
741809
741810
741811
741812
741813
741814
741815
741816
741817
741818
741819
741820
741821
741822
741823
741824
741825
741826
741827
741828
741829
741830
741831
741832
741834
741835
741836
741837
741838
741839
741840
741841
741842
741843
741844
741845
741846
741847
741848
741849
741850
741851
741852
741853
741854
741855
741856
741857
741858
741911
741912
741913
741914
741915
741916
741917
741918
741919
741920
741921
741922
741923
741924
741925
741926
741927
741928
741929
741930
741931
741932
741933
741934
741935
741936
741963
741964
741965
741966
741967
741968
741969
741970
741971
741972
741973
741974
741975
741976
741977
741978
741979
741980
741981
741982
741983
741984
741985
741986
741987
741988
742015
742016
742017
742018
742019
742020
742021
742022
742023
742024
742025
742026
742027
742028
742029
742030
742031
742032
742033
742034
742035
742036
742037
742038
742039
742040
742067
742068
742069
742070
742071
742072
742073
742074
742075
742076
742077
742078
742079
742080
742081
742082
742083
742084
742085
742086
742087
742088
742089
742090
742091
742092
742119
742120
742121
742122
742123
742124
742125
742126
742127
742128
742129
742130
742131
742132
742134
742135
742136
742137
742138
742139
742140
742141
742142
742143
742144
742171
742172
742173
742174
742175
742176
742177
742178
742179
742180
742181
742182
742183
742184
742185
742186
742187
742188
742189
742190
742191
742192
742193
742194
742195
742196
742197
742198
742199
742200
742201
742202
742203
742204
742205
742206
742207
742208
742209
742210
742211
742212
742213
742214
742215
742216
742217
742218
742219
742220
742221
742222
742225
742226
742227
742228
742229
742230
742231
742232
742233
742234
742235
742236
742237
742238
742239
742240
742241
742242
742243
742244
742245
742246
742247
742248
742249
742250
742251
742252
742253
742254
742255
742256
742257
742258
742259
742260
742261
742262
742263
742264
742265
742266
742267
742268
742269
742270
742271
742272
742273
742274
742301
742302
742303
742304
742305
742306
742307
742308
742309
742310
742311
742312
742313
742314
742315
742316
742317
742318
742319
742320
742321
742322
742323
742324
742325
742326
742327
742328
742329
742330
742331
742332
742333
742334
742335
742336
742337
742338
742339
742340
742341
742342
742343
742344
742345
742346
742347
742348
742349
742350
742351
742352
742353
742354
742355
742356
742357
742359
742361
742362
742364
742365
742366
742367
742368
742369
742370
742371
742372
742373
742374
742375
742376
742377
742378
742379
742380
742381
742384
742385
742386
742387
742388
742389
742390
742391
742392
742393
742394
742395
742396
742397
742398
742399
742400
742401
742402
742403
742404
742406
742407
742409
742410
742411
742412
742413
742414
742415
742416
742417
742418
742419
742420
742421
742422
742423
742424
742425
742426
742427
742428
742429
742430
742509
742510
742511
742512
742513
742514
742515
742516
742517
742518
742519
742520
742521
742522
742523
742524
742525
742526
742527
742528
742529
742530
742531
742532
742533
742534
742535
742536
742538
742539
742540
742541
742542
742543
742544
742545
742546
742547
742548
742549
742550
742551
742552
742553
742554
742555
742556
742557
742558
742559
742560
742561
742562
742563
742564
742565
742566
742567
742568
742569
742570
742571
742572
742573
742574
742575
742576
742577
742578
742579
742580
742581
742582
742583
742584
742585
742586
742587
742588
742589
742590
742591
742592
742593
742594
742595
742596
742597
742598
742599
742600
742601
742602
742603
742604
742605
742606
742607
742608
742609
742610
742611
742612
742614
742615
742616
742617
742618
742619
742620
742621
742622
742623
742624
742625
742626
742627
742628
742629
742630
742631
742632
742633
742634
742635
742636
742637
742638
742639
742640
742641
742642
742643
742644
742645
742646
742647
742648
742649
742650
742651
742652
742653
742654
742655
742656
742657
742658
742659
742660
742661
742662
742663
742664
742717
742718
742719
742720
742721
742722
742723
742724
742725
742726
742727
742728
742729
742730
742731
742732
742733
742734
742735
742736
742737
742738
742739
742740
742741
742742
742795
742796
742797
742798
742799
742800
742801
742802
742803
742804
742805
742806
742807
742808
742809
742810
742811
742812
742813
742814
742815
742816
742817
742818
742819
742820
742821
742827
742829
742831
742832
742833
742834
742835
742839
742840
742841
742842
742843
742844
742845
742846
742847
742848
742849
742850
742851
742852
742854
742855
742856
742857
742858
742859
742860
742861
742862
742863
742864
742865
742866
742867
742868
742869
742870
742871
742872
742873
742875
742876
742877
742878
742879
742880
742881
742882
742883
742884
742885
742886
742887
742888
742889
742890
742891
742892
742893
742894
742895
742896
742897
742898
742899
742900
742901
742902
742903
742905
742906
742907
742908
742909
742910
742911
742912
742913
742914
742915
742916
742917
742918
742919
742920
742921
742922
742923
742924
742951
742952
742953
742954
742955
742956
742957
742958
742959
742960
742961
742962
742963
742964
742965
742966
742967
742968
742969
742970
742971
742972
742973
742974
742975
742976
743003
743004
743005
743006
743007
743008
743009
743010
743011
743012
743013
743014
743015
743016
743017
743018
743019
743020
743021
743022
743023
743024
743025
743026
743027
743028
743030
743031
743032
743033
743034
743035
743036
743037
743038
743039
743040
743041
743042
743043
743044
743045
743046
743047
743048
743049
743050
743051
743052
743053
743054
743081
743082
743083
743084
743085
743086
743087
743088
743089
743090
743091
743092
743093
743094
743095
743096
743097
743098
743099
743100
743101
743102
743103
743104
743105
743106
743108
743109
743110
743111
743112
743113
743114
743115
743116
743117
743118
743119
743120
743121
743122
743123
743124
743125
743126
743127
743128
743129
743130
743131
743132
743134
743135
743136
743137
743138
743139
743140
743141
743142
743143
743144
743145
743146
743147
743148
743149
743150
743151
743152
743153
743154
743155
743156
743157
743158
743161
743162
743163
743164
743165
743166
743167
743168
743169
743170
743171
743172
743173
743174
743175
743176
743177
743178
743179
743180
743181
743182
743183
743184
743185
743186
743187
743188
743189
743190
743191
743192
743193
743194
743195
743196
743197
743198
743199
743200
743201
743202
743203
743204
743205
743206
743207
743208
743209
743210
743211
743212
743213
743214
743215
743216
743217
743218
743219
743220
743221
743222
743223
743224
743225
743226
743227
743228
743229
743230
743231
743232
743233
743234
743235
743236
743263
743264
743265
743266
743267
743268
743269
743270
743271
743272
743273
743274
743275
743276
743277
743278
743279
743280
743281
743282
743283
743284
743285
743286
743287
743288
743289
743290
743291
743292
743293
743294
743295
743296
743297
743298
743299
743300
743301
743302
743303
743304
743305
743306
743307
743308
743309
743310
743311
743312
743313
743314
743419
743420
743421
743422
743423
743424
743425
743426
743427
743428
743429
743430
743431
743432
743433
743434
743435
743436
743437
743438
743439
743440
743441
743442
743443
743444
743445
743446
743447
743448
743449
743451
743452
743453
743454
743456
743457
743458
743459
743460
743461
743462
743463
743464
743465
743466
743468
743469
743470
743549
743550
743551
743552
743553
743554
743555
743556
743557
743558
743559
743561
743562
743563
743565
743568
743569
743570
743571
743572
743573
743574
743575
743577
743579
743580
743581
743582
743583
743584
743585
743586
743587
743588
743589
743590
743591
743592
743593
743594
743595
743596
743597
743598
743599
743600
743680
743681
743682
743683
743684
743685
743687
743688
743690
743691
743693
743694
743695
743696
743698
743700
743701
743702
743703
743704
743705
743706
743707
743708
743710
743711
743712
743713
743714
743715
743716
743717
743718
743719
743720
743721
743722
743724
743725
743726
743727
743728
743729
743730
