743887
743888
743889
743890
743891
743892
743893
743894
743895
743896
743897
743898
743899
743900
743901
743902
743903
743904
743905
743906
743907
743908
743909
743910
743911
743912
743913
743914
743915
743916
743917
743918
743919
743920
743921
743922
743923
743924
743925
743926
743927
743928
743929
743930
743931
743932
743933
743934
743935
743936
743937
743938
743965
743966
743967
743968
743969
743970
743971
743972
743973
743974
743975
743976
743977
743978
743979
743980
743981
743982
743983
743984
743985
743986
743987
743988
743989
743990
744017
744018
744019
744020
744021
744022
744023
744024
744025
744026
744027
744028
744029
744030
744031
744032
744033
744034
744035
744036
744037
744038
744039
744040
744041
744042
744069
744070
744071
744072
744073
744074
744075
744076
744077
744078
744079
744080
744081
744082
744083
744084
744085
744086
744087
744088
744089
744090
744091
744092
744093
744094
744121
744122
744123
744124
744125
744126
744127
744128
744129
744130
744131
744132
744133
744134
744135
744136
744137
744138
744139
744140
744141
744142
744143
744144
744145
744146
744199
744200
744201
744202
744203
744204
744205
744206
744207
744208
744209
744210
744211
744212
744213
744214
744215
744216
744217
744218
744219
744220
744221
744222
744223
744224
744225
744226
744227
744228
744229
744230
744231
744232
744233
744234
744235
744236
744237
744238
744239
744240
744241
744242
744243
744244
744245
744246
744247
744248
744249
744250
744251
744252
744253
744254
744255
744256
744257
744258
744259
744260
744261
744262
744263
744264
744265
744266
744267
744268
744269
744270
744271
744272
744273
744274
744275
744276
744278
744279
744280
744281
744282
744283
744284
744285
744286
744287
744288
744289
744290
744291
744292
744293
744294
744295
744296
744297
744298
744299
744300
744301
744302
744329
744330
744331
744332
744333
744334
744335
744336
744337
744338
744339
744340
744341
744342
744343
744344
744345
744346
744347
744348
744349
744350
744351
744352
744353
744354
744355
744356
744357
744358
744359
744360
744361
744362
744363
744364
744365
744366
744367
744368
744369
744370
744371
744372
744373
744374
744375
744376
744377
744378
744379
744380
744381
744383
744384
744385
744386
744387
744388
744389
744390
744391
744392
744393
744394
744395
744396
744397
744398
744399
744400
744401
744402
744403
744404
744405
744406
744408
744409
744410
744411
744412
744413
744414
744415
744416
744417
744418
744419
744420
744421
744422
744423
744424
744425
744426
744427
744428
744429
744430
744431
744432
744511
744512
744513
744514
744515
744516
744517
744518
744519
744520
744521
744522
744523
744524
744525
744526
744527
744528
744529
744530
744531
744532
744533
744534
744535
744536
744537
744538
744539
744540
744541
744542
744543
744544
744545
744546
744547
744548
744549
744550
744551
744552
744553
744554
744555
744556
744557
744558
744559
744560
744561
744562
744564
744566
744567
744568
744569
744570
744571
744572
744573
744574
744575
744576
744577
744578
744579
744580
744581
744582
744583
744584
744585
744586
744587
744588
744615
744616
744617
744618
744619
744620
744621
744622
744623
744624
744625
744626
744627
744628
744629
744630
744631
744632
744633
744634
744635
744636
744637
744638
744639
744640
744642
744643
744644
744645
744646
744647
744648
744649
744650
744651
744652
744653
744654
744655
744656
744657
744658
744659
744660
744661
744662
744663
744664
744665
744666
744667
744668
744669
744670
744671
744672
744673
744674
744675
744676
744677
744678
744679
744680
744681
744682
744683
744684
744685
744686
744687
744688
744689
744690
744691
744692
744693
744695
744696
744697
744698
744699
744700
744701
744702
744703
744704
744705
744706
744707
744708
744709
744710
744711
744712
744713
744714
744715
744716
744717
744718
744745
744746
744747
744748
744749
744750
744751
744752
744753
744754
744755
744756
744757
744758
744759
744760
744761
744762
744763
744764
744765
744766
744767
744768
744769
744770
744849
744850
744851
744852
744853
744854
744855
744856
744857
744858
744859
744860
744861
744862
744863
744864
744865
744866
744867
744868
744869
744870
744871
744872
744873
744874
744875
744876
744877
744879
744880
744881
744882
744883
744884
744885
744886
744887
744888
744889
744890
744891
744892
744893
744894
744895
744896
744897
744898
744899
744900
744902
744903
744904
744905
744906
744907
744908
744909
744910
744911
744912
744913
744914
744915
744916
744917
744918
744919
744920
744921
744922
744923
744924
744925
744926
744928
744929
744930
744931
744932
744933
744934
744935
744936
744937
744938
744939
744940
744941
744942
744943
744944
744945
744946
744947
744948
744949
744950
744951
744952
744979
744980
744981
744982
744983
744984
744985
744986
744987
744988
744989
744990
744991
744992
744993
744994
744995
744996
744997
744998
744999
745000
745001
745002
745003
745004
745031
745032
745033
745034
745035
745036
745037
745038
745039
745040
745041
745042
745043
745044
745045
745046
745047
745048
745049
745050
745051
745052
745053
745054
745055
745056
745083
745084
745085
745086
745087
745088
745089
745090
745091
745092
745093
745094
745095
745096
745097
745098
745099
745100
745101
745102
745103
745104
745105
745106
745107
745108
745110
745112
745113
745114
745115
745116
745117
745118
745119
745120
745121
745122
745123
745124
745125
745126
745127
745128
745129
745130
745131
745132
745133
745134
745135
745136
745137
745138
745139
745140
745142
745143
745144
745145
745146
745147
745148
745149
745150
745151
745152
745153
745154
745155
745156
745157
745158
745159
745160
745162
745163
745164
745165
745166
745167
745168
745169
745170
745171
745172
745173
745174
745175
745176
745178
745179
745180
745181
745182
745183
745184
745185
745186
745187
745188
745189
745190
745191
745192
745193
745194
745195
745196
745197
745198
745199
745200
745201
745202
745203
745204
745205
745206
745207
745208
745209
745210
745211
745212
745265
745266
745267
745268
745269
745270
745271
745272
745273
745274
745275
745276
745277
745278
745279
745280
745281
745282
745283
745284
745285
745286
745287
745288
745289
745290
745292
745293
745294
745295
745296
745297
745298
745299
745300
745301
745302
745303
745304
745305
745306
745307
745308
745309
745310
745311
745312
745313
745314
745315
745316
745317
745318
745320
745321
745322
745323
745324
745325
745326
745327
745328
745329
745330
745331
745332
745333
745334
745335
745336
745337
745338
745339
745340
745341
745342
745343
745344
745345
745346
745347
745348
745349
745350
745351
745352
745353
745354
745355
745356
745357
745358
745359
745360
745361
745362
745363
745364
745365
745366
745367
745368
745395
745396
745397
745398
745399
745400
745401
745402
745403
745404
745405
745406
745407
745408
745409
745410
745411
745412
745413
745414
745415
745416
745417
745418
745419
745420
745422
745423
745424
745425
745426
745427
745428
745429
745430
745431
745432
745433
745434
745435
745436
745437
745438
745439
745440
745441
745442
745443
745444
745445
745446
745473
745474
745475
745476
745477
745478
745479
745480
745481
745482
745483
745484
745485
745486
745487
745488
745489
745490
745491
745492
745493
745494
745495
745496
745497
745498
745499
745500
745501
745502
745503
745504
745505
745506
745507
745508
745509
745510
745512
745513
745514
745515
745516
745517
745518
745519
745520
745521
745522
745523
745524
745551
745552
745553
745554
745555
745556
745557
745558
745559
745560
745561
745562
745563
745564
745565
745566
745567
745568
745569
745570
745571
745572
745573
745574
745575
745576
745578
745579
745580
745581
745582
745583
745584
745585
745586
745587
745588
745589
745590
745591
745592
745593
745594
745595
745596
745597
745598
745599
745600
745601
745602
745629
745630
745631
745632
745633
745634
745635
745636
745637
745638
745639
745640
745641
745642
745643
745644
745645
745646
745647
745648
745649
745650
745651
745652
745653
745654
745655
745656
745657
745659
745660
745661
745662
745663
745664
745665
745666
745667
745668
745669
745670
745671
745672
745673
745674
745675
745676
745677
745678
745679
745680
745707
745708
745709
745710
745711
745712
745713
745714
745715
745716
745717
745718
745719
745720
745721
745722
745723
745724
745725
745726
745727
745728
745729
745730
745731
745732
745735
745736
745737
745738
745739
745740
745741
745742
745743
745744
745745
745746
745747
745748
745749
745750
745751
745752
745753
745754
745755
745756
745757
745758
745759
745760
745761
745762
745763
745764
745765
745766
745767
745768
745769
745770
745771
745772
745773
745774
745775
745776
745777
745778
745779
745780
745781
745782
745783
745784
745837
745838
745839
745840
745841
745842
745843
745844
745845
745846
745847
745848
745849
745850
745851
745852
745853
745854
745855
745856
745857
745858
745859
745860
745861
745862
745993
745994
745995
745996
745997
745998
745999
746000
746001
746002
746003
746005
746006
746007
746008
746009
746010
746011
746012
746013
746014
746015
746016
746017
746018
746071
746072
746073
746074
746075
746076
746077
746078
746079
746080
746081
746082
746083
746084
746085
746086
746087
746088
746089
746090
746091
746092
746093
746094
746095
746096
746123
746124
746125
746126
746127
746128
746129
746130
746131
746132
746133
746134
746135
746136
746137
746138
746139
746140
746141
746142
746143
746144
746145
746146
746147
746148
746150
746151
746152
746153
746154
746155
746156
746157
746158
746159
746160
746161
746162
746163
746164
746165
746166
746167
746168
746169
746170
746171
746172
746173
746174
746175
746176
746177
746178
746179
746180
746181
746182
746183
746184
746185
746186
746187
746188
746189
746191
746192
746193
746194
746195
746196
746197
746198
746199
746200
746201
746202
746203
746204
746205
746206
746207
746208
746209
746210
746211
746212
746213
746214
746215
746216
746217
746218
746219
746220
746221
746222
746223
746224
746225
746226
746331
746332
746333
746334
746335
746336
746337
746338
746339
746340
746341
746342
746343
746344
746345
746346
746347
746348
746349
746350
746351
746352
746353
746354
746355
746356
746383
746384
746385
746386
746387
746388
746389
746390
746391
746392
746393
746394
746395
746396
746397
746398
746399
746400
746401
746402
746403
746404
746405
746406
746407
746408
746591
746592
746593
746594
746595
746596
746597
746598
746599
746600
746601
746602
746603
746604
746605
746606
746607
746608
746609
746610
746611
746612
746613
746614
746615
746616
746617
746618
746619
746620
746621
746622
746623
746624
746625
746626
746627
746628
746629
746630
746631
746632
746633
746634
746635
746636
746637
746638
746639
746640
746641
746642
746669
746670
746671
746672
746673
746674
746675
746676
746677
746678
746679
746680
746681
746682
746683
746684
746685
746686
746687
746688
746689
746690
746691
746692
746693
746694
746695
746696
746697
746698
746699
746700
746701
746702
746703
746704
746705
746706
746707
746708
746709
746710
746711
746712
746713
746714
746715
746716
746717
746718
746719
746720
746747
746748
746749
746750
746751
746752
746753
746754
746755
746756
746757
746758
746759
746760
746761
746762
746763
746764
746765
746766
746767
746768
746769
746770
746771
746772
746799
746800
746801
746802
746803
746804
746805
746806
746807
746808
746809
746810
746811
746812
746813
746814
746815
746816
746817
746818
746819
746820
746821
746822
746823
746824
746851
746852
746853
746854
746855
746856
746857
746858
746859
746860
746861
746862
746863
746864
746865
746866
746867
746868
746869
746870
746871
746872
746873
746874
746875
746876
746903
746904
746905
746906
746907
746908
746909
746910
746911
746912
746913
746914
746915
746916
746917
746918
746919
746920
746921
746922
746923
746924
746925
746926
746927
746928
746981
746982
746983
746984
746985
746986
746987
746988
746989
746990
746991
746992
746993
746994
746995
746996
746997
746998
746999
747000
747001
747002
747003
747004
747005
747006
747033
747034
747035
747036
747037
747038
747039
747040
747041
747042
747043
747044
747045
747046
747047
747048
747049
747050
747051
747052
747053
747054
747055
747056
747057
747058
747085
747086
747087
747088
747089
747090
747091
747092
747093
747094
747095
747096
747097
747098
747099
747100
747101
747102
747103
747104
747105
747106
747107
747108
747109
747110
747137
747138
747139
747140
747141
747142
747143
747144
747145
747146
747147
747148
747149
747150
747151
747152
747153
747154
747155
747156
747157
747158
747159
747160
747161
747162
747163
747164
747165
747166
747167
747168
747169
747170
747171
747172
747173
747174
747175
747176
747177
747178
747179
747180
747181
747182
747183
747184
747185
747186
747187
747188
747189
747190
747191
747192
747193
747194
747195
747196
747197
747198
747199
747200
747201
747202
747203
747204
747205
747206
747207
747208
747209
747210
747211
747212
747213
747214
747241
747242
747243
747244
747245
747246
747247
747248
747249
747250
747251
747252
747253
747254
747255
747256
747257
747258
747259
747260
747261
747262
747263
747264
747265
747266
747268
747270
747271
747272
747273
747274
747275
747276
747277
747278
747279
747280
747281
747282
747283
747284
747285
747286
747287
747288
747289
747290
747291
747292
747293
747294
747295
747297
747298
747299
747300
747301
747302
747303
747304
747305
747306
747307
747308
747309
747310
747311
747312
747313
747314
747315
747316
747317
747318
747319
747320
747322
747323
747324
747325
747326
747327
747328
747329
747330
747331
747332
747333
747334
747335
747336
747337
747338
747339
747340
747341
747342
747343
747344
747346
747347
747349
747350
747351
747352
747353
747354
747355
747356
747357
747358
747359
747360
747361
747362
747363
747364
747365
747366
747367
747368
747369
747370
747372
747373
747374
747375
747376
747377
747378
747379
747380
747381
747382
747383
747384
747385
747386
747387
747388
747389
747390
747391
747392
747393
747394
747395
747396
747501
747502
747503
747504
747505
747506
747507
747508
747509
747510
747511
747512
747513
747514
747515
747516
747517
747518
747519
747520
747521
747522
747523
747524
747525
747526
747605
747606
747607
747608
747609
747610
747611
747612
747613
747614
747615
747616
747617
747618
747619
747620
747621
747622
747623
747624
747625
747626
747627
747628
747629
747630
747657
747658
747659
747660
747661
747662
747663
747664
747665
747666
747667
747668
747669
747670
747671
747672
747673
747674
747675
747676
747677
747678
747679
747680
747681
747682
747735
747736
747737
747739
747740
747741
747742
747743
747744
747745
747746
747747
747748
747749
747750
747751
747752
747753
747754
747755
747756
747757
747758
747759
747760
747761
747762
747763
747764
747765
747768
747769
747770
747771
747772
747773
747774
747775
747776
747777
747778
747779
747780
747781
747782
747783
747784
747785
747786
747839
747840
747841
747842
747843
747844
747845
747846
747847
747848
747849
747850
747851
747852
747853
747854
747855
747856
747857
747858
747859
747860
747861
747862
747863
747864
747865
747866
747867
747868
747869
747870
747871
747872
747873
747874
747875
747876
747877
747878
747879
747880
747881
747882
747883
747884
747885
747886
747887
747888
747889
747890
747893
747894
747895
747896
747897
747898
747899
747900
747901
747902
747903
747904
747905
747906
747907
747908
747909
747910
747911
747912
747913
747914
747915
747916
747917
747918
747920
747921
747922
747923
747924
747925
747926
747927
747928
747929
747930
747931
747932
747933
747934
747935
747936
747937
747938
747939
747940
747941
747942
747944
747945
747947
747948
747949
747950
747951
747952
747953
747954
747955
747956
747957
747958
747959
747960
747961
747962
747963
747964
747965
747966
747967
747968
747995
747996
747997
747998
747999
748000
748001
748002
748003
748004
748005
748006
748007
748008
748009
748010
748011
748012
748013
748014
748015
748016
748017
748018
748019
748020
748022
748023
748024
748025
748026
748027
748028
748029
748030
748031
748032
748033
748034
748035
748036
748037
748038
748039
748040
748041
748042
748043
748044
748045
748046
748125
748126
748127
748128
748129
748130
748131
748132
748133
748134
748135
748136
748137
748138
748139
748140
748141
748142
748143
748144
748145
748146
748147
748148
748149
748150
748177
748178
748179
748180
748181
748182
748183
748184
748185
748186
748187
748188
748189
748190
748191
748192
748193
748194
748195
748196
748197
748198
748199
748200
748201
748202
748203
748204
748205
748206
748207
748208
748209
748211
748212
748213
748214
748215
748216
748217
748218
748219
748220
748221
748222
748223
748224
748225
748226
748227
748228
748229
748230
748231
748232
748233
748234
748235
748236
748237
748238
748239
748240
748241
748242
748243
748244
748245
748246
748247
748248
748249
748250
748251
748252
748253
748254
748307
748308
748309
748310
748311
748312
748313
748314
748315
748316
748317
748318
748319
748320
748321
748322
748323
748324
748325
748326
748327
748328
748329
748330
748331
748332
748333
748334
748335
748336
748337
748338
748339
748340
748341
748342
748343
748344
748345
748346
748347
748348
748349
748350
748351
748352
748354
748355
748356
748357
748358
748385
748386
748387
748388
748389
748390
748391
748392
748393
748394
748395
748396
748397
748398
748399
748400
748401
748402
748403
748404
748405
748406
748407
748408
748409
748410
748437
748438
748439
748440
748441
748442
748443
748444
748445
748446
748447
748448
748449
748450
748451
748452
748453
748454
748455
748456
748457
748458
748459
748460
748461
748462
748464
748465
748466
748467
748468
748469
748470
748471
748472
748473
748474
748475
748476
748477
748478
748479
748480
748481
748482
748483
748484
748485
748486
748487
748488
748490
748491
748492
748493
748494
748495
748496
748497
748498
748499
748500
748501
748502
748503
748504
748505
748506
748507
748508
748509
748510
748511
748512
748513
748514
748515
748517
748518
748519
748520
748521
748523
748524
748525
748526
748527
748528
748529
748530
748531
748532
748533
748534
748535
748536
748537
748538
748539
748540
748593
748594
748595
748596
748597
748598
748599
748600
748601
748602
748603
748604
748605
748606
748607
748608
748609
748610
748611
748612
748613
748614
748615
748617
748618
748723
748724
748725
748726
748727
748728
748729
748730
748731
748732
748733
748734
748735
748736
748737
748738
748739
748740
748741
748742
748743
748744
748745
748746
748747
748748
748750
748751
748752
748753
748754
748755
748756
748757
748758
748759
748760
748761
748762
748763
748764
748765
748766
748767
748768
748769
748770
748771
748772
748773
748774
748879
748880
748881
748882
748883
748884
748885
748886
748887
748888
748889
748890
748891
748892
748893
748894
748895
748897
748898
748899
748900
748901
748902
748903
748904
748906
748907
748908
748909
748910
748911
748912
748913
748914
748915
748916
748917
748918
748919
748920
748921
748922
748923
748924
748925
748926
748927
748928
748929
748930
748957
748958
748959
748960
748961
748962
748963
748964
748965
748966
748967
748968
748969
748970
748971
748972
748973
748974
748975
748976
748977
748978
748979
748980
748981
748982
749009
749010
749011
749012
749013
749014
749015
749016
749017
749018
749019
749020
749021
749022
749023
749024
749025
749026
749027
749028
749029
749030
749031
749032
749033
749034
749037
749038
749039
749040
749041
749042
749043
749044
749045
749046
749047
749048
749049
749050
749051
749052
749053
749054
749055
749056
749057
749058
749059
749060
749061
749062
749063
749066
749067
749068
749069
749070
749071
749072
749073
749074
749075
749076
749077
749078
749079
749080
749081
749082
749083
749084
749085
749086
749087
749088
749089
749090
749091
749092
749093
749094
749095
749096
749097
749098
749099
749100
749101
749102
749103
749104
749105
749106
749107
749108
749109
749110
749111
749112
749165
749166
749167
749168
749169
749170
749171
749172
749173
749174
749175
749176
749177
749178
749179
749180
749181
749182
749183
749184
749185
749186
749187
749188
749189
749190
749217
749218
749219
749220
749221
749222
749223
749224
749225
749226
749227
749228
749229
749230
749231
749232
749233
749234
749235
749236
749237
749238
749239
749240
749241
749242
749244
749245
749246
749247
749248
749249
749250
749251
749252
749253
749254
749255
749256
749257
749258
749259
749260
749261
749262
749263
749264
749265
749266
749267
749268
749270
749271
749272
749273
749274
749275
749276
749277
749278
749279
749280
749281
749282
749283
749284
749285
749286
749287
749288
749289
749290
749291
749292
749293
749294
749295
749296
749297
749298
749299
749300
749301
749302
749303
749304
749305
749306
749307
749308
749309
749310
749311
749312
749313
749314
749315
749316
749317
749318
749319
749320
749425
749426
749427
749428
749429
749430
749431
749432
749433
749434
749435
749436
749437
749438
749439
749440
749441
749442
749443
749444
749445
749446
749447
749448
749449
749450
749452
749453
749454
749455
749456
749457
749458
749459
749460
749461
749462
749463
749464
749465
749466
749467
749468
749469
749470
749471
749472
749473
749474
749475
749476
749581
749582
749583
749584
749585
749586
749587
749588
749589
749590
749591
749592
749593
749594
749595
749596
749597
749598
749599
749600
749601
749602
749603
749604
749605
749606
749633
749634
749635
749636
749637
749638
749639
749640
749641
749642
749643
749644
749645
749646
749647
749648
749649
749650
749651
749652
749653
749654
749655
749656
749657
749658
749659
749660
749661
749662
749663
749664
749665
749666
749667
749668
749669
749670
749671
749672
749673
749674
749675
749676
749677
749678
749679
749680
749681
749682
749683
749684
749686
749687
749688
749689
749690
749691
749692
749693
749694
749695
749696
749697
749698
749699
749700
749701
749702
749703
749704
749705
749706
749707
749708
749709
749710
749763
749764
749765
749766
749767
749768
749769
749770
749771
749772
749773
749774
749775
749776
749777
749778
749779
749780
749781
749782
749783
749784
749785
749786
749787
749788
749789
749790
749791
749792
749793
749794
749795
749796
749797
749798
749799
749800
749801
749802
749803
749804
749805
749806
749807
749808
749809
749810
749811
749812
749813
749814
749841
749842
749843
749844
749845
749846
749847
749848
749849
749850
749851
749852
749853
749854
749855
749856
749857
749858
749859
749860
749861
749862
749863
749864
749865
749866
749919
749920
749921
749922
749923
749924
749925
749926
749927
749928
749929
749930
749931
749932
749933
749934
749935
749936
749937
749938
749939
749940
749941
749942
749943
749944
749945
749946
749947
749948
749949
749950
749951
749952
749953
749954
749955
749956
749957
749958
749959
749960
749961
749962
749963
749964
749965
749966
749967
749968
749969
749970
749971
749972
749973
749974
749975
749976
749977
749978
749979
749980
749981
749982
749983
749984
749985
749986
749987
749988
749989
749990
749991
749992
749993
749994
749995
749996
749997
749998
749999
750000
750001
750002
750003
750004
750005
750006
750007
750008
750009
750010
750011
750012
750013
750014
750015
750016
750017
750018
750019
750020
750021
750022
750101
750102
750103
750104
750105
750106
750107
750108
750109
750110
750111
750112
750113
750114
750115
750116
750117
750118
750119
750120
750121
750122
750123
750124
750125
750126
750205
750206
750207
750208
750209
750210
750211
750212
750213
750214
750215
750216
750217
750218
750219
750220
750221
750222
750223
750224
750225
750226
750227
750228
750229
750230
750257
750258
750259
750260
750261
750262
750263
750264
750265
750266
750267
750268
750269
750270
750271
750272
750273
750274
750275
750276
750277
750278
750279
750280
750281
750282
750309
750310
750311
750312
750313
750314
750315
750316
750317
750318
750319
750320
750321
750322
750323
750324
750325
750326
750328
750329
750330
750331
750332
750333
750334
750335
750338
750339
750340
750343
750344
750345
750347
750348
750349
750353
750354
750355
750356
750357
750358
750359
750360
750387
750389
750390
750391
750392
750393
750394
750395
750396
750397
750398
750399
750400
750401
750402
750403
750404
750405
750406
750407
750408
750409
750410
750411
750412
750414
750415
750417
750419
750420
750422
750423
750424
750428
750429
750430
750432
750434
750436
750437
750440
750441
750442
750445
750446
750447
750448
750449
750450
750451
750452
750453
750454
750455
750456
750457
750458
750459
750460
750461
750462
750463
750464
750466
750469
750470
750471
750472
750473
750474
750476
750477
750480
750481
750482
750483
750484
750485
750486
750487
750488
750489
750490
750491
750492
750493
750494
750495
750496
750497
750498
750499
750500
750501
750502
750503
750504
750505
750506
750507
750508
750509
750510
750511
750512
750513
750514
750515
750516
750517
750518
750519
750521
750525
750527
750528
750529
750530
750531
750532
750533
750534
750535
750536
750537
750538
750539
750540
750541
750542
750595
750597
750599
750600
750601
750602
750603
750604
750605
750607
750608
750609
750610
750611
750612
750613
750614
750615
750616
750617
750618
750619
750620
750621
750622
750623
750624
750625
750626
750627
750628
750629
750630
750631
750632
750633
750634
750635
750637
750638
750639
750640
750641
750642
750643
750644
750645
750646
750656
750658
750659
750660
750662
750664
750665
750666
750667
750670
750672
750674
750675
750676
750677
750678
750679
750680
750681
750682
750683
750684
750685
750686
750687
750688
750689
750690
750691
750692
750693
750694
750695
750696
750697
750698
750699
750700
750701
750702
750703
750704
750706
750707
750709
750710
750711
750712
750713
750716
750717
750721
750722
750723
750724
750727
750728
750729
750730
750733
750734
750735
750736
750737
750738
750739
750740
750741
750744
750745
750746
750747
750748
750749
750750
