750803
750804
750805
750806
750807
750808
750809
750810
750811
750812
750813
750814
750815
750816
750817
750818
750819
750820
750821
750822
750823
750824
750825
750826
750827
750828
750907
750908
750909
750910
750911
750912
750913
750914
750915
750916
750917
750918
750919
750920
750921
750922
750923
750924
750926
750927
750928
750929
750930
750931
750932
751063
751064
751065
751066
751067
751068
751069
751070
751071
751072
751073
751074
751075
751076
751077
751078
751079
751080
751081
751082
751083
751084
751085
751086
751087
751088
751115
751116
751117
751118
751119
751120
751121
751122
751123
751124
751125
751126
751127
751128
751129
751130
751131
751132
751133
751134
751135
751136
751137
751138
751139
751140
751141
751142
751143
751144
751145
751146
751147
751148
751149
751150
751151
751152
751153
751154
751155
751156
751157
751158
751159
751160
751161
751162
751163
751164
751165
751166
751167
751168
751169
751170
751171
751172
751173
751174
751175
751176
751177
751178
751179
751180
751181
751182
751183
751184
751185
751186
751187
751188
751189
751190
751191
751192
751193
751194
751195
751196
751197
751198
751199
751200
751201
751202
751203
751204
751205
751206
751207
751208
751209
751210
751211
751212
751213
751214
751215
751216
751217
751218
751245
751246
751247
751248
751249
751250
751251
751252
751253
751254
751255
751256
751257
751258
751259
751260
751261
751262
751263
751264
751265
751266
751267
751268
751269
751270
751271
751272
751273
751274
751275
751276
751277
751278
751279
751280
751281
751282
751283
751284
751285
751286
751287
751288
751289
751290
751291
751292
751293
751294
751295
751296
751298
751299
751301
751302
751303
751304
751305
751306
751307
751308
751309
751310
751311
751312
751313
751314
751315
751316
751317
751318
751319
751320
751321
751322
751401
751402
751403
751404
751405
751406
751407
751408
751409
751410
751411
751412
751413
751414
751415
751416
751417
751418
751419
751420
751421
751422
751423
751424
751425
751426
751427
751428
751429
751430
751431
751432
751433
751434
751435
751436
751437
751438
751439
751440
751441
751442
751443
751444
751445
751446
751447
751448
751449
751450
751451
751452
751479
751480
751481
751482
751483
751484
751485
751486
751487
751488
751489
751490
751491
751492
751493
751494
751495
751496
751497
751498
751499
751500
751501
751502
751503
751504
751531
751532
751533
751534
751535
751536
751537
751538
751539
751540
751541
751542
751543
751544
751545
751546
751547
751548
751549
751550
751551
751552
751553
751554
751555
751556
751557
751558
751559
751560
751561
751562
751563
751564
751565
751566
751567
751568
751569
751570
751571
751572
751573
751574
751575
751576
751577
751578
751579
751580
751581
751582
751583
751584
751585
751586
751587
751588
751589
751590
751591
751592
751593
751594
751595
751596
751597
751598
751599
751600
751601
751602
751603
751604
751605
751606
751607
751608
751635
751636
751637
751638
751639
751640
751641
751642
751643
751644
751645
751646
751647
751648
751649
751650
751651
751652
751653
751654
751655
751656
751657
751658
751659
751660
751661
751662
751663
751664
751665
751666
751667
751668
751669
751670
751671
751672
751673
751674
751675
751676
751677
751678
751679
751680
751681
751682
751683
751684
751685
751686
751688
751689
751690
751691
751692
751693
751694
751695
751696
751697
751698
751699
751700
751701
751702
751703
751704
751705
751706
751707
751708
751709
751710
751711
751712
751713
751714
751715
751716
751717
751718
751719
751720
751721
751722
751723
751724
751725
751726
751727
751728
751729
751730
751731
751732
751733
751734
751735
751736
751737
751738
751765
751766
751768
751769
751770
751771
751772
751773
751774
751775
751776
751777
751778
751779
751780
751781
751782
751783
751784
751785
751786
751787
751788
751789
751790
751792
751793
751794
751795
751796
751797
751798
751799
751800
751801
751802
751803
751804
751805
751806
751807
751808
751809
751810
751811
751812
751813
751814
751815
751816
751818
751819
751820
751821
751822
751823
751824
751825
751826
751827
751828
751829
751830
751831
751832
751833
751834
751835
751836
751837
751838
751839
751840
751841
751842
751843
751844
751845
751846
751847
751848
751849
751850
751851
751852
751853
751854
751855
751856
751857
751858
751859
751860
751861
751862
751863
751864
751865
751866
751867
751868
751999
752000
752001
752002
752003
752004
752005
752006
752007
752008
752009
752010
752011
752012
752013
752014
752015
752016
752017
752018
752019
752020
752021
752022
752023
752024
752026
752027
752028
752029
752030
752031
752032
752033
752034
752035
752036
752037
752038
752039
752040
752041
752042
752043
752044
752045
752046
752047
752048
752049
752050
752052
752053
752054
752055
752056
752057
752058
752059
752060
752061
752062
752063
752064
752065
752066
752067
752068
752069
752070
752071
752072
752073
752074
752075
752076
752129
752130
752131
752132
752133
752134
752135
752136
752137
752138
752139
752140
752141
752142
752143
752144
752145
752146
752147
752148
752149
752150
752151
752152
752153
752154
752181
752182
752183
752184
752185
752186
752187
752188
752189
752190
752191
752192
752193
752194
752195
752196
752197
752198
752199
752200
752201
752202
752203
752204
752205
752206
752207
752209
752210
752211
752213
752214
752215
752216
752218
752219
752220
752221
752222
752223
752224
752225
752226
752227
752228
752229
752230
752231
752232
752233
752234
752235
752236
752237
752238
752239
752240
752241
752242
752243
752244
752245
752246
752247
752248
752249
752250
752251
752252
752253
752254
752255
752256
752257
752258
752337
752338
752339
752340
752341
752342
752343
752344
752345
752346
752347
752348
752349
752350
752351
752352
752353
752354
752355
752356
752357
752358
752359
752360
752361
752362
752364
752365
752366
752367
752368
752369
752370
752371
752372
752373
752374
752375
752376
752377
752378
752379
752380
752381
752382
752383
752384
752385
752386
752387
752388
752389
752390
752391
752392
752393
752394
752395
752396
752397
752398
752399
752400
752401
752402
752403
752404
752405
752406
752407
752408
752409
752410
752411
752412
752413
752414
752441
752442
752443
752444
752445
752446
752447
752448
752449
752450
752451
752452
752453
752454
752455
752456
752457
752458
752459
752460
752461
752462
752463
752464
752465
752466
752519
752520
752521
752522
752523
752524
752525
752526
752527
752528
752529
752530
752531
752532
752533
752534
752535
752536
752537
752538
752539
752540
752541
752542
752543
752544
752649
752650
752651
752652
752653
752654
752655
752656
752657
752658
752659
752660
752661
752662
752663
752664
752665
752666
752667
752668
752669
752670
752671
752672
752673
752674
752675
752676
752677
752678
752679
752680
752681
752682
752683
752684
752685
752686
752687
752688
752689
752690
752691
752692
752693
752694
752695
752696
752697
752698
752699
752700
752727
752728
752729
752730
752731
752732
752733
752734
752735
752736
752737
752738
752739
752740
752741
752742
752743
752744
752745
752746
752747
752748
752749
752750
752751
752752
752779
752780
752781
752782
752783
752784
752785
752786
752787
752788
752789
752790
752791
752792
752793
752794
752795
752796
752797
752798
752799
752800
752801
752802
752803
752804
752805
752806
752808
752810
752811
752812
752813
752814
752815
752816
752817
752818
752819
752820
752821
752822
752823
752824
752825
752826
752827
752828
752829
752830
752909
752910
752911
752912
752913
752914
752915
752916
752917
752918
752919
752920
752921
752922
752923
752924
752925
752926
752927
752928
752929
752930
752931
752932
752933
752934
752961
752962
752963
752964
752965
752966
752967
752968
752969
752970
752971
752972
752973
752974
752975
752976
752977
752978
752979
752980
752981
752982
752983
752984
752985
752986
752987
752988
752989
752990
752991
752992
752993
752994
752995
752996
752997
752998
752999
753000
753001
753002
753003
753004
753005
753006
753007
753008
753009
753010
753011
753012
753065
753066
753067
753068
753069
753070
753071
753072
753073
753074
753075
753076
753077
753078
753079
753080
753081
753082
753083
753084
753085
753086
753087
753088
753089
753090
753143
753144
753145
753146
753147
753148
753149
753150
753151
753152
753153
753154
753155
753156
753157
753158
753159
753160
753161
753162
753163
753164
753165
753166
753167
753168
753247
753248
753249
753250
753251
753252
753253
753254
753255
753256
753257
753258
753259
753260
753261
753262
753263
753264
753265
753266
753267
753268
753269
753270
753271
753272
753273
753275
753276
753277
753278
753279
753280
753281
753282
753283
753284
753285
753286
753287
753288
753289
753290
753291
753292
753293
753294
753295
753296
753297
753298
753377
753378
753379
753380
753381
753382
753383
753384
753385
753386
753387
753388
753389
753390
753391
753392
753393
753394
753395
753396
753397
753398
753399
753400
753401
753402
753404
753405
753406
753407
753408
753409
753410
753411
753412
753413
753414
753415
753416
753417
753418
753419
753420
753421
753422
753423
753424
753425
753426
753427
753428
753533
753534
753535
753536
753537
753538
753539
753540
753541
753542
753543
753544
753545
753546
753547
753548
753549
753550
753551
753552
753553
753554
753555
753556
753557
753558
753637
753638
753639
753640
753641
753642
753643
753644
753645
753646
753647
753648
753649
753650
753651
753652
753653
753654
753655
753656
753657
753658
753659
753660
753661
753662
753663
753664
753665
753666
753667
753668
753669
753670
753671
753672
753673
753674
753675
753676
753677
753678
753679
753680
753681
753682
753683
753684
753685
753686
753687
753688
753715
753716
753717
753718
753719
753720
753721
753722
753723
753724
753725
753726
753727
753728
753729
753730
753731
753732
753733
753734
753735
753736
753737
753738
753739
753740
753741
753742
753744
753745
753746
753747
753748
753749
753750
753751
753752
753753
753754
753755
753756
753757
753758
753759
753760
753761
753762
753763
753764
753765
753766
753767
753768
753769
753770
753771
753772
753773
753774
753775
753776
753777
753778
753779
753780
753781
753782
753783
753784
753785
753786
753787
753788
753789
753790
753791
753792
753819
753820
753821
753822
753823
753824
753825
753826
753827
753828
753829
753830
753831
753832
753833
753834
753835
753836
753837
753838
753839
753840
753841
753842
753843
753844
753845
753846
753847
753848
753849
753850
753851
753852
753853
753854
753855
753856
753857
753858
753859
753860
753861
753862
753863
753864
753865
753866
753867
753868
753869
753870
753871
753872
753873
753874
753875
753876
753877
753878
753879
753880
753881
753882
753883
753884
753885
753886
753887
753888
753889
753890
753891
753892
753893
753894
753895
753896
753898
753899
753900
753901
753902
753903
753904
753905
753906
753907
753908
753909
753910
753911
753912
753913
753914
753915
753916
753917
753918
753919
753920
753921
753922
753923
753924
753925
753926
753927
753928
753929
753930
753931
753933
753934
753935
753936
753937
753938
753939
753940
753941
753942
753943
753944
753945
753946
753947
753948
753950
753952
753953
753954
753955
753956
753957
753958
753959
753960
753961
753962
753963
753964
753965
753966
753967
753968
753969
753970
753971
753972
753973
753974
754001
754002
754003
754004
754005
754006
754007
754008
754009
754010
754011
754012
754013
754014
754015
754016
754017
754018
754019
754020
754021
754022
754023
754024
754025
754026
754027
754028
754029
754030
754031
754032
754033
754034
754035
754036
754037
754038
754039
754040
754041
754042
754043
754044
754045
754046
754047
754048
754049
754050
754051
754052
754053
754055
754056
754057
754058
754059
754060
754061
754062
754063
754064
754065
754066
754067
754068
754069
754070
754071
754072
754073
754074
754075
754076
754077
754078
754079
754080
754081
754082
754083
754084
754085
754086
754087
754088
754089
754090
754091
754092
754093
754094
754095
754096
754097
754098
754099
754100
754101
754102
754103
754104
754157
754158
754159
754160
754161
754162
754163
754164
754165
754166
754167
754168
754169
754170
754171
754172
754173
754174
754175
754176
754177
754178
754179
754180
754181
754182
754183
754184
754185
754186
754187
754188
754189
754190
754191
754192
754193
754194
754195
754196
754197
754198
754199
754200
754201
754202
754203
754204
754205
754206
754207
754208
754235
754236
754237
754238
754239
754240
754241
754242
754243
754244
754245
754246
754247
754248
754249
754250
754251
754252
754253
754254
754255
754256
754257
754258
754259
754260
754287
754288
754289
754290
754291
754292
754293
754294
754295
754296
754297
754298
754299
754300
754301
754302
754303
754304
754305
754306
754307
754308
754309
754310
754311
754312
754339
754340
754341
754342
754343
754344
754345
754346
754347
754348
754349
754350
754351
754352
754353
754354
754355
754356
754357
754358
754359
754360
754361
754362
754363
754364
754366
754367
754368
754369
754370
754371
754372
754373
754374
754375
754376
754377
754378
754379
754380
754381
754382
754383
754384
754385
754386
754387
754388
754389
754390
754391
754392
754393
754394
754395
754397
754398
754400
754404
754405
754406
754407
754408
754409
754410
754411
754412
754413
754414
754415
754416
754417
754418
754420
754421
754423
754424
754425
754426
754427
754428
754429
754430
754431
754432
754433
754434
754435
754436
754437
754438
754439
754440
754441
754442
754443
754444
754445
754446
754447
754448
754449
754450
754451
754452
754453
754454
754455
754456
754457
754458
754459
754461
754462
754463
754464
754465
754466
754467
754468
754469
754471
754472
754473
754474
754475
754476
754477
754478
754479
754480
754481
754482
754483
754484
754485
754486
754487
754488
754489
754490
754491
754492
754493
754494
754521
754522
754523
754524
754525
754526
754527
754528
754529
754530
754531
754532
754533
754534
754535
754536
754537
754538
754539
754540
754541
754542
754543
754544
754545
754546
754625
754626
754627
754628
754629
754630
754631
754632
754633
754634
754635
754636
754637
754638
754639
754640
754641
754642
754643
754644
754645
754646
754647
754648
754649
754650
754651
754652
754653
754654
754655
754656
754657
754658
754659
754660
754661
754662
754663
754664
754665
754666
754667
754668
754669
754670
754671
754672
754673
754674
754675
754676
754677
754678
754679
754680
754681
754682
754683
754684
754685
754686
754687
754688
754689
754690
754691
754692
754693
754694
754695
754696
754697
754698
754699
754700
754701
754702
754729
754730
754731
754732
754734
754735
754736
754737
754738
754739
754740
754741
754742
754743
754744
754745
754746
754747
754748
754749
754750
754752
754753
754754
754859
754860
754861
754862
754863
754864
754865
754866
754867
754869
754870
754871
754872
754873
754874
754875
754876
754877
754878
754879
754880
754881
754882
754883
754884
754885
754886
754887
754888
754889
754890
754891
754892
754893
754894
754895
754896
754897
754898
754899
754900
754901
754902
754903
754904
754905
754906
754907
754908
754909
754910
754937
754938
754939
754940
754941
754942
754943
754944
754945
754946
754947
754948
754949
754950
754951
754952
754953
754954
754955
754956
754957
754958
754959
754960
754961
754962
755041
755042
755043
755044
755045
755046
755047
755048
755049
755050
755051
755052
755053
755054
755055
755056
755057
755058
755059
755060
755061
755062
755063
755064
755065
755066
755093
755094
755095
755096
755097
755098
755099
755100
755101
755102
755103
755104
755105
755106
755107
755108
755109
755110
755111
755112
755113
755114
755115
755116
755117
755118
755119
755120
755121
755122
755123
755124
755125
755126
755127
755128
755129
755130
755131
755132
755133
755134
755135
755136
755137
755138
755139
755140
755141
755142
755143
755144
755249
755250
755251
755252
755253
755254
755255
755256
755257
755258
755259
755260
755261
755262
755263
755264
755265
755266
755267
755268
755269
755270
755271
755272
755273
755274
755301
755302
755303
755304
755305
755306
755307
755308
755309
755310
755311
755312
755313
755314
755315
755316
755317
755318
755319
755320
755321
755322
755323
755324
755325
755326
755353
755354
755355
755356
755357
755358
755359
755360
755361
755362
755363
755364
755365
755366
755367
755368
755369
755370
755371
755372
755373
755374
755375
755376
755377
755378
755379
755380
755382
755383
755384
755385
755386
755387
755388
755389
755390
755391
755392
755393
755394
755395
755396
755397
755398
755399
755400
755401
755402
755403
755404
755457
755458
755459
755460
755461
755462
755463
755464
755465
755466
755467
755468
755469
755470
755471
755472
755473
755474
755475
755476
755477
755478
755479
755480
755481
755482
755509
755510
755511
755512
755513
755514
755515
755516
755517
755518
755519
755520
755521
755522
755523
755524
755525
755526
755527
755528
755529
755530
755531
755532
755533
755534
755561
755562
755563
755564
755565
755566
755567
755568
755569
755570
755571
755572
755573
755574
755575
755576
755577
755578
755579
755580
755581
755582
755583
755584
755585
755586
755613
755614
755615
755616
755617
755618
755619
755620
755621
755622
755623
755624
755625
755626
755627
755628
755629
755630
755631
755632
755633
755634
755635
755636
755637
755638
755639
755640
755641
755642
755643
755644
755645
755646
755647
755648
755649
755650
755651
755652
755653
755654
755655
755656
755657
755658
755659
755660
755661
755662
755663
755664
755665
755666
755667
755668
755669
755670
755671
755672
755673
755674
755675
755676
755677
755678
755679
755680
755681
755682
755683
755684
755685
755686
755687
755688
755689
755690
755743
755744
755745
755746
755747
755748
755749
755750
755751
755752
755753
755754
755755
755756
755757
755758
755759
755760
755761
755762
755763
755764
755765
755766
755767
755768
755770
755771
755772
755773
755774
755775
755776
755777
755778
755779
755780
755781
755782
755783
755784
755785
755786
755787
755788
755789
755790
755791
755792
755793
755794
755847
755848
755849
755850
755851
755852
755853
755854
755855
755856
755857
755858
755859
755860
755861
755862
755863
755864
755865
755866
755867
755868
755869
755870
755871
755872
755951
755952
755953
755954
755955
755956
755957
755958
755959
755960
755961
755962
755963
755964
755965
755967
755968
755969
755970
755971
755972
755973
755974
755975
755976
756055
756056
756057
756058
756059
756060
756061
756062
756063
756064
756065
756066
756067
756068
756069
756070
756071
756072
756073
756074
756075
756076
756077
756078
756079
756080
756107
756108
756109
756110
756111
756112
756113
756114
756115
756116
756117
756118
756119
756120
756121
756122
756123
756124
756125
756126
756127
756128
756129
756130
756131
756132
756133
756135
756136
756137
756138
756139
756140
756141
756142
756143
756144
756145
756146
756147
756148
756149
756150
756151
756152
756153
756154
756155
756156
756157
756158
756159
756161
756162
756163
756164
756165
756166
756167
756168
756169
756170
756171
756172
756173
756174
756175
756176
756177
756178
756179
756180
756181
756182
756183
756184
756185
756186
756187
756188
756189
756190
756191
756192
756193
756194
756195
756196
756197
756198
756199
756200
756201
756202
756203
756204
756205
756206
756207
756208
756209
756210
756237
756238
756239
756240
756241
756242
756243
756244
756245
756246
756247
756248
756249
756250
756251
756252
756253
756254
756255
756256
756257
756258
756259
756260
756261
756262
756264
756265
756266
756267
756268
756269
756270
756271
756272
756273
756274
756275
756276
756277
756278
756279
756280
756281
756282
756283
756284
756285
756286
756287
756288
756289
756290
756292
756294
756295
756296
756297
756298
756299
756300
756301
756302
756303
756304
756305
756306
756307
756308
756309
756310
756311
756312
756313
756314
756315
756316
756317
756318
756319
756320
756321
756322
756323
756324
756325
756326
756327
756328
756329
756330
756331
756332
756333
756334
756335
756336
756337
756338
756339
756340
756393
756394
756395
756396
756397
756398
756399
756400
756401
756402
756403
756404
756405
756406
756407
756408
756409
756410
756411
756412
756413
756414
756415
756416
756417
756418
756471
756472
756473
756474
756475
756476
756477
756478
756479
756480
756481
756482
756483
756484
756485
756486
756487
756488
756489
756490
756491
756492
756493
756494
756495
756496
756523
756524
756525
756526
756527
756528
756529
756530
756531
756532
756533
756534
756535
756536
756537
756538
756539
756540
756541
756542
756543
756544
756545
756546
756547
756548
756549
756550
756551
756552
756553
756554
756555
756556
756557
756558
756559
756560
756561
756562
756563
756564
756565
756566
756567
756568
756569
756570
756571
756572
756573
756574
756601
756602
756603
756604
756605
756606
756607
756608
756609
756610
756611
756612
756613
756614
756615
756616
756617
756618
756619
756620
756621
756622
756623
756624
756625
756626
756627
756628
756629
756630
756631
756632
756634
756635
756636
756637
756638
756639
756640
756641
756642
756643
756644
756645
756646
756647
756648
756649
756650
756651
756652
756654
756655
756656
756657
756658
756659
756660
756661
756662
756663
756664
756665
756666
756667
756668
756669
756670
756671
756672
756673
756674
756675
756676
756677
756678
756705
756706
756707
756708
756709
756710
756711
756712
756713
756714
756715
756716
756717
756718
756719
756720
756721
756722
756723
756724
756725
756726
756727
756728
756729
756730
756757
756758
756759
756760
756761
756762
756763
756764
756765
756766
756767
756768
756769
756770
756771
756772
756773
756774
756775
756776
756777
756778
756779
756780
756781
756782
756783
756784
756785
756786
756787
756788
756789
756790
756791
756792
756793
756794
756795
756796
756797
756798
756799
756800
756801
756802
756803
756804
756805
756806
756807
756808
756809
756810
756814
756815
756816
756817
756818
756819
756820
756821
756822
756823
756824
756825
756826
756827
756828
756829
756830
756832
756833
756834
756835
756836
756837
756838
756839
756840
756841
756842
756843
756844
756845
756846
756847
756848
756849
756850
756851
756852
756853
756854
756855
756856
756857
756858
756859
756860
756861
756862
756863
756864
756865
756866
756867
756868
756869
756870
756871
756872
756873
756874
756875
756876
756877
756878
756879
756880
756881
756882
756883
756884
756885
756886
756887
756888
756889
756890
756891
756892
756893
756894
756895
756896
756897
756898
756899
756900
756901
756902
756903
756904
756905
756906
756907
756908
756909
756910
756911
756912
756939
756940
756941
756942
756943
756944
756945
756946
756947
756948
756949
756950
756951
756952
756953
756954
756955
756956
756957
756958
756959
756960
756961
756962
756963
756964
756965
756966
756967
756968
756969
756970
756971
756972
756973
756974
756975
756976
756977
756978
756979
756980
756981
756982
756983
756984
756985
756986
756987
756988
756989
756990
757069
757070
757071
757072
757073
757074
757075
757076
757077
757078
757079
757080
757081
757082
757083
757084
757085
757086
757087
757088
757089
757090
757091
757092
757093
757094
757147
757148
757149
757150
757152
757153
757155
757156
757157
757158
757159
757160
757161
757162
757163
757165
757166
757167
757168
757169
757170
757171
757172
757225
757226
757227
757228
757229
757230
757231
757232
757233
757234
757235
757236
757237
757238
757239
757240
757241
757242
757243
757244
757245
757246
757247
757248
757249
757250
757277
757278
757279
757280
757281
757282
757283
757285
757286
757288
757289
757290
757291
757292
757293
757294
757296
757297
757298
757299
757300
757301
757302
757305
757306
757308
757309
757310
757311
757313
757314
757315
757316
757318
757319
757320
757321
757322
757323
757324
757325
757326
757327
757328
757407
757408
757409
757411
757412
757413
757414
757415
757416
757417
757418
757419
757420
757422
757423
757424
757425
757426
757427
757428
757429
757430
757431
757432
757433
757434
757435
757439
757440
757441
757442
757443
757444
757445
757446
757447
757448
757449
757450
757451
757452
757454
757455
757563
757564
757565
757566
757567
757568
757569
757570
757571
757572
757573
757574
757575
757576
757577
757578
757579
757580
757581
757582
757583
757584
757585
757586
757587
757588
757615
757616
757619
757620
757621
757622
757623
757624
757625
757626
757628
757629
757630
757631
757632
757633
757634
757635
757636
757637
757638
757639
757643
757646
757647
757648
757649
757650
757651
757652
757653
757654
757655
757656
757657
757658
757659
757660
757661
757662
