757663
757664
757665
757666
757875
757876
757877
757878
757879
757880
757881
757882
757883
757884
757885
757886
757887
757888
757889
757890
757891
757892
757893
757894
757895
757896
757898
757899
757900
757927
757928
757929
757930
757931
757932
757933
757934
757935
757936
757937
757938
757939
757940
757941
757942
757943
757944
757945
757946
757947
757948
757949
757950
757951
757952
758005
758006
758007
758008
758009
758010
758011
758012
758013
758014
758015
758016
758017
758018
758019
758020
758021
758022
758023
758024
758025
758026
758027
758028
758029
758030
758083
758084
758085
758086
758087
758088
758089
758090
758091
758092
758093
758094
758095
758096
758097
758098
758099
758100
758101
758102
758103
758104
758105
758106
758107
758108
758109
758110
758111
758112
758113
758114
758115
758116
758117
758118
758119
758120
758121
758122
758123
758124
758125
758126
758127
758128
758129
758130
758131
758132
758133
758134
758161
758162
758163
758164
758165
758166
758167
758168
758169
758170
758171
758172
758173
758174
758175
758176
758177
758178
758179
758180
758181
758182
758183
758184
758185
758186
758187
758188
758189
758190
758191
758192
758193
758194
758195
758196
758197
758198
758199
758200
758201
758202
758203
758204
758205
758206
758207
758208
758209
758210
758211
758212
758239
758240
758241
758242
758243
758244
758245
758246
758247
758248
758249
758250
758251
758252
758253
758254
758255
758256
758257
758258
758259
758260
758261
758262
758263
758264
758291
758292
758293
758294
758295
758296
758297
758298
758299
758300
758301
758302
758303
758304
758305
758306
758307
758308
758309
758310
758311
758312
758313
758314
758315
758316
758317
758318
758319
758320
758321
758322
758323
758324
758325
758326
758327
758328
758329
758330
758331
758332
758333
758334
758335
758336
758337
758338
758339
758340
758341
758342
758395
758396
758397
758398
758399
758400
758401
758402
758403
758404
758405
758406
758407
758408
758409
758410
758411
758412
758413
758414
758415
758416
758417
758418
758419
758420
758421
758422
758423
758424
758425
758426
758427
758428
758429
758430
758431
758432
758433
758434
758435
758436
758437
758438
758439
758440
758441
758442
758443
758444
758445
758446
758473
758474
758475
758476
758477
758478
758479
758480
758481
758482
758483
758484
758485
758486
758487
758488
758489
758490
758491
758492
758493
758494
758495
758496
758497
758498
758499
758501
758502
758503
758504
758505
758506
758507
758508
758509
758510
758511
758512
758513
758514
758515
758516
758517
758518
758519
758520
758521
758522
758523
758524
758525
758526
758527
758528
758529
758530
758531
758532
758533
758534
758535
758536
758537
758538
758539
758540
758541
758542
758543
758544
758545
758546
758547
758548
758549
758550
758603
758604
758605
758606
758607
758608
758609
758610
758611
758612
758613
758614
758615
758616
758617
758618
758619
758620
758621
758622
758623
758624
758625
758626
758627
758628
758630
758631
758632
758633
758634
758635
758636
758637
758638
758639
758640
758641
758642
758643
758644
758645
758646
758647
758648
758649
758650
758651
758652
758653
758654
758655
758656
758657
758658
758659
758660
758661
758662
758663
758664
758665
758666
758667
758668
758669
758670
758671
758672
758673
758674
758675
758676
758677
758678
758679
758680
758681
758682
758683
758684
758685
758686
758687
758688
758689
758690
758691
758692
758693
758694
758695
758696
758697
758698
758699
758700
758701
758702
758703
758704
758705
758706
758759
758760
758761
758762
758763
758764
758765
758766
758767
758768
758769
758770
758771
758772
758773
758774
758775
758776
758777
758778
758779
758780
758781
758782
758783
758784
758785
758786
758787
758788
758789
758790
758791
758792
758793
758794
758795
758796
758797
758798
758799
758800
758801
758802
758803
758804
758805
758806
758807
758808
758809
758810
758915
758916
758917
758918
758919
758920
758921
758922
758923
758924
758925
758926
758927
758928
758929
758930
758931
758932
758933
758934
758935
758936
758937
758938
758939
758940
758967
758968
758969
758970
758971
758972
758973
758974
758975
758976
758977
758978
758979
758980
758981
758982
758983
758984
758985
758986
758987
758988
758989
758990
758991
758992
759071
759072
759073
759074
759075
759076
759077
759078
759079
759080
759081
759082
759083
759084
759085
759086
759087
759088
759089
759090
759091
759092
759093
759094
759095
759096
759097
759098
759100
759101
759102
759103
759104
759105
759106
759107
759108
759109
759110
759111
759112
759113
759114
759115
759116
759117
759118
759119
759120
759121
759122
759331
759332
759333
759334
759335
759336
759337
759338
759339
759340
759341
759342
759343
759344
759345
759346
759347
759348
759349
759350
759351
759352
759353
759354
759355
759356
759383
759384
759385
759386
759387
759388
759389
759390
759391
759392
759393
759394
759395
759396
759397
759398
759399
759400
759401
759402
759403
759404
759405
759406
759407
759408
759487
759488
759489
759490
759491
759492
759493
759494
759495
759496
759497
759498
759499
759500
759501
759502
759503
759504
759505
759506
759507
759508
759509
759510
759511
759512
759591
759592
759593
759594
759595
759596
759597
759598
759599
759600
759601
759602
759603
759604
759605
759606
759607
759608
759609
759610
759611
759612
759613
759614
759615
759616
759669
759670
759671
759672
759673
759674
759675
759676
759677
759678
759679
759680
759681
759682
759683
759684
759685
759686
759687
759688
759689
759690
759691
759692
759693
759694
759721
759722
759723
759724
759725
759726
759727
759728
759729
759730
759731
759732
759733
759734
759735
759736
759737
759738
759739
759740
759741
759742
759743
759744
759745
759746
759747
759749
759750
759751
759752
759753
759754
759755
759756
759757
759758
759759
759760
759761
759762
759763
759764
759765
759766
759767
759768
759769
759770
759771
759772
759825
759826
759827
759828
759829
759830
759831
759832
759833
759834
759835
759836
759837
759838
759839
759840
759841
759842
759843
759844
759845
759846
759847
759848
759849
759850
759903
759904
759905
759906
759907
759908
759909
759910
759911
759912
759913
759914
759915
759916
759917
759918
759919
759920
759921
759922
759923
759924
759925
759926
759927
759928
759955
759956
759957
759958
759959
759960
759961
759962
759963
759964
759965
759966
759967
759968
759969
759970
759971
759972
759973
759974
759975
759976
759977
759978
759979
759980
759982
759983
759984
759985
759986
759988
759989
759990
759991
759992
759993
759994
759995
759996
759997
759998
759999
760000
760001
760002
760003
760004
760005
760006
760033
760034
760035
760036
760037
760038
760039
760040
760041
760042
760043
760044
760045
760046
760047
760048
760049
760050
760051
760052
760053
760054
760055
760056
760057
760058
760085
760086
760087
760088
760089
760090
760091
760092
760093
760094
760095
760096
760097
760098
760099
760100
760101
760102
760103
760104
760105
760106
760107
760108
760109
760110
760111
760112
760113
760114
760115
760116
760117
760118
760119
760120
760121
760122
760123
760124
760125
760126
760127
760128
760129
760130
760131
760132
760133
760134
760135
760136
760293
760294
760295
760296
760297
760298
760299
760300
760301
760302
760303
760304
760305
760306
760307
760308
760309
760310
760311
760312
760313
760314
760315
760316
760317
760318
760449
760450
760451
760452
760453
760454
760455
760456
760457
760458
760459
760460
760461
760462
760463
760464
760465
760466
760467
760468
760469
760470
760471
760472
760473
760474
760475
760476
760477
760478
760479
760480
760481
760482
760483
760484
760485
760486
760487
760488
760489
760490
760491
760492
760493
760494
760495
760496
760497
760498
760499
760500
760501
760502
760503
760504
760505
760506
760507
760508
760509
760510
760511
760512
760513
760514
760515
760516
760517
760518
760519
760520
760521
760522
760523
760524
760525
760526
760528
760529
760530
760531
760532
760533
760534
760535
760536
760537
760538
760539
760540
760541
760542
760543
760544
760545
760546
760547
760548
760549
760550
760551
760552
760553
760554
760555
760556
760557
760558
760559
760560
760561
760562
760563
760564
760565
760567
760568
760569
760570
760571
760572
760573
760574
760575
760576
760577
760578
760579
760581
760582
760583
760584
760585
760586
760587
760588
760589
760590
760591
760592
760593
760594
760595
760596
760597
760598
760599
760600
760601
760602
760603
760604
760657
760658
760659
760660
760661
760662
760663
760664
760665
760666
760667
760668
760669
760670
760671
760672
760673
760674
760675
760676
760677
760678
760679
760680
760681
760682
760709
760710
760711
760712
760713
760714
760715
760716
760717
760718
760719
760720
760721
760722
760723
760724
760725
760726
760727
760728
760729
760730
760731
760732
760733
760734
760735
760736
760739
760740
760741
760742
760743
760744
760745
760746
760748
760749
760750
760751
760752
760753
760754
760755
760756
760757
760758
760759
760760
760787
760788
760789
760790
760791
760792
760793
760794
760795
760796
760797
760798
760799
760800
760801
760802
760803
760804
760805
760806
760807
760808
760809
760810
760811
760812
760814
760815
760816
760817
760818
760819
760820
760821
760822
760823
760824
760825
760826
760827
760828
760829
760830
760831
760832
760833
760834
760835
760836
760837
760838
760840
760842
760843
760844
760845
760846
760847
760848
760849
760850
760851
760852
760853
760854
760855
760856
760857
760858
760859
760860
760861
760862
760863
760864
760891
760892
760893
760895
760896
760897
760898
760899
760900
760901
760902
760903
760904
760905
760906
760907
760908
760909
760910
760911
760912
760913
760914
760915
760916
760918
760919
760920
760921
760922
760923
760924
760925
760926
760927
760928
760929
760930
760931
760932
760933
760934
760935
760936
760937
760938
760939
760940
760941
760942
760995
760996
760997
760998
760999
761000
761001
761002
761003
761004
761005
761006
761007
761008
761009
761010
761011
761012
761013
761014
761015
761016
761017
761018
761019
761020
761073
761074
761075
761076
761077
761078
761079
761080
761081
761082
761083
761084
761085
761086
761087
761088
761089
761090
761091
761092
761093
761094
761095
761096
761097
761098
761099
761100
761101
761102
761103
761104
761105
761106
761107
761108
761109
761110
761111
761112
761113
761114
761115
761116
761117
761118
761119
761120
761121
761122
761123
761124
761229
761230
761231
761232
761233
761234
761235
761236
761237
761238
761239
761240
761241
761242
761243
761244
761245
761246
761247
761248
761249
761250
761251
761252
761253
761254
761281
761282
761283
761284
761285
761286
761287
761288
761289
761290
761291
761292
761293
761294
761295
761296
761297
761298
761299
761300
761301
761302
761303
761304
761305
761306
761307
761308
761309
761310
761311
761313
761314
761315
761316
761317
761318
761319
761320
761321
761322
761323
761324
761325
761326
761327
761328
761329
761330
761331
761332
761333
761334
761335
761336
761338
761339
761341
761342
761343
761344
761345
761346
761347
761348
761349
761350
761351
761352
761353
761354
761355
761356
761357
761358
761359
761361
761362
761363
761364
761365
761366
761367
761368
761369
761370
761371
761372
761373
761374
761375
761376
761377
761378
761379
761380
761381
761382
761383
761384
761386
761387
761388
761390
761391
761392
761393
761394
761395
761396
761397
761398
761399
761400
761401
761402
761403
761404
761405
761406
761407
761408
761409
761410
761489
761490
761491
761492
761493
761494
761495
761496
761497
761498
761499
761500
761501
761502
761503
761504
761505
761506
761507
761508
761509
761510
761511
761512
761513
761514
761516
761517
761518
761519
761520
761521
761522
761523
761524
761525
761526
761527
761528
761529
761530
761531
761532
761533
761534
761535
761536
761537
761538
761539
761540
761593
761594
761595
761596
761597
761598
761599
761600
761601
761602
761603
761604
761605
761606
761607
761608
761609
761610
761611
761612
761613
761614
761615
761616
761617
761618
761697
761698
761699
761700
761701
761702
761703
761704
761705
761706
761707
761708
761709
761710
761711
761712
761713
761714
761715
761716
761717
761718
761719
761720
761721
761722
761724
761725
761726
761727
761728
761729
761730
761731
761732
761733
761734
761735
761736
761737
761738
761739
761740
761741
761742
761743
761744
761745
761746
761747
761748
761827
761828
761829
761830
761831
761832
761833
761834
761835
761836
761837
761838
761839
761840
761841
761842
761843
761844
761845
761846
761847
761849
761850
761851
761852
761931
761932
761933
761934
761935
761936
761937
761938
761939
761940
761941
761942
761943
761944
761945
761946
761947
761948
761949
761950
761951
761952
761953
761954
761955
761956
761983
761984
761985
761986
761987
761988
761989
761990
761991
761992
761993
761994
761995
761996
761997
761998
761999
762000
762001
762002
762003
762004
762005
762006
762007
762008
762035
762036
762037
762038
762039
762040
762041
762042
762043
762044
762045
762046
762047
762048
762049
762050
762051
762052
762053
762054
762055
762056
762057
762058
762059
762060
762087
762088
762089
762090
762091
762092
762093
762094
762095
762096
762097
762098
762099
762100
762101
762102
762103
762104
762105
762106
762107
762108
762109
762110
762111
762112
762191
762192
762193
762194
762195
762196
762197
762198
762199
762200
762201
762202
762203
762204
762205
762206
762207
762208
762209
762210
762211
762212
762213
762214
762215
762216
762243
762244
762245
762246
762247
762248
762249
762250
762251
762252
762253
762254
762255
762256
762257
762258
762259
762260
762261
762262
762263
762264
762265
762266
762267
762268
762269
762271
762272
762273
762274
762275
762276
762277
762278
762279
762280
762281
762282
762283
762284
762285
762286
762287
762288
762289
762290
762291
762292
762293
762294
762296
762297
762298
762299
762300
762301
762302
762303
762304
762305
762306
762307
762308
762309
762310
762311
762312
762313
762314
762315
762316
762317
762318
762319
762320
762399
762400
762401
762402
762403
762404
762405
762406
762407
762408
762409
762410
762411
762412
762413
762414
762415
762416
762417
762418
762419
762420
762421
762422
762423
762424
762425
762426
762427
762428
762429
762430
762431
762432
762433
762434
762435
762436
762437
762438
762439
762440
762441
762442
762443
762444
762445
762446
762447
762448
762449
762450
762477
762478
762479
762480
762481
762482
762483
762484
762485
762486
762487
762488
762489
762490
762491
762492
762493
762494
762495
762496
762497
762498
762499
762500
762501
762502
762581
762582
762583
762584
762585
762586
762587
762588
762589
762590
762591
762592
762593
762594
762595
762596
762597
762598
762599
762600
762601
762602
762603
762604
762605
762606
762608
762609
762610
762611
762612
762613
762614
762615
762616
762617
762618
762619
762620
762621
762622
762623
762624
762625
762626
762627
762628
762629
762630
762631
762632
762685
762686
762687
762688
762689
762690
762691
762692
762693
762694
762695
762696
762697
762698
762699
762700
762701
762702
762703
762704
762705
762706
762707
762708
762709
762710
762712
762713
762714
762715
762716
762717
762718
762719
762720
762721
762722
762723
762724
762725
762726
762727
762728
762729
762730
762731
762732
762733
762734
762735
762736
762763
762764
762765
762766
762767
762768
762769
762770
762771
762772
762773
762774
762775
762776
762777
762778
762779
762780
762781
762782
762783
762784
762785
762786
762787
762788
762789
762790
762791
762792
762793
762794
762795
762796
762797
762798
762799
762800
762801
762802
762803
762804
762805
762806
762807
762808
762809
762810
762811
762812
762813
762814
762841
762842
762843
762844
762845
762846
762847
762848
762849
762850
762851
762852
762853
762854
762855
762856
762857
762858
762859
762860
762861
762862
762863
762864
762865
762866
762867
762868
762870
762871
762872
762873
762874
762875
762876
762877
762878
762879
762880
762881
762882
762883
762884
762885
762886
762887
762888
762889
762890
762891
762892
762894
762895
762896
762897
762898
762899
762900
762901
762902
762903
762904
762905
762906
762907
762908
762909
762910
762911
762912
762913
762914
762915
762916
762917
762918
762971
762972
762973
762974
762975
762976
762977
762978
762979
762980
762981
762982
762983
762984
762985
762986
762987
762988
762989
762990
762991
762992
762993
762994
762995
762996
762998
763001
763002
763003
763004
763005
763006
763007
763008
763009
763010
763011
763012
763013
763014
763015
763016
763017
763018
763019
763020
763021
763022
763026
763027
763028
763029
763030
763031
763032
763033
763034
763035
763036
763037
763038
763039
763040
763041
763042
763043
763044
763045
763046
763047
763048
763075
763076
763077
763078
763079
763080
763081
763082
763083
763084
763085
763086
763087
763088
763089
763090
763091
763092
763093
763094
763095
763096
763097
763098
763099
763100
763101
763102
763103
763104
763105
763106
763107
763108
763109
763110
763111
763112
763113
763114
763115
763116
763117
763118
763119
763120
763121
763122
763123
763124
763125
763126
763127
763129
763130
763131
763132
763133
763134
763135
763136
763137
763138
763139
763140
763141
763142
763143
763144
763145
763146
763147
763148
763149
763150
763151
763152
763179
763180
763181
763182
763183
763184
763185
763186
763187
763188
763189
763190
763191
763192
763193
763194
763195
763196
763197
763198
763199
763200
763201
763202
763203
763204
763257
763258
763259
763260
763261
763262
763263
763264
763265
763266
763267
763268
763269
763270
763271
763272
763273
763274
763275
763276
763277
763278
763279
763280
763281
763282
763284
763285
763286
763287
763288
763289
763290
763291
763292
763293
763294
763295
763296
763297
763298
763299
763300
763301
763302
763303
763304
763305
763306
763307
763308
763309
763310
763311
763312
763313
763314
763315
763316
763317
763318
763319
763320
763321
763322
763323
763324
763325
763326
763327
763328
763329
763330
763331
763332
763333
763334
763335
763336
763337
763338
763339
763340
763341
763342
763343
763344
763345
763346
763347
763348
763349
763350
763351
763352
763353
763354
763355
763356
763357
763358
763359
763360
763362
763363
763364
763365
763366
763367
763368
763369
763370
763371
763372
763373
763374
763375
763376
763377
763378
763379
763380
763381
763382
763383
763384
763385
763386
763387
763388
763389
763390
763391
763392
763393
763394
763395
763396
763397
763398
763399
763400
763401
763402
763403
763404
763405
763406
763407
763408
763409
763410
763411
763412
763491
763492
763493
763494
763495
763496
763497
763498
763499
763500
763501
763502
763503
763504
763505
763506
763507
763508
763509
763510
763511
763512
763513
763514
763515
763516
763518
763519
763520
763521
763522
763523
763524
763525
763526
763527
763528
763529
763530
763531
763532
763533
763534
763535
763536
763537
763538
763539
763540
763541
763542
763543
763545
763546
763547
763548
763549
763550
763551
763552
763553
763554
763555
763556
763557
763558
763559
763560
763561
763562
763563
763564
763565
763566
763567
763568
763595
763596
763597
763598
763599
763600
763601
763602
763603
763604
763605
763606
763607
763608
763609
763610
763611
763612
763613
763614
763615
763616
763617
763618
763619
763620
763621
763622
763623
763624
763625
763626
763627
763628
763629
763630
763631
763632
763633
763634
763635
763636
763637
763638
763639
763640
763641
763642
763643
763644
763645
763646
763725
763726
763727
763728
763729
763730
763731
763732
763733
763734
763735
763736
763737
763738
763739
763740
763741
763742
763743
763744
763745
763746
763747
763748
763749
763750
763777
763778
763779
763780
763781
763782
763783
763784
763785
763786
763787
763788
763789
763790
763791
763792
763793
763794
763795
763796
763797
763798
763799
763800
763801
763802
763804
763805
763806
763807
763808
763809
763810
763811
763812
763813
763814
763815
763816
763817
763818
763819
763820
763821
763822
763823
763824
763825
763826
763827
763828
763829
763830
763831
763833
763835
763836
763837
763838
763840
763841
763842
763843
763844
763845
763847
763848
763849
763850
763851
763853
763854
763881
763882
763883
763884
763887
763888
763889
763890
763891
763892
763893
763894
763895
763896
763897
763898
763899
763900
763901
763902
763903
763904
763905
763906
763933
763935
763936
763937
763939
763941
763942
763943
763944
763946
763947
763948
763950
763951
763953
763954
763955
763956
763957
763958
763985
763986
763987
763988
763989
763990
763991
763992
763994
763995
763996
763998
763999
764000
764001
764002
764003
764004
764005
764006
764007
764008
764009
764010
764063
764064
764065
764066
764067
764068
764069
764070
764071
764072
764073
764074
764075
764076
764077
764078
764079
764080
764081
764083
764084
764085
764086
764087
764088
764115
764116
764117
764118
764120
764121
764122
764124
764126
764128
764129
764131
764132
764133
764134
764135
764136
764137
764138
764139
764141
764142
764143
764144
764145
764146
764147
764148
764149
764150
764151
764154
764155
764156
764157
764158
764159
764160
764161
764162
764164
764193
764196
764197
764198
764199
764200
764201
764202
764203
764204
764205
764206
764207
764209
764210
764211
764212
764213
764215
764217
764219
764220
764221
764224
764226
764228
764229
764230
764231
764232
764235
764236
764237
764240
764243
764244
764246
764247
764248
764249
764252
764253
764254
764255
764256
764257
764258
764259
764260
764262
764263
764264
764265
764266
764267
764268
764269
764271
764272
764273
764274
764275
764276
764277
764279
764280
764282
764283
764284
764286
764287
764288
764289
764291
764292
764294
764295
764296
764323
764324
764325
764326
764327
764328
764329
764330
764331
764332
764333
764334
764335
764337
764339
764340
764341
764342
764344
764345
764346
764347
764401
764402
764403
764404
764405
764407
764408
764409
764410
764417
764418
764420
764422
764423
764424
764425
764426
764427
764428
764430
764431
764432
764436
764437
764439
764442
764449
764451
764452
764479
764480
764481
764482
764483
764484
764486
764487
764488
764489
764490
764491
764492
764493
764494
764495
764496
764497
764498
764499
764500
764501
764502
764503
764504
764531
764532
764533
764534
764535
764536
764537
764538
764539
764540
764541
764542
764543
764544
764545
764546
764547
764548
764549
764550
764551
764552
764553
764554
764555
764556
765599
