764739
764740
764741
764742
764743
764744
764745
764746
764747
764748
764749
764750
764751
764752
764753
764754
764755
764756
764757
764758
764759
764760
764761
764762
764763
764764
764895
764896
764897
764898
764899
764900
764901
764902
764903
764904
764905
764906
764907
764908
764909
764910
764911
764912
764913
764914
764915
764916
764917
764918
764919
764920
765025
765026
765027
765028
765029
765030
765031
765032
765033
765034
765035
765036
765037
765038
765039
765040
765041
765042
765043
765044
765045
765046
765047
765048
765049
765050
765077
765078
765079
765080
765081
765082
765083
765084
765085
765086
765087
765088
765089
765090
765091
765092
765093
765094
765095
765096
765097
765098
765099
765100
765101
765102
765181
765182
765183
765184
765185
765186
765187
765188
765189
765190
765191
765192
765193
765194
765195
765196
765197
765198
765199
765200
765201
765202
765203
765204
765205
765206
765259
765260
765261
765262
765263
765264
765265
765266
765267
765268
765269
765270
765271
765272
765273
765274
765275
765276
765277
765278
765279
765280
765281
765282
765283
765284
765311
765312
765313
765314
765315
765316
765317
765318
765319
765320
765321
765322
765323
765324
765325
765326
765327
765328
765329
765330
765331
765332
765333
765334
765335
765336
765340
765341
765342
765343
765344
765345
765346
765347
765348
765349
765350
765351
765352
765353
765354
765355
765356
765357
765358
765359
765360
765361
765362
765389
765390
765391
765392
765393
765394
765395
765396
765397
765398
765399
765400
765401
765402
765403
765404
765405
765406
765407
765408
765409
765410
765411
765412
765413
765414
765415
765416
765417
765418
765419
765420
765421
765422
765423
765424
765425
765426
765427
765428
765429
765430
765431
765432
765433
765434
765435
765436
765437
765438
765439
765440
765493
765494
765495
765496
765497
765498
765499
765500
765501
765502
765503
765504
765505
765506
765507
765508
765509
765510
765511
765512
765513
765514
765515
765516
765517
765518
765545
765546
765547
765548
765549
765550
765551
765552
765553
765554
765555
765556
765557
765558
765559
765560
765561
765562
765563
765564
765565
765566
765567
765568
765569
765570
765597
765598
765600
765601
765602
765603
765604
765605
765606
765607
765608
765609
765610
765611
765612
765613
765614
765615
765616
765617
765618
765619
765620
765621
765622
765675
765676
765677
765678
765679
765680
765681
765682
765683
765684
765685
765686
765687
765688
765689
765690
765691
765692
765693
765694
765695
765696
765697
765698
765699
765700
765779
765780
765781
765782
765783
765784
765785
765786
765787
765788
765789
765790
765791
765792
765793
765794
765795
765796
765797
765798
765799
765800
765801
765802
765803
765804
765805
765806
765807
765808
765809
765810
765811
765812
765813
765814
765815
765816
765817
765818
765819
765820
765821
765822
765823
765824
765825
765826
765827
765828
765829
765830
765857
765858
765859
765860
765861
765862
765863
765864
765865
765866
765867
765868
765869
765870
765871
765872
765873
765874
765875
765876
765877
765878
765879
765880
765881
765882
765987
765988
765989
765990
765991
765992
765993
765994
765995
765996
765997
765998
765999
766000
766001
766002
766003
766004
766005
766006
766007
766008
766009
766010
766011
766012
766039
766040
766041
766042
766043
766044
766045
766046
766047
766048
766049
766050
766051
766052
766053
766054
766055
766056
766057
766058
766059
766060
766061
766062
766063
766064
766065
766066
766067
766068
766069
766070
766071
766072
766073
766074
766075
766076
766077
766078
766079
766080
766081
766082
766083
766084
766085
766086
766087
766088
766089
766090
766092
766093
766094
766095
766096
766097
766098
766099
766100
766101
766102
766103
766104
766105
766106
766107
766108
766109
766110
766111
766112
766113
766114
766115
766116
766169
766170
766171
766172
766173
766174
766175
766176
766177
766178
766179
766180
766181
766182
766183
766184
766185
766186
766187
766188
766189
766190
766191
766193
766194
766197
766198
766199
766200
766201
766202
766203
766204
766205
766206
766207
766208
766209
766210
766211
766212
766213
766214
766215
766216
766217
766218
766219
766220
766221
766222
766224
766225
766226
766227
766228
766229
766230
766231
766232
766233
766234
766235
766236
766237
766238
766239
766240
766241
766242
766243
766244
766245
766246
766273
766274
766275
766276
766277
766278
766279
766280
766281
766282
766283
766284
766285
766286
766287
766288
766289
766290
766291
766292
766293
766294
766295
766296
766297
766298
766325
766326
766327
766328
766329
766330
766331
766332
766333
766334
766335
766336
766337
766338
766339
766340
766341
766342
766343
766344
766345
766346
766347
766348
766349
766350
766403
766404
766405
766406
766407
766408
766409
766410
766411
766412
766413
766414
766415
766416
766417
766418
766419
766420
766421
766422
766423
766424
766425
766426
766427
766428
766429
766430
766431
766432
766433
766434
766435
766436
766437
766438
766439
766440
766441
766442
766443
766444
766445
766446
766447
766448
766449
766450
766451
766452
766453
766454
766507
766508
766509
766510
766511
766512
766513
766514
766515
766516
766517
766518
766519
766520
766521
766522
766523
766524
766525
766526
766527
766528
766529
766530
766531
766532
766533
766534
766535
766536
766537
766539
766540
766541
766542
766543
766544
766545
766546
766547
766548
766549
766550
766551
766552
766553
766554
766555
766556
766557
766558
766559
766560
766562
766564
766565
766566
766567
766568
766569
766570
766571
766572
766573
766574
766575
766576
766577
766578
766579
766580
766581
766582
766583
766584
766637
766638
766639
766640
766641
766642
766643
766644
766645
766646
766647
766648
766649
766650
766651
766652
766653
766654
766655
766656
766657
766658
766659
766660
766661
766662
766663
766664
766665
766667
766668
766669
766670
766671
766672
766673
766674
766675
766676
766677
766678
766679
766680
766681
766682
766683
766684
766685
766686
766687
766688
766689
766690
766691
766693
766694
766695
766696
766697
766698
766699
766700
766701
766702
766703
766704
766705
766706
766707
766708
766709
766710
766711
766712
766713
766714
766819
766820
766821
766822
766823
766824
766825
766826
766827
766828
766829
766830
766831
766832
766833
766834
766835
766836
766837
766838
766839
766840
766841
766842
766843
766844
766923
766924
766925
766926
766927
766928
766929
766930
766931
766932
766933
766934
766935
766936
766937
766938
766939
766940
766941
766942
766943
766944
766945
766946
766947
766948
766975
766976
766977
766978
766979
766980
766981
766982
766983
766984
766985
766986
766987
766988
766989
766990
766991
766992
766993
766994
766995
766996
766997
766998
766999
767000
767105
767106
767107
767108
767109
767110
767111
767112
767113
767114
767115
767116
767117
767118
767119
767120
767121
767122
767123
767124
767125
767126
767127
767128
767129
767130
767131
767133
767134
767135
767136
767137
767138
767139
767140
767141
767142
767143
767144
767145
767146
767147
767148
767149
767150
767151
767152
767153
767154
767155
767156
767235
767236
767237
767238
767239
767240
767241
767242
767243
767244
767245
767246
767247
767248
767249
767250
767251
767252
767253
767254
767255
767256
767257
767258
767259
767260
767262
767263
767264
767265
767266
767267
767268
767269
767270
767271
767272
767273
767274
767275
767276
767277
767278
767279
767280
767281
767282
767283
767284
767285
767286
767313
767314
767315
767316
767317
767318
767319
767320
767321
767322
767323
767324
767325
767326
767327
767328
767329
767330
767331
767332
767333
767334
767335
767336
767337
767338
767365
767366
767367
767368
767369
767370
767371
767372
767373
767374
767375
767376
767377
767378
767379
767380
767381
767382
767383
767384
767385
767386
767387
767388
767389
767390
767391
767392
767393
767394
767395
767396
767397
767398
767399
767400
767401
767402
767403
767404
767405
767406
767407
767408
767409
767410
767411
767412
767413
767414
767415
767416
767495
767496
767497
767498
767499
767500
767501
767502
767503
767504
767505
767506
767507
767508
767509
767510
767511
767512
767513
767514
767515
767516
767517
767518
767519
767520
767547
767548
767549
767550
767551
767552
767553
767554
767555
767556
767557
767558
767559
767560
767561
767562
767563
767564
767565
767566
767567
767568
767569
767570
767571
767572
767573
767574
767575
767576
767577
767578
767579
767580
767581
767582
767583
767585
767586
767588
767589
767590
767591
767592
767593
767594
767595
767596
767597
767598
767651
767652
767653
767654
767655
767656
767657
767658
767659
767660
767661
767662
767663
767664
767665
767666
767667
767668
767669
767670
767671
767672
767673
767674
767675
767676
767781
767782
767783
767784
767785
767786
767787
767788
767789
767790
767791
767792
767793
767794
767795
767796
767797
767798
767799
767800
767801
767802
767803
767804
767805
767806
767833
767834
767835
767836
767837
767838
767839
767840
767841
767842
767843
767844
767845
767846
767847
767848
767849
767850
767851
767852
767853
767854
767855
767856
767857
767858
767885
767886
767887
767888
767889
767890
767891
767892
767893
767894
767895
767896
767897
767898
767899
767900
767901
767902
767903
767904
767905
767906
767907
767908
767909
767910
767911
767912
767913
767914
767915
767916
767917
767918
767919
767920
767921
767922
767923
767924
767925
767926
767927
767928
767929
767930
767931
767932
767933
767934
767935
767936
767937
767938
767939
767940
767941
767942
767943
767944
767945
767946
767947
767948
767949
767950
767951
767952
767953
767954
767955
767956
767957
767958
767959
767960
767961
767962
767963
767964
767965
767966
767967
767968
767969
767970
767971
767972
767973
767974
767975
767976
767977
767978
767979
767980
767981
767982
767983
767984
767985
767986
767987
767988
768093
768094
768095
768096
768097
768098
768099
768100
768101
768102
768103
768104
768105
768106
768107
768108
768109
768110
768111
768112
768113
768114
768115
768116
768117
768118
768145
768146
768147
768148
768149
768150
768151
768152
768153
768154
768155
768156
768157
768158
768159
768160
768161
768162
768163
768164
768165
768166
768167
768168
768169
768170
768197
768198
768199
768200
768201
768202
768203
768204
768205
768206
768207
768208
768209
768210
768211
768212
768213
768214
768215
768216
768217
768218
768219
768220
768221
768222
768249
768250
768251
768252
768253
768254
768255
768256
768257
768258
768259
768260
768261
768262
768263
768264
768265
768266
768267
768268
768269
768270
768271
768272
768273
768274
768276
768277
768281
768283
768284
768285
768286
768287
768288
768289
768290
768291
768292
768293
768294
768295
768296
768297
768298
768299
768300
768301
768302
768304
768305
768306
768307
768308
768309
768310
768311
768312
768313
768314
768315
768316
768317
768318
768319
768320
768321
768322
768323
768324
768325
768326
768327
768328
768329
768330
768331
768332
768333
768334
768335
768336
768337
768338
768339
768340
768341
768342
768343
768344
768345
768346
768347
768348
768349
768350
768351
768352
768353
768354
768355
768357
768358
768359
768360
768361
768362
768363
768364
768365
768366
768367
768368
768369
768370
768371
768372
768373
768374
768375
768376
768377
768378
768379
768380
768382
768383
768384
768385
768386
768387
768388
768389
768390
768391
768392
768393
768394
768395
768396
768397
768398
768399
768400
768401
768402
768403
768404
768405
768406
768407
768408
768410
768411
768412
768413
768414
768415
768416
768417
768418
768419
768420
768421
768422
768423
768424
768425
768426
768427
768428
768429
768430
768483
768484
768485
768486
768487
768488
768489
768490
768491
768492
768493
768494
768495
768496
768497
768498
768499
768500
768501
768502
768503
768504
768505
768506
768507
768508
768510
768511
768512
768513
768514
768515
768516
768517
768518
768519
768520
768521
768522
768523
768524
768525
768526
768527
768528
768529
768530
768531
768532
768533
768534
768535
768536
768537
768538
768539
768540
768541
768542
768543
768544
768545
768546
768547
768548
768549
768550
768551
768552
768553
768554
768555
768556
768557
768558
768559
768560
768561
768564
768565
768566
768567
768568
768569
768570
768571
768572
768573
768574
768575
768576
768577
768578
768579
768580
768581
768582
768583
768584
768585
768586
768639
768640
768641
768642
768643
768644
768645
768646
768647
768648
768649
768650
768651
768652
768653
768654
768655
768656
768657
768658
768659
768660
768661
768662
768663
768664
768873
768874
768875
768876
768877
768878
768879
768880
768881
768882
768883
768884
768885
768886
768887
768888
768889
768890
768891
768892
768893
768894
768895
768896
768897
768898
768925
768926
768927
768928
768929
768930
768931
768932
768933
768934
768935
768936
768937
768938
768939
768940
768941
768942
768943
768944
768945
768946
768947
768948
768949
768950
768952
768953
768954
768955
768956
768957
768958
768959
768960
768961
768962
768963
768964
768965
768966
768967
768968
768969
768970
768971
768972
768973
768974
768975
768976
769003
769004
769005
769006
769007
769008
769009
769010
769011
769012
769013
769014
769015
769016
769017
769018
769019
769020
769021
769022
769023
769024
769025
769026
769027
769028
769030
769031
769033
769034
769035
769036
769037
769038
769039
769040
769041
769042
769043
769044
769045
769046
769047
769048
769049
769050
769051
769052
769053
769054
769057
769058
769059
769060
769061
769062
769063
769064
769065
769066
769067
769068
769069
769070
769071
769072
769073
769074
769075
769076
769077
769078
769079
769080
769081
769082
769083
769084
769085
769086
769087
769088
769089
769090
769091
769092
769093
769094
769095
769096
769097
769098
769099
769100
769101
769102
769103
769104
769105
769106
769107
769108
769109
769110
769111
769112
769113
769114
769115
769117
769118
769119
769120
769121
769122
769123
769124
769125
769126
769127
769128
769129
769130
769131
769132
769185
769186
769187
769188
769189
769190
769191
769192
769193
769194
769195
769196
769197
769198
769199
769200
769201
769202
769203
769204
769205
769206
769207
769208
769209
769210
769212
769213
769215
769216
769217
769218
769219
769220
769221
769222
769223
769224
769225
769226
769227
769228
769229
769230
769231
769232
769233
769234
769235
769236
769289
769290
769291
769292
769293
769294
769295
769296
769297
769298
769299
769300
769301
769302
769303
769304
769305
769306
769307
769308
769309
769310
769311
769312
769313
769314
769341
769343
769344
769345
769346
769347
769348
769349
769350
769351
769352
769353
769354
769355
769356
769357
769358
769359
769360
769361
769362
769363
769364
769365
769366
769419
769420
769421
769422
769423
769424
769425
769426
769427
769428
769429
769430
769431
769432
769433
769434
769435
769436
769437
769438
769439
769440
769441
769442
769443
769444
769497
769498
769499
769500
769501
769502
769503
769504
769505
769506
769507
769508
769509
769510
769511
769512
769513
769514
769515
769516
769517
769518
769519
769520
769521
769522
769549
769550
769551
769552
769553
769554
769555
769556
769557
769558
769559
769560
769561
769562
769563
769564
769565
769566
769567
769568
769569
769570
769571
769572
769573
769574
769576
769577
769578
769579
769580
769581
769582
769584
769585
769586
769587
769588
769589
769590
769591
769592
769593
769594
769595
769596
769597
769598
769599
769600
769653
769654
769655
769656
769657
769658
769659
769660
769661
769662
769663
769664
769665
769666
769667
769668
769669
769670
769671
769672
769673
769674
769675
769676
769677
769678
769861
769862
769863
769864
769865
769866
769867
769868
769869
769870
769871
769872
769873
769874
769875
769876
769877
769878
769879
769880
769881
769882
769883
769884
769885
769886
769887
769888
769889
769890
769892
769893
769894
769895
769896
769897
769898
769899
769900
769901
769902
769903
769904
769905
769906
769907
769908
769909
769911
769912
769913
769915
769916
769917
769918
769919
769920
769921
769922
769923
769924
769925
769926
769927
769928
769929
769930
769931
769932
769933
769934
769935
769936
769937
769938
769991
769992
769993
769994
769995
769996
769997
769998
769999
770000
770001
770002
770003
770004
770005
770006
770007
770008
770009
770010
770011
770012
770013
770014
770015
770016
770069
770070
770071
770072
770073
770074
770075
770076
770077
770078
770079
770080
770081
770082
770083
770084
770085
770086
770087
770088
770089
770090
770091
770092
770093
770094
770097
770098
770099
770100
770101
770102
770103
770104
770105
770106
770107
770108
770109
770110
770111
770112
770113
770114
770115
770116
770117
770118
770119
770120
770147
770148
770149
770150
770151
770152
770153
770154
770155
770156
770157
770158
770159
770160
770161
770162
770163
770164
770165
770166
770167
770168
770169
770170
770171
770172
770303
770304
770305
770306
770307
770308
770309
770310
770311
770312
770313
770314
770315
770316
770317
770318
770319
770320
770321
770322
770323
770324
770325
770326
770327
770328
770329
770330
770331
770332
770333
770334
770335
770336
770337
770338
770339
770340
770341
770342
770343
770344
770345
770346
770347
770348
770349
770350
770351
770352
770353
770354
770355
770356
770357
770358
770359
770360
770361
770362
770363
770364
770365
770366
770367
770368
770369
770370
770371
770372
770373
770374
770375
770376
770377
770378
770379
770380
770381
770382
770383
770384
770385
770386
770387
770388
770389
770390
770391
770392
770393
770394
770395
770396
770397
770398
770399
770400
770401
770402
770403
770404
770405
770406
770408
770409
770410
770411
770412
770413
770414
770415
770416
770417
770418
770419
770420
770421
770422
770423
770424
770425
770426
770427
770428
770429
770430
770431
770432
770433
770434
770435
770436
770437
770438
770439
770440
770441
770442
770443
770444
770445
770446
770447
770448
770449
770450
770451
770452
770453
770454
770455
770456
770457
770458
770459
770460
770461
770462
770463
770464
770465
770466
770467
770468
770469
770470
770471
770472
770473
770474
770475
770476
770477
770478
770479
770480
770481
770482
770483
770484
770511
770512
770513
770514
770515
770516
770517
770518
770519
770520
770521
770522
770523
770524
770525
770526
770527
770528
770529
770530
770531
770532
770533
770534
770535
770536
770563
770564
770565
770566
770567
770568
770569
770570
770571
770572
770573
770574
770575
770576
770577
770578
770579
770580
770581
770582
770583
770584
770585
770586
770587
770588
770615
770616
770617
770618
770619
770620
770621
770622
770623
770624
770625
770626
770627
770628
770629
770630
770631
770632
770633
770634
770635
770636
770637
770638
770639
770640
770641
770642
770643
770644
770645
770646
770647
770648
770649
770650
770651
770652
770653
770654
770655
770656
770657
770658
770659
770660
770661
770662
770663
770664
770665
770666
770693
770694
770695
770696
770697
770698
770699
770700
770701
770702
770703
770704
770705
770706
770707
770708
770709
770710
770711
770712
770713
770714
770715
770716
770717
770718
770720
770721
770722
770723
770724
770725
770726
770727
770728
770729
770730
770731
770732
770733
770734
770735
770736
770737
770738
770739
770740
770741
770742
770743
770744
770745
770746
770747
770748
770749
770750
770751
770752
770753
770754
770755
770756
770757
770758
770759
770760
770761
770762
770763
770764
770765
770766
770767
770768
770769
770770
770797
770798
770799
770800
770801
770802
770803
770804
770805
770806
770807
770808
770809
770810
770811
770812
770813
770814
770815
770816
770817
770818
770819
770820
770821
770822
770824
770825
770826
770827
770828
770829
770830
770831
770832
770833
770834
770835
770836
770837
770838
770839
770840
770841
770842
770843
770844
770845
770846
770847
770848
770901
770902
770903
770904
770905
770906
770907
770908
770909
770910
770911
770912
770913
770914
770915
770916
770917
770918
770919
770920
770921
770922
770923
770924
770925
770926
770928
770929
770930
770931
770932
770933
770934
770935
770936
770937
770938
770939
770940
770941
770942
770943
770944
770945
770946
770947
770948
770949
770950
770951
770952
770953
770954
770955
770956
770957
770958
770959
770960
770961
770962
770963
770964
770965
770966
770967
770968
770969
770970
770971
770972
770973
770974
770975
770976
770977
770978
770979
770980
770981
770982
770983
770984
770985
770986
770987
770990
770992
770993
770994
770995
770996
770997
770998
770999
771000
771001
771002
771004
771031
771032
771033
771034
771035
771036
771038
771039
771040
771041
771042
771043
771044
771045
771046
771047
771048
771049
771050
771051
771052
771053
771054
771055
771056
771058
771059
771060
771063
771065
771066
771067
771069
771070
771072
771074
771075
771076
771077
771079
771081
771082
771109
771110
771111
771113
771114
771116
771117
771118
771119
771120
771121
771122
771123
771124
771125
771126
771127
771128
771129
771131
771132
771133
771134
771136
771138
771142
771143
771144
771145
771146
771147
771148
771149
771150
771151
771152
771154
771155
771157
771158
771159
771160
771161
771162
771163
771164
771166
771167
771168
771169
771170
771172
771173
771174
771176
771177
771178
771180
771182
771183
771184
771185
771186
771187
771188
771189
771191
771193
771194
771195
771196
771197
771198
771199
771200
771201
771202
771203
771204
771205
771206
771207
771208
771209
771210
771211
771212
771240
771242
771243
771246
771249
771252
771255
771256
771257
771258
771259
771260
771261
771262
771263
771264
771265
771266
771269
771270
771271
771272
771274
771276
771277
771278
771280
771281
771282
771283
771284
771285
771286
771287
771288
771289
771290
771291
771292
771293
771294
771295
771297
771298
771299
771300
771301
771304
771305
771306
771307
771308
771309
771310
771311
771312
771313
771314
771315
771316
771395
771396
771397
771398
771399
771400
771401
771403
771404
771405
771406
771407
771408
771409
771410
771411
771412
771413
771414
771415
771416
771417
771418
771419
771420
771421
771422
771423
771427
771428
771429
771430
771432
771433
771435
771436
771437
771438
771439
771440
771441
771442
771443
771444
771445
771446
771473
771474
771475
771476
771477
771478
771479
771480
771481
771482
771483
771484
771486
771487
771488
771489
771490
771491
