771492
771493
771494
771495
771496
771497
771498
771500
771501
771502
771503
771504
771505
771506
771507
771508
771509
771510
771511
771512
771513
771514
771515
771516
771517
771518
771519
771520
771521
771522
771523
771524
771525
771526
771528
771529
771530
771531
771532
771533
771534
771535
771536
771537
771538
771539
771540
771541
771542
771543
771544
771545
771546
771547
771548
771549
771550
771629
771630
771631
771632
771633
771634
771635
771636
771637
771638
771639
771640
771641
771642
771643
771644
771645
771646
771647
771648
771649
771650
771651
771652
771653
771654
771681
771682
771683
771684
771685
771686
771687
771688
771689
771691
771692
771693
771694
771695
771696
771697
771698
771699
771700
771701
771702
771704
771705
771706
771707
771708
771709
771710
771711
771712
771713
771714
771715
771716
771717
771718
771719
771720
771721
771722
771723
771724
771725
771726
771727
771728
771729
771730
771731
771732
771733
771734
771735
771736
771737
771738
771739
771740
771741
771742
771743
771744
771745
771746
771747
771748
771749
771750
771751
771752
771753
771754
771755
771756
771757
771758
771785
771786
771787
771788
771789
771790
771791
771792
771793
771794
771795
771796
771797
771798
771799
771800
771801
771802
771803
771804
771805
771806
771807
771808
771809
771810
771863
771864
771865
771866
771867
771868
771869
771870
771871
771872
771873
771874
771875
771876
771877
771878
771879
771880
771881
771882
771883
771884
771885
771886
771887
771888
771915
771916
771917
771918
771919
771920
771921
771922
771923
771924
771925
771926
771927
771928
771929
771930
771931
771932
771933
771934
771935
771936
771937
771938
771939
771940
771941
771942
771943
771944
771945
771946
771947
771948
771949
771950
771951
771952
771953
771954
771955
771956
771957
771958
771959
771960
771961
771962
771963
771964
771965
771966
771967
771968
771969
771970
771971
771972
771973
771974
771975
771976
771977
771978
771979
771980
771981
771982
771983
771984
771985
771986
771987
771988
771989
771990
771991
771992
772071
772072
772073
772074
772075
772076
772077
772078
772079
772080
772081
772082
772083
772084
772085
772086
772087
772088
772089
772090
772091
772092
772093
772094
772095
772096
772123
772124
772125
772126
772127
772128
772129
772130
772131
772132
772133
772134
772135
772136
772137
772138
772139
772140
772141
772142
772143
772144
772145
772146
772147
772148
772149
772150
772151
772152
772153
772154
772155
772156
772157
772158
772159
772160
772161
772162
772163
772164
772165
772166
772167
772168
772169
772170
772171
772172
772173
772174
772175
772176
772177
772179
772180
772181
772182
772183
772184
772185
772186
772187
772188
772189
772190
772191
772192
772193
772194
772195
772196
772197
772198
772199
772200
772202
772203
772204
772205
772206
772207
772208
772209
772210
772211
772212
772213
772214
772215
772216
772217
772218
772219
772220
772221
772222
772223
772224
772225
772226
772253
772254
772255
772256
772257
772258
772259
772260
772261
772262
772263
772264
772265
772266
772267
772268
772269
772270
772271
772272
772273
772274
772275
772276
772277
772278
772357
772358
772359
772360
772361
772362
772363
772364
772365
772366
772367
772368
772369
772370
772371
772372
772373
772374
772375
772376
772377
772378
772379
772380
772381
772382
772384
772385
772386
772388
772389
772390
772391
772392
772393
772394
772395
772396
772397
772398
772399
772400
772401
772402
772403
772404
772405
772406
772407
772408
772435
772436
772437
772438
772439
772440
772441
772442
772443
772444
772445
772446
772447
772448
772449
772450
772451
772452
772453
772454
772455
772456
772457
772458
772459
772460
772487
772488
772489
772490
772491
772492
772493
772494
772495
772496
772497
772498
772499
772500
772501
772502
772503
772504
772505
772506
772507
772508
772509
772510
772511
772512
772513
772514
772515
772517
772518
772519
772520
772521
772522
772523
772524
772525
772526
772527
772528
772529
772530
772531
772532
772533
772534
772535
772536
772537
772538
772540
772541
772542
772543
772544
772545
772546
772547
772548
772549
772550
772551
772552
772553
772554
772555
772556
772557
772558
772559
772560
772561
772562
772563
772564
772565
772566
772567
772568
772569
772570
772571
772572
772573
772574
772575
772576
772577
772578
772579
772580
772581
772582
772583
772584
772585
772586
772587
772588
772589
772590
772617
772618
772619
772620
772621
772622
772623
772624
772625
772626
772627
772628
772629
772630
772631
772632
772633
772634
772635
772636
772637
772638
772639
772640
772641
772642
772669
772670
772671
772672
772673
772674
772675
772676
772677
772678
772679
772680
772681
772682
772683
772684
772685
772686
772687
772688
772689
772690
772691
772692
772693
772694
772695
772696
772697
772698
772700
772701
772702
772703
772704
772705
772706
772707
772708
772709
772710
772711
772712
772713
772714
772715
772716
772717
772718
772719
772720
772721
772722
772723
772724
772725
772726
772727
772728
772729
772730
772731
772732
772733
772734
772735
772736
772737
772738
772739
772740
772741
772742
772743
772744
772745
772746
772747
772748
772749
772750
772751
772752
772753
772754
772755
772756
772757
772758
772759
772760
772761
772762
772763
772764
772765
772766
772767
772768
772769
772770
772771
772772
772773
772774
772775
772776
772777
772778
772779
772780
772781
772782
772783
772784
772785
772786
772787
772788
772789
772790
772791
772792
772793
772794
772795
772796
772797
772798
772851
772852
772853
772854
772855
772856
772857
772858
772859
772860
772861
772862
772864
772865
772866
772867
772868
772869
772870
772871
772872
772873
772874
772875
772876
772877
772879
772881
772882
772883
772884
772885
772886
772887
772888
772889
772890
772891
772892
772893
772894
772895
772896
772897
772898
772899
772900
772901
772902
772929
772930
772931
772932
772933
772934
772935
772936
772937
772938
772939
772940
772941
772942
772943
772944
772945
772946
772947
772948
772949
772950
772951
772952
772953
772954
772956
772957
772958
772959
772960
772961
772962
772963
772964
772965
772966
772967
772968
772969
772970
772971
772972
772973
772974
772975
772976
772977
772978
772979
772980
773007
773008
773009
773010
773011
773012
773013
773014
773015
773016
773017
773018
773019
773020
773021
773022
773023
773024
773025
773026
773027
773028
773029
773030
773031
773032
773163
773164
773165
773166
773167
773168
773169
773170
773171
773172
773173
773174
773175
773176
773177
773178
773179
773180
773181
773182
773183
773184
773185
773186
773187
773188
773189
773190
773191
773192
773193
773194
773195
773196
773197
773198
773199
773200
773201
773202
773203
773204
773205
773206
773207
773208
773209
773210
773211
773212
773213
773214
773241
773242
773243
773244
773245
773246
773247
773248
773249
773250
773251
773252
773253
773254
773255
773256
773257
773258
773259
773260
773261
773262
773263
773264
773265
773266
773267
773268
773269
773270
773271
773272
773273
773274
773275
773276
773277
773278
773279
773280
773281
773282
773283
773284
773285
773286
773287
773288
773289
773290
773291
773292
773293
773294
773295
773296
773297
773298
773299
773300
773301
773302
773303
773304
773305
773306
773307
773308
773309
773310
773311
773312
773313
773314
773315
773316
773317
773318
773345
773346
773347
773348
773349
773350
773351
773352
773353
773354
773355
773356
773357
773358
773359
773360
773361
773362
773363
773364
773365
773366
773367
773368
773369
773370
773372
773373
773374
773375
773376
773377
773378
773379
773380
773381
773382
773383
773384
773385
773386
773387
773388
773389
773390
773391
773392
773393
773394
773395
773396
773397
773398
773399
773400
773401
773402
773403
773404
773405
773406
773407
773408
773409
773410
773411
773412
773413
773414
773415
773416
773417
773418
773419
773420
773421
773422
773423
773424
773425
773426
773427
773428
773429
773430
773431
773432
773433
773434
773435
773436
773437
773438
773439
773440
773441
773442
773443
773444
773445
773446
773447
773448
773501
773502
773503
773504
773505
773506
773507
773508
773509
773510
773511
773512
773513
773514
773515
773516
773517
773518
773519
773520
773522
773523
773524
773525
773526
773579
773580
773581
773582
773583
773584
773585
773586
773587
773588
773589
773590
773591
773592
773593
773594
773595
773596
773597
773598
773599
773600
773601
773602
773603
773604
773605
773606
773607
773608
773609
773610
773611
773612
773613
773614
773615
773616
773617
773618
773619
773620
773621
773622
773623
773624
773625
773626
773627
773628
773629
773630
773657
773658
773659
773660
773661
773662
773663
773664
773665
773666
773667
773668
773669
773670
773671
773672
773673
773674
773675
773676
773677
773678
773679
773680
773681
773682
773709
773710
773711
773712
773713
773714
773715
773716
773717
773718
773719
773720
773721
773722
773723
773724
773725
773726
773727
773728
773729
773730
773731
773732
773733
773734
773813
773814
773815
773816
773817
773818
773819
773820
773821
773822
773823
773824
773825
773826
773827
773828
773829
773830
773831
773832
773833
773834
773835
773836
773837
773838
773865
773866
773867
773868
773869
773870
773871
773872
773873
773874
773875
773876
773877
773878
773879
773880
773881
773882
773883
773884
773885
773886
773887
773888
773889
773890
773891
773892
773893
773894
773895
773896
773897
773898
773899
773900
773901
773902
773903
773904
773905
773906
773907
773908
773909
773910
773911
773912
773913
773914
773915
773916
773917
773918
773919
773920
773921
773922
773923
773924
773925
773926
773927
773928
773929
773930
773931
773932
773933
773934
773935
773936
773937
773938
773939
773940
773941
773942
773969
773970
773971
773972
773973
773974
773975
773976
773977
773978
773979
773980
773981
773982
773983
773984
773985
773986
773987
773988
773989
773990
773991
773992
773993
773994
773995
773996
773997
773998
773999
774000
774001
774002
774003
774004
774005
774006
774007
774008
774009
774010
774011
774012
774013
774014
774015
774016
774017
774018
774019
774020
774073
774074
774075
774076
774077
774078
774079
774080
774081
774082
774083
774084
774085
774086
774087
774088
774089
774090
774091
774092
774093
774094
774095
774096
774097
774098
774099
774100
774101
774102
774103
774104
774105
774106
774107
774108
774109
774110
774111
774112
774113
774114
774115
774116
774117
774118
774119
774120
774121
774122
774123
774124
774126
774127
774128
774129
774130
774131
774132
774133
774134
774135
774136
774137
774138
774139
774140
774141
774142
774143
774144
774145
774146
774147
774148
774149
774150
774177
774178
774179
774180
774181
774182
774183
774184
774185
774186
774187
774188
774189
774190
774191
774192
774193
774194
774195
774196
774197
774198
774199
774200
774201
774202
774203
774204
774205
774206
774207
774208
774209
774210
774211
774212
774213
774214
774215
774216
774217
774218
774219
774221
774222
774223
774224
774225
774226
774227
774228
774229
774230
774231
774232
774233
774234
774235
774237
774238
774239
774240
774241
774242
774243
774244
774245
774247
774248
774249
774250
774251
774252
774253
774254
774333
774334
774335
774336
774337
774338
774339
774340
774341
774342
774343
774344
774345
774346
774347
774348
774349
774350
774351
774352
774353
774354
774355
774356
774357
774358
774385
774386
774387
774388
774389
774390
774391
774392
774393
774394
774395
774396
774397
774398
774399
774400
774401
774402
774403
774404
774405
774406
774407
774408
774409
774410
774437
774438
774439
774440
774441
774442
774443
774444
774445
774446
774447
774448
774449
774450
774451
774452
774453
774454
774455
774456
774457
774458
774459
774460
774461
774462
774463
774464
774465
774466
774467
774468
774469
774470
774471
774472
774473
774474
774475
774476
774477
774478
774479
774480
774481
774482
774483
774484
774485
774486
774487
774488
774541
774542
774543
774544
774545
774546
774547
774548
774549
774550
774551
774552
774553
774554
774555
774556
774557
774558
774559
774560
774561
774562
774563
774564
774565
774566
774567
774568
774569
774570
774571
774572
774573
774574
774575
774576
774577
774578
774579
774580
774581
774582
774583
774584
774585
774586
774587
774588
774589
774590
774591
774592
774593
774595
774596
774597
774598
774599
774600
774601
774602
774603
774604
774605
774606
774607
774608
774609
774610
774611
774612
774613
774614
774615
774616
774617
774618
774671
774672
774673
774674
774675
774676
774677
774678
774679
774680
774681
774682
774683
774684
774685
774686
774687
774688
774689
774690
774691
774692
774693
774694
774695
774696
774697
774698
774699
774700
774701
774702
774703
774704
774705
774706
774707
774708
774709
774710
774711
774712
774713
774714
774715
774716
774717
774718
774719
774720
774721
774722
774749
774750
774751
774752
774753
774754
774755
774756
774757
774758
774759
774760
774761
774762
774763
774764
774765
774766
774767
774768
774769
774770
774771
774772
774773
774774
774775
774776
774777
774778
774779
774780
774781
774782
774783
774784
774785
774787
774788
774789
774790
774791
774792
774793
774794
774795
774796
774797
774798
774799
774800
774801
774802
774804
774805
774806
774808
774809
774810
774811
774812
774813
774814
774815
774816
774817
774818
774819
774820
774821
774822
774823
774824
774825
774826
774853
774854
774855
774856
774857
774858
774859
774860
774861
774862
774863
774864
774865
774866
774867
774868
774869
774870
774871
774872
774873
774874
774875
774876
774877
774878
774879
774880
774881
774882
774883
774884
774885
774886
774887
774888
774889
774890
774891
774892
774893
774894
774895
774896
774897
774898
774899
774900
774901
774902
774903
774904
774906
774907
774908
774909
774910
774911
774912
774913
774914
774915
774916
774917
774918
774919
774920
774921
774922
774923
774924
774925
774926
774927
774928
774929
774930
774957
774958
774959
774960
774961
774962
774963
774964
774965
774966
774967
774968
774969
774970
774971
774972
774973
774974
774975
774976
774977
774978
774979
774980
774981
774982
775009
775010
775011
775012
775013
775014
775015
775016
775017
775018
775019
775020
775021
775022
775023
775024
775025
775026
775027
775028
775029
775030
775031
775033
775034
775061
775062
775063
775064
775065
775066
775067
775068
775069
775070
775071
775072
775073
775074
775075
775076
775077
775078
775079
775080
775081
775082
775083
775084
775085
775086
775087
775089
775091
775092
775093
775094
775095
775096
775097
775098
775099
775100
775101
775102
775103
775104
775105
775106
775107
775108
775109
775110
775111
775112
775116
775117
775118
775119
775120
775121
775123
775124
775125
775126
775127
775128
775129
775130
775131
775132
775133
775134
775135
775136
775137
775138
775191
775192
775193
775194
775195
775196
775197
775198
775199
775200
775201
775202
775203
775204
775205
775206
775207
775208
775209
775210
775211
775212
775213
775214
775215
775216
775217
775218
775219
775220
775221
775222
775223
775224
775225
775226
775227
775228
775229
775230
775231
775232
775234
775235
775236
775237
775238
775239
775240
775241
775242
775243
775244
775246
775248
775249
775250
775251
775252
775253
775254
775255
775256
775257
