775258
775259
775260
775261
775262
775263
775264
775265
775266
775267
775268
775270
775271
775272
775273
775274
775275
775276
775277
775278
775279
775280
775281
775282
775283
775284
775285
775286
775287
775288
775289
775290
775291
775292
775293
775294
775296
775297
775298
775299
775300
775301
775302
775303
775304
775305
775306
775307
775308
775309
775310
775311
775312
775313
775314
775315
775316
775317
775318
775319
775320
775321
775322
775323
775324
775325
775326
775327
775328
775329
775330
775331
775332
775333
775334
775335
775336
775337
775338
775339
775340
775341
775342
775343
775344
775345
775346
775399
775400
775401
775402
775403
775404
775405
775406
775407
775408
775409
775410
775411
775412
775413
775414
775415
775416
775417
775418
775419
775420
775421
775422
775423
775424
775426
775427
775428
775429
775430
775431
775432
775433
775434
775435
775436
775437
775438
775439
775440
775441
775442
775443
775444
775445
775446
775447
775448
775449
775450
775477
775478
775479
775480
775481
775482
775483
775484
775485
775487
775488
775489
775490
775491
775492
775493
775494
775495
775496
775497
775498
775499
775500
775501
775502
775503
775504
775505
775506
775507
775508
775509
775510
775511
775512
775513
775514
775515
775516
775517
775518
775519
775520
775521
775522
775523
775524
775525
775526
775527
775528
775529
775530
775531
775532
775533
775534
775535
775536
775537
775538
775539
775540
775541
775542
775543
775544
775545
775546
775547
775548
775549
775550
775551
775552
775553
775554
775607
775608
775609
775610
775611
775612
775613
775614
775615
775616
775617
775618
775619
775620
775621
775622
775623
775624
775625
775626
775627
775628
775629
775630
775631
775632
775659
775660
775661
775662
775663
775664
775665
775666
775667
775668
775669
775670
775671
775672
775673
775674
775675
775676
775677
775678
775679
775680
775681
775682
775683
775684
775711
775712
775713
775714
775715
775716
775717
775718
775719
775720
775721
775722
775723
775724
775725
775726
775727
775728
775729
775730
775731
775732
775733
775734
775735
775736
775763
775764
775765
775766
775767
775768
775769
775770
775771
775772
775773
775774
775775
775776
775777
775778
775779
775780
775781
775782
775783
775784
775785
775786
775787
775788
775789
775790
775791
775792
775793
775794
775795
775796
775797
775798
775799
775800
775801
775802
775803
775804
775805
775806
775807
775808
775809
775810
775811
775812
775813
775814
775815
775817
775818
775819
775820
775821
775822
775823
775824
775825
775826
775827
775828
775829
775830
775831
775832
775833
775834
775835
775836
775837
775838
775839
775840
775841
775842
775843
775844
775845
775846
775847
775848
775849
775850
775851
775852
775853
775854
775855
775856
775857
775858
775859
775860
775861
775862
775863
775864
775865
775866
775867
775868
775869
775870
775871
775872
775873
775874
775875
775876
775877
775878
775879
775880
775881
775882
775883
775884
775885
775886
775887
775888
775889
775890
775891
775892
775919
775920
775921
775922
775923
775924
775925
775926
775927
775928
775929
775930
775931
775932
775933
775934
775935
775936
775937
775938
775939
775940
775941
775942
775943
775944
775971
775972
775973
775974
775975
775976
775977
775978
775979
775980
775981
775982
775983
775984
775985
775986
775987
775988
775989
775990
775991
775992
775993
775994
775995
775996
775997
775998
776000
776001
776002
776003
776004
776005
776006
776007
776008
776009
776010
776011
776012
776013
776014
776015
776016
776017
776018
776019
776020
776021
776022
776127
776128
776129
776130
776131
776132
776133
776134
776135
776136
776137
776138
776139
776140
776141
776142
776143
776144
776145
776146
776147
776148
776149
776150
776151
776152
776205
776206
776207
776208
776209
776210
776211
776212
776213
776214
776215
776216
776217
776218
776219
776220
776221
776222
776223
776224
776225
776226
776227
776228
776229
776230
776232
776233
776234
776235
776236
776237
776238
776239
776240
776241
776242
776243
776244
776245
776246
776247
776248
776249
776250
776251
776252
776253
776254
776255
776256
776283
776284
776285
776286
776287
776288
776289
776290
776291
776292
776293
776294
776295
776296
776297
776298
776299
776300
776301
776302
776303
776304
776305
776306
776307
776308
776335
776336
776337
776338
776339
776340
776341
776342
776343
776344
776345
776346
776347
776348
776349
776350
776351
776352
776353
776354
776355
776356
776357
776358
776359
776360
776364
776365
776366
776367
776368
776369
776370
776371
776372
776373
776374
776375
776376
776377
776378
776379
776380
776381
776382
776383
776384
776385
776386
776387
776388
776389
776390
776391
776392
776393
776394
776395
776396
776397
776398
776399
776400
776401
776402
776403
776404
776405
776406
776407
776408
776409
776410
776411
776412
776465
776466
776467
776468
776469
776470
776471
776472
776473
776474
776475
776476
776478
776479
776480
776481
776482
776483
776484
776485
776486
776487
776489
776490
776491
776492
776493
776494
776495
776496
776497
776498
776499
776500
776501
776502
776503
776504
776505
776506
776507
776508
776509
776510
776511
776512
776513
776514
776515
776516
776518
776519
776520
776521
776522
776523
776524
776525
776526
776527
776528
776529
776530
776531
776532
776533
776534
776535
776536
776537
776538
776539
776540
776541
776542
