776647
776648
776649
776650
776651
776652
776653
776654
776655
776656
776657
776658
776659
776660
776661
776662
776663
776664
776665
776666
776667
776668
776669
776670
776671
776672
776673
776674
776675
776676
776677
776678
776679
776680
776681
776682
776683
776684
776685
776686
776687
776688
776689
776690
776691
776692
776693
776694
776695
776696
776697
776698
776751
776752
776753
776754
776755
776756
776757
776758
776759
776760
776761
776762
776763
776764
776765
776766
776767
776768
776769
776771
776772
776773
776774
776775
776776
776803
776804
776805
776806
776807
776808
776809
776810
776811
776812
776813
776814
776815
776816
776817
776818
776819
776820
776821
776822
776823
776824
776825
776826
776827
776828
776933
776934
776935
776936
776937
776938
776939
776940
776941
776942
776943
776944
776945
776946
776947
776948
776949
776950
776951
776952
776953
776954
776955
776956
776957
776958
776960
776961
776962
776963
776964
776965
776966
776967
776968
776969
776970
776971
776972
776973
776974
776975
776976
776977
776978
776979
776980
776981
776982
776983
776984
777037
777038
777039
777040
777041
777042
777043
777044
777045
777046
777047
777048
777049
777050
777051
777052
777053
777054
777055
777056
777057
777058
777059
777060
777061
777062
777063
777064
777065
777066
777067
777068
777069
777070
777071
777072
777073
777074
777075
777076
777077
777078
777079
777080
777081
777082
777083
777084
777085
777086
777087
777088
777115
777116
777117
777118
777119
777120
777121
777122
777123
777124
777125
777126
777127
777128
777129
777130
777131
777132
777133
777134
777135
777136
777137
777138
777139
777140
777167
777168
777169
777170
777171
777172
777173
777174
777175
777176
777177
777178
777179
777180
777181
777182
777183
777184
777185
777186
777187
777188
777189
777190
777191
777192
777194
777195
777196
777197
777198
777199
777200
777201
777202
777203
777204
777205
777206
777207
777208
777209
777210
777211
777212
777213
777214
777215
777216
777217
777218
777245
777246
777247
777248
777249
777250
777251
777252
777253
777254
777255
777256
777257
777258
777259
777260
777261
777262
777263
777264
777265
777266
777267
777268
777269
777270
777271
777272
777273
777274
777275
777276
777277
777278
777279
777280
777281
777282
777283
777284
777285
777286
777287
777288
777289
777290
777291
777292
777293
777294
777295
777296
777375
777376
777377
777378
777379
777380
777381
777382
777383
777384
777385
777386
777387
777388
777389
777390
777391
777392
777393
777394
777395
777396
777397
777398
777399
777400
777401
777402
777403
777404
777405
777406
777407
777408
777409
777410
777411
777412
777413
777414
777415
777416
777417
777418
777419
777420
777421
777422
777423
777424
777425
777426
777505
777506
777507
777508
777509
777510
777511
777512
777513
777514
777515
777516
777517
777518
777519
777520
777521
777522
777523
777524
777525
777526
777527
777528
777529
777530
777557
777558
777559
777560
777561
777562
777563
777564
777565
777566
777567
777568
777569
777570
777571
777572
777573
777574
777575
777576
777577
777578
777579
777580
777581
777582
777583
777584
777585
777586
777587
777588
777589
777590
777591
777592
777593
777594
777595
777596
777597
777598
777599
777600
777601
777602
777603
777604
777605
777606
777607
777608
777609
777610
777611
777612
777613
777614
777615
777616
777617
777618
777619
777620
777621
777622
777623
777624
777625
777626
777627
777628
777629
777630
777631
777632
777633
777634
777687
777688
777689
777690
777691
777692
777693
777694
777695
777696
777697
777698
777699
777700
777701
777702
777703
777704
777705
777706
777707
777708
777709
777710
777711
777712
777739
777740
777741
777742
777743
777744
777745
777746
777747
777748
777749
777750
777751
777752
777753
777754
777755
777756
777757
777758
777759
777760
777761
777762
777763
777764
777817
777818
777819
777820
777821
777822
777823
777824
777825
777826
777827
777828
777829
777830
777831
777832
777833
777834
777835
777836
777837
777838
777839
777840
777841
777842
777843
777844
777845
777846
777847
777848
777849
777850
777851
777852
777853
777854
777855
777856
777857
777858
777859
777860
777861
777862
777863
777864
777865
777866
777867
777868
777869
777871
777872
777873
777874
777875
777876
777877
777878
777879
777880
777881
777882
777883
777884
777885
777886
777887
777888
777889
777890
777891
777892
777893
777894
777921
777922
777923
777924
777925
777926
777927
777928
777929
777930
777931
777932
777933
777934
777935
777936
777937
777938
777939
777940
777941
777942
777943
777944
777945
777946
777947
777948
777949
777950
777951
777952
777953
777954
777955
777956
777957
777958
777959
777960
777961
777962
777963
777964
777965
777966
777967
777968
777969
777970
777971
777972
777976
777977
777978
777979
777980
777981
777982
777983
777984
777985
777986
777987
777988
777989
777990
777991
777992
777993
777994
777995
777996
777997
777998
778025
778026
778027
778028
778029
778030
778031
778032
778033
778034
778035
778036
778037
778038
778039
778040
778041
778042
778043
778044
778045
778046
778047
778048
778049
778050
778053
778054
778055
778056
778057
778058
778059
778060
778061
778062
778063
778064
778065
778066
778067
778068
778069
778070
778071
778072
778073
778074
778075
778076
778129
778130
778131
778132
778133
778134
778135
778136
778137
778138
778139
778140
778141
778142
778143
778144
778145
778146
778147
778148
778149
778150
778151
778152
778153
778154
778155
778156
778157
778158
778159
778160
778161
778162
778163
778164
778165
778166
778167
778168
778169
778170
778171
778172
778173
778174
778175
778176
778177
778178
778179
778180
778233
778234
778235
778236
778237
778238
778239
778240
778241
778242
778243
778244
778245
778246
778247
778248
778249
778250
778251
778252
778253
778254
778255
778256
778257
778258
778260
778261
778262
778264
778265
778266
778267
778268
778269
778270
