778271
778272
778273
778274
778275
778276
778277
778278
778279
778280
778281
778282
778283
778284
778363
778364
778365
778366
778367
778368
778369
778370
778371
778372
778373
778374
778375
778376
778377
778378
778379
778380
778381
778382
778383
778384
778385
778386
778387
778388
778493
778494
778495
778496
778497
778498
778499
778500
778501
778502
778503
778504
778505
778506
778507
778508
778509
778510
778511
778512
778513
778514
778515
778516
778517
778518
778520
778522
778523
778524
778525
778526
778527
778528
778529
778530
778531
778532
778533
778534
778535
778536
778537
778538
778539
778540
778541
778542
778543
778544
778546
778549
778550
778551
778552
778553
778554
778555
778556
778557
778558
778559
778560
778561
778562
778563
778564
778565
778566
778567
778568
778569
778570
778597
778598
778599
778600
778601
778602
778603
778604
778605
778606
778607
778608
778609
778610
778611
778612
778613
778614
778615
778616
778617
778618
778619
778620
778621
778622
778701
778702
778703
778704
778705
778706
778707
778708
778709
778710
778711
778712
778713
778714
778715
778716
778717
778718
778719
778720
778721
778722
778723
778724
778725
778726
778727
778728
778729
778730
778731
778732
778733
778734
778735
778736
778737
778738
778739
778740
778741
778742
778743
778744
778745
778746
778747
778748
778749
778750
778751
778752
778753
778754
778755
778757
778759
778760
778761
778762
778763
778764
778765
778766
778767
778768
778769
778770
778771
778772
778773
778774
778775
778776
778777
778778
778779
778780
778783
778784
778785
778786
778787
778788
778789
778790
778791
778792
778793
778794
778795
778796
778797
778798
778799
778800
778801
778802
778803
778804
778805
778807
778808
778809
778810
778811
778812
778813
778814
778815
778816
778817
778818
778819
778820
778821
778822
778823
778824
778825
778826
778827
778828
778829
778830
778832
778833
778834
778835
778836
778837
778838
778839
778840
778841
778842
778843
778844
778845
778846
778847
778848
778849
778850
778851
778852
778853
778854
778855
778856
778859
778860
778861
778862
778863
778864
778865
778866
778867
778868
778869
778870
778871
778872
778873
778874
778875
778876
778877
778878
778879
778880
778881
778882
778883
778885
778887
778888
778889
778890
778891
778892
778893
778894
778895
778896
778897
778898
778899
778900
778901
778902
778903
778904
778905
778906
778907
778908
778910
778911
778913
778914
778915
778916
778917
778918
778919
778920
778921
778922
778923
778924
778925
778926
778927
778928
778929
778930
778931
778932
778933
778934
778961
778962
778963
778964
778965
778966
778967
778968
778969
778970
778971
778972
778973
778974
778975
778976
778977
778978
778979
778980
778981
778982
778983
778984
778985
778986
778987
778988
778989
778990
778991
778992
778993
778994
778995
778996
778997
778998
778999
779000
779001
779002
779003
779004
779005
779006
779007
779008
779009
779010
779011
779012
779065
779066
779067
779068
779069
779070
779071
779072
779073
779074
779075
779076
779077
779078
779079
779080
779081
779082
779083
779084
779085
779086
779087
779088
779089
779090
779091
779092
779093
779094
779095
779096
779097
779098
779099
779100
779101
779102
779103
779104
779105
779106
779107
779108
779109
779110
779111
779112
779113
779114
779115
779116
779117
779118
779119
779120
779121
779122
779123
779124
779125
779126
779127
779128
779129
779130
779131
779132
779133
779134
779135
779136
779137
779138
779139
779140
779141
779142
779143
779144
779145
779146
779147
779148
779149
779150
779151
779152
779153
779154
779155
779156
779157
779158
779159
779160
779161
779162
779163
779164
779165
779166
779167
779168
779195
779196
779197
779198
779199
779200
779201
779202
779203
779204
779205
779206
779207
779208
779209
779210
779211
779212
779213
779214
779215
779216
779217
779218
779219
779220
779221
779222
779223
779224
779225
779226
779227
779228
779229
779230
779231
779232
779233
779234
779235
779236
779237
779238
779239
779240
779241
779242
779243
779244
779245
779246
779299
779300
779301
779302
779303
779304
779305
779306
779307
779308
779309
779310
779311
779312
779313
779314
779315
779316
779317
779318
779319
779320
779321
779322
779323
779324
779326
779327
779328
779329
779330
779331
779332
779333
779334
779335
779336
779337
779338
779339
779340
779341
779342
779343
779344
779345
779346
779347
779348
779349
779350
779352
779353
779354
779355
779356
779357
779358
779359
779360
779361
779362
779363
779364
779365
779366
779367
779368
779369
779370
779371
779372
779373
779374
779375
779376
779403
779404
779405
779406
779407
779408
779409
779410
779411
779412
779413
779414
779415
779416
779417
779418
779419
779420
779421
779422
779423
779424
779425
779426
779427
779428
779429
779430
779431
779432
779433
779434
779435
779436
779437
779438
779439
779440
779441
779442
779443
779444
779445
779446
779447
779448
779449
779450
779451
779452
779453
779454
779481
779482
779483
779484
779485
779486
779487
779488
779489
779490
779491
779492
779493
779494
779495
779496
779497
779498
779499
779500
779501
779502
779503
779504
779505
779506
779611
779612
779613
779614
779615
779616
779617
779618
779619
779620
779621
779622
779623
779624
779625
779626
779627
779628
779629
779630
779631
779632
779633
779634
779635
779636
779637
779638
779639
779641
779642
779643
779644
779645
779646
779647
779648
779649
779650
779651
779652
779653
779654
779655
779656
779657
779658
779659
779660
779661
779662
779663
779664
779666
779668
779669
779670
779671
779672
779673
779674
779675
779676
779677
779678
779679
779680
779681
779682
779683
779684
779685
779686
779687
779688
779767
779768
779769
779770
779771
779772
779773
779774
779775
779776
779777
779778
779779
779780
779781
779782
779783
779784
779785
779786
779787
779788
779789
779790
779791
779792
779819
779820
779821
779822
779823
779824
779825
779826
779827
779828
779829
779830
779831
779832
779833
779834
779835
779836
779837
779838
779839
779840
779841
779842
779843
779844
780001
780002
780003
780004
780005
780006
780007
780008
780009
780010
780011
780012
780013
780014
780015
780016
780017
780018
780019
780020
780021
780022
780023
780024
780025
780026
780028
780029
780030
780031
780032
780033
780034
780035
780036
780037
780038
780039
780040
780041
780042
780043
780044
780045
780046
780047
780048
780049
780050
780051
780052
780105
780106
780107
780108
780109
780110
780111
780112
780113
780114
780115
780116
780117
780118
780119
780120
780121
780122
780123
780124
780125
780126
780127
780128
780129
780130
780157
780158
780159
780160
780161
780162
780163
780164
780165
780166
780167
780168
780169
780170
780171
780172
780173
780174
780175
780176
780177
780178
780179
780180
780181
780182
780183
780184
780185
780186
780187
780188
780189
780190
780191
780192
780193
780194
780195
780196
780197
780198
780199
780200
780201
780202
780203
780204
780205
780206
780207
780208
780235
780236
780237
780238
780239
780240
780241
780242
780243
780244
780245
780246
780247
780248
780249
780250
780251
780252
780253
780254
780255
780256
780257
780258
780259
780260
780313
780314
780315
780316
780317
780318
780319
780320
780321
780322
780323
780324
780325
780326
780327
780328
780329
780330
780331
780332
780333
780334
780335
780336
780337
780338
780339
780340
780341
780342
780343
780344
780345
780346
780347
780348
780349
780350
780351
780352
780353
780354
780355
780356
780357
780358
780359
780360
780361
780362
780363
780364
780365
780366
780367
780368
780369
780370
780371
780372
780373
780374
780375
780376
780377
780378
780379
780380
780381
780382
780383
780384
780385
780386
780387
780388
780389
780390
780417
780418
780419
780420
780421
780422
780423
780424
780425
780426
780427
780428
780429
780430
780431
780432
780433
780434
780435
780436
780437
780438
780439
780440
780441
780442
780521
780522
780523
780524
780525
780526
780527
780528
780530
780531
780532
780533
780534
780535
780536
780537
780538
780539
780540
780541
780542
780543
780544
780545
780546
780547
780548
780549
780551
780552
780553
780554
780555
780556
780557
780558
780559
780560
780561
780562
780563
780564
780565
780567
780568
780569
780570
780571
780572
780573
780575
780577
780578
780580
780582
780583
780584
780585
780586
780587
780588
780589
780591
780592
780593
780594
780595
780596
780597
