787706
787707
787708
787709
787710
787711
787712
787713
787714
787715
787716
787717
787718
787719
787720
787721
787722
787723
787724
787725
787726
787727
787728
787729
787730
787731
787732
787733
787734
787735
787736
787737
787738
787739
787740
787741
787742
787743
787744
787745
787746
787747
787748
787749
787750
787751
787752
787753
787754
787755
787756
787757
787758
787759
787760
787761
787762
787763
787764
787765
787766
787767
787768
787769
787770
787771
787772
787773
787774
787827
787828
787829
787830
787831
787832
787833
787834
787835
787836
787837
787838
787839
787840
787841
787842
787843
787844
787845
787846
787847
787848
787849
787850
787851
787852
787853
787854
787855
787856
787857
787858
787859
787860
787861
787862
787863
787864
787865
787866
787867
787868
787869
787870
787871
787872
787873
787874
787875
787876
787877
787878
787879
787880
787881
787882
787883
787884
787885
787886
787887
787888
787889
787890
787891
787892
787893
787894
787895
787896
787897
787898
787899
787900
787901
787902
787903
787904
787905
787907
787908
787909
787910
787911
787912
787913
787914
787915
787916
787917
787918
787919
787920
787921
787922
787923
787924
787925
787926
787927
787928
787929
787930
787931
787932
787933
787934
787935
787936
787937
787938
787939
787940
787941
787942
787943
787944
787945
787946
787947
787948
787949
787950
787951
787952
787953
787954
787955
787956
788061
788062
788063
788064
788065
788066
788067
788068
788069
788070
788071
788072
788073
788074
788075
788076
788077
788078
788079
788080
788081
788082
788083
788084
788085
788086
788113
788114
788115
788116
788117
788118
788119
788120
788121
788122
788123
788124
788125
788126
788127
788128
788129
788130
788131
788132
788133
788134
788135
788136
788137
788138
788191
788192
788193
788194
788195
788196
788197
788198
788199
788200
788201
788202
788203
788204
788205
788206
788207
788208
788209
788210
788211
788212
788213
788214
788215
788216
788217
788218
788219
788220
788221
788222
788223
788224
788225
788226
788227
788228
788229
788230
788231
788232
788233
788234
788235
788236
788237
788238
788239
788240
788241
788242
788244
788245
788246
788247
788248
788249
788250
788251
788252
788253
788254
788255
788256
788257
788258
788259
788260
788261
788262
788263
788264
788265
788266
788267
788268
788321
788322
788323
788324
788325
788326
788327
788328
788329
788330
788331
788332
788333
788334
788335
788336
788337
788338
788339
788340
788341
788342
788343
788344
788345
788346
788373
788374
788375
788376
788377
788378
788379
788380
788381
788382
788383
788384
788385
788386
788387
788388
788389
788390
788391
788392
788393
788394
788395
788396
788397
788398
788451
788452
788453
788454
788455
788456
788457
788458
788459
788460
788461
788462
788463
788464
788465
788466
788467
788468
788469
788470
788471
788472
788473
788474
788475
788476
788503
788504
788505
788506
788507
788508
788509
788510
788511
788512
788513
788514
788515
788516
788517
788518
788519
788520
788521
788522
788523
788524
788525
788526
788527
788528
788530
788531
788532
788533
788534
788535
788536
788537
788538
788539
788540
788541
788542
788543
788544
788545
788546
788547
788548
788549
788550
788551
788552
788553
788554
788581
788582
788583
788584
788585
788586
788587
788588
788589
788590
788591
788592
788593
788594
788595
788596
788597
788598
788599
788600
788601
788602
788603
788604
788605
788606
788607
788609
788610
788611
788612
788613
788614
788615
788616
788617
788618
788619
788620
788621
788622
788623
788624
788625
788626
788627
788628
788629
788630
788631
788632
788763
788764
788765
788766
788767
788768
788769
788770
788771
788772
788773
788774
788775
788776
788777
788778
788779
788780
788781
788782
788783
788784
788785
788786
788787
788788
788789
788790
788791
788792
788793
788794
788795
788796
788797
788798
788799
788800
788801
788802
788803
788804
788805
788806
788807
788808
788809
788810
788811
788812
788813
788814
788841
788842
788843
788844
788845
788846
788847
788848
788849
788850
788851
788852
788853
788854
788855
788856
788857
788858
788859
788860
788861
788862
788863
788864
788865
788866
788919
788920
788921
788922
788923
788924
788925
788926
788927
788928
788929
788930
788931
788932
788933
788934
788935
788936
788937
788938
788939
788940
788941
788942
788943
788944
788971
788972
788973
788974
788975
788976
788977
788978
788979
788980
788981
788982
788983
788984
788985
788986
788987
788988
788989
788990
788991
788992
788993
788994
788995
788996
789023
789024
789025
789026
789027
789028
789029
789030
789031
789032
789033
789034
789035
789036
789037
789038
789039
789040
789041
789042
789043
789044
789045
789046
789047
789048
789101
789102
789103
789104
789105
789106
789107
789108
789109
789110
789111
789112
789113
789114
789115
789116
789117
789118
789119
789120
789121
789122
789123
789124
789125
789126
789179
789180
789181
789182
789183
789184
789185
789186
789187
789188
789189
789190
789191
789192
789193
789194
789195
789196
789197
789198
789199
789200
789201
789202
789203
789204
789257
789258
789259
789260
789261
789262
789263
789264
789265
789266
789267
789268
789269
789270
789271
789272
789273
789274
789275
789276
789277
789278
789279
789280
789281
789282
789283
789284
789285
789286
789287
789288
789289
789290
789291
789292
789293
789294
789295
789296
789297
789298
789299
789300
789301
789302
789303
789304
789305
789306
789307
789308
789335
789336
789337
789338
789339
789340
789341
789342
789343
789344
789345
789346
789347
789348
789349
789350
789351
789352
789353
789354
789355
789356
789357
789358
789359
789360
789387
789388
789389
789390
789391
789392
789393
789394
789395
789396
789397
789398
789399
789400
789401
789402
789403
789404
789405
789406
789407
789408
789409
789410
789411
789412
789439
789440
789441
789442
789443
789444
789445
789446
789447
789448
789449
789451
789452
789453
789454
789455
789456
789457
789458
789459
789460
789461
789462
789463
789464
789465
789466
789467
789468
789469
789470
789471
789472
789473
789474
789475
789476
789477
789478
789479
789480
789481
789482
789483
789484
789485
789486
789487
789488
789489
789490
789569
789570
789571
789572
789573
789574
789575
789576
789577
789578
789579
789580
789581
789582
789583
789584
789585
789586
789587
789588
789589
789590
789591
789592
789593
789594
789621
789622
789623
789624
789625
789626
789627
789628
789629
789630
789631
789632
789633
789634
789635
789636
789637
789638
789639
789640
789641
789642
789643
789644
789645
789646
789648
789649
789651
789652
789653
789654
789655
789656
789657
789658
789659
789660
789661
789662
789663
789664
789665
789666
789667
789668
789669
789670
789671
789672
789674
789675
789677
789678
789679
789680
789681
789682
789683
789684
789685
789686
789687
789688
789689
789690
789691
789692
789693
789694
789695
789696
789697
789698
789699
789700
789701
789703
789704
789705
789706
789708
789709
789710
789711
789712
789713
789714
789715
789716
789717
789718
789719
789720
789721
789722
789723
789724
789726
789727
789728
789729
789730
789731
789732
789733
789734
789735
789736
789737
789738
789739
789740
789741
789742
789743
789744
789745
789746
789747
789748
789749
789750
789753
789754
789755
789756
789757
789758
789759
789760
789761
789762
789763
789764
789765
789766
789767
789768
789769
789770
789771
789772
789773
789774
789775
789776
789777
789778
789779
789783
789784
789785
789786
789787
789788
789789
789790
789791
789792
789793
789794
789795
789796
789797
789798
789799
789800
789801
789802
789829
789830
789831
789832
789833
789834
789835
789836
789837
789838
789839
789840
789841
789842
789843
789844
789845
789846
789847
789848
789849
789850
789851
789852
789853
789854
789933
789934
789935
789936
789937
789938
789939
789940
789941
789942
789943
789944
789945
789946
789947
789948
789949
789950
789951
789952
789953
789954
789955
789956
789957
789958
789985
789986
789987
789988
789989
789990
789991
789992
789993
789994
789995
789996
789997
789998
789999
790000
790001
790002
790003
790004
790005
790006
790007
790008
790009
790010
790037
790038
790039
790040
790041
790042
790043
790044
790045
790046
790047
790048
790049
790050
790051
790052
790053
790054
790055
790056
790057
790058
790059
790060
790061
790062
790089
790090
790091
790092
790093
790094
790095
790096
790097
790098
790099
790100
790101
790102
790103
790104
790105
790106
790107
790108
790109
790110
790111
790112
790113
790114
790116
790118
790119
790120
790121
790122
790123
790124
790125
790126
790127
790128
790129
790130
790131
790132
790133
790134
790135
790136
790137
790138
790139
790140
790141
790142
790144
790145
790146
790147
790148
790149
790150
790151
790152
790153
790154
790155
790156
790157
790158
790159
790160
790161
790162
790163
790164
790165
790166
790193
790194
790195
790196
790197
790198
790199
790200
790201
790202
790203
790204
790205
790206
790207
790208
790209
790210
790211
790212
790213
790214
790215
790216
790217
790218
790245
790246
790247
790248
790249
790250
790251
790252
790253
790254
790255
790256
790257
790258
790259
790260
790261
790262
790263
790264
790265
790266
790267
790268
790269
790270
790271
790272
790273
790274
790275
790276
790277
790278
790279
790280
790281
790282
790283
790284
790285
790286
790287
790288
790289
790290
790291
790292
790293
790294
790295
790296
790349
790350
790351
790352
790353
790354
790355
790356
790357
790358
790359
790360
790361
790362
790363
790364
790365
790366
790367
790368
790369
790370
790371
790372
790373
790374
790427
790428
790429
790430
790431
790432
790433
790434
790435
790436
790437
790438
790439
790440
790441
790442
790443
790444
790445
790446
790447
790448
790449
790450
790451
790452
790454
790455
790456
790457
790458
790459
790460
790461
790462
790463
790464
790465
790466
790467
790468
790469
790470
790471
790472
790473
790474
790475
790476
790477
790478
790505
790506
790507
790508
790509
790510
790511
790512
790513
790514
790515
790516
790517
790518
790519
790520
790521
790522
790523
790524
790525
790526
790527
790528
790529
790530
790583
790584
790585
790586
790587
790588
790589
790590
790591
790592
790593
790594
790595
790596
790597
790598
790599
790600
790601
790602
790603
790604
790605
790606
790607
790608
790635
790636
790637
790638
790639
790640
790641
790642
790643
790644
790645
790646
790647
790648
790649
790650
790651
790652
790653
790654
790655
790656
790657
790658
790659
790660
790687
790688
790689
790690
790691
790692
790693
790694
790695
790696
790697
790698
790699
790700
790701
790702
790703
790704
790705
790706
790707
790708
790709
790710
790711
790712
790765
790766
790767
790768
790769
790770
790771
790772
790773
790774
790775
790776
790777
790778
790779
790780
790781
790782
790783
790784
790785
790786
790787
790788
790789
790790
790817
790818
790819
790820
790821
790822
790823
790824
790825
790826
790827
790828
790829
790830
790831
790832
790833
790834
790835
790836
790837
790838
790839
790840
790841
790842
790895
790896
790897
790898
790899
790900
790901
790902
790903
790904
790905
790906
790907
790908
790909
790910
790911
790912
790913
790914
790915
790916
790917
790918
790919
790920
790922
790923
790924
790925
790926
790927
790928
790929
790930
790931
790932
790933
790934
790935
790936
790937
790938
790939
790940
790941
790942
790943
790944
790945
790946
790999
791000
791001
791002
791003
791004
791005
791006
791007
791008
791009
791010
791011
791012
791013
791014
791015
791016
791017
791018
791019
791020
791021
791022
791023
791024
791051
791052
791053
791054
791055
791056
791057
791058
791059
791060
791061
791062
791063
791064
791065
791066
791067
791068
791069
791070
791071
791072
791073
791074
791075
791076
791077
791078
791079
791080
791081
791082
791083
791085
791086
791087
791088
791089
791090
791091
791092
791093
791094
791095
791096
791097
791098
791099
791100
791101
791102
791129
791130
791131
791132
791133
791134
791135
791136
791137
791138
791139
791140
791141
791142
791143
791144
791145
791146
791147
791148
791149
791150
791151
791152
791153
791154
791157
791158
791159
791160
791161
791162
791163
791164
791165
791166
791167
791168
791169
791170
791171
791172
791173
791174
791175
791176
791177
791178
791179
791180
791259
791260
791261
791262
791263
791264
791265
791266
791267
791268
791269
791270
791271
791272
791273
791274
791275
791276
791277
791278
791279
791280
791281
791282
791283
791284
791493
791494
791495
791496
791497
791498
791499
791500
791501
791502
791503
791504
791505
791506
791507
791508
791509
791510
791511
791512
791513
791514
791515
791516
791517
791518
791519
791521
791522
791523
791524
791525
791526
791527
791528
791529
791530
791531
791532
791533
791534
791535
791536
791537
791538
791539
791540
791541
791542
791543
791544
791545
791547
791548
791550
791552
791553
791554
791556
791557
791558
791559
791561
791563
791564
791566
791567
791568
791569
791570
791675
791676
791677
791678
791679
791680
791681
791682
791683
791684
791685
791686
791687
791688
791689
791690
791691
791692
791693
791694
791695
791696
791697
791698
791699
791700
791753
791754
791755
791756
791757
791758
791759
791760
791761
791762
791763
791764
791765
791766
791767
791768
791769
791770
791771
791772
791773
791774
791775
791776
791777
791778
791779
791780
791781
791782
791783
791784
791785
791786
791787
791788
791789
791790
791791
791792
791793
791794
791795
791796
791797
791798
791799
791800
791801
791802
791803
791804
791805
791806
791807
791808
791809
791810
791811
791812
791813
791814
791815
791816
791817
791818
791819
791820
791821
791822
791823
791824
791825
791826
791827
791828
791829
791830
791858
791859
791860
791861
791862
791863
791864
791865
791866
791867
791868
791869
791870
791871
791872
791873
791874
791875
791876
791877
791878
791879
791880
791881
791882
791885
791886
791887
791888
791889
791890
791891
791892
791893
791894
791895
791896
791897
791898
791899
791900
791901
791902
791903
791904
791905
791906
791907
791908
791961
791962
791963
791964
791965
791966
791967
791968
791969
791970
791971
791972
791973
791974
791975
791976
791977
791978
791979
791980
791981
791982
791983
791984
791985
791986
791987
791988
791990
791991
791992
791993
791994
791995
791996
791997
791998
791999
792000
792001
792002
792003
792004
792005
792006
792007
792008
792009
792010
792011
792012
792013
792014
792015
792016
792017
792018
792019
792020
792021
792022
792023
792024
792025
792026
792027
792028
792029
792030
792031
792032
792033
792034
792035
792036
792037
792038
792169
792170
792171
792172
792173
792174
792175
792176
792177
792178
792179
792180
792181
792182
792183
792184
792185
792186
792187
792188
792189
792190
792191
792192
792193
792194
792247
792248
792249
792250
792251
792252
792253
792254
792255
792256
792257
792258
792259
792260
792261
792262
792263
792264
792265
792266
792267
792268
792269
792270
792271
792272
792299
792300
792301
792302
792303
792304
792305
792306
792307
792308
792309
792310
792311
792312
792313
792314
792315
792316
792317
792318
792319
792320
792321
792322
792323
792324
792351
792352
792353
792354
792355
792356
792357
792358
792359
792360
792361
792362
792363
792364
792365
792366
792367
792368
792369
792370
792371
792372
792373
792374
792375
792376
792403
792404
792405
792406
792407
792408
792409
792410
792411
792412
792413
792414
792415
792416
792417
792418
792419
792420
792421
792422
792423
792424
792425
792426
792427
792428
792481
792482
792483
792484
792485
792486
792487
792488
792489
792490
792491
792492
792493
792494
792495
792496
792497
792498
792499
792500
792501
792502
792503
792504
792505
792506
792559
792560
792561
792562
792563
792564
792565
792566
792567
792568
792569
792570
792571
792572
792573
792574
792575
792576
792577
792578
792579
792580
792581
792582
792583
792584
792611
792612
792613
792614
792615
792616
792617
792618
792619
792620
792621
792622
792623
792624
792625
792626
792627
792628
792629
792630
792631
792632
792633
792634
792635
792636
792637
792638
792639
792640
792641
792642
792643
792644
792645
792646
792647
792648
792649
792650
792651
792652
792653
792654
792655
792656
792657
792658
792659
792660
792661
792662
792664
792665
792666
792667
792668
792669
792670
792671
792672
792673
792674
792675
792676
792677
792678
792679
792680
792681
792682
792683
792684
792685
792686
792687
792688
792741
792742
792743
792744
792745
792746
792747
792748
792749
792750
792751
792752
792753
792754
792755
792756
792757
792758
792759
792760
792761
792762
792763
792764
792765
792766
792767
792769
792770
792771
792772
792773
792774
792775
792776
792777
792778
792779
792780
792781
792782
792783
792784
792785
792786
792787
792788
792789
792790
792791
792792
792794
792795
792796
792797
792798
792799
792800
792801
792802
792803
792804
792805
792806
792807
792808
792809
792810
792811
792812
792813
792814
792815
792816
792817
792818
792897
792898
792899
792900
792901
792902
792903
792904
792905
792906
792907
792908
792909
792910
792911
792912
792913
792914
792915
792916
792917
792918
792919
792920
792921
792922
792923
792924
792925
792926
792927
792928
792929
792930
792931
792932
792933
792934
792935
792936
792937
792938
792939
792940
792941
792942
792943
792944
792945
792946
792947
792948
792949
792950
792951
792952
792953
792954
792955
792956
792957
792958
792959
792960
792961
792962
792963
792964
792965
792966
792967
792968
792969
792970
792971
792972
792973
792974
793027
793028
793029
793030
793031
793032
793033
793034
793035
793036
793037
793038
793039
793040
793041
793042
793043
793044
793045
793046
793047
793048
793049
793050
793051
793052
793053
793054
793055
793056
793057
793058
793059
793060
793061
793062
793063
793064
793065
793066
793067
793068
793069
793070
793071
793072
793073
793074
793075
793076
793077
793078
793079
793080
793081
793082
793083
793084
793086
793088
793089
793090
793091
793092
793093
793094
793095
793096
793097
793098
793099
793100
793101
793102
793103
793104
793105
793106
793107
793109
793110
793111
793112
793113
793114
793115
793116
793117
793118
793119
793120
793121
793122
793123
793124
793125
793126
793127
793128
793129
793130
793209
793210
793211
793212
793213
793214
793215
793216
793217
793218
793219
793220
793222
793223
793224
793225
793226
793227
793228
793229
793230
793231
793232
793233
793234
793235
793236
793237
793238
793239
793240
793241
793242
793243
793244
793245
793246
793247
793248
793249
793250
793251
793252
793253
793254
793255
793256
793257
793258
793259
793260
793287
793288
793289
793290
793291
793292
793293
793294
793295
793296
793297
793298
793299
793300
793301
793302
793303
793304
793305
793306
793307
793308
793309
793310
793311
793312
793314
793315
793316
793317
793318
793319
793320
793321
793322
793323
793324
793325
793326
793327
793328
793329
793330
793331
793332
793333
793334
793335
793336
793337
793338
793391
793392
793393
793394
793395
793396
793397
793398
793399
793400
793401
793402
793403
793404
793405
793406
793407
793408
793409
793410
793411
793412
793413
793414
793415
793416
793417
793418
793419
793420
793421
793422
793423
793424
793425
793426
793427
793428
793429
793430
793431
793432
793433
793434
793435
793436
793437
793438
793439
793440
793441
793442
793443
793444
793445
793446
793447
793448
793449
793450
793451
793452
793453
793454
793455
793456
793457
793458
793459
793460
793461
793462
793463
793464
793465
793466
793467
793468
793469
793470
793471
793472
793473
793474
793475
793476
793477
793478
793479
793480
793481
793482
793483
793484
793485
793486
793487
793488
793489
793490
793491
793492
793493
793494
793547
793548
793549
793550
793551
793552
793553
793554
793555
793556
793557
793558
793559
793560
793561
793562
793563
793564
793565
793566
793567
793568
793569
793570
793571
793572
793703
793704
793705
793706
793707
793708
793709
793710
793711
793712
793713
793714
793715
793716
793717
793718
793719
793720
793721
793722
793723
793724
793725
793726
793727
793728
793729
793730
793731
793732
793733
793734
793735
793736
793737
793738
793739
793740
793741
793742
793743
793744
793745
793746
793747
793748
793749
793750
793751
793752
793753
793754
793833
793834
793835
793836
793837
793838
793839
793840
793841
793842
793843
793844
793845
793846
793847
793848
793849
793850
793851
793852
793853
793854
793855
793856
793857
793858
794015
794016
794017
794018
794019
794020
794021
794022
794023
794024
794025
794026
794027
794028
794029
794030
794031
794032
794033
794034
794035
794036
794037
794038
794039
794040
794067
794068
794069
794070
794071
794072
794073
794074
794075
794076
794077
794078
794079
794080
794081
794082
794083
794084
794085
794086
794087
794088
794089
794090
794091
794092
794119
794120
794121
794122
794123
794124
794125
794126
794127
794128
794129
794130
794131
794132
794133
794134
794135
794136
794137
794138
794139
794140
794141
794142
794143
794144
794145
794146
794147
794149
794150
794151
794152
794153
794154
794155
794156
794157
794158
794159
794160
794161
794162
794163
794164
794165
794166
794167
794168
794169
794170
794223
794224
794225
794226
794227
794228
794229
794230
794231
794232
794233
794234
794235
794236
794237
794238
794239
794240
794241
794242
794243
794244
794245
794246
794247
794248
794275
794276
794277
794278
794280
794282
794283
794284
794285
794286
794287
794288
794289
794290
794291
794292
794293
794294
794295
794296
794297
794298
794299
794300
794328
794329
794330
794331
794332
794333
794334
794335
794336
794338
794339
794340
794341
794342
794343
794344
794345
794346
794347
794348
794349
794350
794351
794352
794483
794484
794485
794486
794487
794488
794489
794490
794491
794492
794493
794494
794495
794496
794497
794498
794499
794500
794501
794502
794503
794504
794505
794506
794507
794508
794509
794510
794511
794512
794513
794515
794516
794517
794518
794519
794520
794521
794522
794523
794525
794526
794527
794528
794529
794530
794531
794532
794533
794534
794536
794537
794538
794539
794540
794542
794544
794545
794546
794548
794549
794551
794552
794553
794554
794555
794556
794558
794559
794560
794561
794563
794564
794565
794567
794568
794570
794571
794572
794573
794575
794576
794578
794579
794580
794581
794582
794583
794584
794585
794586
794639
794641
794642
794644
794647
794648
794651
794654
794656
794657
794658
794659
794660
794661
794662
794663
794664
794691
794692
794693
794694
794695
794696
794697
794698
794699
794700
794701
794702
794703
794704
794705
794706
794707
794708
794710
794711
794712
794713
794714
794717
794718
794720
794722
794724
794726
794728
794729
794730
794731
794732
794734
794735
794737
794738
794739
794740
794741
794742
794821
794823
794824
794825
794826
794827
794828
794829
794830
794831
794832
794833
794834
794835
794836
794837
794838
794839
794840
794841
794842
794843
794844
794845
794846
794848
794849
794850
794852
794853
794855
794856
794857
794858
794859
794860
794861
794862
794863
794864
794865
794866
794867
794868
794869
794870
794871
794872
794925
794926
794927
794928
794929
794930
794931
794932
794933
794934
794935
794936
794937
794938
794939
794940
794941
794942
794943
794944
794945
794946
794947
794949
794950
794952
794953
794954
794955
794956
794957
794958
