794959
794960
794961
794962
794963
794964
794965
794966
794967
794968
794969
794970
794971
794972
794973
794974
794975
794976
795003
795004
795005
795006
795007
795008
795009
795010
795011
795012
795013
795014
795015
795016
795017
795018
795019
795020
795021
795022
795023
795024
795025
795026
795027
795028
795029
795031
795032
795033
795034
795035
795036
795037
795038
795039
795040
795041
795042
795043
795044
795045
795046
795047
795048
795049
795050
795051
795052
795053
795054
795055
795056
795057
795058
795059
795060
795061
795062
795063
795064
795065
795066
795067
795068
795069
795070
795071
795072
795073
795074
795075
795076
795077
795078
795079
795080
795133
795134
795135
795136
795137
795138
795139
795140
795141
795142
795143
795144
795145
795146
795147
795148
795149
795150
795151
795152
795153
795154
795155
795156
795157
795158
795185
795186
795187
795188
795189
795190
795191
795192
795193
795194
795195
795196
795197
795198
795199
795200
795201
795202
795203
795204
795205
795206
795207
795208
795209
795210
795315
795316
795317
795318
795319
795320
795321
795322
795323
795324
795325
795326
795327
795328
795329
795330
795331
795332
795333
795334
795335
795336
795337
795338
795339
795340
795341
795342
795343
795344
795345
795346
795347
795348
795349
795350
795351
795352
795353
795354
795355
795356
795357
795358
795359
795360
795361
795362
795363
795364
795365
795366
795367
795368
795370
795371
795372
795373
795374
795375
795376
795377
795378
795379
795380
795381
795382
795383
795384
795385
795386
795387
795388
795389
795390
795391
795392
795394
795395
795396
795397
795398
795400
795401
795402
795403
795404
795405
795406
795407
795408
795409
795410
795411
795412
795413
795414
795415
795416
795417
795418
795419
795421
795422
795423
795424
795425
795426
795427
795428
795429
795430
795431
795432
795433
795434
795435
795436
795437
795438
795439
795440
795441
795442
795443
795444
795497
795498
795499
795500
795501
795502
795503
795504
795505
795506
795507
795508
795509
795510
795511
795512
795513
795514
795515
795516
795517
795518
795519
795520
795521
795522
795523
795524
795525
795526
795527
795528
795529
795530
795531
795532
795533
795534
795535
795536
795537
795538
795539
795540
795541
795542
795543
795544
795545
795546
795547
795548
795627
795628
795629
795630
795631
795632
795633
795634
795635
795636
795637
795638
795639
795640
795641
795642
795643
795644
795645
795646
795647
795648
795649
795650
795651
795652
795679
795680
795681
795682
795683
795684
795685
795686
795687
795688
795689
795690
795691
795692
795693
795694
795695
795696
795697
795698
795699
795700
795701
795702
795703
795704
795705
795706
795707
795708
795709
795710
795711
795712
795713
795714
795715
795716
795717
795718
795719
795720
795721
795722
795723
795724
795725
795726
795727
795728
795729
795730
795731
795732
795733
795734
795735
795736
795737
795738
795739
795740
795741
795742
795743
795744
795745
795746
795747
795748
795749
795750
795751
795752
795753
795754
795755
795756
795758
795759
795760
795761
795762
795763
795764
795765
795766
795767
795768
795769
795770
795771
795772
795773
795774
795775
795776
795777
795778
795779
795780
795781
795782
795809
795810
795811
795812
795813
795814
795815
795816
795817
795818
795819
795820
795821
795822
795823
795824
795825
795826
795827
795828
795829
795830
795831
795832
795833
795834
795835
795836
795837
795838
795839
795840
795841
795842
795843
795844
795845
795846
795847
795848
795849
795850
795851
795852
795853
795854
795855
795856
795857
795858
795859
795860
795939
795940
795941
795942
795943
795944
795945
795946
795947
795948
795949
795950
795951
795952
795953
795954
795955
795956
795957
795958
795959
795960
795961
795962
795963
795964
796017
796018
796019
796020
796021
796022
796023
796024
796025
796026
796027
796028
796029
796030
796031
796032
796033
796034
796035
796036
796037
796038
796039
796040
796041
796042
796095
796096
796097
796098
796099
796100
796101
796102
796103
796104
796105
796106
796107
796108
796109
796110
796111
796112
796113
796114
796115
796116
796117
796118
796119
796120
796147
796148
796149
796150
796151
796152
796153
796154
796155
796156
796157
796158
796159
796160
796161
796162
796163
796164
796165
796166
796167
796168
796169
796170
796171
796172
796173
796174
796176
796177
796178
796179
796180
796181
796182
796183
796184
796185
796186
796187
796188
796189
796190
796191
796192
796193
796194
796195
796196
796197
796198
796200
796201
796202
796203
796204
796205
796206
796207
796208
796209
796210
796211
796212
796213
796214
796215
796216
796217
796218
796219
796220
796221
796222
796223
796224
796225
796226
796227
796229
796230
796231
796232
796233
796234
796235
796236
796237
796238
796239
796240
796241
796242
796243
796244
796245
796246
796247
796248
796249
796250
796277
796278
796279
796280
796281
796282
796283
796284
796285
796286
796287
796288
796289
796290
796291
796292
796293
796294
796295
796296
796297
796298
796299
796300
796301
796302
796381
796382
796383
796384
796385
796386
796387
796388
796389
796390
796391
796392
796393
796394
796395
796396
796397
796398
796399
796400
796401
796402
796403
796404
796405
796406
796407
796409
796410
796411
796412
796413
796414
796415
796416
796417
796418
796419
796420
796421
796422
796423
796424
796425
796426
796427
796428
796429
796430
796431
796432
796433
796434
796436
796437
796438
796439
796443
796445
796446
796447
796451
796452
796453
796454
796455
796456
796457
796458
796459
796461
796462
796463
796464
796465
796466
796467
796468
796469
796470
796471
796472
796473
796474
796475
796476
796477
796478
796479
796480
796481
796482
796483
796484
796511
796512
796513
796514
796515
796516
796517
796518
796519
796520
796521
796522
796523
796524
796525
796526
796527
796528
796529
796530
796531
796532
796533
796534
796535
796536
796615
796616
796617
796618
796619
796620
796621
796622
796623
796624
796625
796626
796627
796628
796629
796630
796631
796632
796633
796634
796635
796636
796637
796638
796639
796640
796693
796694
796695
796696
796697
796698
796699
796700
796701
796702
796703
796704
796705
796706
796707
796708
796709
796710
796711
796712
796713
796714
796715
796716
796717
796718
796719
796720
796721
796722
796723
796724
796726
796727
796728
796729
796730
796731
796732
796733
796734
796735
796736
796737
796738
796739
796740
796741
796742
796743
796744
796823
796824
796825
796826
796827
796828
796829
796830
796831
796832
796833
796834
796835
796836
796837
796838
796839
796840
796841
796842
796843
796844
796845
796846
796847
796848
796849
796850
796851
796852
796853
796854
796855
796856
796857
796858
796859
796860
796861
796862
796863
796864
796865
796866
796867
796868
796869
796870
796871
796872
796873
796874
796875
796876
796877
796879
796880
796881
796882
796883
796884
796885
796886
796887
796888
796889
796890
796891
796892
796893
796894
796895
796896
796897
796898
796899
796900
796901
796902
796903
796904
796905
796906
796907
796908
796909
796910
796911
796912
796913
796914
796915
796916
796917
796918
796919
796920
796921
796922
796923
796924
796925
796926
796953
796954
796955
796956
796957
796958
796959
796960
796961
796962
796963
796964
796965
796966
796967
796968
796969
796970
796971
796972
796973
796974
796975
796976
796977
796978
796979
796981
796982
796983
796984
796985
796986
796987
796988
796989
796990
796991
796992
796993
796994
796995
796996
796997
796998
796999
797000
797001
797002
797003
797004
797007
797008
797009
797010
797011
797012
797013
797014
797015
797016
797017
797018
797019
797020
797021
797022
797023
797024
797025
797026
797027
797028
797029
797030
797057
797058
797059
797060
797061
797062
797063
797064
797065
797066
797067
797068
797069
797070
797071
797072
797073
797074
797075
797076
797077
797078
797079
797080
797081
797082
797213
797214
797215
797216
797217
797218
797219
797220
797221
797222
797223
797224
797225
797226
797227
797228
797229
797230
797231
797232
797233
797234
797235
797236
797237
797238
797343
797344
797345
797346
797347
797348
797349
797350
797351
797352
797353
797354
797355
797356
797357
797358
797359
797360
797361
797362
797363
797364
797365
797366
797367
797368
797371
797372
797373
797374
797375
797376
797380
797381
797383
797384
797385
797386
797387
797388
797389
797390
797391
797392
797393
797394
797551
797552
797553
797554
797555
797556
797557
797558
797559
797560
797561
797562
797563
797564
797565
797566
797567
797568
797569
797570
797571
797572
797573
797574
797575
797576
797578
797579
797580
797581
797582
797583
797584
797585
797586
797587
797588
797589
797590
797591
797592
797593
797594
797595
797596
797597
797598
797599
797600
797601
797602
797629
797630
797631
797632
797633
797634
797635
797636
797637
797638
797639
797640
797641
797642
797643
797644
797645
797646
797647
797648
797649
797650
797651
797652
797653
797654
797681
797682
797683
797684
797685
797686
797687
797688
797689
797690
797691
797692
797693
797694
797695
797696
797697
797698
797699
797700
797701
797702
797703
797704
797705
797706
797733
797734
797735
797736
797737
797738
797739
797740
797741
797742
797743
797744
797745
797746
797747
797748
797749
797750
797751
797752
797753
797754
797755
797756
797757
797758
797889
797890
797891
797892
797893
797894
797895
797896
797897
797898
797899
797900
797901
797902
797903
797904
797905
797906
797907
797908
797909
797910
797911
797912
797913
797914
797941
797942
797943
797944
797945
797946
797947
797948
797949
797950
797951
797952
797953
797954
797955
797956
797957
797958
797959
797960
797961
797962
797963
797964
797965
797966
797968
797971
797972
797973
797974
797975
797976
797977
797978
797979
797980
797981
797982
797983
797984
797985
797986
797987
797988
797989
797990
797991
797992
798123
798124
798125
798126
798127
798128
798129
798130
798131
798132
798133
798134
798135
798136
798137
798138
798139
798140
798141
798142
798143
798144
798145
798146
798147
798148
798150
798151
798152
798153
798154
798155
798156
798157
798158
798159
798160
798161
798162
798163
798164
798165
798166
798167
798168
798169
798170
798171
798172
798173
798174
798176
798177
798178
798179
798180
798181
798182
798183
798184
798185
798186
798187
798188
798189
798190
798191
798192
798193
798194
798195
798196
798197
798198
798199
798200
798201
798202
798203
798204
798205
798206
798207
798208
798209
798210
798211
798212
798213
798214
798215
798216
798217
798218
798219
798220
798221
798222
798223
798224
798225
798226
798279
798280
798281
798282
798283
798284
798285
798286
798287
798288
798289
798290
798291
798292
798293
798294
798295
798296
798297
798298
798299
798300
798301
798302
798303
798304
798305
798306
798307
798308
798309
798310
798311
798312
798313
798314
798315
798316
798317
798318
798319
798320
798321
798322
798323
798324
798325
798326
798327
798328
798329
798330
798331
798332
798333
798334
798335
798336
798337
798338
798339
798340
798341
798342
798343
798344
798345
798346
798347
798348
798349
798350
798351
798352
798353
798354
798355
798356
798358
798359
798360
798361
798362
798363
798364
798365
798366
798367
798368
798369
798370
798371
798372
798373
798374
798375
798376
798377
798378
798379
798380
798381
798382
798383
798384
798385
798386
798387
798388
798389
798390
798391
798392
798393
798394
798395
798396
798397
798398
798399
798400
798401
798402
798403
798404
798405
798406
798407
798408
798409
798410
798411
798412
798413
798414
798415
798416
798417
798418
798419
798420
798421
798422
798423
798424
798425
798426
798427
798428
798429
798430
798431
798432
798433
798434
798565
798566
798567
798568
798569
798570
798571
798572
798573
798574
798575
798576
798577
798578
798579
798580
798581
798582
798583
798584
798585
798586
798587
798588
798589
798590
798669
798670
798671
798672
798673
798674
798675
798676
798677
798678
798679
798680
798681
798682
798683
798684
798685
798686
798687
798688
798689
798690
798691
798692
798693
798694
798721
798722
798723
798724
798725
798726
798727
798728
798729
798730
798731
798732
798733
798734
798735
798736
798737
798738
798739
798740
798741
798742
798743
798744
798745
798746
798773
798774
798775
798776
798777
798778
798779
798780
798781
798782
798783
798784
798785
798786
798787
798788
798789
798790
798791
798792
798793
798794
798795
798796
798797
798798
798825
798826
798827
798828
798829
798830
798831
798832
798833
798834
798835
798836
798837
798838
798839
798840
798841
798842
798843
798844
798845
798846
798847
798848
798849
798850
798851
798852
798853
798855
798856
798857
798858
798859
798860
798861
798862
798863
798864
798865
798866
798867
798868
798869
798870
798871
798872
798873
798874
798875
798876
798878
798879
798880
798881
798882
798883
798884
798885
798886
798887
798888
798889
798890
798891
798892
798893
798894
798895
798896
798897
798898
798899
798900
798901
798902
798904
798905
798906
798907
798908
798909
798910
798911
798912
798913
798914
798915
798916
798917
798918
798919
798920
798921
798922
798923
798924
798925
798926
798927
798928
798929
798930
798931
798932
798933
798934
798935
798936
798937
798938
798939
798940
798941
798942
798943
798944
798945
798946
798947
798948
798949
798950
798951
798952
798953
798954
798956
798959
798961
798962
798963
798964
798965
798966
798967
798968
798969
798970
798971
798972
798973
798974
798975
798976
798977
798978
798979
798980
798983
798984
798985
798986
798987
798988
798989
798990
798991
798992
798993
798994
798995
798996
798997
798998
798999
799000
799001
799002
799003
799004
799005
799006
799008
799011
799012
799013
799014
799015
799016
799017
799018
799019
799020
799021
799022
799023
799024
799025
799026
799027
799028
799029
799030
799031
799032
799059
799060
799061
799062
799063
799064
799065
799066
799067
799068
799069
799070
799071
799072
799073
799074
799075
799076
799077
799078
799079
799080
799081
799082
799083
799084
799085
799086
799087
799088
799089
799090
799091
799092
799093
799094
799095
799096
799097
799098
799099
799100
799101
799102
799103
799104
799105
799106
799107
799108
799109
799110
799111
799112
799113
799114
799115
799116
799117
799118
799119
799120
799121
799122
799123
799124
799125
799126
799127
799128
799129
799130
799131
799132
799133
799134
799135
799136
799163
799164
799165
799166
799167
799168
799169
799170
799171
799172
799173
799174
799175
799176
799177
799178
799179
799180
799181
799182
799183
799184
799185
799186
799187
799188
799191
799192
799193
799194
799195
799196
799197
799198
799199
799200
799201
799202
799203
799204
799205
799206
799207
799208
799209
799210
799211
799212
799213
799214
799241
799242
799243
799244
799245
799246
799247
799248
799249
799250
799251
799252
799253
799254
799255
799256
799257
799258
799259
799260
799261
799262
799263
799264
799265
799266
799293
799294
799295
799296
799297
799298
799299
799300
799301
799302
799303
799304
799305
799306
799307
799308
799309
799310
799311
799312
799313
799314
799315
799316
799317
799318
799345
799346
799347
799348
799349
799350
799351
799352
799353
799354
799355
799356
799357
799358
799359
799360
799361
799362
799363
799364
799365
799366
799367
799368
799369
799370
799371
799372
799373
799374
799375
799376
799377
799378
799379
799380
799381
799382
799383
799384
799385
799386
799387
799388
799389
799390
799391
799392
799393
799394
799395
799396
799475
799476
799477
799478
799479
799480
799481
799482
799483
799484
799485
799486
799487
799488
799489
799490
799491
799492
799493
799494
799495
799496
799497
799498
799499
799500
799527
799528
799529
799530
799531
799532
799533
799534
799535
799536
799537
799538
799539
799540
799541
799542
799543
799544
799545
799546
799547
799548
799549
799550
799551
799552
799605
799606
799607
799608
799609
799610
799611
799612
799613
799614
799615
799616
799617
799618
799619
799620
799621
799622
799623
799624
799625
799626
799627
799628
799629
799630
799633
799634
799635
799636
799637
799638
799639
799640
799641
799642
799643
799644
799645
799646
799647
799648
799649
799650
799651
799652
799653
799654
799655
799656
799658
799662
799663
799664
799665
799666
799667
799668
799669
799670
799671
799672
799673
799674
799675
799676
799677
799678
799679
799680
799681
799682
799684
799685
799686
799687
799688
799689
799690
799691
799692
799693
799694
799695
799696
799697
799698
799699
799700
799701
799702
799703
799704
799705
799706
799707
799708
799709
799710
799711
799712
799714
799715
799716
799717
799718
799719
799720
799721
799722
799723
799724
799725
799726
799727
799728
799729
799730
799731
799732
799733
799734
799735
799737
799739
799740
799741
799742
799743
799744
799745
799746
799747
799748
799749
799750
799751
799752
799753
799754
799755
799756
799757
799758
799759
799760
799813
799814
799815
799816
799817
799818
799819
799820
799821
799822
799823
799824
799825
799826
799827
799828
799829
799830
799831
799832
799833
799834
799835
799836
799837
799838
799865
799866
799867
799868
799869
799870
799871
799872
799873
799874
799875
799876
799877
799878
799879
799880
799881
799882
799883
799884
799885
799886
799887
799888
799889
799890
799917
799918
799919
799920
799921
799922
799923
799924
799925
799926
799927
799928
799929
799930
799931
799932
799933
799934
799935
799936
799937
799938
799939
799940
799941
799942
799943
799944
799945
799946
799947
799948
799949
799950
799951
799952
799953
799954
799955
799956
799957
799958
799959
799960
799961
799962
799963
799964
799965
799966
799967
799968
799969
799973
799974
799976
799978
799979
799980
799981
799982
799983
799984
799985
799986
799987
799988
799989
799990
799991
799992
799993
799994
800021
800022
800023
800024
800025
800026
800027
800028
800029
800030
800031
800032
800033
800034
800035
800036
800037
800038
800039
800040
800041
800042
800043
800044
800045
800046
800099
800100
800101
800102
800103
800104
800105
800106
800107
800108
800109
800110
800111
800112
800113
800114
800115
800116
800117
800118
800119
800120
800121
800122
800123
800124
800127
800128
800129
800130
800131
800132
800133
800134
800135
800136
800137
800138
800139
800140
800141
800142
800143
800144
800145
800146
800147
800148
800149
800150
800203
800204
800205
800206
800207
800208
800209
800210
800211
800212
800213
800214
800215
800216
800217
800218
800219
800220
800221
800222
800223
800224
800225
800226
800227
800228
800281
800282
800283
800284
800285
800286
800287
800288
800289
800290
800291
800292
800293
800294
800295
800296
800297
800298
800299
800300
800301
800302
800303
800304
800305
800306
800385
800386
800387
800388
800389
800390
800391
800392
800393
800394
800395
800396
800397
800398
800399
800400
800401
800402
800403
800404
800405
800406
800407
800408
800409
800410
800437
800438
800439
800440
800441
800442
800443
800444
800445
800446
800447
800448
800449
800450
800451
800452
800453
800454
800455
800456
800457
800458
800459
800460
800461
800462
800463
800464
800465
800466
800467
800468
800469
800470
800471
800472
800473
800474
800475
800476
800477
800478
800479
800480
800481
800482
800483
800484
800485
800486
800487
800488
800490
800491
800492
800494
800495
800496
800497
800498
800499
800500
800501
800502
800503
800504
800505
800506
800507
800508
800509
800510
800511
800512
800513
800514
800619
800620
800621
800622
800623
800624
800625
800626
800627
800628
800629
800630
800631
800632
800633
800634
800635
800636
800637
800638
800639
800640
800641
800642
800643
800644
800646
800647
800648
800649
800650
800651
800652
800653
800654
800655
800656
800657
800658
800659
800660
800661
800662
800663
800664
800665
800666
800667
800668
800669
800670
800749
800750
800751
800752
800753
800754
800755
800756
800757
800758
800759
800760
800761
800762
800763
800764
800765
800766
800767
800768
800769
800770
800771
800772
800773
800774
800801
800802
800803
800804
800805
800806
800807
800808
800809
800810
800811
800812
800813
800814
800815
800816
800817
800818
800819
800820
800821
800822
800823
800824
800825
800826
800931
800932
800933
800934
800935
800936
800937
800938
800939
800940
800941
800942
800943
800944
800945
800946
800947
800948
800949
800950
800951
800952
800953
800954
800955
800956
800957
800958
800959
800960
800962
800963
800964
800965
800966
800967
800968
800969
800970
800971
800972
800973
800974
800975
800976
800977
800978
800979
800980
800981
800982
800983
800984
800986
800987
800988
800989
800990
800991
800992
800993
800994
800998
801000
801001
801002
801003
801004
801005
801006
801007
801008
801010
801011
801012
801013
801014
801015
801016
801017
801018
801019
801020
801021
801022
801023
801024
801025
801026
801027
801028
801029
801030
801031
801032
801033
801034
801035
801036
801037
801038
801039
801040
801041
801042
801043
801045
801046
801047
801048
801049
801050
801051
801052
801053
801054
801055
801056
801057
801058
801059
801060
801062
801063
801064
801065
801066
801067
801068
801069
801070
801071
801072
801073
801074
801075
801076
801077
801078
801079
801080
801081
801082
801083
801084
801085
801086
801087
801089
801090
801091
801092
801093
801094
801095
801096
801097
801098
801099
801100
801101
801102
801103
801104
801105
801106
801107
801108
801109
801110
801111
801112
801295
801296
801297
801298
801299
801300
801301
801302
801303
801304
801305
801306
801307
801308
801309
801310
801311
801312
801313
801314
801315
801316
801317
801318
801319
801320
801373
801374
801375
801376
801377
801378
801379
801380
801381
801382
801383
801384
801385
801386
801387
801388
801389
801390
801391
801392
801393
801394
801395
801396
801397
801398
801425
801426
801427
801428
801429
801430
801431
801432
801433
801434
801435
801436
801437
801438
801439
801440
801441
801442
801443
801444
801445
801446
801447
801448
801449
801450
801529
801530
801531
801532
801533
801534
801535
801536
801537
801538
801539
801540
801541
801542
801543
801544
801545
801546
801547
801548
801549
801550
801551
801552
801553
801554
801607
801608
801609
801610
801611
801612
801613
801614
801615
801616
801617
801618
801619
801620
801621
801622
801623
801624
801625
801626
801627
801628
801629
801630
801631
801632
801634
801635
801636
801637
801638
801639
801640
801641
801642
801643
801644
801645
801646
801647
801648
801649
801650
801651
801652
801653
801654
801655
801656
801657
801658
801685
801686
801687
801688
801689
801690
801691
801692
801693
801694
801695
801696
801697
801698
801699
801700
801701
801702
801703
801704
801705
801706
801707
801708
801709
801710
801763
801764
801765
801766
801767
801768
801769
801770
801771
801772
801773
801774
801775
801776
801777
801778
801779
801780
801781
801782
801783
801784
801785
801786
801787
801788
801792
801793
801794
801795
801796
801797
801798
801799
801800
801801
801802
801803
801804
801805
801806
801807
801808
801809
801810
801811
801812
801813
801814
801893
801894
801895
801896
801897
801898
801899
801900
801901
801902
801903
801904
801905
801906
801907
801908
801909
801910
801911
801912
801913
801914
801915
801916
801917
801918
801945
801946
801947
801948
801949
801950
801951
801952
801953
801954
801956
801957
801958
801959
801960
801961
801962
801963
801964
801965
801966
801967
801968
801969
801970
801974
801975
801976
801978
801980
801981
801984
801985
801986
801988
801991
801992
801993
801995
801997
802002
802004
802005
802007
802012
802013
802020
802049
802050
802051
802052
802053
802054
802055
802056
802057
802058
802059
802066
802067
802068
802069
802070
802071
802072
802078
802079
802082
802084
802085
802086
802087
802089
802090
802091
802092
802094
802095
802096
802097
802098
802099
802100
802101
802104
802106
802108
802109
802110
802111
802112
802113
802114
802115
802116
802117
802118
802119
802120
802121
802122
802123
802124
802125
802126
