803637
803638
803639
803640
803641
803642
803643
803644
803645
803646
803647
803648
803649
803650
803651
803652
803653
803654
803655
803656
803657
803658
803659
803660
803713
803714
803715
803716
803717
803718
803719
803720
803721
803722
803723
803724
803725
803726
803727
803728
803729
803730
803731
803732
803733
803734
803735
803736
803737
803738
803739
803741
803742
803743
803744
803745
803746
803747
803748
803749
803750
803751
803752
803753
803754
803755
803756
803757
803758
803759
803760
803761
803762
803763
803764
803791
803792
803793
803794
803795
803796
803797
803798
803799
803800
803801
803802
803803
803804
803805
803806
803807
803808
803809
803810
803811
803812
803813
803814
803815
803816
803869
803870
803871
803872
803873
803874
803875
803876
803877
803878
803879
803880
803881
803882
803883
803884
803885
803886
803887
803888
803889
803890
803891
803892
803893
803894
803921
803922
803923
803924
803925
803926
803927
803928
803929
803930
803931
803932
803933
803934
803935
803936
803937
803938
803939
803940
803941
803942
803943
803944
803945
803946
803973
803974
803975
803976
803977
803978
803979
803980
803981
803982
803983
803984
803985
803986
803987
803988
803989
803990
803991
803992
803993
803994
803995
803996
803997
803998
804051
804052
804053
804054
804055
804056
804057
804058
804059
804060
804061
804062
804063
804064
804065
804066
804067
804068
804069
804070
804071
804072
804073
804074
804075
804076
804181
804182
804183
804184
804185
804186
804187
804188
804189
804190
804191
804192
804193
804194
804195
804196
804197
804198
804199
804200
804201
804202
804203
804204
804205
804206
804207
804208
804209
804210
804211
804212
804213
804214
804215
804216
804217
804218
804219
804220
804221
804222
804223
804224
804225
804226
804227
804228
804229
804230
804231
804232
804233
804234
804235
804236
804237
804238
804239
804240
804241
804242
804243
804244
804245
804246
804247
804248
804249
804250
804251
804252
804253
804254
804255
804256
804257
804258
804337
804338
804339
804340
804341
804342
804343
804344
804345
804346
804347
804348
804349
804350
804351
804352
804353
804354
804355
804356
804357
804358
804359
804360
804361
804362
804363
804364
804365
804366
804367
804368
804369
804370
804371
804372
804373
804374
804375
804376
804377
804378
804379
804380
804381
804382
804383
804384
804385
804386
804387
804388
804389
804390
804391
804392
804393
804394
804395
804396
804397
804398
804399
804400
804401
804402
804403
804404
804405
804406
804407
804408
804409
804410
804411
804412
804413
804414
804416
804417
804418
804419
804420
804421
804422
804423
804424
804425
804426
804427
804428
804429
804430
804431
804432
804433
804434
804435
804436
804437
804438
804439
804440
804442
804443
804444
804445
804446
804447
804448
804449
804450
804451
804452
804453
804454
804455
804456
804457
804458
804459
804460
804461
804462
804463
804464
804465
804466
804467
804468
804469
804470
804471
804472
804473
804474
804475
804476
804477
804478
804479
804480
804481
804482
804483
804484
804485
804486
804487
804488
804489
804490
804491
804492
804571
804572
804573
804574
804575
804576
804577
804578
804579
804580
804581
804582
804583
804584
804585
804586
804587
804588
804589
804590
804591
804592
804593
804594
804595
804596
804597
804598
804599
804600
804601
804602
804603
804604
804605
804606
804607
804608
804609
804610
804611
804612
804613
804614
804615
804616
804617
804618
804619
804620
804621
804622
804624
804625
804626
804627
804628
804629
804630
804631
804632
804633
804634
804635
804636
804637
804638
804639
804640
804641
804642
804643
804644
804645
804646
804647
804648
804831
804832
804833
804834
804835
804836
804837
804838
804839
804840
804841
804842
804843
804844
804845
804846
804847
804848
804849
804850
804851
804852
804853
804854
804855
804856
804883
804884
804885
804886
804887
804888
804889
804890
804891
804892
804893
804894
804895
804896
804897
804898
804899
804900
804901
804902
804903
804904
804905
804906
804907
804908
804987
804988
804989
804990
804991
804992
804993
804994
804995
804996
804997
804998
804999
805000
805001
805002
805003
805004
805005
805006
805007
805008
805009
805010
805011
805012
805117
805118
805119
805120
805121
805122
805123
805124
805125
805126
805127
805128
805129
805130
805131
805132
805133
805134
805135
805136
805137
805138
805139
805140
805141
805142
805144
805145
805146
805147
805148
805149
805150
805151
805152
805153
805154
805155
805156
805157
805158
805159
805160
805161
805162
805163
805164
805165
805166
805167
805168
805195
805196
805197
805198
805199
805200
805201
805202
805203
805204
805205
805206
805207
805208
805209
805210
805211
805212
805213
805214
805215
805216
805217
805218
805219
805220
805247
805248
805249
805250
805251
805252
805253
805254
805255
805256
805257
805258
805259
805260
805261
805262
805263
805264
805265
805266
805267
805268
805269
805270
805271
805272
805273
805274
805275
805276
805277
805278
805279
805280
805281
805282
805283
805284
805285
805286
805287
805288
805289
805290
805291
805292
805293
805294
805295
805296
805297
805298
805325
805326
805327
805328
805329
805330
805331
805332
805333
805334
805335
805336
805337
805338
805339
805340
805341
805342
805343
805344
805345
805346
805347
805348
805349
805350
805351
805352
805353
805355
805356
805357
805358
805359
805360
805361
805362
805363
805364
805365
805366
805367
805368
805369
805370
805371
805372
805373
805374
805375
805376
805507
805508
805509
805510
805511
805512
805513
805514
805515
805516
805517
805518
805519
805520
805521
805522
805523
805524
805525
805526
805527
805528
805529
805530
805531
805532
805559
805560
805561
805562
805563
805564
805565
805566
805567
805568
805569
805570
805571
805572
805573
805574
805575
805576
805577
805578
805579
805580
805581
805582
805583
805584
805663
805664
805665
805666
805667
805668
805669
805670
805671
805672
805673
805674
805675
805676
805677
805678
805679
805680
805681
805682
805683
805684
805685
805686
805687
805688
805819
805820
805821
805822
805823
805824
805825
805826
805827
805828
805829
805830
805831
805832
805833
805834
805835
805836
805837
805838
805839
805840
805841
805842
805843
805844
805897
805899
805900
805901
805902
805903
805904
805905
805906
805907
805908
805909
805910
805911
805912
805913
805914
805915
805916
805917
805918
805919
805920
805921
805922
805923
805924
805925
805926
805927
805928
805929
805930
805931
805932
805933
805934
805935
805936
805937
805938
805939
805940
805941
805942
805944
806027
806028
806029
806030
806031
806032
806033
806034
806035
806036
806037
806038
806039
806040
806041
806042
806043
806044
806045
806047
806048
806049
806050
806051
806052
806055
806056
806057
806059
806060
806062
806063
806065
806066
806067
806068
806069
806070
806071
806073
806074
806075
806076
