806209
806210
806211
806212
806213
806214
806215
806216
806217
806218
806219
806220
806221
806222
806223
806224
806225
806226
806227
806228
806229
806230
806231
806232
806233
806234
806417
806418
806419
806420
806421
806422
806423
806424
806425
806426
806427
806428
806429
806430
806431
806432
806433
806434
806435
806436
806437
806438
806439
806440
806441
806442
806443
806444
806445
806446
806447
806448
806449
806450
806451
806452
806453
806454
806455
806456
806457
806458
806459
806460
806461
806462
806463
806464
806465
806466
806467
806468
806469
806470
806471
806472
806473
806474
806475
806476
806477
806478
806479
806480
806481
806482
806483
806484
806485
806486
806487
806488
806489
806490
806491
806492
806493
806494
806625
806626
806627
806628
806629
806630
806631
806632
806633
806634
806635
806636
806637
806638
806639
806640
806641
806642
806643
806644
806645
806646
806647
806648
806649
806650
806703
806704
806705
806706
806707
806708
806709
806710
806711
806712
806713
806714
806715
806716
806717
806718
806719
806720
806721
806722
806723
806724
806725
806726
806727
806728
806755
806756
806757
806758
806759
806760
806761
806762
806763
806764
806765
806766
806767
806768
806769
806770
806771
806772
806773
806774
806775
806776
806777
806778
806779
806780
806781
806782
806783
806784
806785
806786
806787
806788
806789
806790
806791
806792
806793
806794
806795
806796
806797
806798
806799
806800
806801
806802
806803
806804
806805
806806
806833
806834
806835
806836
806837
806838
806839
806840
806841
806842
806843
806844
806845
806846
806847
806848
806849
806850
806851
806852
806853
806854
806855
806856
806857
806858
806859
806860
806861
806862
806863
806864
806865
806866
806867
806868
806869
806870
806871
806872
806873
806874
806875
806876
806877
806878
806879
806880
806881
806882
806883
806884
807041
807042
807043
807044
807045
807046
807047
807048
807049
807050
807051
807052
807053
807054
807055
807056
807057
807058
807059
807060
807061
807062
807063
807064
807065
807066
807068
807069
807070
807071
807072
807073
807074
807075
807076
807077
807078
807079
807080
807081
807082
807083
807084
807085
807086
807087
807088
807089
807090
807091
807092
807093
807094
807095
807096
807097
807098
807099
807100
807101
807102
807103
807104
807105
807106
807107
807108
807109
807110
807111
807112
807113
807114
807115
807116
807117
807118
807145
807146
807147
807148
807149
807150
807151
807152
807153
807154
807155
807156
807157
807158
807159
807160
807161
807162
807163
807164
807165
807166
807167
807168
807169
807170
807197
807198
807199
807200
807201
807202
807203
807204
807205
807206
807207
807208
807209
807210
807211
807212
807213
807214
807215
807216
807217
807218
807219
807220
807221
807222
807224
807225
807226
807227
807228
807229
807230
807231
807232
807233
807234
807235
807236
807237
807238
807239
807240
807241
807242
807243
807244
807245
807246
807247
807248
807275
807276
807277
807278
807279
807280
807281
807282
807283
807284
807285
807286
807287
807288
807289
807290
807291
807292
807293
807294
807295
807296
807297
807298
807299
807300
807303
807304
807305
807306
807307
807308
807309
807310
807311
807312
807313
807314
807315
807316
807317
807318
807319
807320
807321
807322
807323
807324
807325
807326
807328
807329
807330
807331
807332
807333
807334
807335
807336
807337
807338
807339
807340
807341
807342
807343
807344
807345
807346
807347
807348
807349
807350
807351
807352
807405
807406
807407
807408
807409
807410
807411
807412
807413
807414
807415
807416
807417
807418
807419
807420
807421
807422
807423
807424
807425
807426
807427
807428
807429
807430
807432
807433
807434
807435
807436
807438
807439
807440
807441
807442
807443
807444
807445
807446
807447
807448
807449
807450
807451
807452
807453
807454
807455
807456
807458
807459
807460
807461
807462
807463
807464
807465
807466
807467
807468
807469
807470
807471
807472
807473
807474
807475
807476
807477
807478
807479
807480
807481
807482
807535
807536
807537
807538
807539
807540
807541
807542
807543
807544
807545
807546
807547
807548
807549
807550
807551
807552
807553
807554
807555
807556
807557
807558
807559
807560
807562
807563
807564
807565
807566
807567
807568
807569
807570
807571
807572
807573
807574
807575
807576
807577
807578
807579
807580
807581
807582
807583
807584
807585
807586
807691
807692
807693
807694
807695
807696
807697
807698
807699
807700
807701
807702
807703
807704
807705
807706
807707
807708
807709
807710
807711
807712
807713
807714
807715
807716
807769
807770
807771
807772
807773
807774
807775
807776
807777
807778
807779
807780
807781
807782
807783
807784
807785
807786
807787
807788
807789
807790
807791
807792
807793
807794
807795
807796
807797
807798
807799
807800
807801
807802
807803
807804
807805
807806
807807
807808
807809
807810
807811
807812
807813
807814
807815
807816
807817
807818
807819
807820
807847
807848
807849
807850
807851
807852
807853
807854
807855
807856
807857
807858
807859
807860
807861
807862
807863
807864
807865
807866
807867
807868
807869
807870
807871
807872
807951
807952
807953
807954
807955
807956
807957
807958
807959
807960
807961
807962
807963
807964
807965
807966
807967
807968
807969
807970
807971
807972
807973
807974
807975
807976
808029
808030
808031
808032
808033
808034
808035
808036
808037
808038
808039
808040
808041
808042
808043
808044
808045
808046
808047
808048
808049
808050
808051
808052
808053
808054
808081
808082
808083
808084
808085
808086
808087
808088
808089
808090
808091
808092
808093
808094
808095
808096
808097
808098
808099
808100
808101
808102
808103
808104
808105
808106
808211
808212
808213
808214
808215
808216
808217
808218
808219
808220
808221
808222
808223
808224
808225
808226
808227
808228
808229
808230
808231
808232
808233
808234
808235
808236
808237
808239
808240
808241
808242
808243
808244
808245
808246
808247
808248
808249
808250
808251
808252
808253
808254
808255
808256
808257
808258
808259
808260
808261
808262
808263
808264
808265
808266
808267
808268
808269
808270
808271
808272
808273
808274
808275
808276
808277
808278
808279
808280
808281
808282
808283
808284
808285
808286
808287
808288
808341
808342
808343
808344
808345
808346
808347
808348
808349
808350
808351
808352
808353
808354
808355
808356
808357
808358
808359
808360
808361
808362
808363
808364
808365
808366
808445
808446
808447
808448
808449
808450
808451
808452
808453
808454
808455
808456
808457
808458
808459
808460
808461
808462
808463
808464
808465
808466
808467
808468
808469
808470
808549
808550
808551
808552
808553
808554
808555
808556
808557
808558
808559
808560
808561
808562
808563
808564
808565
808566
808567
808568
808569
808570
808571
808572
808573
808574
808575
808576
808577
808579
808580
808581
808582
808583
808584
808585
808586
808587
808588
808589
808590
808591
808592
808593
808594
808595
808596
808597
808598
808599
808600
808602
808603
808604
808605
808606
808607
808608
808609
808610
808611
808612
808613
808614
808615
808616
808617
808618
808619
808620
808621
808622
808623
808624
808625
808626
808653
808654
808655
808656
808657
808658
808659
808660
808661
808662
808663
808664
808665
808666
808667
808668
808669
808670
808671
808672
808673
808674
808675
808676
808677
808678
808731
808732
808733
808734
808735
808736
808737
808738
808739
808740
808741
808742
808743
808744
808745
808746
808747
808748
808749
808750
808751
808752
808753
808754
808755
808756
808809
808810
808811
808812
808813
808814
808815
808816
808817
808818
808819
808820
808821
808822
808823
808824
808825
808826
808827
808828
808829
808830
808831
808832
808833
808834
808836
808838
808839
808840
808841
808842
808843
808844
808845
808846
808847
808848
808849
808850
808851
808852
808853
808854
808855
808856
808857
808858
808859
808860
808887
808888
808889
808890
808891
808892
808893
808894
808895
808896
808897
808898
808899
808900
808901
808902
808903
808904
808905
808906
808907
808908
808909
808910
808911
808912
808939
808940
808941
808942
808943
808944
808945
808946
808947
808948
808949
808950
808951
808952
808953
808954
808955
808956
808957
808958
808959
808960
808961
808962
808963
808964
808991
808992
808993
808994
808995
808996
808997
808998
808999
809000
809001
809002
809003
809004
809005
809006
809007
809008
809009
809010
809011
809012
809013
809014
809015
809016
809043
809044
809045
809046
809047
809048
809049
809050
809051
809052
809053
809054
809055
809056
809057
809058
809059
809060
809061
809062
809063
809064
809065
809066
809067
809068
809069
809070
809072
809074
809075
809076
809077
809078
809079
809080
809081
809082
809083
809084
809085
809086
809087
809088
809089
809090
809091
809092
809093
809094
809121
809122
809123
809124
809125
809126
809127
809128
809129
809130
809131
809132
809133
809134
809135
809136
809137
809138
809139
809140
809141
809142
809143
809144
809145
809146
809225
809226
809227
809228
809229
809230
809231
809232
809233
809234
809235
809236
809237
809238
809239
809240
809241
809242
809243
809244
809245
809246
809247
809248
809249
809250
809252
809253
809254
809255
809256
809257
809258
809259
809260
809261
809262
809263
809264
809265
809266
809267
809268
809269
809270
809271
809272
809273
809274
809275
809276
809277
809278
809279
809280
809281
809282
809283
809284
809285
809286
809287
809288
809289
809290
809291
809292
809293
809294
809295
809296
809297
809298
809299
809300
809301
809302
809303
809304
809305
809306
809307
809308
809309
809310
809311
809312
809313
809314
809315
809316
809317
809318
809319
809320
809321
809322
809323
809324
809325
809326
809327
809328
809329
809330
809332
809333
809334
809335
809336
809337
809338
809339
809340
809341
809342
809343
809344
809345
809346
809347
809348
809349
809350
809351
809352
809353
809354
809355
809357
809358
809359
809362
809364
809365
809367
809368
809369
809370
809371
809372
809373
809375
809376
809379
809380
809382
809383
809384
809385
809386
809387
809388
809389
809390
809391
809392
809393
809394
809395
809396
809397
809398
809399
809400
809401
809402
809403
809404
809405
809406
809408
809409
809411
809412
809413
809414
809415
809416
809417
809418
809419
809420
809421
809422
809423
809424
809425
809426
809427
809428
809429
809430
809431
809432
809485
809486
809487
809488
809489
809490
809491
809492
809493
809494
809495
809496
809497
809498
809499
809500
809501
809502
809503
809504
809505
809506
809507
809508
809509
809510
809511
809513
809514
809515
809516
809517
809518
809519
809520
809521
809522
809523
809524
809525
809526
809527
809528
809529
809530
809531
809532
809533
809534
809535
809536
809563
809564
809565
809566
809567
809568
809569
809570
809571
809572
809573
809574
809575
809576
809577
809578
809579
809580
809581
809582
809583
809584
809585
809586
809587
809588
809589
809590
809591
809593
809594
809595
809596
809597
809598
809599
809600
809601
809602
809603
809604
809605
809606
809607
809608
809609
809610
809611
809612
809613
809614
809667
809668
809669
809670
809671
809672
809673
809674
809675
809676
809677
809678
809679
809680
809681
809682
809683
809684
809685
809686
809687
809688
809689
809690
809691
809692
809693
809694
809695
809696
809697
809698
809699
809700
809701
809702
809703
809704
809705
809706
809707
809708
809709
809710
809711
809712
809713
809714
809715
809716
809717
809718
809797
809798
809799
809800
809801
809802
809803
809804
809805
809806
809807
809808
809809
809810
809811
809812
809813
809814
809815
809816
809817
809818
809819
809820
809821
809822
809979
809980
809981
809982
809983
809984
809985
809986
809987
809988
809989
809990
809991
809992
809993
809994
809995
809996
809997
809998
809999
810000
810001
810002
810003
810004
810083
810084
810085
810086
810087
810088
810089
810090
810091
810092
810093
810094
810095
810096
810097
810098
810099
810100
810101
810102
810103
810104
810105
810106
810107
810108
810110
810111
810112
810113
810114
810115
810116
810117
810118
810119
810120
810121
810122
810123
810124
810125
810126
810127
810128
810129
810130
810131
810132
810133
810134
810213
810214
810215
810216
810217
810218
810219
810220
810221
810222
810223
810224
810225
810226
810227
810228
810229
810230
810231
810232
810233
810234
810235
810236
810237
810238
810239
810240
810243
810244
810245
810246
810247
810248
810249
810250
810251
810252
810253
810254
810255
810256
810257
810258
810259
810260
810261
810262
810263
810264
810577
810578
810579
810580
810581
810582
810583
810584
810585
810586
810587
810588
810589
810590
810591
810592
810593
810594
810595
810596
810597
810598
810599
810600
810601
810602
810629
810630
810631
810632
810633
810634
810635
810636
810637
810638
810639
810640
810641
810642
810643
810644
810645
810646
810647
810648
810649
810650
810651
810652
810653
810654
810733
810734
810735
810736
810737
810738
810739
810740
810741
810742
810743
810744
810745
810746
810747
810748
810749
810750
810751
810752
810753
810754
810755
810756
810757
810758
810759
810760
810761
810762
810763
810764
810765
810766
810767
810768
810769
810770
810771
810772
810773
810774
810775
810776
810777
810778
810779
810780
810781
810782
810783
810784
810837
810838
810839
810840
810841
810842
810843
810844
810845
810846
810847
810848
810849
810850
810851
810852
810853
810854
810855
810856
810857
810858
810859
810860
810861
810862
810863
810864
810865
810866
810867
810868
810869
810870
810871
810872
810873
810874
810875
810876
810877
810878
810879
810880
810881
810882
810883
810884
810885
810886
810887
810888
810967
810968
810969
810970
810971
810972
810973
810974
810975
810976
810977
810978
810979
810980
810981
810982
810983
810984
810985
810986
810987
810988
810989
810990
810991
810992
811097
811098
811099
811100
811101
811102
811103
811104
811105
811106
811107
811108
811109
811110
811111
811112
811113
811114
811115
811116
811117
811118
811119
811120
811121
811122
811123
811124
811125
811126
811127
811128
811129
811130
811131
811132
811133
811134
811135
811136
811137
811138
811139
811140
811141
811142
811143
811144
811145
811146
811147
811148
811201
811202
811203
811204
811205
811206
811207
811208
811209
811210
811211
811212
811213
811214
811215
811216
811217
811218
811219
811220
811221
811222
811223
811224
811225
811226
811253
811254
811255
811256
811257
811258
811259
811260
811261
811262
811263
811264
811265
811266
811267
811268
811269
811270
811271
811272
811273
811274
811275
811276
811277
811278
811305
811306
811307
811308
811309
811310
811311
811312
811313
811314
811315
811316
811317
811318
811319
811320
811321
811322
811323
811324
811325
811326
811327
811328
811329
811330
811357
811358
811359
811360
811361
811362
811363
811364
811365
811366
811367
811368
811369
811370
811371
811372
811373
811374
811375
811376
811377
811378
811379
811380
811381
811382
811409
811410
811411
811412
811413
811414
811415
811416
811417
811418
811419
811420
811421
811422
811423
811424
811425
811426
811427
811428
811429
811430
811431
811432
811433
811434
811461
811462
811463
811464
811465
811466
811467
811468
811469
811470
811471
811472
811473
811474
811475
811476
811477
811478
811479
811480
811481
811482
811483
811484
811485
811486
811487
811489
811490
811491
811492
811493
811494
811495
811496
811497
811498
811499
811500
811501
811502
811503
811504
811505
811506
811507
811508
811509
811510
811511
811512
811539
811540
811541
811542
811543
811544
811545
811546
811547
811548
811549
811550
811551
811552
811553
811554
811555
811556
811557
811558
811559
811560
811561
811562
811563
811564
811565
811566
811567
811568
811569
811570
811571
811572
811573
811574
811575
811576
811577
811578
811579
811580
811581
811582
811583
811584
811585
811586
811587
811588
811589
811590
811591
811592
811593
811594
811595
811596
811597
811598
811599
811600
811601
811602
811603
811604
811605
811606
811607
811608
811609
811610
811611
811612
811613
811614
811615
811616
811643
811644
811645
811646
811647
811648
811649
811650
811651
811652
811653
811654
811655
811656
811657
811658
811659
811660
811661
811662
811663
811664
811665
811666
811667
811668
811669
811670
811671
811672
811673
811674
811675
811676
811677
811678
811679
811680
811681
811682
811683
811684
811685
811686
811687
811688
811689
811690
811691
811692
811693
811694
811799
811800
811801
811802
811803
811804
811805
811806
811807
811808
811809
811810
811811
811812
811813
811814
811815
811816
811817
811818
811819
811820
811821
811822
811823
811824
811851
811852
811853
811854
811855
811856
811857
811858
811859
811860
811861
811862
811863
811864
811865
811866
811867
811868
811869
811870
811871
811872
811873
811874
811875
811876
811955
811956
811957
811958
811959
811960
811961
811962
811963
811964
811965
811966
811967
811968
811969
811970
811971
811972
811973
811974
811975
811976
811977
811978
811979
811980
811981
811982
811983
811986
811988
811989
811990
811991
811992
811993
811994
811995
811996
811997
811998
811999
812000
812001
812002
812003
812004
812005
812006
812007
812008
812009
812010
812011
812012
812013
812014
812015
812016
812017
812018
812019
812020
812021
812022
812023
812024
812025
812026
812027
812028
812029
812030
812031
812032
812059
812060
812061
812062
812063
812064
812065
812066
812067
812068
812069
812070
812071
812072
812073
812074
812075
812076
812077
812078
812079
812080
812082
812083
812084
812111
812112
812113
812114
812115
812116
812117
812118
812119
812120
812121
812122
812123
812124
812125
812126
812127
812128
812129
812130
812131
812132
812133
812134
812135
812136
812163
812164
812165
812166
812167
812168
812169
812170
812171
812172
812173
812174
812175
812176
812177
812178
812179
812180
812181
812182
812183
812184
812185
812186
812187
812188
812241
812242
812243
812244
812245
812246
812247
812248
812249
812250
812251
812252
812253
812254
812255
812256
812257
812258
812259
812260
812261
812262
812263
812264
812265
812266
812267
812269
812270
812271
812272
812273
812274
812275
812276
812277
812278
812279
812280
812281
812282
812283
812284
812285
812286
812287
812288
812289
812290
812291
812292
812293
812294
812295
812296
812297
812298
812299
812300
812301
812302
812303
812304
812305
812306
812307
812308
812309
812310
812311
812312
812313
812314
812315
812316
812317
812318
812319
812320
812321
812322
812323
812324
812325
812326
812327
812328
812329
812330
812331
812332
812333
812334
812335
812336
812337
812338
812339
812340
812341
812342
812343
812344
812371
812372
812373
812374
812375
812376
812377
812378
812379
812380
812381
812382
812383
812384
812385
812386
812387
812388
812389
812390
812391
812392
812393
812394
812395
812396
812398
812399
812400
812401
812402
812403
812404
812405
812406
812407
812408
812409
812410
812411
812412
812413
812414
812415
812416
812417
812418
812419
812420
812421
812422
812475
812476
812477
812478
812479
812480
812481
812482
812483
812484
812485
812486
812487
812488
812489
812490
812491
812492
812493
812494
812495
812496
812497
812498
812499
812500
812501
812502
812503
812504
812505
812506
812507
812508
812509
812510
812511
812512
812513
812514
812515
812516
812517
812518
812519
812520
812521
812522
812523
812524
812525
812526
812657
812658
812659
812660
812661
812662
812663
812664
812665
812666
812667
812668
812669
812670
812671
812672
812673
812674
812675
812676
812677
812678
812679
812680
812681
812682
812683
812684
812685
812686
812687
812688
812689
812690
812691
812692
812693
812694
812695
812697
812698
812699
812700
812701
812702
812703
812704
812706
812707
812708
812711
812712
812715
812716
812717
812718
812720
812721
812722
812724
812725
812726
812727
812728
812730
812731
812732
812733
812734
812761
812762
812764
812765
812767
812768
812769
812770
812772
812773
812774
812775
812776
812777
812778
812779
812780
812781
812782
812783
812784
812785
812786
812813
812814
812815
812816
812817
812819
812820
812821
812822
812824
812825
812826
812827
812829
812830
812831
812832
812833
812834
812836
812837
812838
812865
812866
812867
812868
812869
812870
812872
812873
812874
812875
812876
812877
812878
812879
812880
812881
812882
812883
812884
812885
812886
812887
812888
812889
812890
812943
812944
812945
812947
812948
812949
812950
812951
812952
812953
812954
812955
812956
812958
812959
812960
812961
812962
812965
812966
812967
812968
812995
812998
812999
813000
813001
813002
813005
813006
813007
813010
813011
813012
813014
813015
813018
813019
813020
813048
813049
813051
813053
813055
813056
813057
813058
813059
813060
813061
813062
813063
813064
813066
813069
813070
813071
813072
813099
813100
813101
813102
813103
813104
813105
813106
813107
813109
813110
813111
813112
813114
813115
813116
813117
813120
813121
813123
813124
813151
813152
813153
813154
813155
813156
813157
813158
813159
813160
813161
813163
813164
813165
813166
813167
813168
813169
