813171
813172
813173
813174
813175
813176
813203
813204
813205
813206
813207
813208
813209
813210
813211
813212
813213
813214
813215
813216
813217
813218
813219
813220
813221
813222
813223
813224
813225
813226
813227
813228
813255
813256
813257
813258
813259
813260
813261
813262
813263
813264
813265
813266
813267
813268
813269
813270
813271
813272
813273
813274
813275
813276
813277
813278
813279
813280
813307
813308
813309
813310
813311
813312
813313
813314
813315
813316
813317
813318
813319
813320
813321
813322
813323
813324
813325
813326
813327
813328
813329
813330
813331
813332
813359
813360
813361
813362
813363
813364
813365
813366
813367
813368
813369
813370
813371
813372
813373
813374
813375
813376
813377
813378
813379
813380
813381
813382
813383
813384
813411
813412
813413
813414
813415
813416
813417
813418
813419
813420
813421
813422
813423
813424
813425
813426
813427
813428
813429
813430
813431
813432
813433
813434
813435
813436
813489
813490
813491
813492
813493
813494
813495
813496
813497
813498
813499
813500
813501
813502
813503
813504
813505
813506
813507
813508
813509
813510
813511
813512
813513
813514
813541
813542
813543
813544
813545
813546
813547
813548
813549
813550
813551
813552
813553
813554
813555
813556
813557
813558
813559
813560
813561
813562
813563
813564
813565
813566
813567
813568
813569
813570
813571
813572
813573
813574
813575
813576
813577
813578
813579
813580
813581
813582
813583
813584
813585
813586
813587
813588
813589
813590
813591
813592
813645
813646
813647
813648
813649
813650
813651
813652
813653
813654
813655
813656
813657
813658
813659
813660
813661
813662
813663
813664
813665
813666
813667
813668
813669
813670
813671
813672
813673
813674
813675
813676
813677
813678
813679
813680
813681
813682
813683
813684
813685
813686
813687
813688
813689
813690
813691
813692
813693
813694
813695
813696
813723
813724
813725
813726
813727
813728
813729
813730
813731
813732
813733
813734
813735
813736
813737
813738
813739
813740
813741
813742
813743
813744
813745
813746
813747
813748
813775
813776
813777
813778
813779
813780
813781
813782
813783
813784
813785
813786
813787
813788
813789
813790
813791
813792
813793
813794
813795
813796
813797
813798
813799
813800
813853
813854
813855
813856
813857
813858
813859
813860
813861
813862
813863
813864
813865
813866
813867
813868
813869
813870
813871
813872
813873
813874
813875
813876
813877
813878
813905
813906
813907
813908
813909
813910
813911
813912
813913
813914
813915
813916
813917
813918
813919
813920
813921
813922
813923
813924
813925
813926
813927
813928
813929
813930
813957
813958
813959
813960
813961
813962
813963
813964
813965
813966
813967
813968
813969
813970
813971
813972
813973
813974
813975
813976
813977
813978
813979
813980
813981
813982
813983
813984
813985
813986
813987
813988
813989
813990
813991
813992
813993
813994
813995
813996
813997
813998
813999
814000
814001
814002
814003
814004
814005
814006
814007
814008
814035
814036
814037
814038
814039
814040
814041
814042
814043
814044
814045
814046
814047
814048
814049
814050
814051
814052
814053
814054
814055
814056
814057
814058
814059
814060
814113
814114
814115
814116
814117
814118
814119
814120
814121
814122
814123
814124
814125
814126
814127
814128
814129
814130
814131
814132
814133
814134
814135
814136
814137
814138
814139
814140
814141
814142
814143
814144
814145
814146
814147
814148
814149
814150
814151
814152
814153
814154
814155
814156
814157
814158
814159
814160
814161
814162
814163
814164
814243
814244
814245
814246
814247
814248
814249
814250
814251
814252
814253
814254
814255
814256
814257
814258
814259
814260
814261
814262
814263
814264
814265
814266
814267
814268
814295
814296
814297
814298
814299
814300
814301
814302
814303
814304
814305
814306
814307
814308
814309
814310
814311
814312
814313
814314
814315
814316
814317
814318
814319
814320
814347
814348
814349
814350
814351
814352
814353
814354
814355
814356
814357
814358
814359
814360
814361
814362
814363
814364
814365
814366
814367
814368
814369
814370
814371
814372
814373
814374
814375
814376
814377
814378
814379
814380
814381
814382
814383
814384
814385
814386
814387
814388
814389
814390
814391
814392
814393
814394
814395
814396
814397
814398
814425
814426
814427
814428
814429
814430
814431
814432
814433
814434
814435
814436
814437
814438
814439
814440
814441
814442
814443
814444
814445
814446
814447
814448
814449
814450
814477
814478
814479
814480
814481
814482
814483
814484
814485
814486
814487
814488
814489
814490
814491
814492
814493
814494
814495
814496
814497
814498
814499
814500
814501
814502
814529
814530
814531
814532
814533
814534
814535
814536
814537
814538
814539
814540
814541
814542
814543
814544
814545
814546
814547
814548
814549
814550
814551
814552
814553
814554
814581
814582
814583
814584
814585
814586
814587
814588
814589
814590
814591
814592
814593
814594
814595
814596
814597
814598
814599
814600
814601
814602
814603
814604
814605
814606
814633
814634
814635
814636
814637
814638
814639
814640
814642
814643
814644
814645
814646
814647
814648
814649
814650
814651
814652
814653
814654
814655
814656
814657
814658
814685
814686
814687
814688
814689
814690
814691
814692
814693
814694
814695
814696
814697
814698
814699
814700
814701
814702
814703
814704
814705
814706
814707
814708
814709
814710
814763
814764
814765
814766
814767
814768
814769
814770
814771
814772
814773
814774
814775
814776
814777
814778
814779
814780
814781
814782
814783
814784
814785
814786
814787
814788
814815
814816
814817
814818
814819
814820
814821
814822
814823
814824
814825
814826
814827
814828
814829
814830
814831
814832
814833
814834
814835
814836
814837
814838
814839
814840
814867
814868
814869
814870
814871
814872
814873
814874
814875
814876
814877
814878
814879
814880
814881
814882
814883
814884
814885
814886
814887
814888
814889
814890
814891
814892
814919
814920
814921
814922
814923
814924
814925
814926
814927
814928
814929
814930
814931
814932
814933
814934
814935
814936
814937
814938
814939
814940
814941
814942
814943
814944
814971
814972
814973
814974
814975
814976
814977
814978
814979
814980
814981
814982
814983
814984
814985
814986
814987
814988
814989
814990
814991
814992
814993
814994
814995
814996
815023
815024
815025
815026
815027
815028
815029
815030
815031
815032
815033
815034
815035
815036
815037
815038
815039
815040
815041
815042
815043
815044
815045
815046
815047
815048
815049
815050
815051
815052
815053
815054
815055
815056
815057
815058
815059
815060
815061
815062
815063
815064
815065
815066
815067
815068
815069
815070
815071
815072
815073
815074
815101
815102
815103
815104
815105
815106
815107
815108
815109
815110
815111
815112
815113
815114
815115
815116
815117
815118
815119
815120
815121
815122
815123
815124
815125
815126
815179
815180
815181
815182
815183
815184
815185
815186
815187
815188
815189
815190
815191
815192
815193
815194
815195
815196
815197
815198
815199
815200
815201
815202
815203
815204
815231
815232
815233
815234
815235
815236
815237
815238
815239
815240
815241
815242
815243
815244
815245
815246
815247
815248
815249
815250
815251
815252
815253
815254
815255
815256
815283
815284
815285
815286
815287
815288
815289
815290
815291
815292
815293
815294
815295
815296
815297
815298
815299
815300
815301
815302
815303
815304
815305
815306
815307
815308
815309
815310
815311
815312
815313
815314
815315
815316
815317
815318
815319
815320
815321
815322
815323
815324
815325
815326
815327
815328
815329
815330
815331
815332
815333
815334
815387
815388
815389
815390
815391
815392
815393
815394
815395
815396
815397
815398
815399
815400
815401
815402
815403
815404
815405
815406
815407
815408
815409
815410
815411
815412
815439
815440
815441
815442
815443
815444
815445
815446
815447
815448
815449
815450
815451
815452
815453
815454
815455
815456
815457
815458
815459
815460
815461
815462
815463
815464
815465
815466
815467
815468
815469
815470
815471
815472
815473
815474
815475
815476
815477
815478
815479
815480
815481
815482
815483
815484
815485
815486
815487
815488
815489
815490
815517
815518
815519
815520
815521
815522
815523
815524
815525
815526
815527
815528
815529
815530
815531
815532
815533
815534
815535
815536
815537
815538
815539
815540
815541
815542
815595
815596
815597
815598
815599
815600
815601
815602
815603
815604
815605
815606
815607
815608
815609
815610
815611
815612
815613
815614
815615
815616
815617
815618
815619
815620
815647
815648
815649
815650
815651
815652
815653
815654
815655
815656
815657
815658
815659
815660
815661
815662
815663
815664
815665
815666
815667
815668
815669
815670
815671
815672
815673
815674
815675
815676
815677
815678
815679
815680
815681
815682
815683
815684
815685
815686
815687
815688
815689
815690
815691
815692
815693
815694
815695
815696
815697
815698
815751
815752
815753
815754
815755
815757
815758
815759
815760
815761
815762
815763
815764
815765
815766
815767
815768
815769
815770
815771
815772
815773
815774
815775
815776
815777
815778
815779
815780
815781
815782
815783
815784
815785
815786
815787
815788
815789
815790
815791
815792
815793
815795
815796
815797
815798
815799
815800
815801
815802
815855
815856
815857
815858
815859
815860
815861
815862
815863
815864
815865
815866
815867
815868
815869
815870
815871
815872
815873
815874
815875
815876
815877
815878
815879
815880
815881
815882
815883
815884
815885
815886
815887
815888
815889
815890
815891
815892
815893
815894
815895
815896
815897
815898
815899
815900
815901
815902
815903
815904
815905
815906
815933
815934
815935
815936
815937
815938
815939
815940
815941
815942
815943
815944
815945
815946
815947
815948
815949
815950
815951
815952
815953
815954
815955
815956
815957
815958
815985
815986
815987
815988
815989
815990
815991
815992
815993
815994
815995
815996
815997
815998
815999
816000
816001
816002
816003
816004
816005
816006
816007
816008
816009
816010
816037
816038
816039
816040
816041
816042
816043
816044
816045
816046
816047
816048
816049
816050
816051
816052
816053
816054
816055
816056
816057
816058
816059
816060
816061
816062
816115
816116
816117
816118
816119
816120
816121
816122
816123
816124
816125
816126
816127
816128
816129
816130
816131
816132
816133
816134
816135
816136
816137
816138
816139
816140
816167
816168
816169
816170
816171
816172
816173
816174
816175
816176
816177
816178
816179
816180
816181
816182
816183
816184
816185
816186
816187
816188
816189
816190
816191
816192
816193
816194
816195
816196
816197
816198
816199
816200
816201
816202
816203
816204
816205
816206
816207
816208
816209
816210
816211
816212
816213
816214
816215
816216
816217
816218
816245
816246
816247
816248
816249
816250
816251
816252
816253
816254
816255
816256
816257
816258
816259
816260
816261
816262
816263
816264
816265
816266
816267
816268
816269
816270
816297
816298
816299
816300
816301
816302
816303
816304
816305
816306
816307
816308
816309
816310
816311
816312
816313
816314
816315
816316
816317
816318
816319
816320
816321
816322
816375
816376
816377
816378
816379
816380
816381
816382
816383
816384
816385
816386
816387
816388
816389
816390
816391
816392
816393
816394
816395
816396
816397
816398
816399
816400
816401
816402
816403
816404
816405
816406
816407
816408
816409
816410
816411
816412
816413
816414
816415
816416
816417
816418
816419
816420
816421
816422
816423
816424
816425
816426
816479
816480
816481
816482
816483
816484
816485
816486
816487
816488
816489
816490
816491
816492
816493
816494
816495
816496
816497
816498
816499
816500
816501
816502
816503
816504
816531
816532
816533
816534
816535
816536
816537
816538
816539
816540
816541
816542
816543
816544
816545
816546
816547
816548
816549
816550
816551
816552
816553
816554
816555
816556
816557
816558
816559
816560
816561
816562
816563
816564
816565
816566
816567
816568
816569
816570
816571
816572
816573
816574
816575
816576
816577
816578
816579
816580
816581
816582
816609
816610
816611
816612
816613
816614
816615
816616
816617
816618
816619
816620
816621
816622
816623
816624
816625
816626
816627
816628
816629
816630
816631
816632
816633
816634
816687
816688
816689
816690
816691
816692
816693
816694
816695
816696
816697
816698
816699
816700
816701
816702
816703
816704
816705
816706
816707
816708
816709
816710
816711
816712
816739
816740
816741
816742
816743
816744
816745
816746
816747
816748
816749
816750
816751
816752
816753
816754
816755
816756
816757
816758
816759
816760
816761
816762
816763
816764
816765
816766
816767
816768
816769
816770
816771
816772
816773
816774
816775
816776
816777
816778
816779
816780
816781
816782
816783
816784
816785
816786
816787
816788
816789
816790
816843
816844
816845
816846
816847
816848
816849
816850
816851
816852
816853
816854
816855
816856
816857
816858
816859
816860
816861
816862
816863
816864
816865
816866
816867
816868
816869
816870
816871
816872
816873
816874
816875
816876
816877
816878
816879
816880
816881
816882
816883
816884
816886
816887
816888
816889
816890
816891
816892
816893
816894
816895
816896
816897
816898
816899
816900
816901
816902
816903
816904
816905
816906
816907
816908
816909
816910
816911
816912
816913
816914
816915
816916
816917
816918
816919
816920
816947
816948
816949
816950
816951
816952
816953
816954
816955
816956
816957
816958
816959
816960
816961
816962
816963
816964
816965
816966
816967
816968
816969
816970
816971
816972
817025
817026
817027
817028
817029
817030
817031
817032
817033
817034
817035
817036
817037
817038
817039
817040
817041
817042
817043
817044
817045
817046
817047
817048
817050
817077
817078
817079
817080
817081
817082
817083
817084
817085
817086
817087
817088
817089
817090
817091
817092
817093
817094
817095
817096
817097
817098
817099
817100
817101
817102
817103
817104
817105
817106
817107
817108
817109
817110
817111
817112
817113
817114
817115
817116
817117
817118
817119
817120
817121
817122
817123
817124
817125
817126
817127
817128
817155
817156
817157
817158
817159
817160
817161
817162
817163
817164
817165
817166
817167
817168
817169
817170
817171
817172
817173
817174
817175
817176
817177
817178
817179
817180
817233
817234
817235
817236
817237
817238
817239
817240
817241
817242
817243
817244
817245
817246
817247
817248
817249
817250
817251
817252
817253
817254
817255
817256
817257
817258
817259
817260
817261
817262
817263
817264
817265
817266
817267
817268
817269
817270
817271
817272
817273
817274
817275
817276
817277
817278
817279
817280
817281
817282
817283
817284
817311
817312
817313
817314
817315
817316
817317
817318
817319
817320
817321
817322
817323
817324
817325
817326
817327
817328
817329
817330
817331
817332
817333
817334
817335
817336
817363
817364
817365
817366
817367
817368
817369
817370
817371
817372
817373
817374
817375
817376
817377
817378
817379
817380
817381
817382
817383
817384
817385
817386
817387
817388
817441
817442
817443
817444
817445
817446
817447
817448
817449
817450
817451
817452
817453
817454
817455
817456
817457
817458
817459
817460
817461
817462
817463
817464
817465
817466
817467
817468
817469
817470
817471
817472
817473
817474
817475
817476
817477
817478
817479
817480
817481
817482
817483
817484
817485
817486
817487
817488
817489
817490
817491
817492
817545
817546
817547
817548
817549
817550
817551
817552
817553
817554
817555
817556
817557
817558
817559
817560
817561
817562
817563
817564
817565
817566
817567
817568
817569
817570
817597
817598
817599
817600
817601
817602
817603
817604
817605
817606
817607
817608
817609
817610
817611
817612
817613
817614
817615
817616
817617
817618
817619
817620
817621
817622
817623
817624
817625
817626
817627
817628
817629
817630
817631
817632
817633
817634
817635
817636
817637
817638
817639
817640
817641
817642
817643
817644
817645
817646
817647
817648
817701
817702
817703
817704
817705
817706
817707
817708
817709
817710
817711
817712
817713
817714
817715
817716
817717
817718
817719
817720
817721
817722
817723
817724
817725
817726
817753
817754
817755
817756
817757
817758
817759
817760
817761
817762
817763
817764
817765
817766
817767
817768
817769
817770
817771
817772
817773
817774
817775
817776
817777
817778
817779
817780
817781
817782
817783
817784
817785
817786
817787
817788
817789
817790
817791
817792
817793
817794
817795
817796
817797
817798
817799
817800
817801
817802
817803
817804
817857
817858
817859
817860
817861
817862
817863
817864
817865
817866
817867
817868
817869
817870
817871
817872
817873
817874
817875
817876
817877
817878
817879
817880
817881
817882
817935
817936
817937
817938
817939
817940
817941
817942
817943
817944
817945
817946
817947
817948
817949
817950
817951
817952
817953
817954
817955
817956
817957
817958
817959
817960
818039
818040
818041
818042
818043
818044
818045
818046
818047
818048
818049
818050
818051
818052
818053
818054
818055
818056
818057
818058
818059
818060
818061
818062
818063
818064
818065
818066
818067
818068
818069
818070
818071
818072
818073
818074
818075
818076
818077
818078
818079
818080
818081
818082
818083
818084
818085
818086
818087
818088
818089
818090
818091
818092
818093
818094
818095
818096
818097
818098
818099
818100
818101
818102
818103
818104
818105
818106
818107
818108
818109
818110
818111
818112
818113
818114
818115
818116
818143
818144
818145
818146
818147
818148
818149
818150
818151
818152
818153
818154
818155
818156
818157
818158
818159
818160
818161
818162
818163
818164
818165
818166
818168
818169
818170
818171
818172
818173
818174
818175
818176
818177
818178
818179
818180
818181
818182
818183
818184
818185
818186
818187
818188
818189
818190
818191
818192
818193
818194
818221
818222
818223
818224
818225
818226
818227
818228
818229
818230
818231
818232
818233
818234
818235
818236
818237
818238
818239
818240
818241
818242
818243
818244
818245
818246
818273
818274
818275
818276
818277
818278
818279
818280
818281
818282
818283
818284
818285
818286
818287
818288
818289
818290
818291
818292
818293
818294
818295
818296
818297
818298
818299
818300
818301
818302
818303
818304
818305
818306
818307
818308
818309
818310
818311
818312
818313
818314
818315
818316
818317
818318
818319
818320
818321
818322
818323
818324
818325
818326
818327
818328
818329
818330
818331
818332
818333
818334
818335
818336
818337
818338
818339
818340
818341
818342
818343
818344
818345
818346
818347
818348
818349
818350
818455
818456
818457
818458
818459
818460
818461
818462
818463
818464
818465
818466
818467
818468
818469
818470
818471
818472
818473
818474
818475
818476
818477
818478
818479
818480
818481
818482
818483
818484
818485
818486
818487
818488
818489
818490
818491
818492
818493
818494
818495
818496
818497
818498
818499
818500
818501
818502
818503
818504
818505
818506
818533
818534
818535
818536
818537
818538
818539
818540
818541
818542
818543
818544
818545
818546
818547
818548
818549
818550
818551
818552
818553
818554
818555
818556
818557
818558
818559
818560
818561
818562
818563
818564
818565
818566
818567
818568
818569
818570
818571
818572
818573
818574
818575
818576
818577
818578
818579
818580
818581
818582
818583
818584
818663
818664
818665
818666
818667
818668
818669
818670
818671
818672
818673
818674
818675
818676
818677
818678
818679
818680
818681
818682
818683
818684
818685
818686
818687
818688
818689
818690
818691
818692
818693
818694
818695
818696
818697
818698
818699
818700
818701
818702
818703
818704
818705
818706
818707
818708
818709
818710
818711
818712
818713
818714
818715
818716
818717
818718
818719
818720
818721
818722
818723
818724
818725
818726
818727
818728
818729
818730
818731
818732
818733
818734
818735
818736
818737
818738
818739
818740
818741
818742
818743
818744
818745
818746
818747
818748
818749
818750
818751
818752
818753
818754
818755
818756
818757
818758
818759
818760
818761
818762
818763
818764
818765
818766
818767
818768
818769
818770
818771
818772
818773
818774
818775
818776
818777
818778
818779
818780
818781
818782
818783
818784
818785
818786
818787
818788
818789
818790
818791
818792
818793
818794
818795
818796
818797
818798
818799
818800
818801
818802
818803
818804
818805
818806
818807
818808
818809
818810
818811
818812
818813
818814
818815
818816
818817
818818
818845
818846
818847
818848
818849
818850
818851
818852
818853
818854
818855
818856
818857
818858
818859
818860
818861
818862
818863
818864
818865
818866
818867
818868
818869
818870
818897
818898
818899
818900
818901
818902
818903
818904
818905
818906
818907
818908
818909
818910
818911
818912
818913
818914
818915
818916
818917
818918
818919
818920
818921
818922
818949
818950
818951
818952
818953
818954
818955
818956
818957
818958
818959
818960
818961
818962
818963
818964
818965
818966
818967
818968
818969
818970
818971
818972
818973
818974
818975
818976
818977
818978
818979
818980
818981
818982
818983
818984
818985
818986
818987
818988
818989
818990
818991
818992
818993
818994
818995
818996
818997
818998
818999
819000
819053
819054
819055
819056
819057
819058
819059
819060
819061
819062
819063
819064
819065
819066
819067
819068
819069
819070
819071
819072
819073
819074
819075
819076
819077
819078
819079
819080
819081
819082
819083
819084
819085
819086
819087
819088
819089
819090
819091
819092
819093
819094
819095
819096
819097
819098
819099
819100
819101
819102
819103
819104
819105
819106
819107
819108
819109
819110
819111
819112
819113
819114
819115
819116
819117
819118
819119
819120
819121
819122
819123
819124
819125
819126
819127
819128
819129
819130
819131
819132
819133
819134
819135
819136
819137
819138
819139
819140
819141
819142
819143
819144
819145
819146
819147
819148
819149
819150
819151
819152
819153
819154
819155
819156
819313
819314
819315
819316
819317
819318
819319
819320
819321
819322
819323
819324
819325
819326
819327
819328
819329
819330
819331
819332
819333
819334
819335
819336
819337
819338
819391
819392
819393
819394
819395
819396
819397
819398
819399
819400
819401
819402
819403
819404
819405
819406
819407
819408
819409
819410
819411
819412
819413
819414
819415
819416
819443
819444
819445
819446
819447
819448
819449
819450
819451
819452
819453
819454
819455
819456
819457
819458
819459
819460
819461
819462
819463
819464
819465
819466
819467
819468
819469
819470
819471
819472
819473
819474
819475
819476
819477
819478
819479
819480
819481
819482
819483
819484
819485
819486
819487
819488
819489
819490
819491
819492
819493
819494
819521
819522
819523
819524
819525
819526
819527
819528
819529
819530
819531
819532
819533
819534
819535
819536
819537
819538
819539
819540
819541
819542
819543
819544
819545
819546
819548
819549
819550
819551
819552
819553
819554
819555
819556
819557
819558
819559
819560
819561
819562
819563
819564
819565
819566
819567
819568
819569
819570
819571
819572
819573
819574
819575
819576
819577
819578
819579
819580
819581
819582
819583
819584
819585
819586
819587
819588
819589
819590
819591
819592
819593
819594
819595
819596
819597
819598
819677
819678
819679
819680
819681
819682
819683
819684
819685
819686
819687
819688
819689
819690
819691
819692
819693
819694
819695
819696
819697
819698
819699
819700
819701
819702
819704
819705
819706
819707
819708
819709
819710
819711
819712
819713
819714
819715
819716
819717
819718
819719
819720
819721
819722
819723
819724
819725
819726
819727
819728
819781
819782
819783
819784
819785
819786
819787
819788
819789
819790
819791
819792
819793
819794
819795
819796
819797
819798
819799
819800
819801
819802
819803
819804
819805
819806
819808
819809
819810
819811
819812
819813
819814
819815
819816
819817
819818
819819
819820
819821
819822
819823
819824
819825
819826
819827
819828
819829
819830
819831
819832
819834
819835
819836
819837
819838
819839
819840
819841
819842
819843
819844
819845
819846
819847
819848
819849
819850
819851
819852
819853
819854
819855
819856
819857
819858
