819937
819938
819939
819940
819941
819942
819943
819944
819945
819946
819947
819948
819949
819950
819951
819952
819953
819954
819955
819956
819957
819958
819959
819960
819961
819962
819989
819990
819991
819992
819993
819994
819995
819996
819997
819998
819999
820000
820001
820002
820003
820004
820005
820006
820007
820008
820009
820010
820011
820012
820013
820014
820093
820094
820095
820096
820097
820098
820099
820100
820101
820102
820103
820104
820105
820106
820107
820108
820109
820110
820111
820112
820113
820114
820115
820116
820117
820118
820145
820146
820147
820148
820149
820150
820151
820152
820153
820154
820155
820156
820157
820158
820159
820160
820161
820162
820163
820164
820165
820166
820167
820168
820169
820170
820171
820172
820173
820174
820175
820176
820177
820178
820179
820180
820181
820182
820183
820184
820185
820186
820187
820188
820189
820190
820191
820192
820193
820194
820195
820196
820249
820250
820251
820252
820253
820254
820255
820256
820257
820258
820259
820260
820261
820262
820263
820264
820265
820266
820267
820268
820269
820270
820271
820272
820273
820274
820275
820276
820277
820278
820279
820280
820281
820282
820283
820284
820285
820286
820287
820288
820289
820290
820291
820292
820293
820295
820296
820297
820298
820299
820300
820327
820328
820329
820330
820331
820332
820333
820334
820335
820336
820337
820338
820339
820340
820341
820342
820343
820344
820345
820346
820347
820348
820349
820350
820351
820352
820379
820380
820381
820382
820383
820384
820385
820386
820387
820388
820389
820390
820391
820392
820393
820394
820395
820396
820397
820398
820399
820400
820401
820402
820403
820404
820405
820406
820407
820408
820409
820410
820411
820412
820413
820414
820415
820416
820417
820418
820419
820420
820421
820422
820423
820424
820425
820426
820427
820428
820429
820430
820509
820510
820511
820512
820513
820514
820515
820516
820517
820518
820519
820520
820521
820522
820523
820524
820525
820526
820527
820528
820529
820530
820531
820532
820533
820534
820561
820562
820563
820564
820565
820566
820567
820568
820569
820570
820571
820572
820573
820574
820575
820576
820577
820578
820579
820580
820581
820582
820583
820584
820585
820586
820587
820588
820589
820590
820591
820592
820593
820594
820595
820596
820597
820598
820599
820600
820601
820602
820603
820604
820605
820606
820607
820608
820609
820610
820611
820612
820613
820614
820615
820616
820617
820618
820619
820620
820621
820622
820623
820624
820625
820626
820627
820628
820629
820630
820631
820632
820633
820634
820635
820636
820637
820638
820691
820692
820693
820694
820695
820696
820697
820698
820699
820700
820701
820702
820703
820704
820705
820706
820707
820708
820709
820710
820711
820712
820713
820714
820715
820716
820795
820796
820797
820798
820799
820800
820801
820802
820803
820804
820805
820806
820807
820808
820809
820810
820811
820812
820813
820814
820815
820816
820817
820818
820819
820820
820821
820822
820823
820824
820825
820826
820827
820828
820829
820830
820831
820832
820833
820834
820835
820836
820837
820838
820839
820840
820841
820842
820843
820844
820845
820846
821029
821030
821031
821032
821033
821034
821035
821036
821037
821038
821039
821040
821041
821042
821043
821044
821045
821046
821047
821048
821049
821050
821051
821052
821053
821054
821055
821056
821057
821058
821059
821060
821061
821062
821063
821064
821065
821066
821067
821068
821069
821070
821071
821072
821073
821074
821075
821076
821077
821078
821079
821080
821081
821082
821083
821084
821085
821086
821087
821088
821089
821090
821091
821092
821093
821094
821095
821096
821097
821098
821099
821100
821101
821102
821103
821104
821105
821106
821133
821134
821135
821136
821137
821138
821139
821140
821141
821142
821143
821144
821145
821146
821147
821148
821149
821150
821151
821152
821153
821154
821155
821156
821157
821158
821211
821212
821213
821214
821215
821216
821217
821218
821219
821220
821221
821222
821223
821224
821225
821226
821227
821228
821229
821230
821231
821232
821233
821234
821235
821236
821315
821316
821317
821318
821319
821320
821321
821322
821323
821324
821325
821326
821327
821328
821329
821330
821331
821332
821333
821334
821335
821336
821337
821338
821339
821340
821341
821342
821343
821344
821345
821346
821347
821348
821349
821350
821351
821352
821353
821354
821355
821356
821357
821358
821359
821360
821361
821362
821363
821364
821365
821366
821367
821368
821369
821370
821371
821372
821373
821374
821375
821376
821377
821378
821379
821380
821381
821382
821383
821384
821385
821386
821387
821388
821389
821390
821391
821392
821393
821394
821395
821396
821397
821398
821399
821400
821401
821402
821403
821404
821405
821406
821407
821408
821409
821410
821411
821412
821413
821414
821415
821416
821417
821418
821419
821420
821421
821422
821423
821424
821425
821426
821427
821428
821429
821430
821431
821432
821433
821434
821435
821436
821437
821438
821439
821440
821441
821442
821443
821444
821471
821472
821473
821474
821475
821476
821477
821478
821479
821480
821481
821482
821483
821484
821485
821486
821487
821488
821489
821490
821491
821492
821493
821494
821495
821496
821497
821498
821499
821500
821501
821502
821503
821504
821505
821506
821507
821508
821509
821510
821511
821512
821513
821514
821515
821516
821517
821518
821519
821520
821521
821522
821575
821576
821577
821578
821579
821580
821581
821582
821583
821584
821585
821586
821587
821588
821589
821590
821591
821592
821593
821594
821595
821596
821597
821598
821599
821600
821679
821680
821681
821682
821683
821684
821685
821686
821687
821688
821689
821690
821691
821692
821693
821694
821695
821696
821697
821698
821699
821700
821701
821702
821703
821704
821705
821706
821707
821708
821709
821710
821711
821712
821713
821714
821715
821716
821717
821718
821719
821720
821721
821722
821723
821724
821725
821726
821727
821728
821729
821730
821783
821784
821785
821786
821787
821788
821789
821790
821791
821792
821793
821794
821795
821796
821797
821798
821799
821800
821801
821802
821803
821804
821805
821806
821807
821808
821887
821888
821889
821890
821891
821892
821893
821894
821895
821896
821897
821898
821899
821900
821901
821902
821903
821904
821905
821906
821907
821908
821909
821910
821911
821912
821965
821966
821967
821968
821969
821970
821971
821972
821973
821974
821975
821976
821977
821978
821979
821980
821981
821982
821983
821984
821985
821986
821987
821988
821989
821990
822017
822018
822019
822020
822021
822022
822023
822024
822025
822026
822027
822028
822029
822030
822031
822032
822033
822034
822035
822036
822037
822038
822039
822040
822041
822042
822043
822044
822045
822046
822047
822048
822049
822050
822051
822052
822053
822054
822055
822056
822057
822058
822059
822060
822061
822062
822063
822064
822065
822066
822067
822068
822069
822070
822071
822072
822073
822074
822075
822076
822077
822078
822079
822080
822081
822082
822083
822084
822085
822086
822087
822088
822089
822090
822091
822092
822093
822094
822095
822096
822097
822098
822099
822100
822101
822102
822103
822104
822105
822106
822107
822108
822109
822110
822111
822112
822113
822114
822115
822116
822117
822118
822119
822120
822121
822122
822123
822124
822125
822126
822127
822128
822129
822130
822131
822132
822133
822134
822135
822136
822137
822138
822139
822140
822141
822142
822143
822144
822145
822146
822225
822226
822227
822228
822229
822230
822231
822232
822233
822234
822235
822236
822237
822238
822239
822240
822241
822242
822243
822244
822245
822246
822247
822248
822249
822250
822329
822330
822331
822332
822333
822334
822335
822336
822337
822338
822339
822340
822341
822342
822343
822344
822345
822346
822347
822348
822349
822350
822351
822352
822353
822354
822485
822486
822487
822488
822489
822490
822491
822492
822493
822494
822495
822496
822497
822498
822499
822500
822501
822502
822503
822504
822505
822506
822507
822508
822509
822510
822511
822512
822513
822514
822515
822516
822517
822518
822519
822520
822521
822522
822523
822524
822525
822526
822527
822528
822529
822530
822531
822532
822533
822534
822535
822536
822589
822590
822591
822592
822593
822594
822595
822596
822597
822598
822599
822600
822601
822602
822603
822604
822605
822606
822607
822608
822609
822610
822611
822612
822613
822614
822667
822668
822669
822670
822671
822672
822673
822674
822675
822676
822677
822678
822679
822680
822681
822682
822683
822684
822685
822686
822687
822688
822689
822690
822691
822692
822719
822720
822721
822722
822723
822724
822725
822726
822727
822728
822729
822730
822731
822732
822733
822734
822735
822736
822737
822738
822739
822740
822741
822742
822743
822744
822745
822746
822747
822748
822749
822750
822751
822752
822753
822754
822755
822756
822757
822758
822759
822760
822761
822762
822763
822764
822765
822766
822767
822768
822769
822770
822797
822798
822799
822800
822801
822802
822803
822804
822805
822806
822807
822808
822809
822810
822811
822812
822813
822814
822815
822816
822817
822818
822819
822820
822821
822822
822823
822824
822825
822826
822827
822828
822829
822830
822831
822832
822833
822834
822835
822836
822837
822838
822839
822840
822841
822842
822843
822844
822845
822846
822847
822848
822849
822850
822851
822852
822853
822854
822855
822856
822857
822858
822859
822860
822861
822862
822863
822864
822865
822866
822867
822868
822869
822870
822871
822872
822873
822874
822875
822876
822877
822878
822879
822880
822881
822882
822883
822884
822885
822886
822887
822888
822889
822890
822891
822892
822893
822894
822895
822896
822897
822898
822899
822900
822901
822902
822903
822904
822905
822906
822907
822908
822909
822910
822911
822912
822913
822914
822915
822916
822917
822918
822919
822920
822921
822922
822923
822924
822925
822926
822927
822928
822929
822930
822931
822932
822933
822934
822935
822936
822937
822938
822939
822940
822941
822942
822943
822944
822945
822946
822947
822948
822949
822950
822951
822952
822953
822954
822955
822956
822957
822958
822959
822960
822961
822962
822963
822964
822965
822966
822967
822968
822969
822970
822971
822972
822973
822974
822975
822976
822977
822978
823005
823006
823007
823008
823009
823010
823011
823012
823013
823014
823015
823016
823017
823018
823019
823020
823021
823022
823023
823024
823025
823026
823027
823028
823029
823030
823031
823032
823033
823034
823035
823036
823037
823038
823039
823040
823041
823042
823043
823044
823045
823046
823047
823048
823049
823050
823051
823052
823053
823054
823055
823056
823057
823058
823059
823060
823061
823062
823063
823064
823065
823066
823067
823068
823069
823070
823071
823072
823073
823074
823075
823076
823077
823078
823079
823080
823081
823082
823161
823162
823163
823164
823165
823166
823167
823168
823169
823170
823171
823172
823173
823174
823175
823176
823177
823178
823179
823180
823181
823182
823183
823184
823185
823186
823187
823188
823189
823190
823191
823192
823193
823194
823195
823196
823197
823198
823199
823200
823201
823202
823203
823204
823205
823206
823207
823208
823209
823210
823211
823212
823213
823214
823215
823216
823217
823218
823219
823220
823221
823222
823223
823224
823225
823226
823227
823228
823229
823230
823231
823232
823233
823234
823235
823236
823237
823238
823239
823240
823241
823242
823243
823244
823245
823246
823247
823248
823249
823250
823251
823252
823253
823254
823255
823256
823257
823258
823259
823260
823261
823262
823263
823264
823291
823292
823293
823294
823295
823296
823297
823298
823299
823300
823301
823302
823303
823304
823305
823306
823307
823308
823309
823310
823311
823312
823313
823314
823315
823316
823317
823318
823319
823320
823321
823322
823323
823324
823325
823326
823327
823328
823329
823330
823331
823332
823333
823334
823335
823336
823337
823338
823339
823340
823341
823342
823369
823370
823371
823372
823373
823374
823375
823376
823377
823378
823379
823380
823381
823382
823383
823384
823385
823386
823387
823388
823389
823390
823391
823392
823393
823394
823395
823396
823397
823398
823399
823400
823401
823402
823403
823404
823405
823406
823407
823408
823409
823410
823411
823412
823413
823414
823415
823416
823417
823418
823419
823420
823447
823448
823449
823450
823451
823452
823453
823454
823455
823456
823457
823458
823459
823460
823461
823462
823463
823464
823465
823466
823467
823468
823469
823470
823471
823472
823473
823474
823475
823476
823477
823478
823479
823480
823481
823482
823483
823484
823485
823486
823487
823488
823489
823490
823491
823492
823493
823494
823495
823496
823497
823498
823499
823500
823501
823502
823503
823504
823505
823506
823507
823508
823509
823510
823511
823512
823513
823514
823515
823516
823517
823518
823519
823520
823521
823522
823523
823524
823525
823526
823528
823529
823530
823531
823532
823533
823534
823535
823536
823537
823538
823539
823540
823541
823542
823543
823544
823545
823546
823547
823548
823549
823550
823655
823656
823657
823658
823659
823660
823661
823662
823663
823664
823665
823666
823667
823668
823669
823670
823671
823672
823673
823674
823675
823676
823677
823678
823679
823680
823733
823734
823735
823736
823737
823738
823739
823740
823741
823742
823743
823744
823745
823746
823747
823748
823750
823751
823752
823753
823754
823755
823756
823757
823758
823759
823760
823761
823762
823763
823764
823765
823766
823767
823768
823769
823770
823771
823772
823773
823774
823775
823776
823777
823778
823779
823780
823781
823782
823783
823784
823811
823812
823813
823814
823815
823816
823817
823818
823819
823820
823821
823822
823823
823824
823825
823826
823827
823828
823829
823830
823831
823832
823833
823834
823835
823836
823863
823864
823865
823866
823867
823868
823869
823870
823871
823872
823873
823874
823875
823876
823877
823878
823879
823880
823881
823882
823883
823884
823885
823886
823887
823888
823941
823942
823943
823944
823945
823946
823947
823948
823949
823950
823951
823952
823953
823954
823955
823956
823957
823958
823959
823960
823961
823962
823963
823964
823965
823966
824019
824020
824021
824022
824023
824024
824025
824026
824027
824028
824029
824030
824031
824032
824033
824034
824035
824036
824037
824038
824039
824040
824041
824042
824043
824044
824071
824072
824073
824074
824075
824076
824077
824078
824079
824080
824081
824082
824083
824084
824085
824086
824087
824088
824089
824090
824091
824092
824093
824094
824095
824096
824097
824098
824099
824100
824101
824102
824103
824104
824105
824106
824107
824108
824109
824110
824111
824112
824113
824114
824115
824116
824117
824118
824119
824120
824121
824122
824123
824124
824125
824126
824127
824128
824129
824130
824131
824132
824133
824134
824135
824136
824137
824138
824139
824140
824141
824142
824143
824144
824145
824146
824147
824148
824149
824150
824151
824152
824153
824154
824155
824156
824157
824158
824159
824160
824161
824162
824163
824164
824165
824166
824167
824168
824169
824170
824171
824172
824173
824174
824175
824176
824177
824178
824179
824180
824181
824182
824183
824184
824185
824186
824187
824188
824189
824190
824191
824192
824193
824194
824195
824196
824197
824198
824199
824200
824201
824202
824203
824204
824205
824206
824207
824208
824209
824210
824211
824212
824213
824214
824215
824216
824217
824218
824219
824220
824221
824222
824223
824224
824225
824226
824227
824228
824229
824230
824231
824232
824233
824234
824235
824236
824237
824238
824239
824240
824241
824242
824243
824244
824245
824246
824247
824248
824249
824250
824251
824252
824253
824254
824255
824256
824257
824258
824259
824260
824261
824262
824263
824264
824265
824266
824267
824268
824269
824270
824271
824272
824273
824274
824275
824276
824277
824278
824305
824306
824307
824308
824309
824310
824311
824312
824313
824314
824315
824316
824317
824318
824319
824320
824321
824322
824323
824324
824325
824326
824327
824328
824329
824330
824331
824332
824333
824334
824335
824336
824337
824338
824339
824340
824341
824342
824343
824344
824345
824346
824347
824348
824349
824350
824351
824352
824353
824354
824355
824356
824435
824436
824437
824438
824439
824440
824441
824442
824443
824444
824445
824446
824447
824448
824449
824450
824451
824452
824453
824454
824455
824456
824457
824459
824460
824461
824462
824463
824464
824465
824466
824467
824468
824469
824470
824471
824472
824473
824474
824475
824476
824477
824478
824479
824480
824481
824482
824483
824484
824485
824486
824487
824488
824489
824490
824491
824492
824493
824494
824495
824496
824497
824498
824499
824500
824501
824502
824503
824504
824505
824506
824507
824508
824509
824510
824511
824512
824539
824540
824541
824542
824543
824544
824545
824546
824547
824548
824549
824550
824551
824552
824553
824554
824555
824556
824557
824558
824559
824560
824561
824562
824563
824564
824565
824566
824567
824568
824569
824570
824571
824572
824573
824574
824575
824576
824577
824578
824579
824580
824581
824582
824583
824584
824585
824586
824587
824588
824589
824590
824591
824592
824593
824594
824595
824596
824597
824598
824599
824600
824601
824602
824603
824604
824605
824606
824607
824608
824609
824610
824611
824612
824613
824614
824615
824616
824617
824618
824619
824620
824621
824622
824623
824624
824625
824626
824627
824628
824629
824630
824631
824632
824633
824634
824635
824636
824637
824638
824639
824640
824641
824642
824643
824644
824645
824646
824647
824648
824649
824650
824651
824652
824653
824654
824655
824656
824657
824658
824659
824660
824661
824662
824663
824664
824665
824666
824667
824668
824747
824748
824749
824750
824751
824752
824753
824754
824755
824756
824757
824758
824759
824760
824761
824762
824763
824764
824765
824766
824767
824768
824769
824770
824771
824772
824773
824774
824775
824776
824777
824778
824779
824780
824781
824782
824783
824784
824785
824786
824787
824788
824789
824790
824791
824792
824793
824794
824795
824796
824797
824798
824799
824800
824801
824802
824803
824804
824805
824806
824807
824808
824809
824810
824811
824812
824813
824814
824815
824816
824817
824818
824819
824820
824821
824822
824823
824824
824825
824826
824827
824828
824829
824830
824831
824832
824833
824834
824835
824836
824837
824838
824839
824840
824841
824842
824843
824844
824845
824846
824847
824848
824849
824850
824851
824852
824853
824854
824855
824856
824857
824858
824859
824860
824861
824862
824863
824864
824865
824866
824867
824868
824869
824870
824871
824872
824873
824874
824875
824876
824877
824878
824879
824880
824881
824882
824883
824884
824885
824886
824887
824888
824889
824890
824891
824892
824893
824894
824895
824896
824897
824898
824899
824900
824901
824902
824903
824904
824905
824906
824907
824908
824909
824910
824911
824912
824913
824914
824915
824916
824917
824918
824919
824920
824921
824922
824923
824924
824925
824926
824927
824928
824955
824956
824957
824958
824959
824960
824961
824962
824963
824964
824965
824966
824967
824968
824969
824970
824971
824972
824973
824974
824975
824976
824977
824978
824979
824980
825033
825034
825035
825036
825037
825038
825039
825040
825041
825042
825043
825044
825045
825046
825047
825048
825049
825050
825051
825052
825053
825054
825055
825056
825057
825058
825059
825060
825061
825062
825063
825064
825065
825066
825067
825068
825069
825070
825071
825072
825073
825074
825075
825076
825077
825078
825079
825080
825081
825082
825083
825084
825085
825086
825087
825088
825089
825090
825091
825092
825093
825094
825095
825096
825097
825098
825099
825100
825101
825102
825103
825104
825105
825106
825107
825108
825109
825110
825137
825138
825139
825140
825141
825142
825143
825144
825145
825146
825147
825148
825149
825150
825151
825152
825153
825154
825155
825156
825157
825158
825159
825160
825161
825162
825163
825164
825165
825166
825167
825168
825169
825170
825171
825172
825173
825174
825175
825176
825177
825178
825179
825180
825181
825182
825183
825184
825185
825186
825187
825188
825189
825190
825191
825192
825193
825194
825195
825196
825197
825198
825199
825200
825201
825202
825203
825204
825205
825206
825207
825208
825209
825210
825211
825212
825213
825214
825267
825268
825269
825270
825271
825272
825273
825274
825275
825276
825277
825278
825279
825280
825281
825282
825283
825284
825285
825286
825287
825288
825289
825290
825291
825292
825293
825294
825295
825296
825297
825298
825299
825300
825301
825302
825303
825304
825305
825306
825307
825308
825309
825310
825311
825312
825313
825314
825315
825316
825317
825318
825319
825320
825321
825322
825323
825324
825325
825326
825327
825328
825329
825330
825331
825332
825333
825334
825335
825336
825337
825338
825339
825340
825341
825342
825343
825344
825423
825424
825425
825426
825427
825428
825429
825430
825431
825432
825433
825434
825435
825436
825437
825438
825439
825440
825441
825442
825443
825444
825445
825446
825447
825448
825501
825502
825503
825504
825505
825506
825507
825508
825509
825510
825511
825512
825513
825514
825515
825516
825517
825518
825519
825520
825521
825522
825523
825524
825525
825526
825631
825632
825633
825634
825635
825636
825637
825638
825639
825640
825641
825642
825643
825644
825645
825646
825647
825648
825649
825650
825651
825652
825653
825654
825655
825656
825657
825658
825659
825660
825661
825662
825663
825664
825665
825666
825667
825668
825669
825670
825671
825672
825673
825674
825675
825676
825677
825678
825679
825680
825681
825682
825683
825685
825686
825687
825688
825689
825690
825691
825692
825693
825694
825695
825696
825697
825698
825699
825700
825701
825702
825703
825704
825705
825706
825707
825708
825735
825736
825737
825738
825739
825740
825741
825742
825743
825744
825745
825746
825747
825748
825749
825750
825751
825752
825753
825754
825755
825756
825757
825758
825759
825760
825813
825814
825815
825816
825817
825818
825819
825820
825821
825822
825823
825824
825825
825826
825827
825828
825829
825830
825831
825832
825833
825834
825835
825836
825837
825838
825891
825892
825893
825894
825895
825896
825897
825898
825899
825900
825901
825902
825903
825904
825905
825906
825907
825908
825909
825910
825911
825912
825913
825914
825915
825916
825995
825996
825997
825998
825999
826000
826001
826002
826003
826004
826005
826006
826007
826008
826009
826010
826011
826012
826013
826014
826015
826016
826017
826018
826019
826020
826021
826022
826023
826024
826025
826026
826027
826028
826029
826030
826031
826032
826033
826034
826035
826036
826037
826038
826039
826040
826041
826042
826043
826044
826045
826046
826073
826074
826075
826076
826077
826078
826079
826080
826081
826082
826083
826084
826085
826086
826087
826088
826089
826090
826091
826092
826093
826094
826095
826096
826097
826098
826203
826204
826205
826206
826207
826208
826209
826210
826211
826212
826213
826214
826215
826216
826217
826218
826219
826220
826221
826222
826223
826224
826225
826226
826227
826228
826255
826256
826257
826258
826259
826260
826261
826262
826263
826264
826265
826266
826267
826268
826269
826270
826271
826272
826273
826274
826275
826276
826277
826278
826279
826280
826333
826334
826335
826336
826337
826338
826339
826340
826341
826342
826343
826344
826345
826346
826347
826348
826349
826350
826351
826352
826353
826354
826355
826356
826357
826358
826359
826360
826361
826362
826363
826364
826365
826366
826367
826368
826369
826370
826371
826372
826373
826374
826375
826377
826378
826379
826380
826381
826382
826383
826384
826411
826412
826413
826414
826415
826416
826417
826418
826419
826420
826421
826422
826423
826424
826425
826426
826427
826428
826429
826430
826431
826432
826433
826434
826435
826436
826463
826464
826465
826466
826467
826468
826469
826470
826471
826472
826473
826474
826475
826476
826477
826478
826479
826480
826481
826482
826483
826484
826485
826486
826487
826488
826541
826542
826543
826544
826545
826546
826547
826548
826549
826550
826551
826552
826553
826554
826555
826556
826557
826558
826559
826560
826561
826562
826563
826564
826565
826566
826567
826568
826569
826570
826571
826572
826573
826574
826575
826576
826577
826578
826579
826580
826581
826582
826583
826584
826585
826586
826587
826588
826589
826590
826591
826592
826593
826594
826595
826596
826597
826598
826599
826600
826601
826602
826603
826604
826605
826606
826607
826608
826609
826610
826611
826612
826613
826614
826615
826616
826617
826618
826697
826698
826699
826700
826701
826702
826703
826704
826705
826706
826707
826708
826709
826710
826711
826712
826713
826714
826715
826716
826717
826718
826719
826720
826721
826722
826723
826724
826725
826726
826727
826728
826729
826730
826731
826732
826733
826734
826735
826736
826737
826738
826739
826740
826741
826742
826743
826744
826745
826746
826747
826748
826749
826750
826751
826752
826753
826754
826755
826756
826757
826758
826759
826760
826761
826762
826763
