826764
826765
826766
826767
826768
826769
826770
826771
826772
826773
826774
826853
826854
826855
826856
826857
826858
826859
826860
826861
826862
826863
826864
826865
826866
826867
826868
826869
826870
826871
826872
826873
826874
826875
826876
826877
826878
826905
826906
826907
826908
826909
826910
826911
826912
826913
826914
826915
826916
826917
826918
826919
826920
826921
826922
826923
826924
826925
826926
826927
826928
826929
826930
827009
827010
827011
827012
827013
827014
827015
827016
827017
827018
827019
827020
827021
827022
827023
827024
827025
827026
827027
827028
827029
827030
827031
827032
827033
827034
827035
827036
827037
827038
827039
827040
827041
827042
827043
827044
827045
827046
827047
827048
827049
827050
827051
827052
827053
827054
827055
827056
827057
827058
827059
827060
827061
827062
827063
827064
827065
827066
827067
827068
827069
827070
827071
827072
827073
827074
827075
827076
827077
827078
827079
827080
827081
827082
827083
827084
827085
827086
827113
827114
827115
827116
827117
827118
827119
827120
827121
827122
827123
827124
827125
827126
827127
827128
827129
827130
827131
827132
827133
827134
827135
827136
827137
827138
827165
827166
827167
827168
827169
827170
827171
827172
827173
827174
827175
827176
827177
827178
827179
827180
827181
827182
827183
827184
827185
827186
827187
827188
827189
827190
827217
827218
827219
827220
827221
827222
827223
827224
827225
827226
827227
827228
827229
827230
827231
827232
827233
827234
827235
827236
827237
827238
827239
827240
827241
827242
827269
827270
827271
827272
827273
827274
827275
827276
827277
827278
827279
827280
827281
827282
827283
827284
827285
827286
827287
827288
827289
827290
827291
827292
827293
827294
827321
827322
827323
827324
827325
827326
827327
827328
827329
827330
827331
827332
827333
827334
827335
827336
827337
827338
827339
827340
827341
827342
827343
827344
827345
827346
827347
827348
827349
827350
827351
827352
827353
827354
827355
827356
827357
827358
827359
827360
827361
827362
827363
827364
827365
827366
827367
827368
827369
827370
827371
827372
827425
827426
827427
827428
827429
827430
827431
827432
827433
827434
827435
827436
827437
827438
827439
827440
827441
827442
827443
827444
827445
827446
827447
827448
827449
827450
827477
827478
827479
827480
827481
827482
827483
827484
827485
827486
827487
827488
827489
827490
827491
827492
827493
827494
827495
827496
827497
827498
827499
827500
827501
827502
827529
827530
827531
827532
827533
827534
827535
827536
827537
827538
827539
827540
827541
827542
827543
827544
827545
827546
827547
827548
827549
827550
827551
827552
827553
827554
827555
827556
827557
827558
827559
827560
827561
827562
827563
827564
827565
827566
827567
827568
827569
827570
827571
827572
827573
827574
827575
827576
827577
827578
827579
827580
827607
827608
827609
827610
827611
827612
827613
827614
827615
827616
827617
827618
827619
827620
827621
827622
827623
827624
827625
827626
827627
827628
827629
827630
827631
827632
827659
827660
827661
827662
827663
827664
827665
827666
827667
827668
827669
827670
827671
827672
827673
827674
827675
827676
827677
827678
827679
827680
827681
827682
827683
827684
827867
827868
827869
827870
827871
827872
827873
827874
827875
827876
827877
827878
827879
827880
827881
827882
827883
827884
827885
827886
827887
827888
827889
827890
827891
827892
827893
827894
827895
827896
827897
827898
827899
827900
827901
827902
827903
827904
827905
827906
827907
827908
827909
827910
827911
827912
827913
827914
827915
827916
827917
827918
827971
827972
827973
827974
827975
827976
827977
827978
827979
827980
827981
827982
827983
827984
827985
827986
827987
827988
827989
827990
827991
827992
827993
827994
827995
827996
827997
827998
827999
828000
828001
828002
828003
828004
828005
828006
828007
828008
828009
828010
828011
828012
828013
828014
828015
828016
828017
828018
828019
828020
828021
828022
828023
828024
828025
828026
828027
828028
828029
828030
828031
828032
828033
828034
828035
828036
828037
828038
828039
828040
828041
828042
828043
828044
828045
828046
828047
828048
828049
828050
828051
828052
828053
828054
828055
828056
828057
828058
828059
828060
828061
828062
828063
828064
828065
828066
828067
828068
828069
828070
828071
828072
828073
828074
828075
828076
828077
828078
828079
828080
828081
828082
828083
828084
828085
828086
828087
828088
828089
828090
828091
828092
828093
828094
828095
828096
828097
828098
828099
828100
828101
828102
828103
828104
828105
828106
828107
828108
828109
828110
828111
828112
828113
828114
828115
828116
828117
828118
828119
828120
828121
828122
828123
828124
828125
828126
828153
828154
828155
828156
828157
828158
828159
828160
828161
828162
828163
828164
828165
828166
828167
828168
828169
828170
828171
828172
828173
828174
828175
828176
828177
828178
828179
828180
828181
828182
828183
828184
828185
828186
828187
828188
828189
828190
828191
828192
828193
828194
828195
828196
828197
828198
828199
828200
828201
828202
828203
828204
828257
828258
828259
828260
828261
828262
828263
828264
828265
828266
828267
828268
828269
828270
828271
828272
828273
828274
828275
828276
828277
828278
828279
828280
828281
828282
828309
828310
828311
828312
828313
828314
828315
828316
828317
828318
828319
828320
828321
828322
828323
828324
828325
828326
828327
828328
828329
828330
828331
828332
828333
828334
828335
828336
828337
828338
828339
828340
828341
828342
828343
828344
828345
828346
828347
828348
828349
828350
828351
828352
828353
828354
828355
828356
828357
828358
828359
828360
828361
828362
828363
828364
828365
828366
828367
828368
828369
828370
828371
828372
828373
828374
828375
828376
828377
828378
828379
828380
828381
828382
828383
828384
828385
828386
828387
828388
828389
828390
828391
828392
828393
828394
828395
828396
828397
828398
828399
828400
828401
828402
828403
828404
828405
828406
828407
828408
828409
828410
828411
828412
828413
828414
828415
828416
828417
828418
828419
828420
828421
828422
828423
828424
828425
828426
828427
828428
828429
828430
828431
828432
828433
828434
828435
828436
828437
828438
828439
828440
828441
828442
828443
828444
828445
828446
828447
828448
828449
828450
828451
828452
828453
828454
828455
828456
828457
828458
828459
828460
828461
828462
828463
828464
828517
828518
828519
828520
828521
828522
828523
828524
828525
828526
828527
828528
828529
828530
828531
828532
828533
828534
828535
828536
828537
828538
828539
828540
828541
828542
828543
828544
828545
828546
828547
828548
828549
828550
828551
828552
828553
828554
828555
828556
828557
828558
828559
828560
828561
828562
828563
828564
828565
828566
828567
828568
828569
828570
828571
828572
828573
828574
828575
828576
828577
828578
828579
828580
828581
828582
828583
828584
828585
828586
828587
828588
828589
828590
828591
828592
828593
828594
828595
828596
828597
828598
828599
828600
828601
828602
828603
828604
828605
828606
828607
828608
828609
828610
828611
828612
828613
828614
828615
828616
828617
828618
828619
828620
828725
828726
828727
828728
828729
828730
828731
828732
828733
828734
828735
828736
828737
828738
828739
828740
828741
828742
828743
828744
828745
828746
828747
828748
828749
828750
828751
828752
828753
828754
828755
828756
828757
828758
828759
828760
828761
828762
828763
828764
828765
828766
828767
828768
828769
828770
828771
828772
828773
828774
828775
828776
828907
828908
828909
828910
828911
828912
828913
828914
828915
828916
828917
828918
828919
828920
828921
828922
828923
828924
828925
828926
828927
828928
828929
828930
828931
828932
828959
828960
828961
828962
828963
828964
828965
828966
828967
828968
828969
828970
828971
828972
828973
828974
828975
828976
828977
828978
828979
828980
828981
828982
828983
828984
829011
829012
829013
829014
829015
829016
829017
829018
829019
829020
829021
829022
829023
829024
829025
829026
829027
829028
829029
829030
829031
829032
829033
829034
829035
829036
829037
829038
829039
829040
829041
829042
829043
829044
829045
829046
829047
829048
829049
829050
829051
829052
829053
829054
829055
829056
829057
829058
829059
829060
829061
829062
829141
829142
829143
829144
829145
829146
829147
829148
829149
829150
829151
829152
829153
829154
829155
829156
829157
829158
829159
829160
829161
829162
829163
829164
829165
829166
829167
829168
829169
829170
829171
829172
829173
829174
829175
829176
829177
829178
829179
829180
829181
829182
829183
829184
829185
829186
829187
829188
829189
829190
829191
829192
829219
829220
829221
829222
829223
829224
829225
829226
829227
829228
829229
829230
829231
829232
829233
829234
829235
829236
829237
829238
829239
829240
829241
829242
829243
829244
829323
829324
829325
829326
829327
829328
829329
829330
829331
829332
829333
829334
829335
829336
829337
829338
829339
829340
829341
829342
829343
829344
829345
829346
829347
829348
829349
829350
829351
829352
829353
829354
829355
829356
829357
829358
829359
829360
829361
829362
829363
829364
829365
829366
829367
829368
829369
829370
829371
829372
829373
829374
829375
829376
829377
829378
829379
829380
829381
829382
829383
829384
829385
829386
829387
829388
829389
829390
829391
829392
829393
829394
829395
829396
829397
829398
829399
829400
829401
829402
829403
829404
829405
829406
829407
829408
829409
829410
829411
829412
829413
829414
829415
829416
829417
829418
829419
829420
829421
829422
829423
829424
829425
829426
829427
829428
829429
829430
829431
829432
829433
829434
829435
829436
829437
829438
829439
829440
829441
829442
829443
829444
829445
829446
829447
829448
829449
829450
829451
829452
829505
829506
829507
829508
829509
829510
829511
829512
829513
829514
829515
829516
829517
829518
829519
829520
829521
829522
829523
829524
829525
829526
829527
829528
829529
829530
829531
829532
829533
829534
829535
829536
829537
829538
829539
829540
829541
829542
829543
829544
829545
829546
829547
829548
829549
829550
829551
829552
829553
829554
829555
829556
829687
829688
829689
829690
829691
829692
829693
829694
829695
829696
829697
829698
829699
829700
829701
829702
829703
829704
829705
829706
829707
829708
829709
829710
829711
829712
829765
829766
829767
829768
829769
829770
829771
829772
829773
829774
829775
829776
829777
829778
829779
829780
829781
829782
829783
829784
829785
829786
829787
829788
829789
829790
829791
829792
829793
829794
829795
829796
829797
829798
829799
829800
829801
829802
829803
829804
829805
829806
829807
829808
829809
829810
829811
829812
829813
829814
829815
829816
829817
829818
829819
829820
829821
829822
829823
829824
829825
829826
829827
829828
829829
829830
829831
829832
829833
829834
829835
829836
829837
829838
829839
829840
829841
829842
829843
829844
829845
829846
829847
829848
829849
829850
829851
829852
829853
829854
829855
829856
829857
829858
829859
829860
829861
829862
829863
829864
829865
829866
829867
829868
829869
829870
829871
829872
829873
829874
829875
829876
829877
829878
829879
829880
829881
829882
829883
829884
829885
829886
829887
829888
829889
829890
829891
829892
829893
829894
829895
829896
829897
829898
829899
829900
829901
829902
829903
829904
829905
829906
829907
829908
829909
829910
829911
829912
829913
829914
829915
829916
829917
829918
829919
829920
829999
830000
830001
830002
830003
830004
830005
830006
830007
830008
830009
830010
830011
830012
830013
830014
830015
830016
830017
830018
830019
830020
830021
830022
830023
830024
830025
830026
830027
830028
830029
830030
830031
830032
830033
830034
830035
830036
830037
830038
830039
830040
830041
830042
830043
830044
830045
830046
830047
830048
830049
830050
830051
830052
830053
830054
830055
830056
830057
830058
830059
830060
830061
830062
830063
830064
830065
830066
830067
830068
830069
830070
830071
830072
830073
830074
830075
830076
830103
830104
830105
830106
830107
830108
830109
830110
830111
830112
830113
830114
830115
830116
830117
830118
830119
830120
830121
830122
830123
830124
830125
830126
830127
830128
830285
830286
830287
830288
830289
830290
830291
830292
830293
830294
830295
830296
830297
830298
830299
830300
830301
830302
830303
830304
830305
830306
830307
830308
830309
830310
830363
830364
830365
830366
830367
830368
830369
830370
830371
830372
830373
830374
830375
830376
830377
830378
830379
830380
830381
830382
830383
830384
830385
830386
830387
830388
830389
830390
830391
830392
830393
830394
830395
830396
830397
830398
830399
830400
830401
830402
830403
830404
830405
830406
830407
830408
830409
830410
830411
830412
830413
830414
830415
830416
830417
830418
830419
830420
830421
830422
830423
830424
830425
830426
830427
830428
830429
830430
830431
830432
830433
830434
830435
830436
830437
830438
830439
830440
830441
830442
830443
830444
830445
830446
830447
830448
830449
830450
830451
830452
830453
830454
830455
830456
830457
830458
830459
830460
830461
830462
830463
830464
830465
830466
830467
830468
830469
830470
830471
830472
830473
830474
830475
830476
830477
830478
830479
830480
830481
830482
830483
830484
830485
830486
830487
830488
830489
830490
830491
830492
830545
830546
830547
830548
830549
830550
830551
830552
830553
830554
830555
830556
830557
830558
830559
830560
830561
830562
830563
830564
830565
830566
830567
830568
830569
830570
830623
830624
830625
830626
830627
830628
830629
830630
830631
830632
830633
830634
830635
830636
830637
830638
830639
830640
830641
830642
830643
830644
830645
830646
830647
830648
830649
830650
830651
830652
830653
830654
830655
830656
830657
830658
830659
830660
830661
830662
830663
830664
830665
830666
830667
830668
830669
830670
830671
830672
830673
830674
830675
830676
830677
830678
830679
830680
830681
830682
830683
830684
830685
830686
830687
830688
830689
830690
830691
830692
830693
830694
830695
830696
830697
830698
830699
830700
830753
830754
830755
830756
830757
830758
830759
830760
830761
830762
830763
830764
830765
830766
830767
830768
830769
830770
830771
830772
830773
830774
830775
830776
830777
830778
830779
830780
830781
830782
830783
830784
830785
830786
830787
830788
830789
830790
830791
830792
830793
830794
830795
830796
830797
830798
830799
830800
830801
830802
830803
830804
830909
830910
830911
830912
830913
830914
830915
830916
830917
830918
830919
830920
830921
830922
830923
830924
830925
830926
830927
830928
830929
830930
830931
830932
830933
830934
830935
830936
830937
830938
830939
830940
830941
830942
830943
830944
830945
830946
830947
830948
830949
830950
830951
830952
830953
830954
830955
830956
830957
830958
830959
830960
831013
831014
831015
831016
831017
831018
831019
831020
831021
831022
831023
831024
831025
831026
831027
831028
831029
831030
831031
831032
831033
831034
831035
831036
831037
831038
831065
831066
831067
831068
831069
831070
831071
831072
831073
831074
831075
831076
831077
831078
831079
831080
831081
831082
831083
831084
831085
831086
831087
831088
831089
831090
831252
831253
831254
831255
831256
831259
831262
831266
831273
831274
831281
831282
831286
831287
831288
831290
831292
831296
831298
831351
831352
831353
831354
831356
831359
831360
831361
831365
831367
831368
831369
831370
831371
831372
831373
831429
831430
831431
831432
831433
831434
831435
831436
831437
831438
831439
831440
831441
831442
831443
831444
831445
831446
831447
831448
831449
831450
831451
831452
831453
831454
831481
831482
831483
831484
831485
831486
831487
831488
831489
831490
831491
831492
831493
831494
831495
831496
831497
831498
831499
831500
831501
831502
831503
831504
831505
831506
831507
831508
831509
831510
831511
831512
831513
831514
831515
831516
831517
831518
831519
831520
831521
831522
831523
831524
831525
831526
831527
831528
831529
831530
831531
831532
831559
831560
831561
831562
831563
831564
831565
831566
831567
831568
831569
831570
831571
831572
831573
831574
831575
831576
831577
831578
831579
831580
831581
831582
831583
831584
831611
831612
831613
831614
831615
831616
831617
831618
831619
831620
831621
831622
831623
831624
831625
831626
831627
831628
831629
831630
831631
831632
831633
831634
831635
831636
831663
831664
831665
831666
831667
831668
831669
831670
831671
831672
831673
831674
831675
831676
831677
831678
831679
831680
831681
831682
831683
831684
831685
831686
831687
831688
831689
831690
831691
831692
831693
831694
831695
831696
831697
831698
831699
831700
831701
831702
831703
831704
831705
831706
831707
831708
831709
831710
831711
831712
831713
831714
831715
831716
831717
831718
831719
831720
831721
831722
831723
831724
831725
831726
831727
831728
831729
831730
831731
831732
831733
831734
831735
831736
831737
831738
831739
831740
831741
831742
831743
831744
831745
831746
831747
831748
831749
831750
831751
831752
831753
831754
831755
831756
831757
831758
831759
831760
831761
831762
831763
831764
831765
831766
831845
831846
831847
831848
831849
831850
831851
831852
831853
831854
831856
831857
831858
831859
831860
831861
831862
831863
831864
831865
831866
831867
831868
831869
831870
831923
831924
831925
831926
831927
831928
831929
831930
831931
831932
831933
831934
831935
831936
831937
831938
831939
831940
831941
831942
831943
831944
831945
831946
831947
831948
831949
831950
831951
831952
831953
831954
831955
831956
831957
831958
831959
831960
831961
831962
831963
831964
831965
831966
831967
831968
831969
831970
831971
831972
831973
831974
832053
832054
832055
832056
832057
832058
832059
832060
832061
832062
832063
832064
832065
832066
832067
832068
832069
832070
832071
832072
832073
832074
832075
832076
832077
832078
832079
832080
832081
832082
832083
832084
832085
832086
832087
832088
832089
832090
832091
832092
832093
832094
832095
832096
832097
832098
832099
832100
832101
832102
832103
832104
832131
832132
832133
832134
832135
832136
832137
832138
832139
832140
832141
832142
832143
832144
832145
832146
832147
832148
832149
832150
832151
832152
832153
832154
832155
832156
832157
832158
832159
832160
832161
832162
832163
832164
832165
832166
832167
832168
832169
832170
832171
832172
832173
832174
832175
832176
832177
832178
832179
832180
832181
832182
832209
832210
832211
832212
832213
832214
832215
832216
832217
832218
832219
832220
832221
832222
832223
832224
832225
832226
832227
832228
832229
832230
832231
832232
832233
832234
832235
832236
832237
832238
832239
832240
832241
832242
832243
832244
832245
832246
832247
832248
832249
832250
832251
832252
832253
832254
832255
832256
832257
832258
832259
832260
832287
832288
832289
832290
832291
832292
832293
832294
832295
832296
832297
832298
832299
832300
832301
832302
832303
832304
832305
832306
832307
832308
832309
832310
832311
832312
832313
832314
832315
832316
832317
832318
832319
832320
832321
832322
832323
832324
832325
832326
832327
832328
832329
832330
832331
832332
832333
832334
832335
832336
832337
832338
832365
832366
832367
832368
832369
832370
832371
832372
832373
832374
832375
832376
832377
832378
832379
832380
832381
832382
832383
832384
832385
832386
832387
832388
832389
832390
832469
832470
832471
832472
832473
832474
832475
832476
832477
832478
832479
832480
832481
832482
832483
832484
832485
832486
832487
832488
832489
832490
832491
832492
832493
832494
832547
832548
832549
832550
832551
832552
832553
832554
832555
832556
832557
832558
832559
832560
832561
832562
832563
832564
832565
832566
832567
832568
832569
832570
832571
832572
832573
832574
832575
832576
832577
832578
832579
832580
832581
832582
832583
832584
832585
832586
832587
832588
832589
832590
832591
832592
832593
832594
832595
832596
832597
832598
832651
832652
832653
832654
832655
832656
832657
832658
832659
832660
832661
832662
832663
832664
832665
832666
832667
832668
832669
832670
832671
832672
832673
832674
832675
832676
832703
832704
832705
832706
832707
832708
832709
832710
832711
832712
832713
832714
832715
832716
832717
832718
832719
832720
832721
832722
832723
832724
832725
832726
832727
832728
832729
832730
832731
832732
832733
832734
832735
832736
832737
832738
832739
832740
832741
832742
832743
832744
832745
832746
832747
832748
832749
832750
832751
832752
832753
832754
832755
832756
832757
832758
832759
832760
832761
832762
832763
832764
832765
832766
832767
832768
832769
832770
832771
832772
832773
832774
832775
832776
832777
832778
832779
832780
832781
832782
832783
832784
832785
832786
832787
832788
832789
832790
832791
832792
832793
832794
832795
832796
832797
832798
832799
832800
832801
832802
832803
832804
832805
832806
832833
832834
832835
832836
832837
832838
832839
832840
832841
832842
832843
832844
832845
832846
832847
832848
832849
832850
832851
832852
832853
832854
832855
832856
832857
832858
832859
832860
832861
832862
832863
832864
832865
832866
832867
832868
832869
832870
832871
832872
832873
832874
832875
832876
832877
832878
832879
832880
832881
832882
832883
832884
832885
832886
832887
832888
832889
832890
832891
832892
832893
832894
832895
832896
832897
832898
832899
832900
832901
832902
832903
832904
832905
832906
832907
832908
832909
832910
832937
832938
832939
832940
832941
832942
832943
832944
832945
832946
832947
832948
832949
832950
832951
832952
832953
832954
832955
832956
832957
832958
832959
832960
832961
832962
832989
832990
832991
832992
832993
832994
832995
832996
832997
832998
832999
833000
833001
833002
833003
833004
833005
833006
833007
833008
833009
833010
833011
833012
833013
833014
833041
833042
833043
833044
833045
833046
833047
833048
833049
833050
833051
833052
833053
833054
833055
833056
833057
833058
833059
833060
833061
833062
833063
833064
833065
833066
833093
833094
833095
833096
833097
833098
833099
833100
833101
833102
833103
833104
833105
833106
833107
833108
833109
833110
833111
833112
833113
833114
833115
833116
833117
833118
833119
833120
833121
833122
833123
833124
833125
833126
833127
833128
833129
833130
833131
833132
833133
833134
833135
833136
833137
833138
833139
833140
833141
833142
833143
833144
833146
833147
833148
833149
833150
833151
833152
833153
833154
833155
833156
833157
833158
833159
833160
833161
833162
833163
833164
833165
833166
833167
833168
833169
833170
833171
833172
833173
833174
833175
833176
833177
833178
833179
833180
833181
833182
833183
833184
833185
833186
833187
833188
833189
833190
833191
833192
833193
833194
833195
833196
833249
833250
833251
833252
833253
833254
833255
833256
833257
833258
833259
833260
833261
833262
833263
833264
833265
833266
833267
833268
833269
833270
833271
833272
833273
833274
833353
833354
833355
833356
833357
833358
833359
833360
833361
833362
833363
833364
833365
833366
833367
833368
833369
833370
833371
833372
833373
833374
833375
833376
833377
833378
833379
833380
833381
833382
833383
833384
833385
833386
833387
833388
833389
833390
833391
833392
833393
833394
833395
833396
833397
833398
833399
833400
833401
833402
833403
833404
833406
833407
833408
833409
833410
833411
833412
833413
833414
833415
833416
833417
833418
833419
833420
833421
833422
833423
833424
833425
833426
833427
833428
833429
833430
833457
833458
833459
833460
833461
833462
833463
833464
833465
833466
833467
833468
833469
833470
833471
833472
833473
833474
833475
833476
833477
833478
833479
833480
833481
833482
