833509
833510
833511
833512
833513
833514
833515
833516
833517
833518
833519
833520
833521
833522
833523
833524
833525
833526
833527
833528
833529
833530
833531
833532
833533
833534
833535
833536
833537
833538
833539
833540
833541
833542
833543
833544
833545
833546
833547
833548
833549
833550
833551
833552
833553
833554
833555
833556
833557
833558
833559
833560
833613
833614
833615
833616
833617
833618
833619
833620
833621
833622
833623
833624
833625
833626
833627
833628
833629
833630
833631
833632
833633
833634
833635
833636
833637
833638
833639
833640
833641
833642
833643
833644
833645
833646
833647
833648
833649
833650
833651
833652
833653
833654
833655
833656
833657
833658
833659
833660
833661
833662
833663
833664
833717
833718
833719
833720
833721
833722
833723
833724
833725
833726
833727
833728
833729
833730
833731
833732
833733
833734
833735
833736
833737
833738
833739
833740
833741
833742
833743
833744
833745
833746
833747
833748
833749
833750
833751
833752
833753
833754
833755
833756
833757
833758
833759
833760
833761
833762
833763
833764
833765
833766
833767
833768
833769
833770
833771
833772
833773
833774
833775
833776
833777
833778
833779
833780
833781
833782
833783
833784
833785
833786
833787
833788
833789
833790
833791
833792
833793
833794
833821
833822
833823
833824
833825
833826
833827
833828
833829
833830
833831
833832
833833
833834
833835
833836
833837
833838
833839
833840
833841
833842
833843
833844
833845
833846
833925
833926
833927
833928
833929
833930
833931
833932
833933
833934
833935
833936
833937
833938
833939
833940
833941
833942
833943
833944
833945
833946
833947
833948
833949
833950
833977
833978
833979
833980
833981
833982
833983
833984
833985
833986
833987
833988
833989
833990
833991
833992
833993
833994
833995
833996
833997
833998
833999
834001
834002
834003
834004
834005
834006
834007
834008
834009
834010
834011
834012
834013
834014
834015
834016
834017
834018
834019
834020
834021
834022
834023
834024
834025
834026
834027
834028
834081
834082
834083
834084
834085
834086
834087
834088
834089
834090
834091
834092
834093
834094
834095
834096
834097
834098
834099
834100
834101
834102
834103
834104
834105
834106
834107
834108
834109
834110
834111
834112
834113
834114
834115
834116
834117
834118
834119
834120
834121
834122
834123
834124
834125
834126
834127
834128
834129
834130
834131
834132
834133
834134
834135
834136
834137
834138
834139
834140
834141
834142
834143
834144
834145
834146
834147
834148
834149
834150
834151
834152
834153
834154
834155
834156
834157
834158
834185
834186
834187
834188
834189
834190
834191
834192
834193
834194
834195
834196
834197
834198
834199
834200
834201
834202
834203
834204
834205
834206
834207
834208
834209
834210
834341
834342
834343
834344
834345
834346
834347
834348
834349
834350
834351
834352
834353
834354
834355
834356
834357
834358
834359
834360
834361
834362
834363
834364
834365
834366
834575
834576
834577
834578
834579
834580
834581
834582
834583
834584
834585
834586
834587
834588
834589
834590
834591
834592
834593
834594
834595
834596
834597
834598
834599
834600
834601
834602
834603
834604
834605
834606
834607
834608
834609
834610
834611
834612
834613
834614
834615
834616
834617
834618
834619
834620
834621
834622
834623
834624
834625
834626
834679
834680
834681
834682
834683
834684
834685
834686
834687
834688
834689
834690
834691
834692
834693
834694
834695
834696
834697
834698
834699
834700
834701
834702
834703
834704
834705
834706
834707
834708
834709
834710
834711
834712
834713
834714
834715
834716
834717
834718
834719
834720
834721
834722
834723
834724
834725
834726
834727
834728
834729
834730
834731
834732
834733
834734
834735
834736
834737
834738
834739
834740
834741
834742
834743
834744
834745
834746
834747
834748
834749
834750
834751
834752
834753
834754
834755
834756
834783
834784
834785
834786
834787
834788
834789
834790
834791
834792
834793
834794
834795
834796
834797
834798
834799
834800
834801
834802
834803
834804
834805
834806
834807
834808
834861
834862
834863
834864
834865
834866
834867
834868
834869
834870
834871
834872
834873
834874
834875
834876
834877
834878
834879
834880
834881
834882
834883
834884
834885
834886
834887
834888
834889
834890
834891
834892
834893
834894
834895
834896
834897
834898
834899
834900
834901
834902
834903
834904
834905
834906
834907
834908
834909
834910
834911
834912
834913
834914
834915
834916
834917
834918
834919
834920
834921
834922
834923
834924
834925
834926
834927
834928
834929
834930
834931
834932
834933
834934
834935
834936
834937
834938
834939
834940
834941
834942
834943
834944
834945
834946
834947
834948
834949
834950
834951
834952
834953
834954
834955
834956
834957
834958
834959
834960
834961
834962
834963
834964
834965
834966
834967
834968
834969
834970
834971
834972
834973
834974
834975
834976
834977
834978
834979
834980
834981
834982
834983
834984
834985
834986
834987
834988
834989
834990
835017
835018
835019
835020
835021
835022
835023
835024
835025
835026
835027
835028
835029
835030
835031
835032
835033
835034
835035
835036
835037
835038
835039
835040
835041
835042
835095
835096
835097
835098
835099
835100
835101
835102
835103
835104
835105
835106
835107
835108
835109
835110
835111
835112
835113
835114
835115
835116
835117
835118
835119
835120
835121
835122
835123
835124
835125
835126
835127
835128
835129
835130
835131
835132
835133
835134
835135
835136
835137
835138
835139
835140
835141
835142
835143
835144
835145
835146
835173
835174
835175
835176
835177
835178
835179
835180
835181
835182
835183
835184
835185
835186
835187
835188
835189
835190
835191
835192
835193
835194
835195
835196
835197
835198
835225
835226
835227
835228
835229
835230
835231
835232
835233
835234
835235
835236
835237
835238
835239
835240
835241
835242
835243
835244
835245
835246
835247
835248
835249
835250
835251
835252
835253
835254
835255
835256
835257
835258
835259
835260
835261
835262
835263
835264
835265
835266
835267
835268
835269
835270
835271
835272
835273
835274
835275
835276
835303
835304
835305
835306
835307
835308
835309
835310
835311
835312
835313
835314
835315
835316
835317
835318
835319
835320
835321
835322
835323
835324
835325
835326
835327
835328
835381
835382
835383
835384
835385
835386
835387
835388
835389
835390
835391
835392
835393
835394
835395
835396
835397
835398
835400
835401
835402
835403
835404
835405
835406
835459
835460
835461
835462
835463
835464
835465
835466
835467
835468
835469
835470
835471
835472
835473
835474
835475
835476
835477
835478
835479
835480
835481
835482
835483
835484
835485
835486
835487
835488
835489
835490
835491
835492
835493
835494
835495
835496
835497
835498
835499
835500
835501
835502
835503
835504
835505
835506
835507
835508
835509
835510
835537
835538
835539
835540
835541
835542
835543
835544
835545
835546
835547
835548
835549
835550
835551
835552
835553
835554
835555
835556
835557
835558
835559
835560
835561
835562
835641
835642
835643
835644
835645
835646
835647
835648
835649
835650
835651
835652
835653
835654
835655
835656
835657
835658
835659
835660
835661
835662
835663
835664
835665
835666
835667
835668
835669
835670
835671
835672
835673
835674
835675
835676
835677
835678
835679
835680
835681
835682
835683
835684
835685
835686
835687
835688
835689
835690
835691
835692
835693
835694
835695
835696
835697
835698
835699
835700
835701
835702
835703
835704
835705
835706
835707
835708
835709
835710
835711
835712
835713
835714
835715
835716
835717
835718
835719
835720
835721
835722
835723
835724
835725
835726
835727
835728
835729
835730
835731
835732
835733
835734
835735
835736
835737
835738
835739
835740
835741
835742
835743
835744
835797
835798
835799
835800
835801
835802
835803
835804
835805
835806
835807
835808
835809
835810
835811
835812
835813
835814
835815
835816
835817
835818
835819
835820
835821
835822
835823
835824
835825
835826
835827
835828
835829
835830
835831
835832
835833
835834
835835
835836
835837
835838
835839
835840
835841
835842
835843
835844
835845
835846
835847
835848
835875
835876
835877
835878
835879
835880
835881
835882
835883
835884
835885
835886
835887
835888
835889
835890
835891
835892
835893
835894
835895
835896
835897
835898
835899
835900
835953
835954
835955
835956
835957
835958
835959
835960
835961
835962
835963
835964
835965
835966
835967
835968
835969
835970
835971
835972
835973
835974
835975
835976
835977
835978
835979
835980
835981
835982
835983
835984
835985
835986
835987
835988
835989
835990
835991
835992
835993
835994
835995
835996
835997
835998
835999
836000
836001
836002
836003
836004
836057
836058
836059
836060
836061
836062
836063
836064
836065
836066
836067
836068
836069
836070
836071
836072
836073
836074
836075
836076
836077
836078
836079
836080
836081
836082
836083
836084
836085
836086
836087
836088
836089
836090
836091
836092
836093
836094
836095
836096
836097
836098
836099
836100
836101
836102
836103
836104
836105
836106
836107
836108
836135
836136
836137
836138
836139
836140
836141
836142
836143
836144
836145
836146
836147
836148
836149
836150
836151
836152
836153
836154
836155
836156
836157
836158
836159
836160
836213
836214
836215
836216
836217
836218
836219
836220
836221
836222
836223
836224
836225
836226
836227
836228
836229
836230
836231
836232
836233
836234
836235
836236
836237
836238
836265
836266
836267
836268
836269
836270
836271
836272
836273
836274
836275
836276
836277
836278
836279
836280
836281
836282
836283
836284
836285
836286
836287
836288
836289
836290
836395
836396
836397
836398
836399
836400
836401
836402
836403
836404
836405
836406
836407
836408
836409
836410
836411
836412
836413
836414
836415
836416
836417
836418
836419
836420
836551
836552
836553
836554
836555
836556
836557
836558
836559
836560
836561
836562
836563
836564
836565
836566
836567
836568
836569
836570
836571
836572
836573
836574
836575
836576
836603
836604
836605
836606
836607
836608
836609
836610
836611
836612
836613
836614
836615
836616
836617
836618
836619
836620
836621
836622
836623
836624
836625
836626
836627
836628
836629
836630
836631
836632
836633
836634
836635
836636
836637
836638
836639
836640
836641
836642
836643
836644
836645
836646
836647
836648
836649
836650
836651
836652
836653
836654
836655
836656
836657
836658
836659
836660
836661
836662
836663
836664
836665
836666
836667
836668
836669
836670
836671
836672
836673
836674
836675
836676
836677
836678
836679
836680
836707
836708
836709
836710
836711
836712
836713
836714
836715
836716
836717
836718
836719
836720
836721
836722
836723
836724
836725
836726
836727
836728
836729
836730
836731
836732
836785
836786
836787
836788
836789
836790
836791
836792
836793
836794
836795
836796
836797
836798
836799
836800
836801
836802
836803
836804
836805
836806
836807
836808
836809
836810
836837
836838
836839
836840
836841
836842
836843
836844
836845
836846
836847
836848
836849
836850
836851
836852
836853
836854
836855
836856
836857
836858
836859
836860
836861
836862
836863
836864
836865
836866
836867
836868
836869
836870
836871
836872
836873
836874
836875
836876
836877
836878
836879
836880
836881
836882
836883
836884
836885
836886
836887
836888
836941
836942
836943
836944
836945
836946
836947
836948
836949
836950
836951
836952
836953
836954
836955
836956
836957
836958
836959
836960
836961
836962
836963
836964
836965
836966
836993
836994
836995
836996
836997
836998
836999
837000
837001
837002
837003
837004
837005
837006
837007
837008
837009
837010
837011
837012
837013
837014
837015
837016
837017
837018
837071
837072
837073
837074
837075
837076
837077
837078
837079
837080
837081
837082
837083
837084
837085
837086
837087
837088
837089
837090
837091
837092
837093
837094
837095
837096
837097
837098
837099
837100
837101
837102
837103
837104
837105
837106
837107
837108
837109
837110
837111
837112
837113
837114
837115
837116
837117
837118
837119
837120
837121
837122
837149
837150
837151
837152
837153
837154
837155
837156
837157
837158
837159
837160
837161
837162
837163
837164
837165
837166
837167
837168
837169
837170
837171
837172
837173
837174
837175
837176
837177
837178
837179
837180
837181
837182
837183
837184
837185
837186
837187
837188
837189
837190
837191
837192
837193
837194
837195
837196
837197
837198
837199
837200
837201
837202
837203
837204
837205
837206
837207
837208
837209
837210
837211
837212
837213
837214
837215
837216
837217
837218
837219
837220
837221
837222
837223
837224
837225
837226
837227
837228
837229
837230
837231
837232
837233
837234
837235
837236
837237
837238
837239
837240
837241
837242
837243
837244
837245
837246
837247
837248
837249
837250
837251
837252
837305
837306
837307
837308
837309
837310
837311
837312
837313
837314
837315
837316
837317
837318
837319
837320
837321
837322
837323
837324
837325
837326
837327
837328
837329
837330
837331
837332
837333
837334
837335
837336
837337
837338
837339
837340
837341
837342
837343
837344
837345
837346
837347
837348
837349
837350
837351
837352
837353
837354
837355
837356
837409
837410
837411
837412
837413
837414
837415
837416
837417
837418
837419
837420
837421
837422
837423
837424
837425
837426
837427
837428
837429
837430
837431
837432
837433
837434
837461
837462
837463
837464
837465
837466
837467
837468
837469
837470
837471
837472
837473
837474
837475
837476
837477
837478
837479
837480
837481
837482
837483
837484
837485
837486
837513
837514
837515
837516
837517
837518
837519
837520
837522
837523
837524
837525
837526
837527
837528
837529
837530
837531
837532
837533
837534
837535
837536
837537
837538
837539
837540
837541
837542
837543
837544
837545
837546
837547
837548
837549
837550
837551
837552
837553
837554
837555
837556
837557
837558
837559
837560
837561
837562
837563
837564
837565
837566
837567
837568
837569
837570
837571
837572
837573
837574
837575
837576
837577
837578
837579
837580
837581
837582
837583
837584
837585
837586
837587
837588
837589
837590
837591
837592
837593
837594
837595
837596
837597
837598
837599
837600
837601
837602
837603
837604
837605
837606
837607
837608
837609
837610
837611
837612
837613
837614
837615
837616
837617
837618
837619
837620
837621
837622
837623
837624
837625
837626
837627
837628
837629
837630
837631
837632
837633
837634
837635
837636
837637
837638
837639
837640
837641
837642
837643
837644
837645
837646
837647
837648
837649
837650
837651
837652
837653
837654
837655
837656
837657
837658
837659
837660
837661
837662
837663
837664
837665
837666
837667
837668
837721
837722
837723
837724
837725
837726
837727
837728
837729
837730
837731
837732
837733
837734
837735
837736
837737
837738
837739
837740
837741
837742
837743
837744
837745
837746
837773
837774
837775
837776
837777
837778
837779
837780
837781
837782
837783
837784
837785
837786
837787
837788
837789
837790
837791
837792
837793
837794
837795
837796
837797
837798
837825
837826
837827
837828
837829
837830
837831
837832
837833
837834
837835
837836
837837
837838
837839
837840
837841
837842
837843
837844
837845
837846
837847
837848
837849
837850
837851
837852
837853
837854
837855
837856
837857
837858
837859
837860
837861
837862
837863
837864
837865
837866
837867
837868
837869
837870
837871
837872
837873
837874
837875
837876
837903
837904
837905
837906
837907
837908
837909
837910
837911
837912
837913
837914
837915
837916
837917
837918
837919
837920
837921
837922
837923
837924
837925
837926
837927
837928
837981
837982
837983
837984
837985
837986
837987
837988
837989
837990
837991
837992
837993
837994
837995
837996
837997
837998
837999
838000
838001
838002
838003
838004
838005
838006
838033
838034
838035
838036
838037
838038
838039
838040
838041
838042
838043
838044
838045
838046
838047
838048
838049
838050
838051
838052
838053
838054
838055
838056
838057
838058
838059
838060
838061
838062
838063
838064
838065
838066
838067
838068
838069
838070
838071
838072
838073
838074
838075
838076
838077
838078
838079
838080
838081
838082
838083
838084
838111
838112
838113
838114
838115
838116
838117
838118
838119
838120
838121
838122
838123
838124
838125
838126
838127
838128
838129
838130
838131
838132
838133
838134
838135
838136
838267
838268
838269
838270
838271
838272
838273
838274
838275
838276
838277
838278
838279
838280
838281
838282
838283
838284
838285
838286
838287
838288
838289
838290
838291
838292
838293
838294
838295
838296
838297
838298
838299
838300
838301
838302
838303
838304
838305
838306
838307
838308
838309
838310
838311
838312
838313
838314
838315
838316
838317
838318
838319
838320
838321
838322
838323
838324
838325
838326
838327
838328
838329
838330
838331
838332
838333
838334
838335
838336
838337
838338
838339
838340
838341
838342
838343
838344
838345
838346
838347
838348
838349
838350
838351
838352
838353
838354
838355
838356
838357
838358
838359
838360
838361
838362
838363
838364
838365
838366
838367
838368
838369
838370
838423
838424
838425
838426
838427
838428
838429
838430
838431
838432
838433
838434
838435
838436
838437
838438
838439
838440
838441
838442
838443
838444
838445
838446
838447
838448
838501
838502
838503
838504
838505
838506
838507
838508
838509
838510
838511
838512
838513
838514
838515
838516
838517
838518
838519
838520
838521
838522
838523
838524
838525
838526
838657
838658
838659
838660
838661
838662
838663
838664
838665
838666
838667
838668
838669
838670
838671
838672
838673
838674
838675
838676
838677
838678
838679
838680
838681
838682
838683
838684
838685
838686
838687
838688
838689
838690
838691
838692
838693
838694
838695
838696
838697
838698
838699
838700
838701
838702
838703
838704
838705
838706
838707
838708
838709
838710
838711
838712
838713
838714
838715
838716
838717
838718
838719
838720
838721
838722
838723
838724
838725
838726
838727
838728
838729
838730
838731
838732
838733
838734
838735
838736
838737
838738
838739
838741
838742
838743
838744
838745
838746
838747
838748
838749
838750
838751
838752
838753
838754
838755
838756
838757
838758
838759
838760
838813
838814
838815
838816
838817
838818
838819
838820
838821
838822
838823
838824
838825
838826
838827
838828
838829
838830
838831
838832
838833
838834
838835
838836
838837
838838
838891
838892
838893
838894
838895
838896
838897
838898
838899
838900
838901
838902
838903
838904
838905
838906
838907
838908
838909
838910
838911
838912
838913
838914
838915
838916
838917
838918
838919
838920
838921
838922
838923
838924
838925
838926
838927
838928
838929
838930
838931
838932
838933
838934
838935
838936
838937
838938
838939
838940
838941
838942
838969
838970
838971
838972
838973
838974
838975
838976
838977
838978
838979
838980
838981
838982
838983
838984
838985
838986
838987
838988
838989
838990
838991
838992
838993
838994
839021
839022
839023
839024
839025
839026
839027
839028
839029
839030
839031
839032
839033
839034
839035
839036
839037
839038
839039
839040
839041
839042
839043
839044
839045
839046
839047
839048
839049
839050
839051
839052
839053
839054
839055
839056
839057
839058
839059
839060
839061
839062
839063
839064
839065
839066
839067
839068
839069
839070
839071
839072
839099
839100
839101
839102
839103
839104
839105
839106
839107
839108
839109
839110
839111
839112
839113
839114
839115
839116
839117
839118
839119
839120
839121
839122
839123
839124
839177
839178
839179
839180
839181
839182
839183
839184
839185
839186
839187
839188
839189
839190
839191
839192
839193
839194
839195
839196
839197
839198
839199
839200
839201
839202
839203
839204
839205
839206
839207
839208
839209
839210
839211
839212
839213
839214
839215
839216
839217
839218
839219
839220
839221
839222
839223
839224
839225
839226
839227
839228
839281
839282
839283
839284
839285
839286
839287
839288
839289
839290
839291
839292
839293
839294
839295
839296
839297
839298
839299
839300
839301
839302
839303
839304
839305
839306
839307
839308
839309
839310
839311
839312
839313
839314
839315
839316
839317
839318
839319
839320
839321
839322
839323
839324
839325
839326
839327
839328
839329
839330
839331
839332
839411
839412
839413
839414
839415
839416
839417
839418
839419
839420
839421
839422
839423
839424
839425
839426
839427
839428
839429
839430
839431
839432
839433
839434
839435
839436
839489
839490
839491
839492
839493
839494
839495
839496
839497
839498
839499
839500
839501
839502
839503
839504
839505
839506
839507
839508
839509
839510
839511
839512
839513
839514
839515
839516
839517
839518
839519
839520
839521
839522
839523
839524
839525
839526
839527
839528
839529
839530
839531
839532
839533
839534
839535
839536
839537
839538
839539
839540
839541
839542
839543
839544
839545
839546
839547
839548
839549
839550
839551
839552
839553
839554
839555
839556
839557
839558
839559
839560
839561
839562
839563
839564
839565
839566
839567
839568
839569
839570
839571
839572
839573
839574
839575
839576
839577
839578
839579
839580
839581
839582
839583
839584
839585
839586
839587
839588
839589
839590
839591
839592
839593
839594
839595
839596
839597
839598
839599
839600
839601
839602
839603
839604
839605
839606
839607
839608
839609
839610
839611
839612
839613
839614
839615
839616
839617
839618
