839723
839724
839725
839726
839727
839728
839729
839730
839731
839732
839733
839734
839735
839736
839737
839738
839739
839740
839741
839742
839743
839744
839745
839746
839747
839748
839827
839828
839829
839830
839831
839832
839833
839834
839835
839836
839837
839838
839839
839840
839841
839842
839843
839844
839845
839846
839847
839848
839849
839850
839851
839852
839853
839854
839855
839856
839857
839858
839859
839860
839861
839862
839863
839864
839865
839866
839867
839868
839869
839870
839871
839872
839873
839874
839875
839876
839877
839878
839905
839906
839907
839908
839909
839910
839911
839912
839913
839914
839915
839916
839917
839918
839919
839920
839921
839922
839923
839924
839925
839926
839927
839928
839929
839930
839957
839958
839959
839960
839961
839962
839963
839964
839965
839966
839967
839968
839969
839970
839971
839972
839973
839974
839975
839976
839977
839978
839979
839980
839981
839982
840113
840114
840115
840116
840117
840118
840119
840120
840121
840122
840123
840124
840125
840126
840127
840128
840129
840130
840131
840132
840133
840134
840135
840136
840137
840138
840139
840140
840141
840142
840143
840144
840145
840146
840147
840148
840149
840150
840151
840152
840153
840154
840155
840156
840157
840158
840159
840160
840161
840162
840163
840164
840191
840192
840193
840194
840195
840196
840197
840198
840199
840200
840201
840202
840203
840204
840205
840206
840207
840208
840209
840210
840211
840212
840213
840214
840215
840216
840217
840218
840219
840220
840221
840222
840223
840224
840225
840226
840227
840228
840229
840230
840231
840232
840233
840234
840235
840236
840237
840238
840239
840240
840241
840242
840243
840244
840245
840246
840247
840248
840249
840250
840251
840252
840253
840254
840255
840256
840257
840258
840259
840260
840261
840262
840263
840264
840265
840266
840267
840268
840269
840270
840271
840272
840273
840274
840275
840276
840277
840278
840279
840280
840281
840282
840283
840284
840285
840286
840287
840288
840289
840290
840291
840292
840293
840294
840295
840296
840297
840298
840299
840300
840301
840302
840303
840304
840305
840306
840307
840308
840309
840310
840311
840312
840313
840314
840315
840316
840317
840318
840319
840320
840373
840374
840375
840376
840377
840378
840379
840380
840381
840382
840383
840384
840385
840386
840387
840388
840389
840390
840391
840392
840393
840394
840395
840396
840397
840398
840399
840400
840401
840402
840403
840404
840405
840406
840407
840408
840409
840410
840411
840412
840413
840414
840415
840416
840417
840418
840419
840420
840421
840422
840423
840424
840451
840452
840453
840454
840455
840456
840457
840458
840459
840460
840461
840462
840463
840464
840465
840466
840467
840468
840469
840470
840471
840472
840473
840474
840475
840476
840529
840530
840531
840532
840533
840534
840535
840536
840537
840538
840539
840540
840541
840542
840543
840544
840545
840546
840547
840548
840549
840550
840551
840552
840553
840554
840607
840608
840609
840610
840611
840612
840613
840614
840615
840616
840617
840618
840619
840620
840621
840622
840623
840624
840625
840626
840627
840628
840629
840630
840631
840632
840633
840634
840635
840636
840637
840638
840639
840640
840641
840642
840643
840644
840645
840646
840647
840648
840649
840650
840651
840652
840653
840654
840655
840656
840657
840658
840659
840660
840661
840662
840663
840664
840665
840666
840667
840668
840669
840670
840671
840672
840673
840674
840675
840676
840677
840678
840679
840680
840681
840682
840683
840684
840763
840764
840765
840766
840767
840768
840769
840770
840771
840772
840773
840774
840775
840776
840777
840778
840779
840780
840781
840782
840783
840784
840785
840786
840787
840788
840841
840842
840843
840844
840845
840846
840847
840848
840849
840850
840851
840852
840853
840854
840855
840856
840857
840858
840859
840860
840861
840862
840863
840864
840865
840866
840893
840894
840895
840896
840897
840898
840899
840900
840901
840902
840903
840904
840905
840906
840907
840908
840909
840910
840911
840912
840913
840914
840915
840916
840917
840918
840919
840920
840921
840922
840923
840924
840925
840926
840927
840928
840929
840930
840931
840932
840933
840934
840935
840936
840937
840938
840939
840940
840941
840942
840943
840944
840945
840946
840947
840948
840949
840950
840951
840952
840953
840954
840955
840956
840957
840958
840959
840960
840961
840962
840963
840964
840965
840966
840967
840968
840969
840970
840997
840998
840999
841000
841001
841002
841003
841004
841005
841006
841007
841008
841009
841010
841011
841012
841013
841014
841015
841016
841017
841018
841019
841020
841021
841022
