841153
841154
841155
841156
841157
841158
841159
841160
841161
841162
841163
841164
841165
841166
841167
841168
841169
841170
841171
841172
841173
841174
841175
841176
841177
841178
841179
841180
841181
841182
841183
841184
841185
841186
841187
841188
841189
841190
841191
841192
841193
841194
841195
841196
841197
841198
841199
841200
841201
841202
841203
841204
841205
841206
841207
841208
841209
841210
841211
841212
841213
841214
841215
841216
841217
841218
841219
841220
841221
841222
841223
841224
841225
841226
841227
841228
841229
841230
841231
841232
841233
841234
841235
841236
841237
841238
841239
841240
841241
841242
841243
841244
841245
841246
841247
841248
841249
841250
841251
841252
841253
841254
841255
841256
841257
841258
841259
841260
841261
841262
841263
841264
841265
841266
841267
841268
841269
841270
841271
841272
841273
841274
841275
841276
841277
841278
841279
841280
841281
841282
841283
841284
841285
841286
841287
841288
841289
841290
841291
841292
841293
841294
841295
841296
841297
841298
841299
841300
841301
841302
841303
841304
841305
841306
841307
841308
841309
841310
841311
841312
841313
841314
841315
841316
841317
841318
841319
841320
841321
841322
841323
841324
841325
841326
841327
841328
841329
841330
841331
841332
841333
841334
841335
841336
841337
841338
841339
841340
841341
841342
841343
841344
841345
841346
841347
841348
841349
841350
841351
841352
841353
841354
841355
841356
841357
841358
841359
841360
841361
841362
841363
841364
841365
841366
841367
841368
841369
841370
841371
841372
841373
841374
841375
841376
841377
841378
841379
841380
841381
841382
841383
841384
841385
841386
841387
841388
841389
841390
841391
841392
841393
841394
841395
841396
841397
841398
841399
841400
841401
841402
841403
841404
841405
841406
841407
841408
841409
841410
841411
841412
841439
841440
841441
841442
841443
841444
841445
841446
841447
841448
841449
841450
841451
841452
841453
841454
841455
841456
841457
841458
841459
841460
841461
841462
841463
841464
841465
841466
841467
841468
841469
841470
841471
841472
841473
841474
841475
841476
841477
841478
841479
841480
841481
841482
841483
841484
841485
841486
841487
841488
841489
841490
841491
841492
841493
841494
841495
841496
841497
841498
841499
841500
841501
841502
841503
841504
841505
841506
841507
841508
841509
841510
841511
841512
841513
841514
841515
841516
841517
841518
841519
841520
841521
841522
841523
841524
841525
841526
841527
841528
841529
841530
841531
841532
841533
841534
841535
841536
841537
841538
841539
841540
841541
841542
841569
841570
841571
841572
841573
841574
841575
841576
841577
841578
841579
841580
841581
841582
841583
841584
841585
841586
841587
841588
841589
841590
841591
841592
841593
841594
841595
841596
841597
841598
841599
841600
841601
841602
841603
841604
841605
841606
841607
841608
841609
841610
841611
841612
841613
841614
841615
841616
841617
841618
841619
841620
841621
841622
841623
841624
841625
841626
841627
841628
841629
841630
841631
841632
841633
841634
841635
841636
841637
841638
841639
841640
841641
841642
841643
841644
841645
841646
841699
841700
841701
841702
841703
841704
841705
841706
841707
841708
841709
841710
841711
841712
841713
841714
841715
841716
841717
841718
841719
841720
841721
841722
841723
841724
841777
841778
841779
841780
841781
841782
841783
841784
841785
841786
841787
841788
841789
841790
841791
841792
841793
841794
841795
841797
841798
841799
841800
841801
841802
841829
841830
841831
841832
841833
841834
841835
841836
841837
841838
841839
841840
841841
841842
841843
841844
841845
841846
841847
841848
841849
841850
841851
841852
841853
841854
841855
841856
841857
841858
841859
841860
841861
841862
841863
841864
841865
841866
841867
841868
841869
841870
841871
841872
841873
841874
841875
841876
841877
841878
841879
841880
841881
841882
841883
841884
841885
841886
841887
841888
841889
841890
841891
841892
841893
841894
841895
841896
841897
841898
841899
841900
841901
841902
841903
841904
841905
841906
841933
841934
841935
841936
841937
841938
841939
841940
841941
841942
841943
841944
841945
841946
841947
841948
841949
841950
841951
841952
841953
841954
841955
841956
841957
841958
841959
841960
841961
841962
841963
841964
841965
841966
841967
841968
841969
841970
841971
841972
841973
841974
841975
841976
841977
841978
841979
841980
841981
841982
841983
841984
842037
842038
842039
842040
842041
842042
842043
842044
842045
842046
842047
842048
842049
842050
842051
842052
842053
842054
842055
842056
842057
842058
842059
842060
842061
842062
842063
842064
842065
842066
842067
842068
842069
842070
842071
842072
842073
842074
842075
842076
842077
842078
842079
842080
842081
842082
842083
842084
842085
842086
842087
842088
842089
842090
842091
842092
842093
842094
842095
842096
842097
842098
842099
842100
842101
842102
842103
842104
842105
842106
842107
842108
842109
842110
842111
842112
842113
842114
842141
842142
842143
842144
842145
842146
842147
842148
842149
842150
842151
842152
842153
842154
842155
842156
842157
842158
842159
842160
842161
842162
842163
842164
842165
842166
842219
842220
842221
842222
842223
842224
842225
842226
842227
842228
842229
842230
842231
842232
842233
842234
842235
842236
842237
842238
842239
842240
842241
842242
842243
842244
842245
842246
842247
842248
842249
842250
842251
842252
842253
842254
842255
842256
842257
842258
842259
842260
842261
842262
842263
842264
842265
842266
842267
842268
842269
842270
842271
842272
842273
842274
842275
842276
842277
842278
842279
842280
842281
842282
842283
842284
842285
842286
842287
842288
842289
842290
842291
842292
842293
842294
842295
842296
842297
842298
842299
842300
842301
842302
842303
842304
842305
842306
842307
842308
842309
842310
842311
842312
842313
842314
842315
842316
842317
842318
842319
842320
842321
842322
842349
842350
842351
842352
842353
842354
842355
842356
842357
842358
842359
842360
842361
842362
842363
842364
842365
842366
842367
842368
842369
842370
842371
842372
842373
842374
842453
842454
842455
842456
842457
842458
842459
842460
842461
842462
842463
842464
842465
842466
842467
842468
842469
842470
842471
842472
842473
842474
842475
842476
842477
842478
842479
842480
842481
842482
842483
842484
842485
842486
842487
842488
842489
842490
842491
842492
842493
842494
842495
842496
842497
842498
842499
842500
842501
842502
842503
842504
842609
842610
842611
842612
842613
842614
842615
842616
842617
842618
842619
842620
842621
842622
842623
842624
842625
842626
842627
842628
842629
842630
842631
842632
842633
842634
842635
842636
842637
842638
842639
842640
842641
842642
842643
842644
842645
842646
842647
842648
842649
842650
842651
842652
842653
842654
842655
842656
842657
842658
842659
842660
842739
842740
842741
842742
842743
842744
842745
842746
842747
842748
842749
842750
842751
842752
842753
842754
842755
842756
842757
842758
842759
842760
842761
842762
842763
842764
842765
842766
842767
842768
842769
842770
842771
842772
842773
842774
842775
842776
842777
842778
842779
842780
842781
842782
842783
842784
842785
842786
842787
842788
842789
842790
842869
842870
842871
842872
842873
842874
842875
842876
842877
842879
842880
842881
842882
842883
842884
842885
842886
842887
842888
842889
842890
842891
842892
842893
842894
842895
842896
842897
842898
842899
842900
842901
842902
842903
842904
842905
842906
842907
842908
842909
842910
842911
842912
842913
842914
842915
842916
842917
842918
842919
842920
842921
842922
842923
842924
842925
842926
842927
842928
842929
842930
842931
842932
842933
842934
842935
842936
842937
842938
842939
842940
842941
842942
842943
842944
842945
842946
842947
842948
842949
842950
842951
842952
842953
842954
842955
842956
842957
842958
842959
842960
842961
842962
842963
842964
842965
842966
842967
842968
842969
842970
842971
842972
842999
843000
843001
843002
843003
843004
843005
843006
843007
843008
843009
843010
843011
843012
843013
843014
843015
843016
843017
843018
843019
843020
843021
843022
843023
843024
843077
843078
843079
843080
843081
843082
843083
843084
843085
843086
843087
843088
843089
843090
843091
843092
843093
843094
843095
843096
843097
843098
843099
843100
843101
843102
843103
843104
843105
843106
843107
843108
843109
843110
843111
843112
843113
843114
843115
843116
843117
843118
843119
843120
843121
843122
843123
843124
843125
843126
843127
843128
843181
843182
843183
843184
843185
843186
843187
843188
843189
843190
843191
843192
843193
843194
843195
843196
843197
843198
843199
843200
843201
843202
843203
843204
843205
843206
843259
843260
843261
843262
843263
843264
843265
843266
843267
843268
843269
843270
843271
843272
843273
843274
843275
843276
843277
843278
843279
843280
843281
843282
843283
843284
843311
843312
843313
843314
843315
843316
843317
843318
843319
843320
843321
843322
843323
843324
843325
843326
843327
843328
843329
843330
843331
843332
843333
843334
843335
843336
843363
843364
843365
843366
843367
843368
843369
843370
843371
843372
843373
843374
843375
843376
843377
843378
843379
843380
843381
843382
843383
843384
843385
843386
843387
843388
843389
843390
843391
843392
843393
843394
843395
843396
843397
843398
843399
843400
843401
843402
843403
843404
843405
843406
843407
843408
843409
843410
843411
843412
843413
843414
843441
843442
843443
843444
843445
843446
843447
843448
843449
843450
843451
843452
843453
843454
843455
843456
843457
843458
843459
843460
843461
843462
843463
843464
843465
843466
843467
843468
843469
843470
843471
843472
843473
843474
843475
843476
843477
843478
843479
843480
843481
843482
843483
843484
843485
843486
843487
843488
843489
843490
843491
843492
843493
843494
843495
843496
843497
843498
843499
843500
843501
843502
843503
843504
843505
843506
843507
843508
843509
843510
843511
843512
843513
843514
843515
843516
843517
843518
843520
843521
843522
843523
843524
843525
843526
843527
843528
843529
843530
843531
843532
843533
843534
843535
843536
843537
843538
843539
843540
843541
843542
843543
843544
843545
843546
843547
843548
843549
843550
843551
843552
843553
843554
843555
843556
843557
843558
843559
843560
843561
843562
843563
843564
843565
843566
843567
843568
843569
843570
843571
843572
843573
843574
843575
843576
843577
843578
843579
843580
843581
843582
843583
843584
843585
843586
843587
843588
843589
843590
843591
843592
843593
843594
843595
843596
