843779
843780
843781
843782
843783
843784
843785
843786
843787
843788
843789
843790
843791
843792
843793
843794
843795
843796
843797
843798
843799
843800
843801
843802
843803
843804
843831
843832
843833
843834
843835
843836
843837
843838
843839
843840
843841
843842
843843
843844
843845
843846
843847
843849
843850
843851
843852
843853
843854
843855
843856
843857
843858
843859
843860
843861
843862
843863
843864
843865
843866
843867
843868
843869
843870
843871
843872
843873
843874
843875
843876
843877
843878
843879
843880
843881
843882
844013
844014
844015
844016
844017
844018
844019
844020
844021
844022
844023
844024
844025
844026
844027
844028
844029
844030
844031
844032
844033
844034
844035
844036
844037
844038
844039
844040
844041
844042
844043
844044
844045
844046
844047
844048
844049
844050
844051
844052
844053
844054
844055
844056
844057
844058
844059
844060
844061
844062
844063
844064
844091
844092
844093
844094
844095
844096
844097
844098
844099
844100
844101
844102
844103
844104
844105
844106
844107
844108
844109
844110
844111
844112
844113
844114
844115
844116
844169
844170
844171
844172
844173
844174
844175
844176
844177
844178
844179
844180
844181
844182
844183
844184
844185
844186
844187
844188
844189
844190
844191
844192
844193
844194
844195
844196
844197
844198
844199
844200
844201
844202
844203
844204
844205
844206
844207
844208
844209
844210
844211
844212
844213
844214
844215
844216
844217
844218
844219
844220
844247
844248
844249
844250
844251
844252
844253
844254
844255
844256
844257
844258
844259
844260
844261
844262
844263
844264
844265
844266
844267
844268
844269
844270
844271
844272
844273
844274
844275
844276
844277
844278
844279
844280
844281
844282
844283
844284
844285
844286
844287
844288
844289
844290
844291
844292
844293
844294
844295
844296
844297
844298
844299
844300
844301
844302
844303
844304
844305
844306
844307
844308
844309
844310
844311
844312
844313
844314
844315
844316
844317
844318
844319
844320
844321
844322
844323
844324
844403
844404
844405
844406
844407
844408
844409
844410
844411
844412
844413
844414
844415
844416
844417
844418
844419
844420
844421
844422
844423
844424
844425
844426
844427
844428
844429
844430
844431
844432
844433
844434
844435
844436
844437
844438
844439
844440
844441
844442
844443
844444
844445
844446
844447
844448
844449
844450
844451
844452
844453
844454
844663
844664
844665
844666
844667
844668
844669
844670
844671
844672
844673
844674
844675
844676
844677
844678
844679
844680
844681
844682
844683
844684
844685
844686
844687
844688
844767
844768
844769
844770
844771
844772
844773
844774
844775
844776
844777
844778
844779
844780
844781
844782
844783
844784
844785
844786
844787
844788
844789
844790
844791
844792
844819
844820
844821
844822
844823
844824
844825
844826
844827
844828
844829
844830
844831
844832
844833
844834
844835
844836
844837
844838
844839
844840
844841
844842
844843
844844
844845
844846
844847
844848
844849
844850
844851
844852
844853
844854
844855
844856
844857
844858
844859
844860
844861
844862
844863
844864
844865
844866
844867
844868
844869
844870
844871
844872
844873
844874
844875
844876
844877
844878
844880
844881
844882
844883
844884
844885
844886
844887
844888
844889
844890
844891
844892
844893
844894
844895
844896
844897
844898
844899
844900
844901
844902
844903
844904
844905
844906
844907
844908
844909
844910
844911
844912
844913
844914
844915
844916
844917
844918
844919
844920
844921
844922
845079
845080
845081
845082
845083
845084
845085
845086
845087
845088
845089
845090
845091
845092
845093
845094
845095
845096
845097
845098
845099
845100
845101
845102
845103
845104
845105
845106
845107
845108
845109
845110
845111
845112
845113
845114
845115
845116
845117
845118
845119
845120
845121
845122
845123
845124
845125
845126
845127
845128
845129
845130
845131
845132
845133
845134
845135
845136
845137
845138
845139
845140
845141
845142
845143
845144
845145
845146
845147
845148
845149
845150
845151
845152
845153
845154
845155
845156
845157
845158
845159
845160
845161
845162
845163
845164
845165
845166
845167
845168
845169
845170
845171
845172
845173
845174
845175
845176
845177
845178
845179
845180
845181
845182
845235
845236
845237
845238
845239
845240
845241
845242
845243
845244
845245
845246
845247
845248
845249
845250
845251
845252
845253
845254
845255
845256
845257
845258
845259
845260
845261
845262
845263
845264
845265
845266
845267
845268
845269
845270
845271
845272
845273
845275
845276
845277
845278
845279
845280
845281
845282
845283
845284
845285
845286
845287
845288
845289
845290
845291
845292
845293
845294
845295
845296
845297
845298
845299
845300
845301
845302
845303
845304
845305
845306
845307
845308
845309
845310
845311
845312
845339
845340
845341
845342
845343
845344
845345
845346
845347
845348
845349
845350
845351
845352
845353
845354
845355
845356
845357
845358
845359
845360
845361
845362
845363
845364
845365
845366
845367
845368
845369
845370
845371
845372
845373
845374
845375
845376
845377
845378
845379
845380
845381
845382
845383
845384
845385
845386
845387
845388
845389
845390
845495
845496
845497
845498
845499
845500
845501
845502
845503
845504
845505
845506
845507
845508
845509
845510
845511
845512
845513
845514
845515
845516
845517
845518
845519
845520
845547
845548
845549
845550
845551
845552
845553
845554
845555
845556
845557
845558
845559
845560
845561
845562
845563
845564
845565
845566
845567
845568
845569
845570
845571
845572
845625
845626
845627
845628
845629
845630
845631
845632
845633
845634
845635
845636
845637
845638
845639
845640
845641
845642
845643
845644
845645
845646
845647
845648
845649
845650
845651
845652
845653
845654
845655
845656
845657
845658
845659
845660
845661
845662
845663
845664
845665
845666
845667
845668
845669
845670
845671
845672
845673
845674
845675
845676
845729
845730
845731
845732
845733
845734
845735
845736
845737
845738
845739
845740
845741
845742
845743
845744
845745
845746
845747
845748
845749
845750
845751
845752
845753
845754
845807
845808
845809
845810
845811
845812
845813
845814
845815
845816
845817
845818
845819
845820
845821
845822
845823
845824
845825
845826
845827
845828
845829
845830
845831
845832
845833
845834
845835
845836
845837
845838
845839
845840
845841
845842
845843
845844
845845
845846
845847
845848
845849
845850
845851
845852
845853
845854
845855
845856
845857
845858
845937
845938
845939
845940
845941
845942
845943
845944
845945
845946
845947
845948
845949
845950
845951
845952
845953
845954
845955
845956
845957
845958
845959
845960
845961
845962
845989
845990
845991
845992
845993
845994
845995
845996
845997
845998
845999
846000
846001
846002
846003
846004
846005
846006
846007
846008
846009
846010
846011
846012
846013
846014
846067
846068
846069
846070
846071
846072
846073
846074
846075
846076
846077
846078
846079
846080
846081
846082
846083
846084
846085
846086
846087
846088
846089
846090
846091
846092
846093
846094
846095
846096
846097
846098
846099
846100
846101
846102
846103
846104
846105
846106
846107
846108
846109
846110
846111
846112
846113
846114
846115
846116
846117
846118
846119
846120
846121
846122
846123
846124
846125
846126
846127
846128
846129
846130
846131
846132
846133
846134
846135
846136
846137
846138
846139
846140
846141
846142
846143
846144
846145
846146
846147
846148
846149
846150
846151
846152
846153
846154
846155
846156
846157
846158
846159
846160
846161
846162
846163
846164
846165
846166
846167
846168
846169
846170
846197
846198
846199
846200
846201
846202
846203
846204
846205
846206
846207
846208
846209
846210
846211
846212
846213
846214
846215
846216
846217
846218
846219
846220
846221
846222
846223
846224
846225
846226
846227
846228
846229
846230
846231
846232
846233
846234
846235
846236
846237
846238
846239
846240
846241
846242
846243
846244
846245
846246
846247
846248
846249
846250
846251
846252
846253
846254
846255
846256
846257
846258
846259
846260
846261
846262
846263
846264
846265
846266
846267
846268
846269
846270
846271
846272
846273
846274
846301
846302
846303
846304
846305
846306
846307
846308
846309
846310
846311
846312
846313
846314
846315
846316
846317
846318
846319
846320
846321
846322
846323
846324
846325
846326
846327
846328
846329
846330
846331
846332
846333
846334
846335
846336
846337
846338
846339
846340
846341
846342
846343
846344
846345
846346
846347
846348
846349
846350
846351
846352
846353
846354
846355
846356
846357
846358
846359
846360
846361
846362
846363
846364
846365
846366
846367
846368
846369
846370
846371
846372
846373
846374
846375
846376
846377
846378
846405
846406
846407
846408
846409
846410
846412
846413
846414
846415
846416
846417
846418
846419
846420
846421
846422
846423
846424
846425
846426
846427
846428
846429
846430
846483
846484
846485
846486
846487
846488
846489
846490
846491
846492
846493
846494
846495
846496
846497
846498
846499
846500
846501
846502
846503
846504
846505
846506
846507
846508
846509
846510
846511
846512
846513
846514
846515
846516
846517
846518
846519
846520
846521
846522
846523
846524
846525
846526
846527
846528
846529
846530
846531
846532
846533
846534
846561
846562
846563
846564
846565
846566
846567
846568
846569
846570
846571
846572
846573
846574
846575
846576
846577
846578
846579
846580
846581
846582
846583
846584
846585
846586
846639
846640
846641
846642
846643
846644
846645
846646
846647
846648
846649
846650
846651
846652
846653
846654
846655
846656
846657
846658
846659
846660
846661
846662
846663
846664
846691
846692
846693
846694
846695
846696
846697
846698
846699
846700
846701
846702
846703
846704
846705
846706
846707
846708
846709
846710
846711
846712
846713
846714
846715
846716
846717
846718
846719
846720
846721
846722
846723
846724
846725
846726
846727
846728
846729
846730
846731
846732
846733
846734
846735
846736
846737
846738
846739
846740
846741
846742
846899
846900
846901
846902
846903
846904
846905
846906
846907
846908
846909
846910
846911
846912
846913
846914
846915
846916
846917
846918
846919
846920
846921
846922
846923
846924
846925
846926
846927
846928
846929
846930
846931
846932
846933
846934
846935
846936
846937
846938
846939
846940
846941
846942
846943
846944
846945
846946
846947
846948
846949
846950
847029
847030
847031
847032
847033
847034
847035
847036
847037
847038
847039
847040
847041
847042
847043
847044
847045
847046
847047
847048
847049
847050
847051
847052
847053
847054
847055
847056
847057
847058
847059
847060
847061
847062
847063
847064
847065
847066
847067
847068
847069
847070
847071
847072
847073
847074
847075
847076
847077
847078
847079
847080
847081
847082
847083
847084
847086
847087
847088
847089
847090
847091
847092
847093
847094
847095
847096
847097
847098
847099
847100
847101
847102
847103
847104
847105
847106
847133
847134
847135
847136
847137
847138
847139
847140
847141
847142
847143
847144
847145
847146
847147
847148
847149
847150
847151
847152
847153
847154
847155
847156
847157
847158
847159
847160
847161
847162
847163
847165
847166
847167
847168
847169
847170
847171
847172
847173
847174
847175
847176
847177
847178
847179
847180
847181
847182
847183
847184
847237
847238
847239
847240
847241
847242
847243
847244
847245
847246
847247
847248
847249
847250
847251
847252
847253
847254
847255
847256
847257
847258
847259
847260
847261
847262
847289
847290
847291
847292
847293
847294
847295
847296
847297
847299
847300
847301
847302
847303
847304
847305
847306
847307
847308
847309
847310
847311
847312
847313
847314
847393
847394
847395
847396
847397
847398
847399
847400
847401
847402
847403
847404
847405
847406
847407
847408
847409
847410
847411
847412
847413
847414
847415
847416
847417
847418
847497
847498
847499
847500
847501
847502
847503
847504
847505
847506
847507
847508
847509
847510
847511
847512
847513
847514
847515
847516
847517
847518
847519
847520
847521
847522
847523
847524
847525
847526
847527
847528
847529
847530
847531
847532
847533
847534
847535
847536
847537
847538
847539
847540
847541
847542
847543
847544
847545
847546
847547
847548
847575
847576
847577
847578
847579
847580
847581
847582
847583
847584
847585
847586
847587
847588
847590
847591
847592
847593
847594
847595
847596
847597
847598
847599
847600
847627
847628
847629
847630
847631
847632
847633
847634
847635
847636
847637
847638
847639
847640
847641
847642
847643
847644
847645
847646
847647
847648
847649
847650
847651
847652
847653
847654
847655
847656
847657
847658
847659
847660
847661
847662
847663
847664
847665
847666
847667
847668
847669
847670
847671
847672
847673
847674
847675
847676
847677
847678
847783
847784
847785
847786
847787
847788
847789
847790
847791
847792
847793
847794
847795
847796
847797
847798
847799
847800
847801
847802
847803
847804
847805
847806
847807
847808
847835
847836
847837
847838
847839
847840
847841
847842
847843
847844
847845
847846
847847
847848
847849
847850
847851
847852
847853
847854
847855
847856
847857
847858
847859
847860
847887
847888
847889
847890
847891
847892
847893
847894
847895
847896
847897
847898
847899
847900
847901
847902
847903
847904
847905
847906
847907
847908
847909
847910
847911
847912
847939
847940
847941
847942
847943
847944
847945
847946
847947
847948
847949
847950
847951
847952
847953
847954
847955
847956
847957
847958
847959
847960
847961
847962
847963
847964
847965
847966
847967
847968
847969
847970
847971
847972
847973
847974
847975
847976
847977
847978
847979
847980
847981
847982
847983
847984
847985
847986
847987
847988
847989
847990
847991
847992
847993
847994
847995
847996
847997
847998
847999
848000
848001
848002
848003
848004
848005
848006
848007
848008
848009
848010
848011
848012
848013
848014
848015
848016
848017
848018
848019
848020
848021
848022
848023
848024
848025
848026
848027
848028
848029
848030
848031
848032
848033
848034
848035
848036
848037
848038
848039
848040
848041
848042
848043
848044
848045
848046
848047
848048
848049
848050
848051
848052
848053
848054
848055
848056
848057
848058
848059
848060
848061
848062
848063
848064
848065
848066
848067
848068
848121
848122
848123
848124
848125
848126
848127
848128
848129
848130
848131
848132
848133
848134
848135
848136
848137
848138
848139
848140
848141
848142
848143
848144
848145
848146
848173
848174
848175
848176
848177
848178
848179
848180
848181
848182
848183
848184
848185
848186
848187
848188
848189
848190
848191
848192
848193
848194
848195
848196
848197
848198
848355
848356
848357
848358
848359
848360
848361
848362
848363
848364
848365
848366
848367
848368
848369
848370
848371
848372
848373
848374
848375
848376
848377
848378
848379
848380
848433
848434
848435
848436
848437
848438
848439
848440
848441
848442
848443
848444
848445
848446
848447
848448
848449
848450
848451
848452
848453
848454
848455
848456
848457
848458
848485
848486
848487
848488
848489
848490
848491
848492
848493
848494
848495
848496
848497
848498
848499
848500
848501
848502
848503
848504
848505
848506
848507
848508
848509
848510
848511
848512
848513
848514
848515
848516
848517
848518
848519
848520
848521
848522
848523
848524
848525
848526
848527
848528
848529
848530
848531
848532
848533
848534
848535
848536
848563
848564
848565
848566
848567
848568
848569
848570
848571
848572
848573
848574
848575
848576
848577
848578
848579
848580
848581
848582
848583
848584
848585
848586
848587
848588
848667
848668
848669
848670
848671
848672
848673
848674
848675
848676
848677
848678
848679
848680
848681
848682
848683
848684
848685
848686
848687
848689
848690
848691
848692
848719
848720
848721
848722
848723
848724
848725
848726
848727
848728
848729
848730
848731
848732
848733
848734
848735
848736
848737
848739
848740
848741
848742
848743
848744
848745
848746
848747
848748
848749
848750
848751
848752
848753
848754
848755
848756
848757
848758
848759
848760
848761
848762
848763
848764
848765
848766
848767
848768
848769
848770
848953
848954
848955
848956
848957
848958
848959
848960
848961
848962
848963
848964
848965
848966
848967
848968
848969
848970
848971
848972
848973
848974
848975
848976
848977
848978
849031
849032
849033
849034
849035
849036
849037
849038
849039
849040
849041
849042
849043
849044
849045
849046
849047
849048
849049
849050
849051
849052
849053
849054
849055
849056
849057
849058
849059
849060
849061
849062
849063
849064
849065
849066
849067
849068
849069
849070
849071
849072
849073
849074
849075
849076
849077
849078
849079
849080
849081
849082
849161
849162
849163
849164
849165
849166
849167
849168
849169
849170
849171
849172
849173
849174
849175
849176
849177
849178
849179
849180
849181
849182
849183
849184
849185
849186
849187
849188
849189
849190
849191
849192
849193
849194
849195
849196
849197
849198
849199
849200
849201
849202
849203
849204
849205
849206
849207
849208
849209
849210
849211
849212
849213
849214
849215
849216
849217
849218
849219
849220
849221
849222
849223
849224
849225
849226
849227
849228
849229
849230
849231
849232
849233
849234
849235
849236
849237
849238
849317
849318
849319
849320
849321
849322
849323
849324
849325
849326
849327
849328
849329
849330
849331
849332
849333
849334
849335
849336
849337
849338
849339
849340
849341
849342
849343
849344
849345
849346
849347
849348
849349
849350
849351
849352
849353
849354
849355
849356
849357
849358
849359
849360
849361
849362
849363
849364
849365
849366
849367
849368
849369
849370
849371
849372
849373
849374
849375
849376
849377
849378
849379
849380
849381
849382
849383
849384
849385
849386
849387
849388
849389
849390
849391
849392
849393
849394
849395
849396
849397
849398
849399
849400
849401
849402
849403
849404
849405
849406
849407
849408
849409
849410
849411
849412
849413
849414
849415
849416
849417
849418
849419
849420
849447
849448
849449
849450
849451
849452
849453
849454
849455
849456
849457
849458
849459
849460
849461
849462
849463
849464
849465
849466
849467
849468
849469
849470
849471
849472
849499
849500
849501
849502
849503
849504
849505
849506
849507
849508
849509
849510
849511
849512
849513
849514
849515
849516
849517
849518
849519
849520
849521
849522
849523
849524
849603
849604
849605
849606
849607
849608
849609
849610
849611
849612
849613
849614
849615
849616
849617
849618
849619
849620
849621
849622
849623
849624
849625
849626
849627
849628
849629
849630
849631
849632
849633
849634
849635
849636
849637
849638
849639
849640
849641
849642
849643
849644
849645
849646
849647
849648
849649
849650
849651
849652
849653
849654
849655
849656
849657
849658
849659
849660
849661
849662
849663
849664
849665
849666
849667
849668
849669
849670
849671
849672
849673
849674
849675
849676
849677
849678
849679
849680
849681
849682
849683
849684
849685
849686
849687
849688
849689
849690
849691
849692
849693
849694
849695
849696
849697
849698
849699
849700
849701
849702
849703
849704
849705
849706
849733
849734
849735
849736
849737
849738
849739
849740
849741
849742
849743
849744
849745
849746
849747
849748
849749
849750
849751
849752
849753
849754
849755
849756
849757
849758
849837
849838
849839
849840
849841
849842
849843
849844
849845
849846
849847
849848
849849
849850
849851
849852
849853
849854
849855
849856
849857
849858
849859
849860
849861
849862
849863
849864
849865
849866
849867
849868
849869
849870
849871
849872
849873
849874
849875
849876
849877
849878
849879
849880
849881
849882
849883
849884
849885
849886
849887
849888
849889
849890
849891
849892
849893
849894
849895
849896
849897
849898
849899
849900
849901
849902
849903
849904
849905
849906
849907
849908
849909
849910
849911
849912
849913
849914
849941
849942
849943
849944
849945
849946
849947
849948
849949
849950
849951
849952
849953
849954
849955
849956
849957
849958
849959
849960
849961
849962
849963
849964
849965
849966
849993
849994
849995
849996
849997
849998
849999
850000
850001
850002
850003
850004
850005
850006
850007
850008
850009
850010
850011
850012
850013
850014
850015
850016
850017
850018
850019
850020
850021
850022
850023
850024
850025
850026
850027
850028
850029
850030
850031
850032
850033
850034
850035
850036
850037
850038
850039
850040
850041
850042
850043
850044
850071
850072
850073
850074
850075
850076
850077
850078
850079
850080
850081
850082
850083
850084
850085
850086
850087
850088
850089
850090
850091
850092
850093
850094
850095
850096
850097
850098
850099
850100
850101
850102
850103
850104
850105
850106
850107
850108
850109
850110
850111
850112
850113
850114
850115
850116
850117
850118
850119
850120
850121
850122
850227
850228
850229
850230
850231
850232
850233
850234
850235
850236
850237
850238
850239
850240
850241
850242
850243
850244
850245
850246
850247
850248
850249
850250
850251
850252
850254
850255
850256
850257
850258
850259
850260
850261
850262
850263
850264
850265
850266
850267
850268
850269
850270
850271
850272
850273
850274
850275
850276
850277
850278
850305
850306
850307
850308
850309
850310
850311
850312
850313
850314
850315
850316
850317
850318
850319
850320
850321
850322
850323
850324
850325
850326
850327
850328
850329
850330
850409
850410
850411
850412
850413
850414
850415
850416
850417
850418
850419
850420
850421
850422
850423
850424
850425
850426
850427
850428
850429
850430
850431
850432
850433
850434
850436
850437
850438
850439
850440
850441
850442
850443
850444
850445
850446
850447
850448
850449
850450
850451
850452
850453
850454
850455
850456
850457
850458
850459
850460
850461
850462
850463
850464
850465
850466
850467
850468
850469
850470
850471
850472
850473
850474
850475
850476
850477
850478
850479
850480
850481
850482
850483
850484
850485
850486
850539
850540
850541
850542
850543
850544
850545
850546
850547
850548
850549
850550
850551
850552
850553
850554
850555
850556
850557
850558
850559
850560
850561
850562
850563
850564
850566
850567
850568
850569
850570
850571
850572
850573
850574
850575
850576
850577
850578
850579
850580
850581
850582
850583
850584
850585
850586
850587
850588
850589
850590
850617
850618
850619
850620
850621
850622
850623
850624
850625
850626
850627
850628
850629
850630
850631
850632
850633
850634
850635
850636
850637
850638
850639
850640
850641
850642
850669
850670
850671
850672
850673
850674
850675
850676
850677
850678
850679
850680
850681
850682
850683
850684
850685
850686
850687
850688
850689
850690
850691
850692
850693
850694
850747
850748
850749
850750
850751
850752
850753
