864645
864646
864647
864648
864649
864650
864651
864652
864653
864654
864655
864656
864657
864658
864659
864660
864661
864662
864663
864664
864665
864666
864667
864668
864669
864670
864671
864672
864673
864674
864675
864676
864677
864678
864679
864680
864681
864682
864683
864684
864685
864686
864687
864688
864689
864690
864691
864692
864693
864694
864695
864696
864697
864698
864699
864700
864701
864702
864703
864704
864705
864706
864707
864708
864761
864762
864763
864764
864765
864766
864767
864768
864769
864770
864771
864772
864773
864774
864775
864776
864777
864778
864779
864780
864781
864782
864783
864784
864785
864786
864813
864814
864815
864816
864817
864818
864819
864820
864821
864822
864823
864824
864825
864826
864827
864828
864829
864830
864831
864832
864833
864834
864835
864836
864837
864838
864917
864918
864919
864920
864921
864922
864923
864924
864925
864926
864927
864928
864929
864930
864931
864932
864933
864934
864935
864936
864937
864938
864939
864940
864941
864942
865021
865022
865023
865024
865025
865026
865027
865028
865029
865030
865032
865033
865034
865035
865036
865037
865038
865039
865040
865041
865042
865043
865044
865045
865046
865073
865074
865075
865076
865077
865078
865079
865080
865081
865082
865083
865084
865085
865086
865087
865088
865089
865090
865091
865092
865093
865094
865095
865096
865097
865098
865099
865100
865101
865102
865103
865104
865105
865106
865107
865108
865109
865110
865111
865112
865113
865114
865115
865116
865117
865118
865119
865120
865121
865122
865123
865124
865125
865126
865127
865128
865129
865130
865131
865132
865133
865134
865135
865136
865137
865138
865139
865140
865141
865142
865143
865144
865145
865146
865147
865148
865149
865150
865203
865204
865205
865206
865207
865208
865209
865210
865211
865212
865213
865214
865215
865216
865217
865218
865219
865220
865221
865222
865223
865224
865225
865226
865227
865228
865229
865230
865231
865232
865233
865234
865235
865236
865237
865238
865239
865240
865241
865242
865243
865244
865245
865246
865247
865248
865249
865250
865251
865252
865253
865254
865281
865282
865283
865284
865285
865286
865287
865288
865289
865290
865291
865292
865293
865294
865295
865296
865297
865298
865299
865300
865301
865302
865303
865304
865305
865306
865307
865308
865309
865310
865311
865312
865313
865314
865315
865316
865317
865318
865319
865320
865321
865322
865323
865324
865325
865326
865327
865328
865329
865330
865331
865332
865333
865334
865335
865336
865337
865338
865339
865340
865341
865342
865343
865344
865345
865346
865347
865348
865349
865350
865351
865352
865353
865354
865355
865356
865357
865358
865437
865438
865439
865440
865441
865442
865443
865444
865445
865446
865447
865448
865449
865450
865451
865452
865453
865454
865455
865456
865457
865458
865459
865460
865461
865462
865463
865464
865465
865466
865467
865468
865469
865470
865471
865472
865473
865474
865475
865476
865477
865478
865479
865480
865481
865482
865483
865484
865485
865486
865487
865488
865489
865490
865491
865492
865493
865494
865495
865496
865497
865498
865499
865500
865501
865502
865503
865504
865505
865506
865507
865508
865509
865510
865511
865512
865513
865514
865515
865516
865517
865518
865519
865520
865521
865522
865523
865524
865525
865526
865527
865528
865529
865530
865531
865532
865533
865534
865535
865536
865537
865538
865539
865540
865567
865568
865569
865570
865571
865572
865573
865574
865575
865576
865577
865578
865579
865580
865581
865582
865583
865584
865585
865586
865587
865588
865589
865590
865591
865592
865593
865594
865595
865596
865597
865598
865599
865600
865601
865602
865603
865604
865605
865606
865607
865608
865609
865610
865611
865612
865613
865614
865615
865616
865617
865618
865645
865646
865647
865648
865649
865650
865651
865652
865653
865654
865655
865656
865657
865658
865659
865660
865661
865662
865663
865664
865665
865666
865667
865668
865669
865670
865671
865672
865673
865674
865675
865676
865677
865678
865679
865680
865681
865682
865683
865684
865685
865686
865687
865688
865689
865690
865691
865692
865693
865694
865695
865696
865723
865724
865725
865726
865727
865728
865729
865730
865731
865732
865733
865734
865735
865736
865737
865738
865739
865740
865741
865742
865743
865744
865745
865746
865747
865748
865775
865776
865777
865778
865779
865780
865781
865782
865783
865784
865785
865786
865787
865788
865789
865790
865791
865792
865793
865794
865795
865796
865797
865798
865799
865800
865853
865854
865855
865856
865857
865858
865859
865860
865861
865862
865863
865864
865865
865866
865867
865868
865869
865870
865871
865872
865873
865874
865875
865876
865877
865878
865905
865906
865907
865908
865909
865910
865911
865912
865913
865914
865915
865916
865917
865918
865919
865920
865921
865922
865923
865924
865925
865926
865927
865928
865929
865930
865931
865932
865933
865934
865935
865936
865937
865938
865939
865940
865941
865942
865943
865944
865945
865946
865947
865948
865949
865950
865951
865952
865953
865954
865955
865956
866113
866114
866115
866116
866117
866118
866119
866120
866121
866122
866123
866124
866125
866126
866127
866128
866129
866130
866131
866132
866133
866134
866135
866136
866137
866138
866217
866218
866219
866220
866221
866222
866223
866224
866225
866226
866227
866228
866229
866230
866231
866232
866233
866234
866235
866236
866237
866238
866239
866240
866241
866242
866295
866296
866297
866298
866299
866300
866301
866302
866303
866304
866305
866306
866307
866308
866309
866310
866311
866312
866313
866314
866315
866316
866317
866318
866319
866320
866321
866322
866323
866324
866325
866326
866327
866328
866329
866330
866331
866332
866333
866334
866335
866336
866337
866338
866339
866340
866341
866342
866343
866344
866345
866346
866399
866400
866401
866402
866403
866404
866405
866406
866407
866408
866409
866410
866411
866412
866413
866414
866415
866416
866417
866418
866419
866420
866421
866422
866423
866424
866425
866426
866427
866428
866429
866430
866431
866432
866433
866434
866435
866436
866437
866438
866439
866440
866441
866442
866443
866444
866445
866446
866447
866448
866449
866450
866451
866452
866453
866454
866455
866456
866457
866458
866459
866460
866461
866462
866463
866464
866465
866466
866467
866468
866469
866470
866471
866472
866473
866474
866475
866476
866477
866478
866479
866480
866481
866482
866483
866484
866485
866486
866487
866488
866489
866490
866491
866492
866493
866494
866495
866496
866497
866498
866499
866500
866501
866502
866581
866582
866583
866584
866585
866586
866587
866588
866589
866590
866591
866592
866593
866594
866595
866596
866597
866598
866599
866600
866601
866602
866603
866604
866605
866606
866607
866608
866609
866610
866611
866612
866613
866614
866615
866616
866617
866618
866619
866620
866621
866622
866623
866624
866625
866626
866627
866628
866629
866630
866631
866632
866711
866712
866713
866714
866715
866716
866717
866718
866719
866720
866721
866722
866723
866724
866725
866726
866727
866728
866729
866730
866731
866732
866733
866734
866735
866736
866763
866764
866765
866766
866767
866768
866769
866770
866771
866772
866773
866774
866775
866776
866777
866778
866779
866780
866781
866782
866783
866784
866785
866786
866787
866788
866841
866842
866843
866844
866845
866846
866847
866848
866849
866850
866851
866852
866853
866854
866855
866856
866857
866858
866859
866860
866861
866862
866863
866864
866865
866866
866919
866920
866921
866922
866923
866924
866925
866926
866927
866928
866929
866930
866931
866932
866933
866934
866935
866936
866937
866938
866939
866940
866941
866942
866943
866944
866971
866972
866973
866974
866975
866976
866977
866978
866979
866980
866981
866982
866983
866984
866985
866986
866987
866988
866989
866990
866991
866992
866993
866994
866995
866996
866997
866998
866999
867000
867001
867002
867003
867004
867005
867006
867007
867008
867009
867010
867011
867012
867013
867014
867015
867016
867017
867018
867019
867020
867021
867022
867023
867024
867025
867026
867027
867028
867029
867030
867031
867032
867033
867034
867035
867036
867037
867038
867039
867040
867041
867042
867043
867044
867045
867046
867047
867048
867101
867102
867103
867104
867105
867106
867107
867108
867109
867110
867111
867112
867113
867114
867115
867116
867117
867118
867119
867120
867121
867122
867123
867124
867125
867126
867153
867154
867155
867156
867157
867158
867159
867160
867161
867162
867163
867164
867165
867166
867167
867168
867169
867170
867171
867172
867173
867174
867175
867176
867177
867178
867283
867284
867285
867286
867287
867288
867289
867290
867291
867292
867293
867294
867295
867296
867297
867298
867299
867300
867301
867302
867303
867304
867305
867306
867307
867308
867309
867310
867311
867312
867313
867314
867315
867316
867317
867318
867319
867320
867321
867322
867323
867324
867325
867326
867327
867328
867329
867330
867331
867332
867333
867334
867335
867336
867337
867338
867339
867340
867341
867342
867343
867344
867345
867346
867347
867348
867349
867350
867351
867352
867353
867354
867355
867356
867357
867358
867359
867360
867361
867362
867363
867364
867365
867366
867367
867368
867369
867370
867371
867372
867373
867374
867375
867376
867377
867378
867379
867380
867381
867382
867383
867384
867385
867386
867387
867388
867389
867390
867391
867392
867393
867394
867395
867396
867397
867398
867399
867400
867401
867402
867403
867404
867405
867406
867407
867408
867409
867410
867411
867412
867439
867440
867441
867442
867443
867444
867445
867446
867447
867448
867449
867450
867451
867452
867453
867454
867455
867456
867457
867458
867459
867460
867461
867462
867463
867464
867465
867466
867467
867468
867469
867470
867471
867472
867473
867474
867475
867476
867477
867478
867479
867480
867481
867482
867483
867484
867485
867486
867487
867488
867489
867490
867595
867596
867597
867598
867599
867600
867601
867602
867603
867604
867605
867606
867607
867608
867609
867610
867611
867612
867613
867614
867615
867616
867617
867618
867619
867620
867621
867622
867623
867624
867625
867626
867627
867628
867629
867630
867631
867632
867633
867634
867635
867636
867637
867638
867639
867640
867641
867642
867643
867644
867645
867646
867673
867674
867675
867676
867677
867678
867679
867680
867681
867682
867683
867684
867685
867686
867687
867688
867689
867690
867691
867692
867693
867694
867695
867696
867697
867698
867699
867700
867701
867702
867703
867704
867705
867706
867707
867708
867709
867710
867711
867712
867713
867714
867715
867716
867717
867718
867719
867720
867721
867722
867723
867724
867725
867726
867727
867728
867729
867730
867731
867732
867733
867734
867735
867736
867737
867738
867739
867740
867741
867742
867743
867744
867745
867746
867747
867748
867749
867750
867751
867752
867753
867754
867755
867756
867757
867758
867759
867760
867761
867762
867763
867764
867765
867766
867767
867768
867769
867770
867771
867772
867773
867774
867775
867776
867777
867778
867779
867780
867781
867782
867783
867784
867785
867786
867787
867788
867789
867790
867791
867792
867793
867794
867795
867796
867797
867798
867799
867800
867801
867802
867881
867882
867883
867884
867885
867886
867887
867888
867889
867890
867891
867892
867893
867894
867895
867896
867897
867898
867899
867900
867901
867902
867903
867904
867905
867906
867907
867908
867909
867910
867911
867912
867913
867914
867915
867916
867917
867918
867919
867920
867921
867922
867923
867924
867925
867926
867927
867928
867929
867930
867931
867932
867933
867934
867935
867936
867937
867938
867939
867940
867941
867942
867943
867944
867945
867946
867947
867948
867949
867950
867951
867952
867953
867954
867955
867956
867957
867958
867959
867960
867961
867962
867963
867964
867965
867966
867967
867968
867969
867970
867971
867972
867973
867974
867975
867976
867977
867978
867979
867980
867981
867982
867983
867984
868011
868012
868013
868014
868015
868016
868017
868018
868019
868020
868021
868022
868023
868024
868025
868026
868027
868028
868029
868030
868031
868032
868033
868034
868035
868036
868037
868038
868039
868040
868041
868042
868043
868044
868045
868046
868047
868048
868049
868050
868051
868052
868053
868054
868055
868056
868057
868058
868059
868060
868061
868062
868063
868064
868065
868066
868067
868068
868069
868070
868071
868072
868073
868074
868075
868076
868077
868078
868079
868080
868081
868082
868083
868084
868085
868086
868087
868088
868089
868090
868091
868092
868093
868094
868095
868096
868097
868098
868099
868100
868101
868102
868103
868104
868105
868106
868107
868108
868109
868110
868111
868112
868113
868114
868115
868116
868117
868118
868119
868120
868121
868122
868123
868124
868125
868126
868127
868128
868129
868130
868131
868132
868133
868134
868135
868136
868137
868138
868139
868140
868141
868142
868143
868144
868145
868146
868147
868148
868149
868150
868151
868152
868153
868154
868155
868156
868157
868158
868159
868160
868161
868162
868163
868164
868165
868166
868167
868168
868169
868170
868171
868172
868173
868174
868175
868176
868177
868178
868179
868180
868181
868182
868183
868184
868185
868186
868187
868188
868189
868190
868191
868192
868193
868194
868195
868196
868197
868198
868199
868200
868201
868202
868203
868204
868205
868206
868207
868208
868209
868210
868211
868212
868213
868214
868215
868216
868217
868218
868219
868220
868221
868222
868223
868224
868225
868226
868227
868228
868229
868230
868231
868232
868233
868234
868235
868236
868237
868238
868239
868240
868241
868242
868243
868244
868271
868272
868273
868274
868275
868276
868277
868278
868279
868280
868281
868282
868283
868284
868285
868286
868287
868288
868289
868290
868291
868292
868293
868294
868295
868296
868297
868298
868299
868300
868301
868302
868303
868304
868305
868306
868307
868308
868309
868310
868311
868312
868313
868314
868315
868316
868317
868318
868319
868320
868321
868322
868323
868324
868325
868326
868327
868328
868329
868330
868331
868332
868333
868334
868335
868336
868337
868338
868339
868340
868341
868342
868343
868344
868345
868346
868347
868348
868349
868350
868351
868352
868353
868354
868355
868356
868357
868358
868359
868360
868361
868362
868363
868364
868365
868366
868367
868368
868369
868370
868371
868372
868373
868374
868375
868376
868377
868378
868379
868380
868381
868382
868383
868384
868385
868386
868387
868388
868389
868390
868391
868392
868393
868394
868395
868396
868397
868398
868399
868400
868453
868454
868455
868456
868457
868458
868459
868461
868462
868463
868464
868465
868466
868467
868468
868469
868470
868471
868472
868473
868474
868475
868476
868477
868478
868505
868506
868507
868508
868509
868510
868511
868512
868513
868514
868515
868516
868517
868518
868519
868520
868521
868522
868523
868524
868525
868526
868527
868528
868529
868530
868557
868558
868559
868560
868561
868562
868563
868564
868565
868566
868567
868568
868569
868570
868571
868572
868573
868574
868575
868576
868577
868578
868579
868580
868581
868582
868583
868584
868585
868586
868587
868588
868589
868590
868591
868592
868593
868594
868595
868596
868597
868598
868599
868600
868601
868602
868603
868604
868605
868606
868607
868608
868661
868662
868663
868664
868665
868666
868667
868668
868669
868670
868671
868672
868673
868674
868675
868676
868677
868678
868679
868680
868681
868682
868683
868684
868685
868686
868739
868740
868741
868742
868743
868744
868745
868746
868747
868748
868749
868750
868751
868752
868753
868754
868755
868756
868757
868758
868759
868760
868761
868762
868763
868764
868765
868766
868767
868768
868769
868770
868771
868772
868773
868774
868775
868776
868777
868778
868779
868780
868781
868782
868783
868784
868785
868786
868787
868788
868789
868790
868817
868818
868819
868820
868821
868822
868823
868824
868825
868826
868827
868828
868829
868830
868831
868832
868833
868834
868835
868836
868837
868838
868839
868840
868841
868842
868869
868870
868871
868872
868873
868874
868876
868877
868878
868879
868880
868881
868882
868883
868884
868885
868886
868887
868888
868889
868890
868891
868892
868893
868894
868895
868896
868897
868898
868899
868900
868901
868902
868903
868904
868905
868906
868907
868908
868909
868910
868911
868912
868913
868914
868915
868916
868917
868918
868919
868920
868921
868922
868923
868924
868925
868926
868927
868928
868929
868930
868931
868932
868933
868934
868935
868936
868937
868938
868939
868940
868941
868942
868943
868944
868945
868946
868947
868948
868949
868950
868951
868952
868953
868954
868955
868956
868957
868958
868959
868960
868961
868962
868963
868964
868965
868966
868967
868968
868969
868970
868971
868972
869025
869026
869027
869028
869029
869030
869031
869032
869033
869034
869035
869036
869037
869038
869039
869040
869041
869042
869043
869044
869045
869046
869047
869048
869049
869050
869051
869052
869053
869054
869055
869056
869057
869058
869059
869060
869061
869062
869063
869064
869065
869066
869067
869068
869069
869070
869071
869072
869073
869074
869075
869076
869077
869078
869079
869080
869081
869082
869083
869084
869085
869086
869087
869088
869089
869090
869091
869092
869093
869094
869095
869096
869097
869098
869099
869100
869101
869102
869155
869156
869157
869158
869159
869160
869161
869162
869163
869164
869165
869166
869167
869168
869169
869170
869171
869172
869173
869174
869175
869176
869177
869178
869179
869180
869207
869208
869209
869210
869211
869212
869213
869214
869215
869216
869217
869218
869219
869220
869221
869222
869223
869224
869225
869226
869227
869228
869229
869230
869231
869232
869259
869260
869261
869262
869263
869264
869265
869266
869267
869268
869269
869270
869271
869272
869273
869274
869275
869276
869277
869278
869279
869280
869281
869282
869283
869284
869337
869338
869339
869340
869341
869342
869343
869344
869345
869346
869347
869348
869349
869350
869351
869352
869353
869354
869355
869356
869357
869358
869359
869360
869361
869362
869389
869390
869391
869393
869394
869395
869396
869397
869398
869399
869400
869401
869402
869403
869404
869405
869406
869407
869408
869410
869411
869412
869413
869414
869493
869494
869495
869496
869497
869498
869499
869500
869501
869502
869503
869504
869505
869506
869507
869508
869509
869510
869511
869512
869513
869514
869515
869516
869517
869518
869545
869546
869547
869548
869549
869550
869551
869552
869553
869554
869555
869557
869558
869559
869560
869561
869562
869563
869564
869565
869566
869567
869568
869569
869570
869597
869598
869599
869600
869601
869602
869603
869604
869605
869606
869607
869608
869609
869610
869611
869612
869613
869614
869616
869617
869618
869619
869620
869621
869622
869649
869650
869651
869652
869653
869654
869655
869656
869657
869658
869659
869660
869661
869662
869663
869664
869665
869666
869667
869668
869669
869670
869671
869672
869673
869674
869701
869702
869703
869704
869705
869706
869707
869708
869709
869710
869711
869712
869713
869714
869715
869716
869717
869718
869719
869720
869721
869722
869723
869724
869725
869726
869779
869780
869781
869782
869783
869784
869785
869786
869787
869788
869789
869790
869791
869792
869793
869794
869795
869796
869797
869798
869799
869800
869801
869802
869803
869804
869831
869832
869833
869834
869835
869836
869837
869838
869839
869840
869841
869842
869843
869844
869845
869846
869847
869848
869849
869850
869851
869852
869853
869854
869855
869856
869883
869884
869885
869886
869887
869888
869889
869890
869891
869892
869893
869894
869895
869896
869897
869898
869899
869900
869901
869902
869903
869904
869905
869906
869907
869908
869909
869910
869911
869912
869913
869914
869915
869916
869917
869918
869919
869920
869921
869922
869923
869924
869925
869926
869927
869928
869929
869930
869931
869932
869933
869934
869987
869988
869989
869990
869991
869992
869993
869994
869995
869996
869997
869998
869999
870000
870001
870002
870003
870004
870005
870006
870007
870008
870009
870010
870011
870012
870013
870014
870015
870016
870017
870018
870019
870020
870021
870022
870023
870024
870025
870026
870027
870028
870029
870030
870031
870032
870033
870034
870035
870036
870037
870038
870091
870092
870093
870094
870095
870096
870097
870098
870099
870100
870101
870102
870103
870104
870105
870106
870107
870108
870109
870110
870111
870112
870113
870114
870116
870143
870144
870145
870146
870147
870148
870149
870150
870151
870153
870154
870155
870156
870157
870158
870159
870160
870161
870162
870163
870164
870165
870166
870167
870168
870195
870196
870197
870198
870199
870200
870201
870202
870203
870204
870205
870206
870207
870208
870209
870210
870211
870212
870213
870214
870215
870216
870217
870218
870219
870220
870221
870222
870223
870224
870225
870226
870227
870228
870229
870230
870231
870232
870233
870234
870235
870236
870237
870238
870239
870240
870241
870242
870243
870244
870245
870246
870299
870300
870301
870302
870303
870304
870305
870306
870307
870308
870309
870310
870311
870312
870313
870314
870315
870316
870317
870318
870319
870320
870321
870322
870323
870324
870351
870352
870353
870354
870355
870356
870357
870358
870359
870360
870361
870362
870363
870364
870365
870366
870367
870368
870369
870370
870371
870372
870373
870374
870375
870376
870377
870378
870379
870380
870381
870382
870383
870384
870385
870386
870387
870388
870389
870390
870391
870392
870393
870394
870395
870396
870397
870398
870399
870400
870401
870402
870403
870404
870405
870406
870407
870408
870409
870410
870411
870412
870413
870414
870415
870416
870417
870418
870419
870420
870421
870422
870423
870424
870425
870426
870427
870428
870429
870430
870431
870432
870433
870434
870435
870436
870437
870438
870439
870440
870441
870442
870443
870444
870445
870446
870447
870448
870449
870450
870451
870452
870453
870454
870533
870534
870535
870536
870537
870538
870539
870540
870541
870542
870543
870544
870545
870546
870547
870548
870549
870550
870551
870552
870553
870554
870555
870556
870557
870558
870559
870560
870561
870562
870563
870564
870565
870566
870567
870568
870569
870570
870571
870572
870573
870574
870575
870576
870577
870578
870579
870580
870581
870582
870583
870584
870663
870664
870665
870666
870667
870668
870669
870670
870671
870672
870673
870674
870675
870676
870677
870678
870679
870680
870681
870682
870683
870684
870685
870686
870687
870688
870689
870690
870691
870692
870693
870694
870695
870696
870697
870698
870699
870700
870701
870702
870703
870704
870705
870706
870707
870708
870709
870710
870711
870712
870713
870714
870767
870768
870769
870770
870771
870772
870773
870774
870775
870776
870777
870778
870779
870780
870781
870782
870783
870784
870785
870786
870787
870788
870789
870790
870791
870792
870793
870794
870795
870796
870797
870798
870799
870800
870801
870802
870803
870804
870805
870806
870807
870808
870809
870810
870811
870812
870813
870814
870815
870816
870817
870818
870871
870872
870873
870874
870875
870876
870877
870878
870879
870880
870881
870882
870883
870884
870885
870886
870887
870888
870889
870890
870891
870892
870893
870894
870895
870896
870923
870924
870925
870926
870927
870928
870929
870930
870931
870932
870933
870934
870935
870936
870937
870938
870939
870940
870941
870942
870943
870944
870945
870946
870947
870948
870949
870950
870951
870952
870953
870954
870955
870956
870957
870958
870959
870960
870961
870962
870963
870964
870965
870966
870967
870968
870969
870970
870971
870972
870973
870974
871079
871080
871081
871082
871083
871084
871085
871086
871087
871088
871089
871090
871091
871092
871093
871094
871095
871096
871097
871098
871099
871100
871101
871102
871103
871104
871105
871106
871107
871108
871109
871110
871111
871112
871113
871114
871115
871116
871117
871118
871119
871120
871121
871122
871123
871124
871125
871126
871127
871128
871129
871130
871131
871132
871133
871134
871135
871136
871137
871138
871139
871140
871141
871142
871143
871144
871145
871146
871147
871148
871149
871150
871151
871152
871153
871154
871155
871156
871183
871184
871185
871186
871187
871188
871189
871190
871191
871192
871193
871194
871195
871196
871197
871198
871199
871200
871201
871202
871203
871204
871205
871206
871207
871208
871235
871236
871237
871238
871239
871240
871241
871242
871243
871244
871245
871246
871247
871248
871249
871250
871251
871252
871253
871254
871255
871256
871257
871258
871259
871260
871287
871288
871289
871290
871291
871292
871293
871294
871295
871296
871297
871298
871299
871300
871301
871302
871303
871304
871305
871306
871307
871308
871309
871310
871311
871312
871313
871314
871315
871316
871317
871318
871319
871320
871321
871322
871323
871324
871325
871326
871327
871328
871329
871330
871331
871332
871333
871334
871335
871336
871337
871338
871339
871340
871341
871342
871343
871344
871345
871346
871347
871348
871349
871350
871351
871352
871353
871354
871355
871356
871357
871358
871359
871360
871361
871362
871363
871364
871365
871366
871367
871368
871369
871370
871371
871372
871373
871374
871375
871376
871377
871378
871379
871380
871381
871382
871383
871384
871385
871386
871387
871388
871389
871390
871417
871418
871419
871420
871421
871422
871423
871424
871425
871426
871427
871428
871429
871430
871431
871432
871433
871434
871435
871436
871437
871438
871439
871440
871441
871442
871443
871444
871445
871446
871447
871448
871449
871450
871451
871452
871453
871454
871455
871456
871457
871458
871459
871460
871461
871462
871463
871464
871465
871466
871467
871468
871469
871470
871471
871472
871473
871474
871475
871476
871477
871478
871479
871480
871481
871482
871483
871484
871485
871486
871487
871488
871489
871490
871491
871492
871493
871494
871547
871548
871549
871550
871551
871552
871553
871554
871555
871556
871557
871558
871559
871560
871561
871562
871563
871564
871565
871566
871567
871568
871569
871570
871571
871572
871573
871574
871575
871576
871577
871578
871579
871580
871581
871582
871583
871584
871585
871586
871587
871588
871589
871590
871591
871592
871593
871594
871595
871596
871597
871599
871600
871601
871602
871603
871604
871605
871606
871607
871608
871609
871610
871611
871612
871613
871614
871615
871616
871617
871618
871619
871620
871621
871622
871623
871624
871625
871626
871627
871628
871629
871630
871631
871632
871633
871634
871635
871636
871637
871638
871639
871640
871641
871642
871643
871644
871645
871646
871647
871648
871649
871650
871651
871652
871653
871654
871655
871656
871657
871658
871659
871660
871661
871662
871663
871664
871665
871666
871667
871668
871669
871670
871671
871672
871673
871674
871675
871676
871677
871678
871679
871680
871681
871682
871683
871684
871685
871686
871687
871688
871689
871690
871691
871692
871693
871694
871695
871696
871697
871698
871699
871700
871701
871702
871703
871704
871705
871706
871707
871708
871709
871710
871711
871712
871713
871714
871715
871716
871717
871718
871719
871720
871721
871722
871723
871724
871725
871726
871727
871728
871781
871782
871783
871784
871785
871786
871787
871788
871789
871790
871791
871792
871793
871794
871795
871796
871797
871798
871799
871800
871801
871802
871803
871804
871805
871806
871808
871809
871810
871811
871812
871813
871814
871815
871816
871817
871818
871819
871820
871821
871822
871823
871824
871825
871826
871827
871828
871829
871830
871831
871832
871859
871860
871861
871862
871863
871864
871865
871866
871867
871868
871869
871870
871871
871872
871873
871874
871875
871876
871877
871878
871879
871880
871881
871882
871883
871884
871885
871886
871887
871888
871889
871890
871891
871892
871893
871894
871895
871896
871897
871898
871899
871900
871901
871902
871903
871904
871905
871906
871907
871908
871909
871910
871937
871938
871939
871940
871941
871942
871943
871944
871945
871946
871947
871948
871949
871950
871951
871952
871953
871954
871955
871956
871957
871958
