871959
871960
871961
871962
871963
871964
871965
871966
871967
871968
871969
871970
871971
871972
871973
871974
871975
871976
871977
871978
871979
871980
871981
871983
871984
871985
871986
871987
871988
872015
872016
872017
872018
872019
872020
872021
872022
872023
872024
872025
872026
872027
872028
872029
872030
872031
872032
872033
872034
872035
872036
872037
872038
872039
872040
872041
872042
872043
872044
872045
872046
872047
872048
872049
872050
872051
872052
872053
872054
872055
872056
872057
872058
872059
872060
872061
872062
872063
872064
872065
872066
872067
872068
872069
872070
872071
872072
872073
872074
872075
872076
872077
872078
872079
872080
872081
872082
872083
872084
872085
872086
872087
872088
872089
872090
872091
872092
872197
872198
872199
872200
872201
872202
872203
872204
872205
872206
872207
872208
872209
872210
872211
872212
872213
872214
872215
872216
872217
872218
872219
872220
872221
872222
872249
872250
872251
872252
872253
872254
872255
872256
872257
872258
872259
872260
872261
872262
872263
872264
872265
872266
872267
872268
872269
872270
872271
872272
872273
872274
872327
872328
872329
872330
872331
872332
872333
872334
872335
872336
872337
872338
872339
872340
872341
872342
872343
872344
872345
872346
872347
872348
872349
872350
872351
872352
872353
872354
872355
872356
872357
872358
872359
872360
872361
872362
872363
872364
872365
872366
872367
872368
872369
872370
872371
872372
872373
872374
872375
872376
872377
872378
872379
872380
872381
872382
872383
872384
872385
872386
872387
872388
872389
872390
872391
872392
872393
872394
872395
872396
872397
872398
872399
872400
872401
872402
872403
872404
872405
872406
872407
872408
872409
872410
872411
872412
872413
872414
872415
872416
872417
872418
872419
872420
872421
872422
872423
872424
872425
872426
872427
872428
872429
872430
872431
872432
872433
872434
872435
872436
872437
872438
872439
872440
872441
872442
872443
872444
872445
872446
872447
872448
872449
872450
872451
872452
872453
872454
872455
872456
872457
872458
872459
872460
872461
872462
872463
872464
872465
872466
872467
872468
872469
872470
872471
872472
872473
872474
872475
872476
872477
872478
872479
872480
872481
872482
872535
872536
872537
872538
872539
872540
872541
872542
872543
872544
872545
872546
872547
872548
872549
872550
872551
872552
872553
872554
872555
872556
872557
872558
872559
872560
872561
872562
872563
872564
872565
872566
872567
872568
872569
872570
872571
872572
872573
872574
872575
872576
872577
872578
872579
872580
872581
872582
872583
872584
872585
872586
872587
872588
872589
872590
872591
872592
872593
872594
872595
872596
872597
872598
872599
872600
872601
872602
872603
872604
872605
872606
872607
872608
872609
872610
872611
872612
872665
872666
872667
872668
872669
872670
872671
872672
872673
872674
872675
872676
872677
872678
872679
872680
872681
872682
872683
872684
872685
872687
872688
872689
872690
872691
872692
872693
872694
872695
872696
872697
872698
872699
872700
872701
872702
872703
872704
872705
872706
872707
872708
872709
872710
872711
872712
872713
872714
872715
872716
872717
872718
872719
872720
872721
872722
872723
872724
872725
872726
872727
872728
872729
872730
872731
872732
872733
872734
872735
872736
872737
872738
872739
872740
872741
872742
872795
872796
872797
872798
872799
872800
872801
872802
872803
872804
872805
872806
872807
872808
872809
872810
872811
872812
872813
872814
872815
872816
872817
872818
872819
872820
872847
872848
872849
872850
872851
872852
872853
872854
872855
872856
872857
872858
872859
872860
872861
872862
872863
872864
872865
872866
872867
872868
872869
872870
872871
872872
872873
872874
872875
872876
872877
872878
872879
872880
872881
872882
872883
872884
872885
872886
872887
872888
872889
872890
872891
872892
872893
872894
872895
872896
872897
872898
872899
872900
872901
872902
872903
872904
872905
872906
872907
872908
872909
872910
872911
872912
872913
872914
872915
872916
872917
872918
872919
872920
872921
872922
872923
872924
872925
872926
872927
872928
872929
872930
872931
872932
872933
872934
872935
872936
872937
872938
872939
872940
872941
872942
872943
872944
872945
872946
872947
872948
872949
872950
872977
872978
872979
872980
872981
872982
872983
872984
872985
872986
872987
872988
872989
872990
872991
872992
872993
872994
872995
872996
872997
872998
872999
873000
873001
873002
873055
873056
873057
873058
873059
873060
873061
873062
873063
873064
873065
873066
873067
873068
873069
873070
873071
873072
873073
873074
873075
873076
873077
873078
873079
873080
873081
873082
873083
873084
873085
873086
873087
873088
873089
873090
873091
873092
873093
873094
873095
873096
873097
873098
873099
873100
873101
873102
873103
873104
873105
873106
873159
873160
873161
873162
873163
873164
873165
873166
873167
873168
873169
873170
873171
873172
873173
873174
873175
873176
873177
873178
873179
873180
873181
873182
873183
873184
873237
873238
873239
873240
873241
873242
873243
873244
873245
873246
873247
873248
873249
873250
873251
873252
873253
873254
873255
873256
873257
873258
873259
873260
873261
873262
873263
873264
873265
873266
873267
873268
873269
873270
873271
873272
873273
873274
873275
873276
873277
873278
873279
873280
873281
873282
873283
873284
873285
873286
873287
873288
873315
873316
873317
873318
873319
873320
873321
873322
873323
873324
873325
873326
873327
873328
873329
873330
873331
873332
873333
873334
873335
873336
873337
873338
873339
873340
873341
873342
873343
873344
873345
873346
873347
873348
873349
873350
873351
873352
873353
873354
873355
873356
873357
873358
873359
873360
873361
873362
873363
873364
873365
873366
873419
873420
873421
873422
873423
873424
873425
873426
873427
873428
873429
873430
873431
873432
873433
873434
873435
873436
873437
873438
873439
873440
873441
873442
873443
873444
873445
873446
873447
873448
873449
873450
873451
873452
873453
873454
873455
873456
873457
873458
873459
873460
873461
873462
873463
873464
873465
873466
873467
873468
873469
873470
873497
873498
873499
873500
873501
873502
873503
873504
873505
873506
873507
873508
873509
873510
873511
873512
873513
873514
873515
873516
873517
873518
873519
873520
873521
873522
873601
873602
873603
873604
873605
873606
873607
873608
873609
873610
873611
873612
873613
873614
873615
873616
873617
873618
873619
873620
873621
873622
873623
873624
873625
873626
873653
873654
873655
873656
873657
873658
873659
873660
873661
873662
873663
873664
873665
873666
873667
873668
873669
873670
873671
873672
873673
873674
873675
873676
873677
873678
873679
873680
873681
873682
873683
873684
873685
873686
873687
873688
873689
873690
873691
873692
873693
873694
873695
873696
873697
873698
873699
873700
873701
873702
873703
873704
873705
873706
873707
873708
873709
873710
873711
873712
873713
873714
873715
873716
873717
873718
873719
873720
873721
873722
873723
873724
873725
873726
873727
873728
873729
873730
873731
873732
873733
873734
873735
873736
873737
873738
873739
873740
873741
873742
873743
873744
873745
873746
873747
873748
873749
873750
873751
873752
873753
873754
873755
873756
873757
873758
873759
873760
873761
873762
873763
873764
873765
873766
873767
873768
873769
873770
873771
873772
873773
873774
873775
873776
873777
873778
873779
873780
873781
873782
873783
873784
873785
873786
873787
873788
873789
873790
873791
873792
873793
873794
873795
873796
873797
873798
873799
873800
873801
873802
873803
873804
873805
873806
873807
873808
873835
873836
873837
873838
873839
873840
873841
873842
873843
873844
873845
873846
873847
873848
873849
873850
873851
873852
873853
873854
873855
873856
873857
873858
873859
873860
873887
873888
873889
873890
873891
873892
873893
873894
873895
873896
873897
873898
873899
873900
873901
873902
873903
873904
873905
873906
873907
873908
873909
873910
873911
873912
873913
873914
873915
873916
873917
873918
873919
873920
873921
873922
873923
873924
873925
873926
873927
873928
873929
873930
873931
873932
873933
873934
873935
873936
873937
873938
873939
873940
873941
873942
873943
873944
873945
873946
873947
873948
873949
873950
873951
873952
873953
873954
873955
873956
873957
873958
873959
873960
873961
873962
873963
873964
874043
874044
874045
874046
874047
874048
874049
874050
874051
874052
874053
874054
874055
874056
874057
874058
874059
874060
874061
874062
874063
874064
874065
874066
874067
874068
874095
874096
874097
874098
874099
874100
874101
874102
874103
874104
874105
874106
874107
874108
874109
874110
874111
874112
874113
874114
874115
874116
874117
874118
874119
874120
874147
874148
874149
874150
874151
874152
874153
874154
874155
874156
874157
874158
874159
874160
874161
874162
874163
874164
874165
874166
874167
874168
874169
874170
874171
874172
874199
874200
874201
874202
874203
874204
874205
874206
874207
874208
874209
874210
874211
874212
874213
874214
874215
874216
874217
874218
874219
874220
874221
874222
874223
874224
874225
874226
874227
874228
874229
874230
874231
874232
874233
874234
874235
874236
874237
874238
874239
874240
874241
874242
874243
874244
874245
874246
874247
874248
874249
874250
874277
874278
874279
874280
874281
874282
874283
874284
874285
874286
874287
874288
874289
874290
874291
874292
874293
874294
874295
874296
874297
874298
874299
874300
874301
874302
874355
874356
874357
874358
874359
874360
874361
874362
874363
874364
874365
874366
874367
874368
874369
874370
874371
874372
874373
874374
874375
874376
874377
874378
874379
874380
874381
874382
874383
874384
874385
874386
874387
874388
874389
874390
874391
874392
874393
874394
874395
874396
874397
874398
874399
874400
874401
874402
874403
874404
874405
874406
874433
874434
874435
874436
874437
874438
874439
874440
874441
874442
874443
874444
874445
874446
874447
874448
874449
874450
874451
874452
874453
874454
874455
874456
874457
874458
874459
874460
874461
874462
874463
874464
874465
874466
874467
874468
874469
874470
874471
874472
874473
874474
874475
874476
874477
874478
874479
874480
874481
874482
874483
874484
874511
874512
874513
874514
874515
874516
874517
874518
874519
874520
874521
874522
874523
874524
874525
874526
874527
874528
874529
874530
874531
874532
874533
874534
874535
874536
874615
874616
874617
874618
874619
874620
874621
874622
874623
874624
874625
874626
874627
874628
874629
874630
874631
874632
874633
874634
874635
874636
874637
874638
874639
874640
874823
874824
874825
874826
874827
874828
874829
874830
874831
874832
874833
874834
874835
874836
874837
874838
874839
874840
874841
874842
874843
874844
874845
874846
874847
874848
874927
874928
874929
874930
874931
874932
874933
874934
874935
874936
874937
874938
874939
874940
874941
874942
874943
874944
874945
874946
874947
874948
874949
874950
874951
874952
874953
874954
874955
874956
874957
874958
874959
874960
874961
874962
874963
874964
874965
874966
874967
874968
874969
874970
874971
874972
874973
874974
874975
874976
874977
874978
874979
874980
874981
874982
874983
874984
874985
874986
874987
874988
874989
874990
874991
874992
874993
874994
874995
874996
874997
874998
874999
875000
875001
875002
875003
875004
875005
875006
875007
875008
875009
875010
875011
875012
875013
875014
875015
875016
875017
875018
875019
875020
875021
875022
875023
875024
875025
875026
875027
875028
875029
875030
875083
875084
875085
875086
875087
875088
875089
875091
875092
875093
875094
875095
875096
875097
875098
875099
875100
875101
875102
875103
875104
875105
875106
875107
875108
875161
875162
875163
875164
875165
875166
875167
875168
875169
875170
875171
875172
875173
875174
875175
875176
875177
875178
875179
875180
875181
875182
875183
875184
875185
875186
875213
875214
875215
875216
875217
875218
875219
875220
875221
875222
875223
875224
875225
875226
875227
875228
875229
875230
875231
875232
875233
875234
875235
875236
875237
875238
875291
875292
875293
875294
875295
875296
875297
875298
875299
875300
875301
875302
875303
875304
875305
875306
875307
875308
875309
875310
875311
875312
875313
875314
875315
875316
875317
875318
875319
875320
875321
875322
875323
875324
875325
875326
875327
875328
875329
875330
875331
875332
875333
875334
875335
875336
875337
875338
875339
875340
875341
875342
875343
875344
875345
875346
875347
875348
875349
875350
875351
875352
875353
875354
875355
875356
875357
875358
875359
875360
875361
875362
875363
875364
875365
875366
875367
875368
875369
875370
875371
875372
875373
875374
875375
875376
875377
875378
875379
875380
875381
875382
875383
875384
875385
875386
875387
875388
875389
875390
875391
875392
875393
875394
875395
875396
875397
875398
875399
875400
875401
875402
875403
875404
875405
875406
875407
875408
875409
875410
875411
875412
875413
875414
875415
875416
875417
875418
875419
875420
875447
875448
875449
875450
875451
875452
875453
875454
875455
875456
875457
875458
875459
875460
875461
875462
875463
875464
875465
875466
875467
875468
875469
875470
875471
875472
875499
875500
875501
875502
875503
875504
875505
875506
875507
875508
875509
875510
875511
875512
875513
875514
875515
875516
875517
875518
875519
875520
875521
875522
875523
875524
875551
875552
875553
875554
875555
875556
875557
875558
875559
875560
875561
875562
875563
875564
875565
875566
875567
875568
875569
875570
875571
875572
875573
875574
875575
875576
875577
875578
875579
875580
875581
875582
875583
875584
875585
875586
875587
875588
875589
875590
875591
875592
875593
875594
875595
875596
875597
875598
875599
875600
875601
875602
875629
875630
875631
875632
875633
875634
875635
875636
875637
875638
875639
875640
875641
875642
875643
875644
875645
875646
875647
875648
875649
875650
875651
875652
875653
875654
875681
875682
875683
875684
875685
875686
875687
875688
875689
875690
875691
875692
875693
875694
875695
875696
875697
875698
875699
875700
875701
875702
875703
875704
875705
875706
875707
875708
875709
875710
875711
875712
875713
875714
875715
875716
875717
875718
875719
875720
875721
875722
875723
875724
875726
875727
875728
875729
875730
875731
875732
875759
875760
875761
875762
875763
875764
875765
875766
875767
875768
875769
875770
875771
875772
875773
875774
875775
875776
875777
875778
875779
875780
875781
875782
875783
875784
875785
875786
875787
875788
875789
875790
875791
875792
875793
875794
875795
875796
875797
875798
875799
875800
875801
875802
875803
875804
875805
875806
875807
875808
875809
875810
875811
875812
875813
875814
875815
875816
875817
875818
875819
875820
875821
875822
875823
875824
875825
875826
875827
875828
875829
875830
875831
875832
875833
875834
875835
875836
875837
875838
875839
875840
875841
875842
875843
875844
875845
875846
875847
875848
875849
875850
875851
875852
875853
875854
875855
875856
875857
875858
875859
875860
875861
875862
875889
875890
875891
875892
875893
875894
875895
875896
875897
875898
875899
875900
875901
875902
875903
875904
875905
875906
875907
875908
875909
875910
875911
875912
875913
875914
875915
875916
875917
875918
875919
875920
875921
875922
875923
875924
875925
875926
875927
875928
875929
875930
875931
875932
875933
875934
875935
875936
875937
875938
875939
875940
876071
876072
876073
876074
876075
876076
876077
876078
876079
876080
876081
876082
876083
876084
876085
876086
876087
876088
876089
876090
876091
876092
876093
876094
876095
876096
876097
876098
876099
876100
876101
876102
876103
876104
876105
876106
876107
876108
876109
876110
876111
876112
876113
876114
876115
876116
876117
876118
876119
876120
876121
876122
876149
876150
876151
876152
876153
876154
876155
876156
876157
876158
876159
876160
876161
876162
876163
876164
876165
876166
876167
876168
876169
876170
876171
876172
876173
876174
876227
876228
876229
876230
876231
876232
876233
876234
876235
876236
876237
876238
876239
876240
876241
876242
876243
876244
876245
876246
876247
876248
876249
876250
876251
876252
876461
876462
876463
876464
876465
876466
876467
876468
876469
876470
876471
876472
876473
876474
876475
876476
876477
876478
876479
876480
876481
876482
876483
876484
876485
876486
876513
876514
876515
876516
876517
876518
876519
876520
876521
876522
876523
876524
876525
876526
876527
876528
876529
876530
876531
876532
876533
876534
876535
876536
876537
876538
876539
876540
876541
876542
876543
876544
876545
876546
876547
876548
876549
876550
876551
876552
876553
876554
876555
876556
876557
876558
876559
876560
876561
876562
876563
876564
876565
876566
876567
876568
876569
876570
876571
876572
876573
876574
876575
876576
876577
876578
876579
876580
876581
876582
876583
876584
876585
876586
876587
876588
876589
876590
876591
876592
876593
876594
876595
876596
876597
876598
876599
876600
876601
876602
876603
876604
876605
876606
876607
876608
876609
876610
876611
876612
876613
876614
876615
876616
876773
876774
876775
876777
876778
876779
876780
876781
876782
876783
876784
876785
876786
876787
876788
876789
876790
876791
876792
876793
876794
876795
876796
876797
876798
876825
876826
876827
876828
876829
876830
876831
876832
876833
876834
876835
876836
876837
876839
876840
876841
876842
876843
876844
876845
876846
876847
876848
876849
876850
876851
876852
876854
876855
876856
876857
876858
876859
876860
876861
876862
876863
876864
876865
876866
876867
876868
876869
876870
876871
876872
876873
876874
876876
876877
876878
876879
876880
876881
876882
876883
876884
876885
876886
876887
876888
876889
876890
876891
876892
876893
876894
876895
876896
876897
876898
876899
876900
876901
876902
876929
876930
876931
876932
876933
876934
876935
876936
876937
876938
876939
876940
876941
876942
876943
876944
876945
876946
876947
876948
876949
876950
876951
876952
876953
876954
877007
877008
877009
877010
877011
877012
877013
877014
877015
877016
877017
877018
877019
877020
877021
877022
877023
877024
877025
877026
877027
877028
877029
877030
877031
877032
877059
877060
877061
877062
877063
877064
877065
877066
877067
877068
877069
877070
877071
877072
877073
877074
877075
877076
877077
877078
877079
877080
877081
877082
877083
877084
877085
877086
877087
877088
877089
877090
877091
877092
877093
877094
877095
877096
877097
877098
877099
877100
877101
877102
877103
877104
877105
877106
877107
877108
877109
877110
877111
877112
877113
877114
877115
877116
877117
877118
877119
877120
877121
877122
877123
877124
877125
877126
877127
877128
877129
877130
877131
877132
877133
877134
877135
877136
877137
877138
877139
877140
877141
877142
877143
877144
877145
877146
877147
877148
877149
877150
877151
877152
877153
877154
877155
877156
877157
877158
877159
877160
877161
877162
877163
877164
877165
877166
877167
877168
877169
877170
877171
877172
877173
877174
877175
877176
877177
877178
877179
877180
877181
877182
877183
877184
877185
877186
877187
877188
877241
877242
877243
877244
877245
877246
877247
877248
877249
877250
877251
877252
877253
877254
877255
877256
877257
877258
877259
877260
877261
877262
877263
877264
877265
877266
877267
877268
877269
877270
877271
877272
877273
877274
877275
877276
877277
877278
877279
877280
877281
877282
877283
877284
877285
877286
877287
877288
877289
877290
877291
877292
877319
877320
877321
877322
877323
877324
877325
877326
877327
877328
877329
877330
877331
877332
877333
877334
877335
877336
877337
877338
877339
877340
877341
877342
877343
877344
877371
877372
877373
877374
877375
877376
877377
877378
877379
877380
877381
877382
877383
877384
877385
877386
877387
877388
877389
877390
877391
877392
877393
877394
877395
877396
877397
877398
877399
877400
877401
877402
877403
877404
877405
877406
877407
877408
877409
877410
877411
877412
877413
877414
877415
877416
877417
877418
877419
877420
877421
877422
877423
877424
877425
877426
877427
877428
877429
877430
877431
877432
877433
877434
877435
877436
877437
877438
877439
877440
877441
877442
877443
877444
877445
877446
877447
877448
877449
877450
877451
877452
877453
877454
877455
877456
877457
877458
877459
877460
877461
877462
877463
877464
877465
877466
877467
877468
877469
877470
877471
877472
877473
877474
877501
877502
877503
877504
877505
877506
877507
877508
877509
877510
877511
877512
877513
877514
877515
877516
877517
877518
877519
877520
877521
877522
877523
877524
877525
877526
877605
877606
877607
877608
877609
877610
877611
877612
877613
877614
877615
877616
877617
877618
877619
877620
877621
877622
877623
877624
877625
877626
877627
877628
877629
877630
877657
877658
877659
877660
877661
877662
877663
877664
877665
877666
877667
877668
877669
877670
877671
877672
877673
877674
877675
877676
877677
877678
877679
877680
877681
877682
877683
877684
877685
877686
877687
877688
877689
877690
877691
877692
877693
877694
877695
877696
877697
877698
877699
877700
877701
877702
877703
877704
877705
877706
877707
877708
877735
877736
877737
877738
877739
877740
877741
877742
877743
877744
877745
877746
877747
877748
877749
877750
877751
877752
877753
877754
877755
877756
877757
877758
877759
877760
877839
877840
877841
877842
877843
877844
877845
877846
877847
877848
877849
877850
877851
877852
877853
877854
877855
877856
877857
877858
877859
877860
877861
877862
877863
877864
877891
877892
877893
877894
877895
877896
877897
877898
877899
877900
877901
877902
877903
877904
877905
877906
877907
877908
877909
877910
877911
877912
877913
877914
877915
877916
877943
877944
877945
877946
877947
877948
877949
877950
877951
877952
877953
877954
877955
877956
877957
877958
877959
877960
877961
877962
877963
877964
877965
877966
877967
877968
877995
877996
877997
877998
877999
878000
878001
878002
878003
878004
878005
878006
878007
878008
878009
878010
878011
878012
878013
878014
878015
878016
878017
878018
878019
878020
878047
878048
878049
878050
878051
878052
878053
878054
878055
878056
878057
878058
878059
878060
878061
878062
878063
878064
878065
878066
878067
878068
878069
878070
878071
878072
878203
878204
878205
878206
878207
878208
878209
878210
878211
878212
878213
878214
878215
878216
878217
878218
878219
878220
878221
878222
878223
878224
878225
878226
878227
878228
878229
878230
878231
878232
878233
878234
878235
878236
878237
878238
878239
878240
878241
878242
878243
878244
878245
878246
878247
878248
878249
878250
878251
878252
878253
878254
878281
878282
878283
878284
878285
878286
878287
878288
878289
878290
878291
878292
878293
878294
878295
878296
878297
878298
878299
878300
878301
878302
878303
878304
878305
878306
878307
878308
878309
878310
878311
878312
878313
878314
878315
878316
878317
878318
878319
878320
878321
878322
878323
878324
878325
878326
878327
878328
878329
878330
878331
878332
878359
878360
878361
878362
878363
878364
878365
878366
878367
878368
878369
878370
878371
878372
878373
878374
878375
878376
878377
878378
878379
878380
878381
878382
878383
878384
878411
878412
878413
878414
878415
878416
878417
878418
878419
878420
878421
878422
878423
878424
878425
878426
878427
878428
878429
878430
878431
878432
878433
878434
878435
878436
878489
878490
878491
878492
878493
878494
878495
878496
878497
878498
878499
878500
878501
878502
878503
878504
878505
878506
878507
878508
878509
878510
878511
878512
878513
878514
878541
878542
878543
878544
878545
878546
878547
878548
878549
878550
878551
878552
878553
878554
878555
878556
878557
878558
878559
878560
878561
878562
878563
878564
878565
878566
878593
878594
878595
878596
878597
878598
878599
878600
878601
878602
878603
878604
878605
878606
878607
878608
878609
878610
878611
878612
878613
878614
878615
878616
878617
878618
878645
878646
878647
878648
878649
878650
878651
878652
878653
878654
878655
878656
878657
878658
878659
878660
878661
878662
878663
878664
878665
878666
878667
878668
878669
878670
878671
878672
878673
878674
878675
878676
878677
878678
878679
878680
878681
878682
878683
878684
878685
878686
878687
878688
878689
878690
878691
878692
878693
878694
878695
878696
878749
878750
878751
878752
878753
878754
878755
878756
878757
878758
878759
878760
878761
878762
878763
878764
878765
878766
878767
878768
878769
878770
878771
878772
878773
878774
878775
878776
878777
878778
878779
878780
878781
878782
878783
878784
878785
878786
878787
878788
878789
878790
878791
878792
878793
878794
878795
878796
878797
878798
878799
878800
878801
878802
878803
878804
878805
878806
878807
878808
878809
878810
878811
878812
878813
878814
878815
878816
878817
878818
878819
878820
878821
878822
878823
878824
878825
878826
878827
878828
878829
878830
878831
878832
878833
878834
878835
878836
878837
878838
878839
878840
878841
878842
878843
878844
878845
878846
878847
878848
878849
878850
878851
878852
