878931
878932
878933
878934
878935
878936
878937
878938
878939
878940
878941
878942
878943
878944
878945
878946
878947
878948
878949
878950
878951
878952
878953
878954
878955
878956
878983
878984
878985
878986
878987
878988
878989
878990
878991
878992
878993
878994
878995
878996
878997
878998
878999
879000
879001
879002
879003
879004
879005
879006
879007
879008
879009
879010
879011
879012
879013
879014
879015
879016
879017
879018
879019
879020
879021
879022
879023
879024
879025
879026
879027
879028
879029
879030
879031
879032
879033
879034
879035
879036
879037
879038
879039
879040
879041
879042
879043
879044
879045
879046
879047
879048
879049
879050
879051
879052
879053
879054
879055
879056
879057
879058
879059
879060
879061
879062
879063
879064
879065
879066
879067
879068
879069
879070
879071
879072
879073
879074
879075
879076
879077
879078
879079
879080
879081
879082
879083
879084
879085
879086
879113
879114
879115
879116
879117
879118
879119
879120
879121
879122
879123
879124
879125
879126
879127
879128
879129
879130
879131
879132
879133
879134
879135
879136
879137
879138
879165
879166
879167
879168
879169
879170
879171
879172
879173
879174
879175
879176
879177
879178
879179
879180
879181
879182
879183
879184
879185
879186
879187
879188
879189
879190
879295
879296
879297
879298
879299
879300
879301
879302
879303
879304
879305
879306
879307
879308
879309
879310
879311
879312
879313
879314
879315
879316
879317
879318
879319
879320
879321
879322
879323
879324
879325
879326
879327
879328
879329
879330
879331
879332
879333
879334
879335
879336
879337
879338
879339
879340
879341
879342
879343
879344
879345
879346
879373
879374
879375
879376
879377
879378
879379
879380
879381
879382
879383
879384
879385
879386
879387
879388
879389
879390
879391
879392
879393
879394
879395
879396
879397
879398
879529
879530
879531
879532
879533
879534
879535
879536
879537
879538
879539
879540
879541
879542
879543
879544
879545
879546
879547
879548
879549
879550
879551
879552
879553
879554
879581
879582
879583
879584
879585
879586
879587
879588
879589
879590
879591
879592
879593
879594
879595
879596
879597
879598
879599
879600
879601
879602
879603
879604
879605
879606
879607
879608
879609
879610
879611
879612
879613
879614
879615
879616
879617
879618
879619
879620
879621
879622
879623
879624
879625
879626
879627
879628
879629
879630
879631
879632
879685
879686
879687
879688
879689
879690
879691
879693
879694
879695
879696
879697
879698
879699
879700
879701
879702
879703
879704
879705
879706
879707
879708
879709
879710
879945
879946
879947
879948
879949
879950
879951
879952
879953
879954
879955
879956
879957
879958
879959
879960
879961
879962
879963
879964
879965
879966
879967
879968
879969
879970
879971
879972
879973
879974
879975
879976
879977
879978
879979
879980
879981
879982
879983
879984
879985
879986
879987
879988
879989
879990
879991
879992
879993
879994
879995
879996
880023
880024
880025
880026
880027
880028
880029
880030
880031
880032
880033
880034
880035
880036
880037
880038
880039
880040
880041
880042
880043
880044
880045
880046
880047
880048
880049
880050
880051
880052
880053
880054
880055
880056
880057
880058
880059
880060
880061
880062
880063
880064
880065
880066
880067
880068
880069
880070
880071
880072
880073
880074
880075
880076
880077
880078
880079
880080
880081
880082
880083
880084
880085
880086
880087
880088
880089
880090
880091
880092
880093
880094
880095
880096
880097
880098
880099
880100
880101
880102
880103
880104
880105
880106
880107
880108
880109
880110
880111
880112
880113
880114
880115
880116
880117
880118
880119
880120
880121
880122
880123
880124
880125
880126
880127
880128
880129
880130
880131
880132
880133
880134
880135
880136
880137
880138
880139
880140
880141
880142
880143
880144
880145
880146
880147
880148
880149
880150
880151
880152
