880205
880206
880207
880208
880209
880210
880211
880212
880213
880214
880215
880216
880217
880218
880219
880220
880221
880222
880223
880224
880225
880226
880227
880228
880229
880230
880257
880258
880259
880260
880261
880262
880263
880264
880265
880266
880267
880268
880269
880270
880271
880272
880273
880274
880275
880276
880277
880278
880279
880280
880281
880282
880283
880284
880285
880286
880287
880288
880289
880290
880291
880292
880293
880294
880295
880296
880297
880298
880299
880300
880301
880302
880303
880304
880305
880306
880307
880308
880309
880310
880311
880312
880313
880314
880315
880316
880317
880318
880319
880320
880321
880322
880323
880324
880325
880326
880327
880328
880329
880330
880331
880332
880333
880334
880361
880362
880363
880364
880365
880366
880367
880368
880369
880370
880371
880372
880373
880374
880375
880376
880377
880378
880379
880380
880381
880382
880383
880384
880385
880386
880413
880414
880415
880416
880417
880418
880419
880420
880421
880422
880423
880424
880425
880426
880427
880428
880429
880430
880431
880432
880433
880434
880435
880436
880437
880438
880439
880440
880441
880442
880443
880444
880445
880446
880447
880448
880449
880450
880451
880452
880453
880454
880455
880456
880457
880458
880459
880460
880461
880462
880463
880464
880491
880492
880493
880494
880495
880496
880497
880498
880499
880500
880501
880502
880503
880504
880505
880506
880507
880508
880509
880510
880511
880512
880513
880514
880515
880516
880517
880518
880519
880520
880521
880522
880523
880524
880525
880526
880527
880528
880529
880530
880531
880532
880533
880534
880535
880536
880537
880538
880539
880540
880541
880542
880543
880544
880545
880546
880547
880548
880549
880550
880551
880552
880553
880554
880555
880556
880557
880558
880559
880560
880561
880562
880563
880564
880565
880566
880567
880568
880569
880570
880571
880572
880573
880574
880575
880576
880577
880578
880579
880580
880581
880582
880583
880584
880585
880586
880587
880588
880589
880590
880591
880592
880593
880594
880647
880648
880649
880650
880651
880652
880653
880654
880655
880656
880657
880658
880659
880660
880661
880662
880663
880664
880665
880666
880667
880668
880669
880670
880671
880672
880673
880674
880675
880676
880677
880678
880679
880680
880681
880682
880683
880684
880685
880686
880687
880688
880689
880690
880691
880692
880693
880694
880695
880696
880697
880698
880699
880700
880701
880702
880703
880704
880705
880706
880707
880708
880709
880710
880711
880712
880713
880714
880715
880716
880717
880718
880719
880720
880721
880722
880723
880724
880803
880804
880805
880806
880807
880808
880809
880810
880811
880812
880813
880814
880815
880816
880817
880818
880819
880820
880821
880822
880823
880824
880825
880826
880827
880828
880829
880830
880831
880832
880833
880834
880835
880836
880837
880838
880839
880840
880841
880842
880843
880844
880845
880846
880847
880848
880849
880850
880851
880852
880853
880854
880907
880908
880909
880910
880911
880912
880913
880914
880915
880916
880917
880918
880919
880920
880921
880922
880923
880924
880925
880926
880927
880928
880929
880930
880931
880932
880959
880960
880961
880962
880963
880964
880965
880966
880967
880968
880969
880970
880971
880972
880973
880974
880975
880976
880977
880978
880979
880980
880981
880982
880983
880984
880985
880986
880987
880988
880989
880990
880991
880992
880993
880994
880995
880996
880997
880998
880999
881000
881001
881002
881003
881004
881005
881006
881007
881008
881009
881010
881011
881012
881013
881014
881015
881016
881017
881018
881019
881020
881021
881022
881023
881024
881025
881026
881027
881028
881029
881030
881031
881032
881033
881034
881035
881036
881089
881090
881091
881092
881093
881094
881095
881096
881097
881098
881099
881100
881101
881102
881103
881104
881105
881106
881107
881108
881109
881110
881111
881112
881113
881114
881115
881116
881117
881118
881119
881120
881121
881122
881123
881124
881125
881126
881127
881128
881129
881130
881131
881132
881133
881134
881135
881136
881137
881138
881139
881140
881167
881168
881169
881170
881171
881172
881173
881174
881175
881176
881177
881178
881179
881180
881181
881182
881183
881184
881185
881186
881187
881188
881189
881190
881191
881192
881193
881194
881195
881196
881197
881198
881199
881200
881201
881202
881203
881204
881205
881206
881207
881208
881209
881210
881211
881212
881213
881214
881215
881216
881217
881218
881219
881220
881221
881222
881223
881224
881225
881226
881227
881228
881229
881230
881231
881232
881233
881234
881235
881236
881237
881238
881239
881240
881241
881242
881243
881244
881245
881246
881247
881248
881249
881250
881251
881252
881253
881254
881255
881256
881257
881258
881259
881260
881261
881262
881263
881264
881265
881266
881267
881268
881269
881270
881349
881350
881351
881352
881353
881354
881355
881356
881357
881358
881359
881360
881361
881362
881363
881364
881365
881366
881367
881368
881369
881370
881371
881372
881373
881374
881375
881376
881377
881378
881379
881380
881381
881382
881383
881384
881385
881386
881387
881388
881389
881390
881391
881392
881393
881394
881395
881396
881397
881398
881399
881400
881401
881402
881403
881404
881405
881406
881407
881408
881409
881410
881411
881412
881413
881414
881415
881416
881417
881418
881419
881420
881421
881422
881423
881424
881425
881426
881427
881428
881429
881430
881431
881432
881433
881434
881435
881436
881437
881438
881439
881440
881441
881442
881443
881444
881445
881446
881447
881448
881449
881450
881451
881452
881505
881506
881507
881508
881509
881510
881511
881512
881513
881514
881515
881516
881517
881518
881519
881520
881521
881522
881523
881524
881525
881526
881527
881528
881529
881530
881583
881584
881585
881586
881587
881588
881589
881590
881591
881592
881593
881594
881595
881596
881597
881598
881599
881600
881601
881602
881603
881604
881605
881606
881607
881608
881609
881610
881611
881612
881613
881614
881615
881616
881617
881618
881619
881620
881621
881622
881623
881624
881625
881626
881627
881628
881629
881630
881631
881632
881633
881634
881661
881662
881663
881664
881665
881666
881667
881668
881669
881670
881671
881672
881673
881674
881675
881676
881677
881678
881679
881680
881681
881682
881683
881684
881685
881686
881687
881688
881689
881690
881691
881692
881693
881694
881695
881696
881697
881698
881699
881700
881701
881702
881703
881704
881705
881706
881707
881708
881709
881710
881711
881712
881765
881766
881767
881768
881769
881770
881771
881772
881773
881774
881775
881776
881777
881778
881779
881780
881781
881782
881783
881784
881785
881786
881787
881788
881789
881790
881791
881792
881793
881794
881795
881796
881797
881798
881799
881800
881801
881802
881803
881804
881805
881806
881807
881808
881809
881810
881811
881812
881813
881814
881815
881816
881817
881818
881819
881820
881821
881822
881823
881824
881825
881826
881827
881828
881829
881830
881831
881832
881833
881834
881835
881836
881837
881838
881839
881840
881841
881842
881843
881844
881845
881846
881847
881848
881849
881850
881851
881852
881853
881854
881855
881856
881857
881858
881859
881860
881861
881862
881863
881864
881865
881866
881867
881868
881869
881870
881871
881872
881873
881874
881875
881876
881877
881878
881879
881880
881881
881882
881883
881884
881885
881886
881887
881888
881889
881890
881891
881892
881893
881894
881921
881922
881923
881924
881925
881926
881927
881928
881929
881930
881931
881932
881933
881934
881935
881936
881937
881938
881939
881940
881941
881942
881943
881944
881945
881946
881947
881948
881949
881950
881951
881952
881953
881954
881955
881956
881957
881958
881959
881960
881961
881962
881963
881964
881965
881966
881967
881968
881969
881970
881971
881972
882025
882026
882027
882028
882029
882030
882031
882032
882033
882034
882035
882036
882037
882038
882039
882040
882041
882042
882043
882044
882045
882046
882047
882048
882049
882050
882051
882052
882053
882054
882055
882056
882057
882058
882059
882060
882061
882062
882063
882064
882065
882066
882067
882068
882069
882070
882071
882072
882073
882074
882075
882076
882155
882156
882157
882158
882159
882160
882161
882162
882163
882164
882165
882166
882167
882168
882169
882170
882171
882172
882173
882174
882175
882176
882177
882178
882179
882180
882181
882182
882183
882184
882185
882186
882187
882188
882189
882190
882191
882192
882193
882194
882195
882196
882197
882198
882199
882200
882201
882202
882203
882204
882205
882206
882207
882208
882209
882210
882211
882212
882213
882214
882215
882216
882217
882218
882219
882220
882221
882222
882223
882224
882225
882226
882227
882228
882229
882230
882231
882232
882363
882364
882365
882366
882367
882368
882369
882370
882371
882372
882373
882374
882375
882376
882377
882378
882379
882380
882381
882382
882383
882384
882385
882386
882387
882388
882389
882390
882391
882392
882393
882394
882395
882396
882397
882398
882399
882400
882401
882402
882403
882404
882405
882406
882407
882408
882409
882410
882411
882412
882413
882414
882441
882442
882443
882444
882445
882446
882447
882448
882449
882450
882451
882452
882453
882454
882455
882456
882457
882458
882459
882460
882461
882462
882463
882464
882465
882466
882467
882468
882469
882470
882471
882472
882473
882474
882475
882476
882477
882478
882479
882480
882481
882482
882483
882484
882485
882486
882487
882488
882489
882490
882491
882492
882545
882546
882547
882548
882549
882550
882551
882552
882553
882554
882555
882556
882557
882558
882559
882560
882561
882562
882563
882564
882565
882566
882567
882568
882569
882570
882571
882572
882573
882574
882575
882576
882577
882578
882579
882580
882581
882582
882583
882584
882585
882586
882587
882588
882589
882590
882591
882592
882593
882594
882595
882596
882675
882676
882677
882678
882679
882680
882681
882682
882683
882684
882685
882686
882687
882688
882689
882690
882691
882692
882693
882694
882695
882696
882697
882698
882699
882700
882701
882702
882703
882704
882705
882706
882707
882708
882709
882710
