889369
889370
889371
889372
889373
889374
889375
889376
889377
889378
889379
889380
889381
889382
889409
889410
889411
889412
889413
889414
889415
889416
889417
889418
889419
889420
889421
889422
889423
889424
889425
889426
889427
889428
889429
889430
889431
889432
889433
889434
889461
889462
889463
889464
889465
889466
889467
889468
889469
889470
889471
889472
889473
889474
889475
889476
889477
889478
889479
889480
889481
889482
889483
889484
889485
889486
889539
889540
889541
889542
889543
889544
889545
889546
889547
889548
889549
889550
889551
889552
889553
889554
889555
889556
889557
889558
889559
889560
889561
889562
889563
889564
889565
889566
889567
889568
889569
889570
889571
889572
889573
889574
889575
889576
889577
889578
889579
889580
889581
889582
889583
889584
889585
889586
889587
889588
889589
889590
889617
889618
889619
889620
889621
889622
889623
889624
889625
889626
889627
889628
889629
889630
889631
889632
889633
889634
889635
889636
889637
889638
889639
889640
889641
889642
889643
889644
889645
889646
889647
889648
889649
889650
889651
889652
889653
889654
889655
889656
889657
889658
889659
889660
889661
889662
889663
889664
889665
889666
889667
889668
889669
889670
889671
889672
889673
889674
889675
889676
889677
889678
889679
889680
889681
889682
889683
889684
889685
889686
889687
889688
889689
889690
889691
889692
889693
889694
889747
889748
889749
889750
889751
889752
889753
889754
889755
889756
889757
889758
889759
889760
889761
889762
889763
889764
889765
889766
889767
889768
889769
889770
889771
889772
889799
889800
889801
889802
889803
889804
889805
889806
889807
889808
889809
889810
889811
889812
889813
889814
889815
889816
889817
889818
889819
889820
889821
889822
889823
889824
889825
889826
889827
889828
889829
889830
889831
889832
889833
889834
889835
889836
889837
889838
889839
889840
889841
889842
889843
889844
889845
889846
889847
889848
889849
889850
889851
889852
889853
889854
889855
889856
889857
889858
889859
889860
889861
889862
889863
889864
889865
889866
889867
889868
889869
889870
889871
889872
889873
889874
889875
889876
889981
889982
889983
889984
889985
889986
889987
889988
889989
889990
889991
889992
889993
889994
889995
889996
889997
889998
889999
890000
890001
890002
890003
890004
890005
890006
890033
890034
890035
890036
890037
890038
890039
890040
890041
890042
890043
890044
890045
890046
890047
890048
890049
890050
890051
890052
890053
890054
890055
890056
890057
890058
890111
890112
890113
890114
890115
890116
890117
890118
890119
890120
890121
890122
890123
890124
890125
890126
890127
890128
890129
890130
890131
890132
890133
890134
890135
890136
890163
890164
890165
890166
890167
890168
890169
890170
890171
890172
890173
890174
890175
890176
890177
890178
890179
890180
890181
890182
890183
890184
890185
890186
890187
890188
890267
890268
890269
890270
890271
890272
890273
890274
890275
890276
890277
890278
890279
890280
890281
890282
890283
890284
890285
890286
890287
890288
890289
890290
890291
890292
890345
890346
890347
890348
890349
890350
890351
890352
890353
890354
890355
890356
890357
890358
890359
890360
890361
890362
890363
890364
890365
890366
890367
890368
890369
890370
890475
890476
890477
890478
890479
890480
890481
890482
890483
890484
890485
890486
890487
890488
890489
890490
890491
890492
890493
890494
890495
890496
890497
890498
890499
890500
890501
890502
890503
890504
890505
890506
890507
890508
890509
890510
890511
890512
890513
890514
890515
890516
890517
890518
890519
890520
890521
890522
890523
890524
890525
890526
890553
890554
890555
890556
890557
890558
890559
890560
890561
890562
890563
890564
890565
890566
890567
890568
890569
890570
890571
890572
890573
890574
890575
890576
890577
890578
890579
890580
890581
890582
890583
890584
890585
890586
890587
890588
890589
890590
890591
890592
890593
890594
890595
890596
890597
890598
890599
890600
890601
890602
890603
890604
890605
890606
890607
890608
890609
890610
890611
890612
890613
890614
890615
890616
890617
890618
890619
890620
890621
890622
890623
890624
890625
890626
890627
890628
890629
890630
890631
890632
890633
890634
890635
890636
890637
890638
890639
890640
890641
890642
890643
890644
890645
890646
890647
890648
890649
890650
890651
890652
890653
890654
890655
890656
890657
890658
890659
890660
890661
890662
890663
890664
890665
890666
890667
890668
890669
890670
890671
890672
890673
890674
890675
890676
890677
890678
890679
890680
890681
890682
890735
890736
890737
890738
890739
890740
890741
890742
890743
890744
890745
890746
890747
890748
890749
890750
890751
890752
890753
890754
890755
890756
890757
890758
890759
890760
890787
890788
890789
890790
890791
890792
890793
890794
890795
890796
890797
890798
890799
890800
890801
890802
890803
890804
890805
890806
890807
890808
890809
890810
890811
890812
890865
890866
890867
890868
890869
890870
890871
890872
890873
890874
890875
890876
890877
890878
890879
890880
890881
890882
890883
890884
890885
890886
890887
890888
890889
890890
891047
891048
891049
891050
891051
891052
891053
891054
891055
891056
891057
891058
891059
891060
891061
891062
891063
891064
891065
891066
891067
891068
891069
891070
891071
891072
891073
891074
891075
891076
891077
891078
891079
891080
891081
891082
891083
891084
891085
891086
891087
891088
891089
891090
891091
891092
891093
891094
891095
891096
891097
891098
891177
891178
891179
891180
891181
891182
891183
891184
891185
891186
891187
891188
891189
891190
891191
891192
891193
891194
891195
891196
891197
891198
891199
891200
891201
891202
891203
891204
891205
891206
891207
891208
891209
891210
891211
891212
891213
891214
891215
891216
891217
891218
891219
891220
891221
891222
891223
891224
891225
891226
891227
891228
891281
891282
891283
891284
891285
891286
891287
891288
891289
891290
891291
891292
891293
891294
891295
891296
891297
891298
891299
891300
891301
891302
891303
891304
891305
891306
891359
891360
891361
891362
891363
891364
891365
891366
891367
891368
891369
891370
891371
891372
891373
891374
891375
891376
891377
891378
891379
891380
891381
891382
891383
891384
891437
891438
891439
891440
891441
891442
891443
891444
891445
891446
891447
891448
891449
891450
891451
891452
891453
891454
891455
891456
891457
891458
891459
891460
891461
891462
891463
891464
891465
891466
891467
891468
891469
891470
891471
891472
891473
891474
891475
891476
891477
891478
891479
891480
891481
891482
891483
891484
891485
891486
891487
891488
891515
891516
891517
891518
891519
891520
891521
891522
891523
891524
891525
891526
891527
891528
891529
891530
891531
891532
891533
891534
891535
891536
891537
891538
891539
891540
891541
891542
891543
891544
891545
891546
891547
891548
891549
891550
891551
891552
891553
891554
891555
891556
891557
891558
891559
891560
891561
891562
891563
891564
891565
891566
891567
891568
891569
891570
891571
891572
891573
891574
891575
891576
891577
891578
891579
891580
891581
891582
891583
891584
891585
891586
891587
891588
891589
891590
891591
891592
891619
891620
891621
891622
891623
891624
891625
891626
891627
891628
891629
891630
891631
891632
891633
891634
891635
891636
891637
891638
891639
891640
891641
891642
891643
891644
891645
891646
891647
891648
891649
891650
891651
891652
891653
891654
891655
891656
891657
891658
891659
891660
891661
891662
891663
891664
891665
891666
891667
891668
891669
891670
891671
891672
891673
891674
891675
891676
891677
891678
891679
891680
891681
891682
891683
891684
891685
891686
891687
891688
891689
891690
891691
891692
891693
891694
891695
891696
891801
891802
891803
891804
891805
891806
891807
891808
891809
891810
891811
891812
891813
891814
891815
891816
891817
891818
891819
891820
891821
891822
891823
891824
891825
891826
891827
891828
891829
891830
891831
891832
891833
891834
891835
891836
891837
891838
891839
891840
891841
891842
891843
891844
891845
891846
891847
891848
891849
891850
891851
891852
891879
891880
891881
891882
891883
891884
891885
891886
891887
891888
891889
891890
891891
891892
891893
891894
891895
891896
891897
891898
891899
891900
891901
891902
891903
891904
892009
892010
892011
892012
892013
892014
892015
892016
892017
892018
892019
892020
892021
892022
892023
892024
892025
892026
892027
892028
892029
892030
892031
892032
892033
892034
892035
892036
892037
892038
892039
892040
892041
892042
892043
892044
892045
892046
892047
892048
892049
892050
892051
892052
892053
892054
892055
892056
892057
892058
892059
892060
892061
892062
892063
892064
892065
892066
892067
892068
892069
892070
892071
892072
892073
892074
892075
892076
892077
892078
892079
892080
892081
892082
892083
892084
892085
892086
892087
892088
892089
892090
892091
892092
892093
892094
892095
892096
892097
892098
892099
892100
892101
892102
892103
892104
892105
892106
892107
892108
892109
892110
892111
892112
892139
892140
892141
892142
892143
892144
892145
892146
892147
892148
892149
892150
892151
892152
892153
892154
892155
892156
892157
892158
892159
892160
892161
892162
892163
892164
892243
892244
892245
892246
892247
892248
892249
892250
892251
892252
892253
892254
892255
892256
892257
892258
892259
892260
892261
892262
892263
892264
892265
892266
892267
892268
892347
892348
892349
892350
892351
892352
892353
892354
892355
892356
892357
892358
892359
892360
892361
892362
892363
892364
892365
892366
892367
892368
892369
892370
892371
892372
892399
892400
892401
892402
892403
892404
892405
892406
892407
892408
892409
892410
892411
892412
892413
892414
892415
892416
892417
892418
892419
892420
892421
892422
892423
892424
892425
892426
892427
892428
892429
892430
892431
892432
892433
892434
892435
892436
892437
892438
892439
892440
892441
892442
892443
892444
892445
892446
892447
892448
892449
892450
892451
892452
892453
892454
892455
892456
892457
892458
892459
892460
892461
892462
892463
892464
892465
892466
892467
892468
892469
892470
892471
892472
892473
892474
892475
892476
892503
892504
892505
892506
892507
892508
892509
892510
892511
892512
892513
892514
892515
892516
892517
892518
892519
892520
892521
892522
892523
892524
892525
892526
892527
892528
892529
892530
892531
892532
892533
892534
892535
892536
892537
892538
892539
892540
892541
892542
892543
892544
892545
892546
892547
892548
892549
892550
892551
892552
892553
892554
892555
892556
892557
892558
892559
892560
892561
892562
892563
892564
892565
892566
892567
892568
892569
892570
892571
892572
892573
892574
892575
892576
892577
892578
892579
892580
892607
892608
892609
892610
892611
892612
892613
892614
892615
892616
892617
892618
892619
892620
892621
892622
892623
892624
892625
892626
892627
892628
892629
892630
892631
892632
892659
892660
892661
892662
892663
892664
892665
892666
892667
892668
892669
892670
892671
892672
892673
892674
892675
892676
892677
892678
892679
892680
892681
892682
892683
892684
892737
892738
892739
892740
892741
892742
892743
892744
892745
892746
892747
892748
892749
892750
892751
892752
892753
892754
892755
892756
892757
892758
892759
892760
892761
892762
892841
892842
892843
892844
892845
892846
892847
892848
892849
892850
892851
892852
892853
892854
892855
892856
892857
892858
892859
892860
892861
892862
892863
892864
892865
892866
892867
892868
892869
892870
892871
892872
892873
892874
892875
892876
892877
892878
892879
892880
892881
892882
892883
892884
892885
892886
892887
892888
892889
892890
892891
892892
892919
892920
892921
892922
892923
892924
892925
892926
892927
892928
892929
892930
892931
892932
892933
892934
892935
892936
892937
892938
892939
892940
892941
892942
892943
892944
893023
893024
893025
893026
893027
893028
893029
893030
893031
893032
893033
893034
893035
893036
893037
893038
893039
893040
893041
893042
893043
893044
893045
893046
893047
893048
893049
893050
893051
893052
893053
893054
893055
893056
893057
893058
893059
893060
893061
893062
893063
893064
893065
893066
893067
893068
893069
893070
893071
893072
893073
893074
893075
893076
893077
893078
893079
893080
893081
893082
893083
893084
893085
893086
893087
893088
893089
893090
893091
893092
893093
893094
893095
893096
893097
893098
893099
893100
893127
893128
893129
893130
893131
893132
893133
893134
893135
893136
893137
893138
893139
893140
893141
893142
893143
893144
893145
893146
893147
893148
893149
893150
893151
893152
893179
893180
893181
893182
893183
893184
893185
893186
893187
893188
893189
893190
893191
893192
893193
893194
893195
893196
893197
893198
893199
893200
893201
893202
893203
893204
893205
893206
893207
893208
893209
893210
893211
893212
893213
893214
893215
893216
893217
893218
893219
893220
893221
893222
893223
893224
893225
893226
893227
893228
893229
893230
893257
893258
893259
893260
893261
893262
893263
893264
893265
893266
893267
893268
893269
893270
893271
893272
893273
893274
893275
893276
893277
893278
893279
893280
893281
893282
893309
893310
893311
893312
893313
893314
893315
893316
893317
893318
893319
893320
893321
893322
893323
893324
893325
893326
893327
893328
893329
893330
893331
893332
893333
893334
893335
893336
893337
893338
893339
893340
893341
893342
893343
893344
893345
893346
893347
893348
893349
893350
893351
893352
893353
893354
893355
893356
893357
893358
893359
893360
893387
893388
893389
893390
893391
893392
893393
893394
893395
893396
893397
893398
893399
893400
893401
893402
893403
893404
893405
893406
893407
893408
893409
893410
893411
893412
893413
893414
893415
893416
893417
893418
893419
893420
893421
893422
893423
893424
893425
893426
893427
893428
893429
893430
893431
893432
893433
893434
893435
893436
893437
893438
893439
893440
893441
893442
893443
893444
893445
893446
893447
893448
893449
893450
893451
893452
893453
893454
893455
893456
893457
893458
893459
893460
893461
893462
893463
893464
893491
893492
893493
893494
893495
893496
893497
893498
893499
893500
893501
893502
893503
893504
893505
893506
893507
893508
893509
893510
893511
893512
893513
893514
893515
893516
893569
893570
893571
893572
893573
893574
893575
893576
893577
893578
893579
893580
893581
893582
893583
893584
893585
893586
893587
893588
893589
893590
893591
893592
893593
893594
893699
893700
893701
893702
893703
893704
893705
893706
893707
893708
893709
893710
893711
893712
893713
893714
893715
893716
893717
893718
893719
893720
893721
893722
893723
893724
893725
893726
893727
893728
893729
893730
893731
893732
893733
893734
893735
893736
893737
893738
893739
893740
893741
893742
893743
893744
893745
893746
893747
893748
893749
893750
893751
893752
893753
893754
893755
893756
893757
893758
893759
893760
893761
893762
893763
893764
893765
893766
893767
893768
893769
893770
893771
893772
893773
893774
893775
893776
893777
893778
893779
893780
893781
893782
893783
893784
893785
893786
893787
893788
893789
893790
893791
893792
893793
893794
893795
893796
893797
893798
893799
893800
893801
893802
893907
893908
893909
893910
893911
893912
893913
893914
893915
893916
893917
893918
893919
893920
893921
893922
893923
893924
893925
893926
893927
893928
893929
893930
893931
893932
893933
893934
893935
893936
893937
893938
893939
893940
893941
893942
893943
893944
893945
893946
893947
893948
893949
893950
893951
893952
893953
893954
893955
893956
893957
893958
893985
893986
893987
893988
893989
893990
893991
893992
893993
893994
893995
893996
893997
893998
893999
894000
894001
894002
894003
894004
894005
894006
894007
894008
894009
894010
894011
894012
894013
894014
894015
894016
894017
894018
894019
894020
894021
894022
894023
894024
894025
894026
894027
894028
894029
894030
894031
894032
894033
894034
894035
894036
894089
894090
894091
894092
894093
894094
894095
894096
894097
894098
894099
894100
894101
894102
894103
894104
894105
894106
894107
894108
894109
894110
894111
894112
894113
894114
894115
894116
894117
894118
894119
894120
894121
894122
894123
894124
894125
894126
894127
894128
894129
894130
894131
894132
894133
894134
894135
894136
894137
894138
894139
894140
894141
894142
894143
894144
894145
894146
894147
894148
894149
894150
894151
894152
894153
894154
894155
894156
894157
894158
894159
894160
894161
894162
894163
894164
894165
894166
894167
894168
894169
894170
894171
894172
894173
894174
894175
894176
894177
894178
894179
894180
894181
894182
894183
894184
894185
894186
894187
894188
894189
894190
894191
894192
894245
894246
894247
894248
894249
894250
894251
894252
894253
894254
894255
894256
894257
894258
894259
894260
894261
894262
894263
894264
894265
894266
894267
894268
894269
894270
894297
894298
894299
894300
894301
894302
894303
894304
894305
894306
894307
894308
894309
894310
894311
894312
894313
894314
894315
894316
894317
894318
894319
894320
894321
894322
894323
894324
894325
894326
894327
894328
894329
894330
894331
894332
894333
894334
894335
894336
894337
894338
894339
894340
894341
894342
894343
894344
894345
894346
894347
894348
894375
894376
894377
894378
894379
894380
894381
894382
894383
894384
894385
894386
894387
894388
894389
894390
894391
894392
894393
894394
894395
894396
894397
894398
894399
894400
894479
894480
894481
894482
894483
894484
894485
894486
894487
894488
894489
894490
894491
894492
894493
894494
894495
894496
894497
894498
894499
894500
894501
894502
894503
894504
894557
894558
894559
894560
894561
894562
894563
894564
894565
894566
894567
894568
894569
894570
894571
894572
894573
894574
894575
894576
894577
894578
894579
894580
894581
894582
894583
894584
894585
894586
894587
894588
894589
894590
894591
894592
894593
894594
894595
894596
894597
894598
894599
894600
894601
894602
894603
894604
894605
894606
894607
894608
894609
894610
894611
894612
894613
894614
894615
894616
894617
894618
894619
894620
894621
894622
894623
894624
894625
894626
894627
894628
894629
894630
894631
894632
894633
894634
894661
894662
894663
894664
894665
894666
894667
894668
894669
894670
894671
894672
894673
894674
894675
894676
894677
894678
894679
894680
894681
894682
894683
894684
894685
894686
894739
894740
894741
894742
894743
894744
894745
894746
894747
894748
894749
894750
894751
894752
894753
894754
894755
894756
894757
894758
894759
894760
894761
894762
894763
894764
894791
894792
894793
894794
894795
894796
894797
894798
894799
894800
894801
894802
894803
894804
894805
894806
894807
894808
894809
894810
894811
894812
894813
894814
894815
894816
894921
894922
894923
894924
894925
894926
894927
894928
894929
894930
894931
894932
894933
894934
894935
894936
894937
894938
894939
894940
894941
894942
894943
894944
894945
894946
894973
894974
894975
894976
894977
894978
894979
894980
894981
894982
894983
894984
894985
894986
894987
894988
894989
894990
894991
894992
894993
894994
894995
894996
894997
894998
895025
895026
895027
895028
895029
895030
895031
895032
895033
895034
895035
895036
895037
895038
895039
895040
895041
895042
895043
895044
895045
895046
895047
895048
895049
895050
895077
895078
895079
895080
895081
895082
895083
895084
895085
895086
895087
895088
895089
895090
895091
895092
895093
895094
895095
895096
895097
895098
895099
895100
895101
895102
895103
895104
895105
895106
895107
895108
895109
895110
895111
895112
895113
895114
895115
895116
895117
895118
895119
895120
895121
895122
895123
895124
895125
895126
895127
895128
895155
895156
895157
895158
895159
895160
895161
895162
895163
895164
895165
895166
895167
895168
895169
895170
895171
895172
895173
895174
895175
895176
895177
895178
895179
895180
895181
895182
895183
895184
895185
895186
895187
895188
895189
895190
895191
895192
895193
895194
895195
895196
895197
895198
895199
895200
895201
895202
895203
895204
895205
895206
895233
895234
895235
895236
895237
895238
895239
895240
895241
895242
895243
895244
895245
895246
895247
895248
895249
895250
895251
895252
895253
895254
895255
895256
895257
895258
895493
895494
895495
895496
895497
895498
895499
895500
895501
895502
895503
895504
895505
895506
895507
895508
895509
895510
895511
895512
895513
895514
895515
895516
895517
895518
895545
895546
895547
895548
895549
895550
895551
895552
895553
895554
895555
895556
895557
895558
895559
895560
895561
895562
895563
895564
895565
895566
895567
895568
895569
895570
895571
895572
895573
895574
895575
895576
895577
895578
895579
895580
895581
895582
895583
895584
895585
895586
895587
895588
895589
895590
895591
895592
895593
895594
895595
895596
895597
895598
895599
895600
895601
895602
895603
895604
895605
895606
895607
895608
895609
895610
895611
895612
895613
895614
895615
895616
895617
895618
895619
895620
895621
895622
895649
895650
895651
895652
895653
895654
895655
895656
895657
895658
895659
895660
895661
895662
895663
895664
895665
895666
895667
895668
895669
895670
895671
895672
895673
895674
895701
895702
895703
895704
895705
895706
895707
895708
895709
895710
895711
895712
895713
895714
895715
895716
895717
895718
895719
895720
895721
895722
895723
895724
895725
895726
895753
895754
895755
895756
895757
895758
895759
895760
895761
895762
895763
895764
895765
895766
895767
895768
895769
895770
895771
895772
895773
895774
895775
895776
895777
895778
895779
895780
895781
895782
895783
895784
895785
895786
895787
895788
895789
895790
895791
895792
895793
895794
895795
895796
895797
895798
895799
895800
895801
895802
895803
895804
