895857
895858
895859
895860
895861
895862
895863
895864
895865
895866
895867
895868
895869
895870
895871
895872
895873
895874
895875
895876
895877
895878
895879
895880
895881
895882
895883
895884
895885
895886
895887
895888
895889
895890
895891
895892
895893
895894
895895
895896
895897
895898
895899
895900
895901
895902
895903
895904
895905
895906
895907
895908
895935
895936
895937
895938
895939
895940
895941
895942
895943
895944
895945
895946
895947
895948
895949
895950
895951
895952
895953
895954
895955
895956
895957
895958
895959
895960
895987
895988
895989
895990
895991
895992
895993
895994
895995
895996
895997
895998
895999
896000
896001
896002
896003
896004
896005
896006
896007
896008
896009
896010
896011
896012
896013
896014
896015
896016
896017
896018
896019
896020
896021
896022
896023
896024
896025
896026
896027
896028
896029
896030
896031
896032
896033
896034
896035
896036
896037
896038
896039
896040
896041
896042
896043
896044
896045
896046
896047
896048
896049
896050
896051
896052
896053
896054
896055
896056
896057
896058
896059
896060
896061
896062
896063
896064
896065
896066
896067
896068
896069
896070
896071
896072
896073
896074
896075
896076
896077
896078
896079
896080
896081
896082
896083
896084
896085
896086
896087
896088
896089
896090
896091
896092
896093
896094
896095
896096
896097
896098
896099
896100
896101
896102
896103
896104
896105
896106
896107
896108
896109
896110
896111
896112
896113
896114
896115
896116
896117
896118
896119
896120
896121
896122
896123
896124
896125
896126
896127
896128
896129
896130
896131
896132
896133
896134
896135
896136
896137
896138
896139
896140
896141
896142
896169
896170
896171
896172
896173
896174
896175
896176
896177
896178
896179
896180
896181
896182
896183
896184
896185
896186
896187
896188
896189
896190
896191
896192
896193
896194
896195
896196
896197
896198
896199
896200
896201
896202
896203
896204
896205
896206
896207
896208
896209
896210
896211
896212
896213
896214
896215
896216
896217
896218
896219
896220
896221
896222
896223
896224
896225
896226
896227
896228
896229
896230
896231
896232
896233
896234
896235
896236
896237
896238
896239
896240
896241
896242
896243
896244
896245
896246
896455
896456
896457
896458
896459
896460
896461
896462
896463
896464
896465
896466
896467
896468
896469
896470
896471
896472
896473
896474
896475
896476
896477
896478
896479
896480
896481
896482
896483
896484
896485
896486
896487
896488
896489
896490
896491
896492
896493
896494
896495
896496
896497
896498
896499
896500
896501
896502
896503
896504
896505
896506
896559
896560
896561
896562
896563
896564
896565
896566
896567
896568
896569
896570
896571
896572
896573
896574
896575
896576
896577
896578
896579
896580
896581
896582
896583
896584
896585
896586
896587
896588
896589
896590
896591
896592
896593
896594
896595
896596
896597
896598
896599
896600
896601
896602
896603
896604
896605
896606
896607
896608
896609
896610
896611
896612
896613
896614
896615
896616
896617
896618
896619
896620
896621
896622
896623
896624
896625
896626
896627
896628
896629
896630
896631
896632
896633
896634
896635
896636
896637
896638
896639
896640
896641
896642
896643
896644
896645
896646
896647
896648
896649
896650
896651
896652
896653
896654
896655
896656
896657
896658
896659
896660
896661
896662
896689
896690
896691
896692
896693
896694
896695
896696
896697
896698
896699
896700
896701
896702
896703
896704
896705
896706
896707
896708
896709
896710
896711
896712
896713
896714
896715
896716
896717
896718
896719
896720
896721
896722
896723
896724
896725
896726
896727
896728
896729
896730
896731
896732
896733
896734
896735
896736
896737
896738
896739
896740
896819
896820
896821
896822
896823
896824
896825
896826
896827
896828
896829
896830
896831
896832
896833
896834
896835
896836
896837
896838
896839
896840
896841
896842
896843
896844
896845
896846
896847
896848
896849
896850
896851
896852
896853
896854
896855
896856
896857
896858
896859
896860
896861
896862
896863
896864
896865
896866
896867
896868
896869
896870
896871
896872
896873
896874
896875
896876
896877
896878
896879
896880
896881
896882
896883
896884
896885
896886
896887
896888
896889
896890
896891
896892
896893
896894
896895
896896
896923
896924
896925
896926
896927
896928
896929
896930
896931
896932
896933
896934
896935
896936
896937
896938
896939
896940
896941
896942
896943
896944
896945
896946
896947
896948
897001
897002
897003
897004
897005
897006
897007
897008
897009
897010
897011
897012
897013
897014
897015
897016
897017
897018
897019
897020
897021
897022
897023
897024
897025
897026
897027
897028
897029
897030
897031
897032
897033
897034
897036
897037
897038
897039
897040
897041
897042
897043
897044
897045
897046
897047
897048
897049
897050
897051
897052
897079
897080
897081
897082
897083
897084
897085
897086
897087
897088
897089
897090
897091
897092
897093
897094
897095
897096
897097
897098
897099
897100
897101
897102
897103
897104
897157
897158
897159
897160
897161
897162
897163
897164
897165
897166
897167
897168
897169
897170
897171
897172
897173
897174
897175
897176
897177
897178
897179
897180
897181
897182
897235
897236
897237
897238
897239
897240
897241
897242
897243
897244
897245
897246
897247
897248
897249
897250
897251
897252
897253
897254
897255
897256
897257
897258
897259
897260
897261
897262
897263
897264
897265
897266
897267
897268
897269
897270
897271
897272
897273
897274
897275
897276
897277
897278
897279
897280
897281
897282
897283
897284
897285
897286
897313
897314
897315
897316
897317
897318
897319
897320
897321
897322
897323
897324
897325
897326
897327
897328
897329
897330
897331
897332
897333
897334
897335
897336
897337
897338
897339
897340
897341
897342
897343
897344
897345
897346
897347
897348
897349
897350
897351
897352
897353
897354
897355
897356
897357
897358
897359
897360
897361
897362
897363
897364
897391
897392
897393
897394
897395
897396
897397
897398
897399
897400
897401
897402
897403
897404
897405
897406
897407
897408
897409
897410
897411
897412
897413
897414
897415
897416
897443
897444
897445
897446
897447
897448
897449
897450
897451
897452
897453
897454
897455
897456
897457
897458
897459
897460
897461
897462
897463
897464
897465
897466
897467
897468
897521
897522
897523
897524
897525
897526
897527
897528
897529
897530
897531
897532
897533
897534
897535
897536
897537
897538
897539
897540
897541
897542
897543
897544
897545
897546
897677
897678
897679
897680
897681
897682
897683
897684
897685
897686
897687
897688
897689
897690
897691
897692
897693
897694
897695
897696
897697
897698
897699
897700
897701
897702
897729
897730
897731
897732
897733
897734
897735
897736
897737
897738
897739
897740
897741
897742
897743
897744
897745
897746
897747
897748
897749
897750
897751
897752
897753
897754
897755
897756
897757
897758
897759
897760
897761
897762
897763
897764
897765
897766
897767
897768
897769
897770
897771
897772
897773
897774
897775
897776
897777
897778
897779
897780
897833
897834
897835
897836
897837
897838
897839
897840
897841
897842
897843
897844
897845
897846
897847
897848
897849
897850
897851
897852
897853
897854
897855
897856
897857
897858
897911
897912
897913
897914
897915
897916
897917
897918
897919
897920
897921
897922
897923
897924
897925
897926
897927
897928
897929
897930
897931
897932
897933
897934
897935
897936
897963
897964
897965
897966
897967
897968
897969
897970
897971
897972
897973
897974
897975
897976
897977
897978
897979
897980
897981
897982
897983
897984
897985
897986
897987
897988
897989
897990
897991
897992
897993
897994
897995
897996
897997
897998
897999
898000
898001
898002
898003
898004
898005
898006
898007
898008
898009
898010
898011
898012
898013
898014
898015
898016
898017
898018
898019
898020
898021
898022
898023
898024
898025
898026
898027
898028
898029
898030
898031
898033
898034
898035
898036
898037
898038
898039
898040
898041
898042
898043
898044
898045
898046
898047
898048
898049
898050
898051
898052
898053
898054
898055
898056
898057
898058
898059
898060
898061
898062
898063
898064
898065
898066
898093
898094
898095
898096
898097
898098
898099
898100
898101
898102
898103
898104
898105
898106
898107
898108
898109
898110
898111
898112
898113
898114
898115
898116
898117
898118
898145
898146
898147
898148
898149
898150
898151
898152
898153
898154
898155
898156
898157
898158
898159
898160
898161
898162
898163
898164
898165
898166
898167
898168
898169
898170
898171
898172
898173
898174
898175
898176
898177
898178
898179
898180
898181
898182
898183
898184
898185
898186
898187
898188
898189
898190
898191
898192
898193
898194
898195
898196
898223
898224
898225
898226
898227
898228
898229
898230
898231
898232
898233
898234
898235
898236
898237
898238
898239
898240
898241
898242
898243
898244
898245
898246
898247
898248
898249
898250
898251
898252
898253
898254
898255
898256
898257
898258
898259
898260
898261
898262
898263
898264
898265
898266
898267
898268
898269
898270
898271
898272
898273
898274
898301
898302
898303
898304
898305
898306
898307
898308
898309
898310
898311
898312
898313
898314
898315
898316
898317
898318
898319
898320
898321
898322
898323
898324
898325
898326
898327
898328
898329
898330
898331
898332
898333
898334
898335
898336
898337
898338
898339
898340
898341
898342
898343
898344
898345
898346
898347
898348
898349
898350
898351
898352
898379
898380
898381
898382
898383
898384
898385
898386
898387
898388
898389
898390
898391
898392
898393
898394
898395
898396
898397
898398
898399
898400
898401
898402
898403
898404
898405
898406
898407
898408
898409
898410
898411
898412
898413
898414
898415
898416
898417
898418
898419
898420
898421
898422
898423
898424
898425
898426
898427
898428
898429
898430
898431
898432
898433
898434
898435
898436
898437
898438
898439
898440
898441
898442
898443
898444
898445
898446
898447
898448
898449
898450
898451
898452
898453
898454
898455
898456
898483
898484
898485
898486
898487
898488
898489
898490
898491
898492
898493
898494
898495
898496
898497
898498
898499
898500
898501
898502
898503
898504
898505
898506
898507
898508
898587
898588
898589
898590
898591
898592
898593
898594
898595
898596
898597
898598
898599
898600
898601
898602
898603
898604
898605
898606
898607
898608
898609
898610
898611
898612
898691
898692
898693
898694
898695
898696
898697
898698
898699
898700
898701
898702
898703
898704
898705
898706
898707
898708
898709
898710
898711
898712
898713
898714
898715
898716
898717
898718
898719
898720
898721
898722
898723
898724
898725
898726
898727
898728
898729
898730
898731
898732
898733
898734
898735
898736
898737
898738
898739
898740
898741
898742
898743
898744
898745
898746
898747
898748
898749
898750
898751
898752
898753
898754
898755
898756
898757
898758
898759
898760
898761
898762
898763
898764
898765
898766
898767
898768
898769
898770
898771
898772
898773
898774
898775
898776
898777
898778
898779
898780
898781
898782
898783
898784
898785
898786
898787
898788
898789
898790
898791
898792
898793
898794
898795
898796
898797
898798
898799
898800
898801
898802
898803
898804
898805
898806
898807
898808
898809
898810
898811
898812
898813
898814
898815
898816
898817
898818
898819
898820
898821
898822
898823
898824
898825
898826
898827
898828
898829
898830
898831
898832
898833
898834
898835
898836
898837
898838
898839
898840
898841
898842
898843
898844
898845
898846
898847
898848
898849
898850
898851
898852
898853
898854
898855
898856
898857
898858
898859
898860
898861
898862
898863
898864
898865
898866
898867
898868
898869
898870
898871
898872
898873
898874
898875
898876
898877
898878
898879
898880
898881
898882
898883
898884
898885
898886
898887
898888
898889
898890
898891
898892
898893
898894
898895
898896
898897
898898
898925
898926
898927
898928
898929
898930
898931
898932
898933
898934
898935
898936
898937
898938
898939
898940
898941
898942
898943
898944
898945
898946
898947
898948
898949
898950
898951
898952
898953
898954
898955
898956
898957
898958
898959
898960
898961
898962
898963
898964
898965
898966
898967
898968
898969
898970
898971
898972
898973
898974
898975
898976
899029
899030
899031
899032
899033
899034
899035
899036
899037
899038
899039
899040
899041
899042
899043
899044
899045
899046
899047
899048
899049
899050
899051
899052
899053
899054
899055
899056
899057
899058
899059
899060
899061
899062
899063
899064
899065
899066
899067
899068
899069
899070
899071
899072
899073
899074
899075
899076
899077
899078
899079
899080
899133
899134
899135
899136
899137
899138
899139
899140
899141
899142
899143
899144
899145
899146
899147
899148
899149
899150
899151
899152
899153
899154
899155
899156
899157
899158
899185
899186
899187
899188
899189
899190
899191
899192
899193
899194
899195
899196
899197
899198
899199
899200
899201
899202
899203
899204
899205
899206
899207
899208
899209
899210
899237
899238
899239
899240
899241
899242
899243
899244
899245
899246
899247
899248
899249
899250
899251
899252
899253
899254
899255
899256
899257
899258
899259
899260
899261
899262
899289
899290
899291
899292
899293
899294
899295
899296
899297
899298
899299
899300
899301
899302
899303
899304
899305
899306
899307
899308
899309
899310
899311
899312
899313
899314
899315
899316
899317
899318
899319
899320
899321
899322
899323
899324
899325
899326
899327
899328
899329
899330
899331
899332
899333
899334
899335
899336
899337
899338
899339
899340
899341
899342
899343
899344
899345
899346
899347
899348
899349
899350
899351
899352
899353
899354
899355
899356
899357
899358
899359
899360
899361
899362
899363
899364
899365
899366
899367
899368
899369
899370
899371
899372
899373
899374
899375
899376
899377
899378
899379
899380
899381
899382
899383
899384
899385
899386
899387
899388
899389
899390
899391
899392
899393
899394
899395
899396
899397
899398
899399
899400
899401
899402
899403
899404
899405
899406
899407
899408
899409
899410
899411
899412
899413
899414
899415
899416
899417
899418
899445
899446
899447
899448
899449
899450
899451
899452
899453
899454
899455
899456
899457
899458
899459
899460
899461
899462
899463
899464
899465
899466
899467
899468
899469
899470
899523
899524
899525
899526
899527
899528
899529
899530
899531
899532
899533
899534
899535
899536
899537
899538
899539
899540
899541
899542
899543
899544
899545
899546
899547
899548
899601
899602
899603
899604
899605
899606
899607
899608
899609
899610
899611
899612
899613
899614
899615
899616
899617
899618
899619
899620
899621
899622
899623
899624
899625
899626
899627
899628
899629
899630
899631
899632
899633
899634
899635
899636
899637
899638
899639
899640
899641
899642
899643
899644
899645
899646
899647
899648
899649
899650
899651
899652
899653
899654
899655
899656
899657
899658
899659
899660
899661
899662
899663
899664
899665
899666
899667
899668
899669
899670
899671
899672
899673
899674
899675
899676
899677
899678
899731
899732
899733
899734
899735
899736
899737
899738
899739
899740
899741
899742
899743
899744
899745
899746
899747
899748
899749
899750
899751
899752
899753
899754
899755
899756
899757
899758
899759
899760
899761
899762
899763
899764
899765
899766
899767
899768
899769
899770
899771
899772
899773
899774
899775
899776
899777
899778
899779
899780
899781
899782
899783
899784
899785
899786
899787
899788
899789
899790
899791
899792
899793
899794
899795
899796
899797
899798
899799
899800
899801
899802
899803
899804
899805
899806
899807
899808
899887
899888
899889
899890
899891
899892
899893
899894
899895
899896
899897
899898
899899
899900
899901
899902
899903
899904
899905
899906
899907
899908
899909
899910
899911
899912
899939
899940
899941
899942
899943
899944
899945
899946
899947
899948
899949
899950
899951
899952
899953
899954
899955
899956
899957
899958
899959
899960
899961
899962
899963
899964
899965
899966
899967
899968
899969
899970
899971
899972
899973
899974
899975
899976
899977
899978
899979
899980
899981
899982
899983
899984
899985
899986
899987
899988
899989
899990
900017
900018
900019
900020
900021
900022
900023
900024
900025
900026
900027
900028
900029
900030
900031
900032
900033
900034
900035
900036
900037
900038
900039
900040
900041
900042
900043
900044
900045
900046
900047
900048
900049
900050
900051
900052
900053
900054
900055
900056
900057
900058
900059
900060
900061
900062
900063
900064
900065
900066
900067
900068
900173
900174
900175
900176
900177
900178
900179
900180
900181
900182
900183
900184
900185
900186
900187
900188
900189
900190
900191
900192
900193
900194
900195
900196
900197
900198
900303
900304
900305
900306
900307
900308
900309
900310
900311
900312
900313
900314
900315
900316
900317
900318
900319
900320
900321
900322
900323
900324
900325
900326
900327
900328
900329
900330
900331
900332
900333
900334
900335
900336
900337
900338
900339
900340
900341
900342
900343
900344
900345
900346
900347
900348
900349
900350
900351
900352
900353
900354
900355
900356
900357
900358
900359
900360
900361
900362
900363
900364
900365
900366
900367
900368
900369
900370
900371
900372
900373
900374
900375
900376
900377
900378
900379
900380
900381
900382
900383
900384
900385
900386
900387
900388
900389
900390
900391
900392
900393
900394
900395
900396
900397
900398
900399
900400
900401
900402
900403
900404
900405
900406
900407
900408
900409
900410
900411
900412
900413
900414
900415
900416
900417
900418
900419
900420
900421
900422
900423
900424
900425
900426
900427
900428
900429
900430
900431
900432
900433
900434
900435
900436
900437
900438
900439
900440
900441
900442
900443
900444
900445
900446
900447
900448
900449
900450
900451
900452
900453
900454
900455
900456
900457
900458
900485
900486
900487
900488
900489
900490
900491
900492
900493
900494
900495
900496
900497
900498
900499
900500
900501
900502
900503
900504
900505
900506
900507
900508
900509
900510
900511
900512
900513
900514
900515
900516
900517
900518
900519
900520
900521
900522
900523
900524
900525
900526
900527
900528
900529
900530
900531
900532
900533
900534
900535
900536
900537
900538
900539
900540
900541
900542
900543
900544
900545
900546
900547
900548
900549
900550
900551
900552
900553
900554
900555
900556
900557
900558
900559
900560
900561
900562
900563
900564
900565
900566
900567
900568
900569
900570
900571
900572
900573
900574
900575
900576
900577
900578
900579
900580
900581
900582
900583
900584
900585
900586
900587
900588
900667
900668
900669
900670
900671
900672
900673
900674
900675
900676
900677
900678
900679
900680
900681
900682
900683
900684
900685
900686
900687
900688
900689
900690
900691
900692
900693
900694
900695
900696
900697
900698
900699
900700
900701
900702
900703
900704
900705
900706
900707
900708
900709
900710
900711
900712
900713
900714
900715
900716
900717
900718
900719
900720
900721
900722
900723
900724
900725
900726
900727
900728
900729
900730
900731
900732
900733
900734
900735
900736
900737
900738
900739
900740
900741
900742
900743
900744
900771
900772
900773
900774
900775
900776
900777
900778
900779
900780
900781
900782
900783
900784
900785
900786
900787
900788
900789
900790
900791
900792
900793
900794
900795
900796
900875
900876
900877
900878
900879
900880
900881
900882
900883
900884
900885
900886
900887
900888
900889
900890
900891
900892
900893
900894
900895
900896
900897
900898
900899
900900
900901
900902
900903
900904
900905
900906
900907
900908
900909
900910
900911
900912
900913
900914
900915
900916
900917
900918
900919
900920
900921
900922
900923
900924
900925
900926
900927
900928
900929
900930
900931
900932
900933
900934
900935
900936
900937
900938
900939
900940
900941
900942
900943
900944
900945
900946
900947
900948
900949
900950
900951
900952
900979
900980
900981
900982
900983
900984
900985
900986
900987
900988
900989
900990
900991
900992
900993
900994
900995
900996
900997
900998
900999
901000
901001
901002
901003
901004
901057
901058
901059
901060
901061
901062
901063
901064
901065
901066
901067
901068
901069
901070
901071
901072
901073
901074
901075
901076
901077
901078
901079
901080
901081
901082
901161
901162
901163
901164
901165
901166
901167
901168
901169
901170
901171
901172
901173
901174
901175
901176
901177
901178
901179
901180
901181
901182
901183
901184
901185
901186
901265
901266
901267
901268
901269
901270
901271
901272
901273
901274
901275
901276
901277
901278
901279
901280
901281
901282
901283
901284
901285
901286
901287
901288
901289
901290
901291
901292
901293
901294
901295
901296
901297
901298
901299
901300
901301
901302
901303
901304
901305
901306
901307
901308
901309
901310
901311
901312
901313
901314
901315
901316
901317
901318
901319
901320
901321
901322
901323
901324
901325
901326
901327
901328
901329
901330
901331
901332
901333
901334
901335
901336
901337
901338
901339
901340
901341
901342
901343
901344
901345
901346
901347
901348
901349
901350
901351
901352
901353
901354
901355
901356
901357
901358
901359
901360
901361
901362
901363
901364
901365
901366
901367
901368
901369
901370
901371
901372
901373
901374
901375
901376
901377
901378
901379
901380
901381
901382
901383
901384
901385
901386
901387
901388
901389
901390
901391
901392
901393
901394
901395
901396
901397
901398
901399
901400
901401
901402
901403
901404
901405
901406
901407
901408
901409
901410
901411
901412
901413
901414
901415
901416
901417
901418
901419
901420
901447
901448
901449
901450
901451
901452
901453
901454
901455
901456
901457
901458
901459
901460
901461
901462
901463
901464
901465
901466
901467
901468
901469
901470
901471
901472
901551
901552
901553
901554
901555
901556
901557
901558
901559
901560
901561
901562
901563
901564
901565
901566
901567
901568
901569
901570
901571
901572
901573
901574
901575
901576
901655
901656
901657
901658
901659
901660
901661
901662
901663
901664
901665
901666
901667
901668
901669
901670
901671
901672
901673
901674
901675
901676
901677
901678
901679
901680
901733
901734
901735
901736
901737
901738
901739
901740
901741
901742
901743
901744
901745
901746
901747
901748
901749
901750
901751
901752
901753
901754
901755
901756
901757
901758
901785
901786
901787
901788
901789
901790
901791
901792
901793
901794
901795
901796
901797
901798
901799
901800
901801
901802
901803
901804
901805
901806
901807
901808
901809
901810
901811
901812
901813
901814
901815
901816
901817
901818
901819
901820
901821
901822
901823
901824
901825
901826
901827
901828
901829
901830
901831
901832
901833
901834
901835
901836
901837
901838
901839
901840
901841
901842
901843
901844
901845
901846
901847
901848
901849
901850
901851
901852
901853
901854
901855
901856
901857
901858
901859
901860
901861
901862
901915
901916
901917
901918
901919
901920
901921
901922
901923
901924
901925
901926
901927
901928
901929
901930
901931
901932
901933
901934
901935
901936
901937
901938
901939
901940
901941
901942
901943
901944
901945
901946
901947
901948
901949
901950
901951
901952
901953
901954
901955
901956
901957
901958
901959
901960
901961
901962
901963
901964
901965
901966
901967
901968
901969
901970
901971
901972
901973
901974
901975
901976
901977
901978
901979
901980
901981
901982
901983
901984
901985
901986
901987
901988
901989
901990
901991
901992
901993
901994
901995
901996
901997
901998
901999
902000
902001
902002
902003
902004
902005
902006
902007
902008
902009
902010
902011
902012
902013
902014
902015
902016
902017
902018
902019
902020
902021
902022
902023
902024
902025
902026
902027
902028
902029
902030
902031
902032
902033
902034
902035
902036
902037
902038
902039
902040
902041
902042
902043
902044
902045
902046
902047
902048
902049
902050
902051
902052
902053
902054
902055
902056
902057
902058
902059
902060
902061
902062
902063
902064
902065
902066
902067
902068
902069
902070
902149
902150
902151
902152
902153
902154
902155
902156
902157
902158
902159
902160
902161
902162
902163
902164
902165
902166
902167
902168
902169
902170
902171
902172
902173
902174
902175
902176
902177
902178
902179
902180
902181
902182
902183
902184
902185
902186
902187
902188
902189
902190
902191
902192
902193
902194
902195
902196
902197
902198
902199
902200
902279
902280
