902281
902282
902283
902284
902285
902286
902287
902288
902289
902290
902291
902292
902293
902294
902295
902296
902297
902298
902299
902300
902301
902302
902303
902304
902305
902306
902307
902308
902309
902310
902311
902312
902313
902314
902315
902316
902317
902318
902319
902320
902321
902322
902323
902324
902325
902326
902327
902328
902329
902330
902331
902332
902333
902334
902335
902336
902337
902338
902339
902340
902341
902342
902343
902344
902345
902346
902347
902348
902349
902350
902351
902352
902353
902354
902355
902356
902357
902358
902359
902360
902361
902362
902363
902364
902365
902366
902367
902368
902369
902370
902371
902372
902373
902374
902375
902376
902377
902378
902379
902380
902381
902382
902461
902462
902463
902464
902465
902466
902467
902468
902469
902470
902471
902472
902473
902474
902475
902476
902477
902478
902479
902480
902481
902482
902483
902484
902485
902486
902487
902488
902489
902490
902491
902492
902493
902494
902495
902496
902497
902498
902499
902500
902501
902502
902503
902504
902505
902506
902507
902508
902509
902510
902511
902512
902513
902514
902515
902516
902517
902518
902519
902520
902521
902522
902523
902524
902525
902526
902527
902528
902529
902530
902531
902532
902533
902534
902535
902536
902537
902538
902539
902540
902541
902542
902543
902544
902545
902546
902547
902548
902549
902550
902551
902552
902553
902554
902555
902556
902557
902558
902559
902560
902561
902562
902563
902564
902565
902566
902567
902568
902569
902570
902571
902572
902573
902574
902575
902576
902577
902578
902579
902580
902581
902582
902583
902584
902585
902586
902587
902588
902589
902590
902669
902670
902671
902672
902673
902674
902675
902676
902677
902678
902679
902680
902681
902682
902683
902684
902685
902686
902687
902688
902689
902690
902691
902693
902694
902721
902722
902723
902724
902725
902726
902727
902728
902729
902730
902731
902732
902733
902734
902735
902736
902737
902738
902739
902740
902741
902742
902743
902744
902745
902746
902747
902748
902749
902750
902751
902752
902753
902754
902755
902756
902757
902758
902759
902760
902761
902762
902763
902764
902765
902766
902767
902768
902769
902770
902771
902772
902825
902826
902827
902828
902829
902830
902831
902832
902833
902834
902835
902836
902837
902838
902839
902840
902841
902842
902843
902844
902845
902846
902847
902848
902849
902850
902903
902904
902905
902906
902907
902908
902909
902910
902911
902912
902913
902914
902915
902916
902917
902918
902919
902920
902921
902922
902923
902924
902925
902926
902927
902928
902955
902956
902957
902958
902959
902960
902961
902962
902963
902964
902965
902966
902967
902968
902969
902970
902971
902972
902973
902974
902975
902976
902977
902978
902979
902980
902981
902982
902983
902984
902985
902986
902987
902988
902989
902990
902991
902992
902993
902994
902995
902996
902997
902998
902999
903000
903001
903002
903003
903004
903005
903006
903007
903008
903009
903010
903011
903012
903013
903014
903015
903016
903017
903018
903019
903020
903021
903022
903023
903024
903025
903026
903027
903028
903029
903030
903031
903032
903137
903138
903139
903140
903141
903142
903143
903144
903145
903146
903147
903148
903149
903150
903151
903152
903153
903154
903155
903156
903157
903158
903159
903160
903161
903162
903163
903164
903165
903166
903167
903168
903169
903170
903171
903172
903173
903174
903175
903176
903177
903178
903179
903180
903181
903182
903183
903184
903185
903186
903187
903188
903215
903216
903217
903218
903219
903220
903221
903222
903223
903224
903225
903226
903227
903228
903229
903230
903231
903232
903233
903234
903235
903236
903237
903238
903239
903240
903241
903242
903243
903244
903245
903246
903247
903248
903249
903250
903251
903252
903253
903254
903255
903256
903257
903258
903259
903260
903261
903262
903263
903264
903265
903266
903267
903268
903269
903270
903271
903272
903273
903274
903275
903276
903277
903278
903279
903280
903281
903282
903283
903284
903285
903286
903287
903288
903289
903290
903291
903292
903371
903372
903373
903374
903375
903376
903377
903378
903379
903380
903381
903382
903383
903384
903385
903386
903387
903388
903389
903390
903391
903392
903393
903394
903395
903396
903397
903398
903399
903400
903401
903402
903403
903404
903405
903406
903407
903408
903409
903410
903411
903412
903413
903414
903415
903416
903417
903418
903419
903420
903421
903422
903449
903450
903451
903452
903453
903454
903455
903456
903457
903458
903459
903460
903461
903462
903463
903464
903465
903466
903467
903468
903469
903470
903471
903472
903473
903474
903475
903476
903477
903478
903479
903480
903481
903482
903483
903484
903485
903486
903487
903488
903489
903490
903491
903492
903493
903494
903495
903496
903497
903498
903499
903500
903579
903580
903581
903582
903583
903584
903585
903586
903587
903588
903589
903590
903591
903592
903593
903594
903595
903596
903597
903598
903599
903600
903601
903602
903603
903604
903605
903606
903607
903608
903609
903610
903611
903612
903613
903614
903615
903616
903617
903618
903619
903620
903621
903622
903623
903624
903625
903626
903627
903628
903629
903630
903683
903684
903685
903686
903687
903688
903689
903690
903691
903692
903693
903694
903695
903696
903697
903698
903699
903700
903701
903702
903703
903704
903705
903706
903707
903708
903709
903710
903711
903712
903713
903714
903715
903716
903717
903718
903719
903720
903721
903722
903723
903724
903725
903726
903727
903728
903729
903730
903731
903732
903733
903734
903735
903736
903737
903738
903739
903740
903741
903742
903743
903744
903745
903746
903747
903748
903749
903750
903752
903753
903754
903755
903756
903757
903758
903759
903760
903761
903762
903763
903764
903765
903766
903767
903768
903769
903770
903771
903772
903773
903774
903775
903776
903777
903778
903779
903780
903781
903782
903783
903784
903785
903786
903891
903892
903893
903894
903895
903896
903897
903898
903899
903900
903901
903902
903903
903904
903905
903906
903907
903908
903909
903910
903911
903912
903913
903914
903915
903916
903917
903918
903919
903920
903921
903922
903923
903924
903925
903926
903927
903928
903929
903930
903931
903932
903933
903934
903935
903936
903937
903938
903939
903940
903941
903942
903969
903970
903971
903972
903973
903974
903975
903976
903977
903978
903979
903980
903981
903982
903983
903984
903985
903986
903987
903988
903989
903990
903991
903992
903993
903994
903995
903996
903997
903998
903999
904000
904001
904002
904003
904004
904005
904006
904007
904008
904009
904010
904011
904012
904013
904014
904015
904016
904017
904018
904019
904020
904047
904048
904049
904050
904051
904052
904053
904054
904055
904056
904057
904058
904059
904060
904061
904062
904063
904064
904065
904066
904067
904068
904069
904070
904071
904072
904125
904126
904127
904128
904129
904130
904131
904132
904133
904134
904135
904136
904137
904138
904139
904140
904141
904142
904143
904144
904145
904146
904147
904148
904149
904150
904151
904152
904153
904154
904155
904156
904157
904158
904159
904160
904161
904162
904163
904164
904165
904166
904167
904168
904169
904170
904171
904172
904173
904174
904175
904176
904203
904204
904205
904206
904207
904208
904209
904210
904211
904212
904213
904214
904215
904216
904217
904218
904219
904220
904221
904222
904223
904224
904225
904226
904227
904228
904229
904230
904231
904232
904233
904234
904235
904236
904237
904238
904239
904240
904241
904242
904243
904244
904245
904246
904247
904248
904249
904250
904251
904252
904253
904254
904255
904256
904257
904258
904259
904260
904261
904262
904263
904264
904265
904266
904267
904268
904269
904270
904271
904272
904273
904274
904275
904276
904277
904278
904279
904280
904281
904282
904283
904284
904285
904286
904287
904288
904289
904290
904291
904292
904293
904294
904295
904296
904297
904298
904299
904300
904301
904302
904303
904304
904305
904306
904307
904308
904309
904310
904311
904312
904313
904314
904315
904316
904317
904318
904319
904320
904321
904322
904323
904324
904325
904326
904327
904328
904329
904330
904331
904332
904359
904360
904361
904362
904363
904364
904365
904366
904367
904368
904369
904370
904371
904372
904373
904374
904375
904376
904377
904378
904379
904380
904381
904382
904383
904384
904489
904490
904491
904492
904493
904494
904495
904496
904497
904498
904499
904500
904501
904502
904503
904504
904505
904506
904507
904508
904509
904510
904511
904512
904513
904514
904541
904542
904543
904544
904545
904546
904547
904548
904549
904550
904551
904552
904553
904554
904555
904556
904557
904558
904559
904560
904561
904562
904563
904564
904565
904566
904593
904594
904595
904596
904597
904598
904599
904600
904601
904602
904603
904604
904605
904606
904607
904608
904609
904610
904611
904612
904613
904614
904615
904616
904617
904618
904619
904620
904621
904622
904623
904624
904625
904626
904627
904628
904629
904630
904631
904632
904633
904634
904635
904636
904637
904638
904639
904640
904641
904642
904643
904644
904645
904646
904647
904648
904649
904650
904651
904652
904653
904654
904655
904656
904657
904658
904659
904660
904661
904662
904663
904664
904665
904666
904667
904668
904669
904670
904671
904672
904673
904674
904675
904676
904677
904678
904679
904680
904681
904682
904683
904684
904685
904686
904687
904688
904689
904690
904691
904692
904693
904694
904695
904696
904775
904776
904777
904778
904779
904780
904781
904782
904783
904784
904785
904786
904787
904788
904789
904790
904791
904792
904793
904794
904795
904796
904797
904798
904799
904800
904801
904802
904803
904804
904805
904806
904807
904808
904809
904810
904811
904812
904813
904814
904815
904816
904817
904818
904819
904820
904821
904822
904823
904824
904825
904826
904879
904880
904881
904882
904883
904884
904885
904886
904887
904888
904889
904890
904891
904892
904893
904894
904895
904896
904897
904898
904899
904900
904901
904902
904903
904904
904931
904932
904933
904934
904935
904936
904937
904938
904939
904940
904941
904942
904943
904944
904945
904946
904947
904948
904949
904950
904951
904952
904953
904954
904955
904956
904957
904958
904959
904960
904961
904962
904963
904964
904965
904966
904967
904968
904969
904970
904971
904972
904973
904974
904975
904976
904977
904978
904979
904980
904981
904982
905009
905010
905011
905012
905013
905014
905015
905016
905017
905018
905019
905020
905021
905022
905023
905024
905025
905026
905027
905028
905029
905030
905031
905032
905033
905034
905087
905088
905089
905090
905091
905092
905093
905094
905095
905096
905097
905098
905099
905100
905101
905102
905103
905104
905105
905106
905107
905108
905109
905110
905111
905112
905165
905166
905167
905168
905169
905170
905171
905172
905173
905174
905175
905176
905177
905178
905179
905180
905181
905182
905183
905184
905185
905186
905187
905188
905189
905190
905217
905218
905219
905220
905221
905222
905223
905224
905225
905226
905227
905228
905229
905230
905231
905232
905233
905234
905235
905236
905237
905238
905239
905240
905241
905242
905243
905244
905245
905246
905247
905248
905249
905250
905251
905252
905253
905254
905255
905256
905257
905258
905259
905260
905261
905262
905263
905264
905265
905266
905267
905268
905269
905270
905271
905272
905273
905274
905275
905276
905277
905278
905279
905280
905281
905282
905283
905284
905285
905286
905287
905288
905289
905290
905291
905292
905293
905294
905321
905322
905323
905324
905325
905326
905327
905328
905329
905330
905331
905332
905333
905334
905335
905336
905337
905338
905339
905340
905341
905342
905343
905344
905345
905346
905373
905374
905375
905376
905377
905378
905379
905380
905381
905382
905383
905384
905385
905386
905387
905388
905389
905390
905391
905392
905393
905394
905395
905396
905397
905398
905399
905400
905401
905402
905403
905404
905405
905406
905407
905408
905409
905410
905411
905412
905413
905414
905415
905416
905417
905418
905419
905420
905421
905422
905423
905424
905425
905426
905427
905428
905429
905430
905431
905432
905433
905434
905435
905436
905437
905438
905439
905440
905441
905442
905443
905444
905445
905446
905447
905448
905449
905450
905451
905452
905453
905454
905455
905456
905457
905458
905459
905460
905461
905462
905463
905464
905465
905466
905467
905468
905469
905470
905471
905472
905473
905474
905475
905476
905503
905504
905505
905506
905507
905508
905509
905510
905511
905512
905513
905514
905515
905516
905517
905518
905519
905520
905521
905522
905523
905524
905525
905526
905527
905528
905529
905530
905531
905532
905533
905534
905535
905536
905537
905538
905539
905540
905541
905542
905543
905544
905545
905546
905547
905548
905549
905550
905551
905552
905553
905554
905581
905582
905583
905584
905585
905586
905587
905588
905589
905590
905591
905592
905593
905594
905595
905596
905597
905598
905599
905600
905601
905602
905603
905604
905605
905606
905633
905634
905635
905636
905637
905638
905639
905640
905641
905642
905643
905644
905645
905646
905647
905648
905649
905650
905651
905652
905653
905654
905655
905656
905657
905658
905659
905660
905661
905662
905663
905664
905665
905666
905667
905668
905669
905670
905671
905672
905673
905674
905675
905676
905677
905678
905679
905680
905681
905682
905683
905684
905685
905686
905687
905688
905689
905690
905691
905692
905693
905694
905695
905696
905697
905698
905699
905700
905701
905702
905703
905704
905705
905706
905707
905708
905709
905710
905711
905712
905713
905714
905715
905716
905717
905718
905719
905720
905721
905722
905723
905724
905725
905726
905727
905728
905729
905730
905731
905732
905733
905734
905735
905736
905789
905790
905791
905792
905793
905794
905795
905796
905797
905798
905799
905800
905801
905802
905803
905804
905805
905806
905807
905808
905809
905810
905811
905812
905813
905814
905815
905816
905817
905818
905819
905820
905821
905822
905823
905824
905825
905826
905827
905828
905829
905830
905831
905832
905833
905834
905835
905836
905837
905838
905839
905840
905893
905894
905895
905896
905897
905898
905899
905900
905901
905902
905903
905904
905905
905906
905907
905908
905909
905910
905911
905912
905913
905914
905915
905916
905917
905918
905945
905946
905947
905948
905949
905950
905951
905952
905953
905954
905955
905956
905957
905958
905959
905960
905961
905962
905963
905964
905965
905966
905967
905968
905969
905970
905971
905972
905973
905974
905975
905976
905977
905978
905979
905980
905981
905982
905983
905984
905985
905986
905987
905988
905989
905990
905991
905992
905993
905994
905995
905996
906023
906024
906025
906026
906027
906028
906029
906030
906031
906032
906033
906034
906035
906036
906037
906038
906039
906040
906041
906042
906043
906044
906045
906046
906047
906048
906049
906050
906051
906052
906053
906054
906055
906056
906057
906058
906059
906060
906061
906062
906063
906064
906065
906066
906067
906068
906069
906070
906071
906072
906073
906074
906101
906102
906103
906104
906105
906106
906107
906108
906109
906110
906111
906112
906113
906114
906115
906116
906117
906118
906119
906120
906121
906122
906123
906124
906125
906126
906127
906128
906129
906130
906131
906132
906133
906134
906135
906136
906137
906138
906139
906140
906141
906142
906143
906144
906145
906146
906147
906148
906149
906150
906151
906152
906153
906154
906155
906156
906157
906158
906159
906160
906161
906162
906163
906164
906165
906166
906167
906168
906169
906170
906171
906172
906173
906174
906175
906176
906177
906178
906231
906232
906233
906234
906235
906236
906237
906238
906239
906240
906241
906242
906243
906244
906245
906246
906247
906248
906249
906250
906251
906252
906253
906254
906255
906256
906257
906258
906259
906260
906261
906262
906263
906264
906265
906266
906267
906268
906269
906270
906271
906272
906273
906274
906275
906276
906277
906278
906279
906280
906281
906282
906361
906362
906363
906364
906365
906366
906367
906368
906369
906370
906371
906372
906373
906374
906375
906376
906377
906378
906379
906380
906381
906382
906383
906384
906385
906386
906413
906414
906415
906416
906417
906418
906419
906420
906421
906422
906423
906424
906425
906426
906427
906428
906429
906430
906431
906432
906433
906434
906435
906436
906437
906438
906517
906518
906519
906520
906521
906522
906523
906524
906525
906526
906527
906528
906529
906530
906531
906532
906533
906534
906535
906536
906537
906538
906539
906540
906541
906542
906543
906544
906545
906546
906547
906548
906549
906550
906551
906552
906553
906554
906555
906556
906557
906558
906559
906560
906561
906562
906563
906564
906565
906566
906567
906568
906569
906570
906571
906572
906573
906574
906575
906576
906577
906578
906579
906580
906581
906582
906583
906584
906585
906586
906587
906588
906589
906590
906591
906592
906593
906594
906621
906622
906623
906624
906625
906626
906627
906628
906629
906630
906631
906632
906633
906634
906635
906636
906637
906638
906639
906640
906641
906642
906643
906644
906645
906646
906647
906648
906649
906650
906651
906652
906653
906654
906655
906656
906657
906658
906659
906660
906661
906662
906663
906664
906665
906666
906667
906668
906669
906670
906671
906672
906725
906726
906727
906728
906729
906730
906731
906732
906733
906734
906735
906736
906737
906738
906739
906740
906741
906742
906743
906744
906745
906746
906747
906748
906749
906750
906829
906830
906831
906832
906833
906834
906835
906836
906837
906838
906839
906840
906841
906842
906843
906844
906845
906846
906847
906848
906849
906850
906851
906852
906853
906854
906881
906882
906883
906884
906885
906886
906887
906888
906889
906890
906891
906892
906893
906894
906895
906896
906897
906898
906899
906900
906901
906902
906903
906904
906905
906906
906907
906908
906909
906910
906911
906912
906913
906914
906915
906916
906917
906918
906919
906920
906921
906922
906923
906924
906925
906926
906927
906928
906929
906930
906931
906932
906933
906934
906935
906936
906937
906938
906939
906940
906941
906942
906943
906944
906945
906946
906947
906948
906949
906950
906951
906952
906953
906954
906955
906956
906957
906958
906985
906986
906987
906988
906989
906990
906991
906992
906993
906994
906995
906996
906997
906998
906999
907000
907001
907002
907003
907004
907005
907006
907007
907008
907009
907010
907037
907038
907039
907040
907041
907042
907043
907044
907045
907046
907047
907048
907049
907050
907051
907052
907053
907054
907055
907056
907057
907058
907059
907060
907061
907062
907063
907064
907065
907066
907067
907068
907069
907070
907071
907072
907073
907074
907075
907076
907077
907078
907079
907080
907081
907082
907083
907084
907085
907086
907087
907088
907141
907142
907143
907144
907145
907146
907147
907148
907149
907150
907151
907152
907153
907154
907155
907156
907157
907158
907159
907160
907161
907162
907163
907164
907165
907166
907193
907194
907195
907196
907197
907198
907199
907200
907201
907202
907203
907204
907205
907206
907207
907208
907209
907210
907211
907212
907213
907214
907215
907216
907217
907218
907245
907246
907247
907248
907249
907250
907251
907252
907253
907254
907255
907256
907257
907258
907259
907260
907261
907262
907263
907264
907265
907266
907267
907268
907269
907270
907349
907350
907351
907352
907353
907354
907355
907356
907357
907358
907359
907360
907361
907362
907363
907364
907365
907366
907367
907368
907369
907370
907371
907372
907373
907374
907401
907402
907403
907404
907405
907406
907407
907408
907409
907410
907411
907412
907413
907414
907415
907416
907417
907418
907419
907420
907421
907422
907423
907424
907425
907426
907427
907428
907429
907430
907431
907432
907433
907434
907435
907436
907437
907438
907439
907440
907441
907442
907443
907444
907445
907446
907447
907448
907449
907450
907451
907452
907479
907480
907481
907482
907483
907484
907485
907486
907487
907488
907489
907490
907491
907492
907493
907494
907495
907496
907497
907498
907499
907500
907501
907502
907503
907504
907557
907558
907559
907560
907561
907562
907563
907564
907565
907566
907567
907568
907569
907570
907571
907572
907573
907574
907575
907576
907577
907578
907579
907580
907581
907582
907609
907610
907611
907612
907613
907614
907615
907616
907617
907618
907619
907620
907621
907622
907623
907624
907625
907626
907627
907628
907629
907630
907631
907632
907633
907634
907635
907636
907637
907638
907639
907640
907641
907642
907643
907644
907645
907646
907647
907648
907649
907650
907651
907652
907653
907654
907655
907656
907657
907658
907659
907660
907713
907714
907715
907716
907717
907718
907719
907720
907721
907722
907723
907724
907725
907726
907727
907728
907729
907730
907731
907732
907733
907734
907735
907736
907737
907738
907739
907740
907741
907742
907743
907744
907745
907746
907747
907748
907749
907750
907751
907752
907753
907754
907755
907756
907757
907758
907759
907760
907761
907762
907763
907764
907869
907870
907871
907872
907873
907874
907875
907876
907877
907878
907879
907880
907881
907882
907883
907884
907885
907886
907887
907888
907889
907890
907891
907892
907893
907894
907895
907896
907897
907898
907899
907900
907901
907902
907903
907904
907905
907906
907907
907908
907909
907910
907911
907912
907913
907914
907915
907916
907917
907918
907919
907920
907973
907974
907975
907976
907977
907978
907979
907980
907981
907982
907983
907984
907985
907986
907987
907988
907989
907990
907991
907992
907993
907994
907995
907996
907997
907998
907999
908000
908001
908002
908003
908004
908005
908006
908007
908008
908009
908010
908011
908012
908013
908014
908015
908016
908017
908018
908019
908020
908021
908022
908023
908024
908025
908026
908027
908028
908029
908030
908031
908032
908033
908034
908035
908036
908037
908038
908039
908040
908041
908042
908043
908044
908045
908046
908047
908048
908049
908050
908077
908078
908079
908080
908081
908082
908083
908084
908085
908086
908087
908088
908089
908090
908091
908092
908093
908094
908095
908096
908097
908098
908099
908100
908101
908102
908155
908156
908157
908158
908159
908160
908161
908162
908163
908164
908165
908166
908167
908168
908169
908170
908171
908172
908173
908174
908176
908177
908178
908179
908180
908207
908208
908209
908210
908211
908212
908213
908214
908215
908216
908217
908218
908219
908220
908221
908222
908223
908224
908225
908226
908227
908228
908229
908230
908231
908232
908259
908260
908261
908262
908263
908264
908265
908266
908267
908268
908269
908270
908271
908272
908273
908274
908275
908276
908277
908278
908279
908280
908281
908282
908283
908284
908285
908286
908287
908288
908289
908290
908291
908292
908293
908294
908295
908296
908297
908298
908299
908300
908301
908302
908303
908304
908305
908306
908307
908308
908309
908310
908337
908338
908339
908340
908341
908342
908343
908344
908345
908346
908347
908348
908349
908350
908351
908352
908353
908354
908355
908356
908357
908358
908359
908360
908361
908362
908363
908364
908365
908366
908367
908368
908369
908370
908371
908372
908373
908374
908375
908376
908377
908378
908379
908380
908381
908382
908383
908384
908385
908386
908387
908388
908389
908390
908391
908392
908393
908394
908395
908396
908397
908398
908399
908400
908401
908402
908403
908404
908405
908406
908407
908408
908409
908410
908411
908412
908413
908414
908441
908442
908443
908444
908445
908446
908447
908448
908449
908450
908451
908452
908453
908454
908455
908456
908457
908458
908459
908460
908461
908462
908463
908464
908465
908466
908493
908494
908495
908496
908497
908498
908499
908500
908501
908502
908503
908504
908505
908506
908507
908508
908509
908510
908511
908512
908513
908514
908515
908516
908517
908518
908519
908520
908521
908522
908523
908524
908525
908526
908527
908528
908529
908530
908531
908532
908533
908534
908535
908536
908537
908538
908539
908540
908541
908542
908543
908544
908571
908572
908573
908574
908575
908576
908577
908578
908579
908580
908581
908582
908583
908584
908585
908586
908587
908588
908589
908590
908591
908592
908593
908594
908595
908596
908623
908624
908625
908626
908627
908628
908629
908630
908631
908632
908633
908634
908635
908636
908637
908638
908639
908640
908641
908642
908643
908644
908645
908646
908647
908648
908649
908650
908651
908652
908653
908654
908655
908656
908657
908658
908659
908660
908661
908662
908663
908664
908665
908666
908667
908668
908669
908670
908671
908672
908673
908674
908675
908676
908677
908678
908679
908680
908681
908682
908683
908684
908685
908686
908687
908688
908689
908690
908691
908692
908693
908694
908695
908696
908697
908698
908699
908700
908701
908702
908703
908704
908705
908706
908707
908708
908709
908710
908711
908712
908713
908714
908715
908716
908717
908718
908719
908720
908721
908722
908723
908724
908725
908726
908753
908754
908755
908756
908757
908758
908759
908760
908761
908762
908763
908764
908765
908766
908767
908768
908769
908770
908771
908772
908773
908774
908775
908776
908777
908778
908857
908858
908859
908860
908861
908862
908863
908864
908865
908866
908867
908868
908869
908870
908871
908872
908873
908874
908875
908876
908877
908878
908879
908880
908881
908882
908883
908884
908885
908886
908887
908888
908889
908890
908891
908892
908893
908894
908895
908896
908897
908898
908899
908900
908901
908902
908903
908904
908905
908906
908907
908908
908909
908910
908911
908912
908913
908914
908915
908916
908917
908918
908919
908920
908921
908922
908923
908924
908925
908926
908927
908928
908929
908930
908931
908932
908933
908934
908935
908936
908937
908938
908939
908940
908941
908942
908943
908944
908945
908946
908947
908948
908949
908950
908951
908952
908953
908954
908955
908956
908957
908958
908959
908960
909091
909092
909093
909094
909095
909096
909097
909098
909099
909100
909101
909102
909103
909104
909105
909106
909107
909108
909109
909110
909111
909112
909113
909114
909115
909116
909117
909118
909119
909120
909121
909122
909123
909124
909125
909126
909127
909128
909129
909130
909131
909132
909133
909134
909135
909136
909137
909138
909139
909140
909141
909142
909169
909170
909171
909172
909173
909174
909175
909176
909177
909178
909179
909180
909181
909182
909183
909184
909185
909186
909187
909188
909189
909190
909191
909192
909193
909194
909299
909300
909301
909302
909303
909304
909305
909306
909307
909308
909309
909310
909311
909312
909313
909314
909315
909316
909317
909318
909319
909320
909321
909322
909323
909324
909325
909326
909327
909328
909329
909330
909331
909332
909333
909334
909335
909336
909337
909338
909339
909340
909341
909342
909343
909344
909345
909346
909347
909348
909349
909350
909377
909378
909379
909380
909381
909382
909383
909384
909385
909386
909387
909388
909389
909390
909391
909392
909393
909394
909395
909396
909397
909398
909399
909400
909401
909402
909403
909404
909405
909406
909407
909408
909409
909410
909411
909412
909413
909414
909415
909416
909417
909418
909419
909420
909421
909422
909423
909425
909426
909427
909428
909429
909430
909431
909432
909433
909434
909435
909436
909437
909438
909439
909440
909441
909442
909443
909444
909445
909446
909447
909448
909449
909450
909451
909452
909453
909454
909481
909482
909483
909484
909485
909486
909487
909488
909489
909490
909491
909492
909493
909494
909495
909496
909497
909498
909499
909500
909501
909502
909503
909504
909505
909506
909507
909508
909509
909510
909511
909512
909513
909514
909515
909516
909517
909518
909519
909520
909521
909522
909523
909524
909525
909526
909527
909528
909529
909530
909531
909532
909585
909586
909587
909588
909589
909590
909591
909592
909593
909594
909595
909596
909597
909598
909599
909600
909601
909602
909603
909604
909605
909606
909607
909608
909609
909610
909637
909638
909639
909640
909641
909642
909643
909644
909645
909646
909647
909648
909649
909650
909651
909652
909653
909654
909655
909656
909657
909658
909659
909660
909661
909662
