909689
909690
909691
909692
909693
909694
909695
909696
909697
909698
909699
909700
909701
909702
909703
909704
909705
909706
909707
909708
909709
909710
909711
909712
909713
909714
909715
909716
909717
909718
909719
909720
909721
909722
909723
909724
909725
909726
909727
909728
909729
909730
909731
909732
909733
909734
909735
909736
909737
909738
909739
909740
909767
909768
909769
909770
909771
909772
909773
909774
909775
909776
909777
909778
909779
909780
909781
909782
909783
909784
909785
909786
909787
909788
909789
909790
909791
909792
909793
909794
909795
909796
909797
909798
909799
909800
909801
909802
909803
909804
909805
909806
909807
909808
909809
909810
909811
909812
909813
909814
909815
909816
909817
909818
909845
909846
909847
909848
909849
909850
909851
909852
909853
909854
909855
909856
909857
909858
909859
909860
909861
909862
909863
909864
909865
909866
909867
909868
909869
909870
909923
909924
909925
909926
909927
909928
909929
909930
909931
909932
909933
909934
909935
909936
909937
909938
909939
909940
909941
909942
909943
909944
909945
909946
909947
909948
909975
909976
909977
909978
909979
909980
909981
909982
909983
909984
909985
909986
909987
909988
909989
909990
909991
909992
909993
909994
909995
909996
909997
909998
909999
910000
910079
910080
910081
910082
910083
910084
910085
910086
910087
910088
910089
910090
910091
910092
910093
910094
910095
910096
910097
910098
910099
910100
910101
910102
910103
910104
910157
910158
910159
910160
910161
910162
910163
910164
910165
910166
910167
910168
910169
910170
910171
910172
910173
910174
910175
910176
910177
910178
910179
910180
910181
910182
910235
910236
910237
910238
910239
910240
910241
910242
910243
910244
910245
910246
910247
910248
910249
910250
910251
910252
910253
910254
910255
910256
910257
910258
910259
910260
910261
910262
910263
910264
910265
910266
910267
910268
910269
910270
910271
910272
910273
910274
910275
910276
910277
910278
910279
910280
910281
910282
910283
910284
910285
910286
910417
910418
910419
910420
910421
910422
910423
910424
910425
910426
910427
910428
910429
910430
910431
910432
910433
910434
910435
910436
910437
910438
910439
910440
910441
910442
910469
910470
910471
910472
910473
910474
910475
910476
910477
910478
910479
910480
910481
910482
910483
910484
910485
910486
910487
910488
910489
910490
910491
910492
910493
910494
910547
910548
910549
910550
910551
910552
910553
910555
910556
910557
910558
910559
910560
910561
910562
910563
910564
910565
910566
910567
910568
910569
910570
910571
910572
910625
910626
910627
910628
910629
910630
910631
910632
910633
910634
910635
910636
910637
910638
910639
910640
910641
910642
910643
910644
910645
910646
910647
910648
910649
910650
910651
910652
910653
910654
910655
910656
910657
910658
910659
910660
910661
910662
910663
910664
910665
910666
910667
910668
910669
910670
910671
910672
910673
910674
910675
910676
910677
910678
910679
910680
910681
910682
910683
910684
910685
910686
910687
910688
910689
910690
910691
910692
910693
910694
910695
910696
910697
910698
910699
910700
910701
910702
910703
910704
910705
910706
910707
910708
910709
910710
910711
910712
910713
910714
910715
910716
910717
910718
910719
910720
910721
910722
910723
910724
910725
910726
910727
910728
910755
910756
910757
910758
910759
910760
910761
910762
910763
910764
910765
910766
910767
910768
910769
910770
910771
910772
910773
910774
910775
910776
910777
910778
910779
910780
910781
910782
910783
910784
910785
910786
910787
910788
910789
910790
910791
910792
910793
910794
910795
910796
910797
910798
910799
910800
910801
910802
910803
910804
910805
910806
910807
910808
910809
910810
910811
910812
910813
910814
910815
910816
910817
910818
910819
910820
910821
910822
910823
910824
910825
910826
910827
910828
910829
910830
910831
910832
910885
910886
910887
910888
910889
910890
910891
910892
910893
910894
910895
910896
910897
910898
910899
910900
910901
910902
910903
910904
910905
910906
910907
910908
910909
910910
910937
910938
910939
910940
910941
910942
910943
910944
910945
910946
910947
910948
910949
910950
910951
910952
910953
910954
910955
910956
910957
910958
910959
910960
910961
910962
910963
910964
910965
910966
910967
910968
910969
910970
910971
910972
910973
910974
910975
910976
910977
910978
910979
910980
910981
910982
910983
910984
910985
910986
910987
910988
910989
910990
910991
910992
910993
910994
910995
910996
910997
910998
910999
911000
911001
911002
911003
911004
911005
911006
911007
911008
911009
911010
911011
911012
911013
911014
911093
911094
911095
911096
911097
911098
911099
911100
911101
911102
911103
911104
911105
911106
911107
911108
911109
911110
911111
911112
911113
911114
911115
911116
911117
911118
911119
911120
911121
911122
911123
911124
911125
911126
911127
911128
911129
911130
911131
911132
911133
911134
911135
911136
911137
911138
911139
911140
911141
911142
911143
911144
911145
911146
911147
911148
911149
911150
911151
911152
911153
911154
911155
911156
911157
911158
911159
911160
911161
911162
911163
911164
911165
911166
911167
911168
911169
911170
911275
911276
911277
911278
911279
911280
911281
911282
911283
911284
911285
911286
911287
911288
911289
911290
911291
911292
911293
911294
911295
911296
911297
911298
911299
911300
911301
911302
911303
911304
911305
911306
911307
911308
911309
911310
911311
911312
911313
911314
911315
911316
911317
911318
911319
911320
911321
911322
911323
911324
911325
911326
911327
911328
911329
911330
911331
911332
911333
911334
911335
911336
911337
911338
911339
911340
911341
911342
911343
911344
911345
911346
911347
911348
911349
911350
911351
911352
911353
911354
911355
911356
911357
911358
911359
911360
911361
911362
911363
911364
911365
911366
911367
911368
911369
911370
911371
911372
911373
911374
911375
911376
911377
911378
911379
911380
911381
911382
911383
911384
911385
911386
911387
911388
911389
911390
911391
911392
911393
911394
911395
911396
911397
911398
911399
911400
911401
911402
911403
911404
911405
911406
911407
911408
911409
911410
911411
911412
911413
911414
911415
911416
911417
911418
911419
911420
911421
911422
911423
911424
911425
911426
911427
911428
911429
911430
911457
911458
911459
911460
911461
911462
911463
911464
911465
911466
911467
911468
911469
911470
911471
911472
911473
911474
911475
911476
911477
911478
911479
911480
911481
911482
911535
911536
911537
911538
911539
911540
911541
911542
911543
911544
911545
911546
911547
911548
911549
911550
911551
911552
911553
911554
911555
911556
911557
911558
911559
911560
911639
911641
911642
911643
911644
911645
911646
911647
911648
911649
911650
911651
911652
911653
911654
911655
911656
911657
911658
911659
911660
911661
911662
911663
911664
911691
911692
911693
911694
911695
911696
911697
911698
911699
911700
911701
911702
911703
911704
911705
911706
911707
911708
911709
911710
911711
911712
911713
911714
911715
911716
911743
911744
911745
911746
911747
911748
911749
911750
911751
911752
911753
911754
911755
911756
911757
911758
911759
911760
911761
911762
911763
911764
911765
911766
911767
911768
911873
911874
911875
911876
911877
911878
911879
911880
911881
911882
911883
911884
911885
911886
911887
911888
911889
911890
911891
911892
911893
911894
911895
911896
911897
911898
911899
911900
911901
911902
911903
911904
911905
911906
911907
911908
911909
911910
911911
911912
911913
911914
911915
911916
911917
911918
911919
911920
911921
911922
911923
911924
911951
911952
911953
911954
911955
911956
911957
911958
911959
911960
911961
911962
911963
911964
911965
911966
911967
911968
911969
911970
911971
911972
911973
911974
911975
911976
912003
912004
912005
912006
912007
912008
912009
912010
912011
912012
912013
912014
912015
912016
912017
912018
912019
912020
912021
912022
912023
912024
912025
912026
912027
912028
912081
912082
912083
912084
912085
912086
912087
912088
912089
912090
912091
912092
912093
912094
912095
912096
912097
912098
912099
912100
912101
912102
912103
912104
912105
912106
912107
912108
912109
912110
912111
912112
912113
912114
912115
912116
912117
912118
912119
912120
912121
912122
912123
912124
912125
912126
912127
912128
912129
912130
912131
912132
912133
912134
912135
912136
912137
912138
912139
912140
912141
912142
912143
912144
912145
912146
912147
912148
912149
912150
912151
912152
912153
912154
912155
912156
912157
912158
912211
912212
912213
912214
912215
912216
912217
912218
912219
912220
912221
912222
912223
912224
912225
912226
912227
912228
912229
912230
912231
912232
912233
912234
912235
912236
912263
912264
912265
912266
912267
912268
912269
912270
912271
912272
912273
912274
912275
912276
912277
912278
912279
912280
912281
912282
912283
912284
912285
912286
912287
912288
912315
912316
912317
912318
912319
912320
912321
912322
912323
912324
912325
912326
912327
912328
912329
912330
912331
912332
912333
912334
912335
912336
912337
912338
912339
912340
912341
912342
912343
912344
912345
912346
912347
912348
912349
912350
912351
912352
912353
912354
912355
912356
912357
912358
912359
912360
912361
912362
912363
912364
912365
912366
912419
912420
912421
912422
912423
912424
912425
912426
912427
912428
912429
912430
912431
912432
912433
912434
912435
912436
912437
912438
912439
912440
912441
912442
912443
912444
912471
912472
912473
912474
912475
912476
912477
912478
912479
912480
912481
912482
912483
912484
912485
912486
912487
912488
912489
912490
912491
912492
912493
912494
912495
912496
912523
912524
912525
912526
912527
912528
912529
912530
912531
912532
912533
912534
912535
912536
912537
912538
912539
912540
912541
912542
912543
912544
912545
912546
912547
912548
912653
912654
912655
912656
912657
912658
912659
912660
912661
912662
912663
912664
912665
912666
912667
912668
912669
912670
912671
912672
912673
912674
912675
912676
912677
912678
912705
912706
912707
912708
912709
912710
912711
912712
912713
912714
912715
912716
912717
912718
912719
912720
912721
912722
912723
912724
912725
912726
912727
912728
912729
912730
912757
912758
912759
912760
912761
912762
912763
912764
912765
912766
912767
912768
912769
912770
912771
912772
912773
912774
912775
912776
912777
912778
912779
912780
912781
912782
912809
912810
912811
912812
912813
912814
912815
912816
912817
912818
912819
912820
912821
912822
912823
912824
912825
912826
912827
912828
912829
912830
912831
912832
912833
912834
912835
912836
912837
912838
912839
912840
912841
912842
912843
912844
912845
912846
912847
912848
912849
912850
912851
912852
912853
912854
912855
912856
912857
912858
912859
912860
912861
912862
912863
912864
912865
912866
912867
912868
912869
912870
912871
912872
912873
912874
912875
912876
912877
912878
912879
912880
912881
912882
912883
912884
912885
912886
913095
913096
913097
913098
913099
913100
913101
913102
913103
913104
913105
913106
913107
913108
913109
913110
913111
913112
913113
913114
913115
913116
913117
913118
913119
913120
913147
913148
913149
913150
913151
913152
913153
913154
913155
913156
913157
913158
913159
913160
913161
913162
913163
913164
913165
913166
913167
913168
913169
913170
913171
913172
913173
913174
913175
913176
913177
913178
913179
913180
913181
913182
913183
913184
913185
913186
913187
913188
913189
913190
913191
913192
913193
913194
913195
913196
913197
913198
913225
913226
913227
913228
913229
913230
913231
913232
913233
913234
913235
913236
913237
913238
913239
913240
913241
913242
913243
913244
913245
913246
913247
913248
913249
913250
913277
913278
913279
913280
913281
913282
913283
913284
913285
913286
913287
913288
913289
913290
913291
913292
913293
913294
913295
913296
913297
913298
913299
913300
913301
913302
913303
913304
913305
913306
913307
913308
913309
913310
913311
913312
913313
913314
913315
913316
913317
913318
913319
913320
913321
913322
913323
913324
913325
913326
913327
913328
913329
913330
913331
913332
913333
913334
913335
913336
913337
913338
913339
913340
913341
913342
913343
913344
913345
913346
913347
913348
913349
913350
913351
913352
913353
913354
913355
913356
913357
913358
913359
913360
913361
913362
913363
913364
913365
913366
913367
913368
913369
913370
913371
913372
913373
913374
913375
913376
913377
913378
913379
913380
913407
913408
913409
913410
913411
913412
913413
913414
913415
913416
913417
913418
913419
913420
913421
913422
913423
913424
913425
913426
913427
913428
913429
913430
913431
913432
913537
913538
913539
913540
913541
913542
913543
913544
913545
913546
913547
913548
913549
913550
913551
913552
913553
913554
913555
913556
913557
913558
913559
913560
913561
913562
913745
913746
913747
913748
913749
913750
913751
913752
913753
913754
913755
913756
913757
913758
913759
913760
913761
913762
913763
913764
913765
913766
913767
913768
913769
913770
913849
913850
913851
913852
913853
913854
913855
913856
913857
913858
913859
913860
913861
913862
913863
913864
913865
913866
913867
913868
913869
913870
913871
913872
913873
913874
913875
913876
913877
913878
913879
913880
913881
913882
913883
913884
913885
913886
913887
913888
913889
913890
913891
913892
913893
913894
913895
913896
913897
913898
913899
913900
913953
913954
913955
913956
913957
913958
913959
913960
913961
913962
913963
913964
913965
913966
913967
913968
913969
913970
913971
913972
913973
913974
913975
913976
913977
913978
913979
913980
913981
913982
913983
913984
913985
913986
913987
913988
913989
913990
913991
913992
913993
913994
913995
913996
913997
913998
913999
914000
914001
914002
914003
914004
914031
914032
914033
914034
914035
914036
914037
914038
914039
914040
914041
914042
914043
914044
914045
914046
914047
914048
914049
914050
914051
914052
914053
914054
914055
914056
914109
914110
914111
914112
914113
914114
914115
914116
914117
914118
914119
914120
914121
914122
914123
914124
914125
914126
914127
914128
914129
914130
914131
914132
914133
914134
914187
914188
914189
914190
914191
914192
914193
914194
914195
914196
914197
914198
914199
914200
914201
914202
914203
914204
914205
914206
914207
914208
914209
914210
914211
914212
914239
914240
914241
914242
914243
914244
914245
914246
914247
914248
914249
914250
914251
914252
914253
914254
914255
914256
914257
914258
914259
914260
914261
914262
914263
914264
914265
914266
914267
914268
914269
914270
914271
914272
914273
914274
914275
914276
914277
914278
914279
914280
914281
914282
914283
914284
914285
914286
914287
914288
914289
914290
914317
914318
914319
914320
914321
914322
914323
914324
914325
914326
914327
914328
914329
914330
914331
914332
914333
914334
914335
914336
914337
914338
914339
914340
914341
914342
914343
914344
914345
914346
914347
914348
914349
914350
914351
914352
914353
914354
914355
914356
914357
914358
914359
914360
914361
914362
914363
914364
914365
914366
914367
914368
914369
914370
914371
914372
914373
914374
914375
914376
914377
914378
914379
914380
914381
914382
914383
914384
914385
914386
914387
914388
914389
914390
914391
914392
914393
914394
914395
914396
914397
914398
914399
914400
914401
914402
914403
914404
914405
914406
914407
914408
914409
914410
914411
914412
914413
914414
914415
914416
914417
914418
914419
914420
914499
914500
914501
914502
914503
914504
914505
914506
914507
914508
914509
914510
914511
914512
914513
914514
914515
914516
914517
914518
914519
914520
914521
914522
914523
914524
914525
914526
914527
914528
914529
914530
914531
914532
914533
914534
914535
914536
914537
914538
914539
914540
914541
914542
914543
914544
914545
914546
914547
914548
914549
914550
914603
914604
914605
914606
914607
914608
914609
914610
914611
914612
914613
914614
914615
914616
914617
914618
914619
914620
914621
914622
914623
914624
914625
914626
914627
914628
914629
914630
914631
914632
914633
914634
914635
914636
914637
914638
914639
914640
914641
914642
914643
914644
914645
914646
914647
914648
914649
914650
914651
914652
914653
914654
914681
914682
914683
914684
914685
914686
914687
914688
914689
914690
914691
914692
914693
914694
914695
914696
914697
914698
914699
914700
914701
914702
914703
914704
914705
914706
914707
914708
914709
914710
914711
914712
914713
914714
914715
914716
914717
914718
914719
914720
914721
914722
914723
914724
914725
914726
914727
914728
914729
914730
914731
914732
914733
914734
914735
914736
914737
914738
914739
914740
914741
914742
914743
914744
914745
914746
914747
914748
914749
914750
914751
914752
914753
914754
914755
914756
914757
914758
914759
914760
914761
914762
914763
914764
914765
914766
914767
914768
914769
914770
914771
914772
914773
914774
914775
914776
914777
914778
914779
914780
914781
914782
914783
914784
914785
914786
914787
914788
914789
914790
914791
914792
914793
914794
914795
914796
914797
914798
914799
914800
914801
914802
914803
914804
914805
914806
914807
914808
914809
914810
914863
914864
914865
914866
914867
914868
914869
914870
914871
914872
914873
914874
914875
914876
914877
914878
914879
914880
914881
914882
914883
914884
914885
914886
914887
914888
914889
914890
914891
914892
914893
914894
914895
914896
914897
914898
914899
914900
914901
914902
914903
914904
914905
914906
914907
914908
914909
914910
914911
914912
914913
914914
914915
914916
914917
914918
914919
914920
914921
914922
914923
914924
914925
914926
914927
914928
914929
914930
914931
914932
914933
914934
914935
914936
914937
914938
914939
914940
914941
914942
914943
914944
914945
914946
914947
914948
914949
914950
914951
914952
914953
914954
914955
914956
914957
914958
914959
914960
914961
914962
914963
914964
914965
914966
914967
914968
914969
914970
914971
914972
914973
914974
914975
914976
914977
914978
914979
914980
914981
914982
914983
914984
914985
914986
914987
914988
914989
914990
914991
914992
914993
914994
914995
914996
914997
914998
914999
915000
915001
915002
915003
915004
915005
915006
915007
915008
915009
915010
915011
915012
915013
915014
915015
915016
915017
915018
915019
915020
915021
915022
915023
915024
915025
915026
915027
915028
915029
915030
915031
915032
915033
915034
915035
915036
915037
915038
915039
915040
915041
915042
915043
915044
915097
915098
915099
915100
915101
915102
915103
915104
915105
915106
915107
915108
915109
915110
915111
915112
915113
915114
915115
915116
915117
915118
915119
915120
915121
915122
915149
915150
915151
915152
915153
915154
915155
915156
915157
915158
915159
915160
915161
915162
915163
915164
915165
915166
915167
915168
915169
915170
915171
915172
915173
915174
915227
915228
915229
915230
915231
915232
915233
915234
915235
915236
915237
915238
915239
915240
915241
915242
915243
915244
915245
915246
915247
915248
915249
915250
915251
915252
915253
915254
915255
915256
915257
915258
915259
915260
915261
915262
915263
915264
915265
915266
915267
915268
915269
915270
915271
915272
915273
915274
915275
915276
915277
915278
915331
915332
915333
915334
915335
915336
915337
915338
915339
915340
915341
915342
915343
915344
915345
915346
915347
915348
915349
915350
915352
915353
915354
915355
915356
915357
915358
915359
915360
915361
915362
915363
915364
915365
915366
915367
915368
915369
915370
915371
915372
915373
915374
915375
915376
915377
915378
915379
915380
915381
915382
915461
915462
915463
915464
915465
915466
915467
915468
915469
915470
915471
915472
915473
915474
915475
915477
915478
915479
915480
915481
915482
915483
915484
915485
915486
915487
915488
915489
915490
915491
915492
915493
915494
915495
915496
915497
915498
915499
915500
915501
915502
915503
915504
915505
915506
915507
915508
915509
915510
915511
915512
915539
915540
915541
915542
915543
915544
915545
915546
915547
915548
915549
915550
915551
915552
915553
915554
915555
915556
915557
915558
915559
915560
915561
915562
915563
915564
915591
915592
915593
915594
915595
915596
915597
915598
915599
915600
915601
915602
915603
915604
915605
915606
915607
915608
915609
915610
915611
915612
915613
915614
915615
915616
915643
915644
915645
915646
915647
915648
915649
915650
915651
915652
915653
915654
915655
915656
915657
915658
915659
915660
915661
915662
915663
915664
915665
915666
915667
915668
915695
915696
915697
915698
915699
915700
915701
915702
915703
915704
915705
915706
915707
915708
915709
915710
915711
915712
915713
915714
915715
915716
915717
915718
915719
915720
915773
915774
915775
915776
915777
915778
915779
915780
915781
915782
915783
915784
915785
915786
915787
915788
915789
915790
915791
915792
915793
915794
915795
915796
915797
915798
915799
915800
915801
915802
915803
915804
915805
915806
915807
915808
915809
915810
915811
915812
915813
915814
915815
915816
915817
915818
915819
915820
915821
915822
915823
915824
915825
915826
915827
915828
915829
915830
915831
915832
915833
915834
915835
915836
915837
915838
915839
915840
915841
915842
915843
915844
915845
915846
915847
915848
915849
915850
915877
915878
915879
915880
915881
915882
915883
915884
915885
915886
915887
915888
915889
915890
915891
915892
915893
915894
915895
915896
915897
915898
915899
915900
915901
915902
915929
915930
915931
915932
915933
915934
915935
915936
915937
915938
915939
915940
915941
915942
915943
915944
915945
915946
915947
915948
915949
915950
915951
915952
915953
915954
916085
916086
916087
916088
916089
916090
916091
916092
916093
916094
916095
916096
916097
916098
916099
916100
916101
916102
916103
916104
916105
916106
916107
916108
916109
916110
916137
916138
916139
916140
916141
916142
916143
916144
916145
916146
916147
916148
916149
916150
916151
916152
916153
916154
916155
916156
916157
916158
916159
916160
916161
916162
916163
916164
916165
916166
916167
916168
916169
916170
916171
916172
916173
916174
916175
916176
916177
916178
916179
916180
916181
916182
916183
916184
916185
916186
916187
916188
916189
916190
916191
916192
916193
916194
916195
916196
916197
916198
916199
916200
916201
916202
916203
916204
916205
916206
916207
916208
916209
916210
916211
916212
916213
916214
916241
916242
916243
916244
916245
916246
916247
916248
916249
916250
916251
916252
916253
916254
916255
916256
916257
916258
916259
916260
916261
916262
916263
916264
916265
916266
916319
916320
916321
916322
916323
916324
916325
916326
916327
916328
916329
916330
916331
916332
916333
916334
916335
916336
916337
916338
916339
916340
916341
916342
916343
916344
916345
916346
916347
916348
916349
916350
916351
916352
916353
916354
916355
916356
916357
916358
916359
916360
916361
916362
916363
916364
916365
916366
916367
916368
916369
916370
916371
916372
916373
916374
916375
916376
916377
916378
916379
916380
916381
916382
916383
916384
916385
916386
916387
916388
916389
916390
916391
916392
916393
916394
916395
916396
916397
916398
916399
916400
916401
916402
916403
916404
916405
916406
916407
916408
916409
916410
916411
916412
916413
916414
916415
916416
916417
916418
916419
916420
916421
916422
916423
916424
916425
916426
916427
916428
916429
916430
916431
916432
916433
916434
916435
916436
916437
916438
916439
916440
916441
916442
916443
916444
916445
916446
916447
916448
