916527
916528
916529
916530
916531
916532
916533
916534
916535
916536
916537
916538
916539
916540
916541
916542
916543
916544
916545
916546
916547
916548
916549
916550
916551
916552
916605
916606
916607
916608
916609
916610
916611
916612
916613
916614
916615
916616
916617
916618
916619
916620
916621
916622
916623
916624
916625
916626
916627
916628
916629
916630
916657
916658
916659
916660
916661
916662
916663
916664
916665
916666
916667
916668
916669
916670
916671
916672
916673
916674
916675
916676
916677
916678
916679
916680
916681
916682
916813
916814
916815
916816
916817
916818
916819
916820
916821
916822
916823
916824
916825
916826
916827
916828
916829
916830
916831
916832
916833
916834
916835
916836
916837
916838
916839
916840
916841
916842
916843
916844
916845
916846
916847
916848
916849
916850
916851
916852
916853
916854
916855
916856
916857
916858
916859
916860
916861
916862
916863
916864
916891
916892
916893
916894
916895
916896
916897
916898
916899
916900
916901
916902
916903
916904
916905
916906
916907
916908
916909
916910
916911
916912
916913
916914
916915
916916
916917
916918
916919
916920
916921
916922
916923
916924
916925
916926
916927
916928
916929
916930
916931
916932
916933
916934
916935
916936
916937
916938
916939
916940
916941
916942
916943
916944
916945
916946
916947
916948
916949
916950
916951
916952
916953
916954
916955
916956
916957
916958
916959
916960
916961
916962
916963
916964
916965
916966
916967
916968
916969
916970
916971
916972
916973
916974
916975
916976
916977
916978
916979
916980
916981
916982
916983
916984
916985
916986
916987
916988
916989
916990
916991
916992
916993
916994
916995
916996
916997
916998
916999
917000
917001
917002
917003
917004
917005
917006
917007
917008
917009
917010
917011
917012
917013
917014
917015
917016
917017
917018
917019
917020
917021
917022
917023
917024
917025
917026
917027
917028
917029
917030
917031
917032
917033
917034
917035
917036
917037
917038
917039
917040
917041
917042
917043
917044
917045
917046
917125
917126
917127
917128
917129
917130
917131
917132
917133
917134
917135
917136
917137
917138
917139
917140
917141
917142
917143
917144
917145
917146
917147
917148
917149
917150
917151
917152
917153
917154
917155
917156
917157
917158
917159
917160
917161
917162
917163
917164
917165
917166
917167
917168
917169
917170
917171
917172
917173
917174
917175
917176
917177
917178
917179
917180
917181
917182
917183
917184
917185
917186
917187
917188
917189
917190
917191
917192
917193
917194
917195
917196
917197
917198
917199
917200
917201
917202
917229
917230
917231
917232
917233
917234
917235
917236
917237
917238
917239
917240
917241
917242
917243
917244
917245
917246
917247
917248
917249
917250
917251
917252
917253
917254
917281
917282
917283
917284
917285
917286
917287
917288
917289
917290
917291
917292
917293
917294
917295
917296
917297
917298
917299
917300
917301
917302
917303
917304
917305
917306
917333
917334
917335
917336
917337
917338
917339
917340
917341
917342
917343
917344
917345
917346
917347
917348
917349
917350
917351
917352
917353
917354
917355
917356
917357
917358
917359
917360
917361
917362
917363
917364
917365
917366
917367
917368
917369
917370
917371
917372
917373
917374
917375
917376
917377
917378
917379
917380
917381
917382
917383
917384
917385
917386
917387
917388
917389
917390
917391
917392
917393
917394
917395
917396
917397
917398
917399
917400
917401
917402
917403
917404
917405
917406
917407
917408
917409
917410
917437
917438
917439
917440
917441
917442
917443
917444
917445
917446
917447
917448
917449
917450
917451
917452
917453
917454
917455
917456
917457
917458
917459
917460
917461
917462
917463
917464
917465
917466
917467
917468
917469
917470
917471
917472
917473
917474
917475
917476
917477
917478
917479
917480
917482
917483
917484
917485
917486
917487
917488
917567
917568
917569
917570
917571
917572
917573
917574
917575
917576
917577
917578
917579
917580
917581
917582
917583
917584
917585
917586
