917587
917588
917589
917590
917591
917592
917645
917646
917647
917648
917649
917650
917651
917652
917653
917654
917655
917656
917657
917658
917659
917660
917661
917662
917663
917664
917665
917666
917667
917668
917669
917670
917697
917698
917699
917700
917701
917702
917703
917704
917705
917706
917707
917708
917709
917710
917711
917712
917713
917714
917715
917716
917717
917718
917719
917720
917721
917722
917801
917802
917803
917804
917805
917806
917807
917808
917809
917810
917811
917812
917813
917814
917815
917816
917817
917818
917819
917820
917821
917822
917823
917824
917825
917826
917879
917880
917881
917882
917883
917884
917885
917886
917887
917888
917889
917890
917891
917892
917893
917894
917895
917896
917897
917898
917899
917900
917901
917902
917903
917904
917905
917906
917907
917908
917909
917910
917911
917912
917913
917914
917915
917916
917917
917918
917919
917920
917921
917922
917923
917924
917925
917926
917927
917928
917929
917930
917957
917958
917959
917960
917961
917962
917963
917964
917965
917966
917967
917968
917969
917970
917971
917972
917973
917974
917975
917976
917977
917978
917979
917980
917981
917982
918061
918062
918063
918064
918065
918066
918067
918068
918069
918070
918071
918072
918073
918074
918075
918076
918077
918078
918079
918080
918081
918082
918083
918084
918085
918086
918087
918088
918089
918090
918091
918092
918093
918094
918095
918096
918097
918098
918099
918100
918101
918102
918103
918104
918105
918106
918107
918108
918109
918110
918111
918112
918113
918114
918115
918116
918117
918118
918119
918120
918121
918122
918123
918124
918125
918126
918127
918128
918129
918130
918131
918132
918133
918134
918135
918136
918137
918138
918139
918140
918141
918142
918143
918144
918145
918146
918147
918148
918149
918150
918151
918152
918153
918154
918155
918156
918157
918158
918159
918160
918161
918162
918163
918164
918165
918166
918167
918168
918169
918170
918171
918172
918173
918174
918175
918176
918177
918178
918179
918180
918181
918182
918183
918184
918185
918186
918187
918188
918189
918190
918191
918192
918193
918194
918195
918196
918197
918198
918199
918200
918201
918202
918203
918204
918205
918206
918207
918208
918209
918210
918211
918212
918213
918214
918215
918216
918217
918218
918219
918220
918221
918222
918223
918224
918225
918226
918227
918228
918229
918230
918231
918232
918233
918234
918235
918236
918237
918238
918239
918240
918241
918242
918243
918244
918245
918246
918247
918248
918249
918250
918251
918252
918253
918254
918255
918256
918257
918258
918259
918260
918261
918262
918263
918264
918265
918266
918267
918268
918295
918296
918297
918298
918299
918300
918301
918302
918303
918304
918305
918306
918307
918308
918309
918310
918311
918312
918313
918314
918315
918316
918317
918318
918319
918320
918321
918322
918323
918324
918325
918326
918327
918328
918329
918330
918331
918332
918333
918334
918335
918336
918337
918338
918339
918340
918341
918342
918343
918344
918345
918346
918373
918374
918375
918376
918377
918378
918379
918380
918381
918382
918383
918384
918385
918386
918387
918388
918389
918390
918391
918392
918393
918394
918395
918396
918397
918398
918399
918400
918401
918402
918403
918404
918405
918406
918407
918408
918409
918410
918411
918412
918413
918414
918415
918416
918417
918418
918419
918420
918421
918422
918423
918424
918425
918426
918427
918428
918429
918430
918431
918432
918433
918434
918435
918436
918437
918438
918439
918440
918441
918442
918443
918444
918445
918446
918447
918448
918449
918450
918503
918504
918505
918506
918507
918508
918509
918510
918511
918512
918513
918514
918515
918516
918517
918518
918519
918520
918521
918522
918523
918524
918525
918526
918527
918528
918607
918608
918609
918610
918611
918612
918613
918614
918615
918616
918617
918618
918619
918620
918621
918622
918623
918624
918625
918626
918627
918628
918629
918630
918631
918632
918633
918634
918635
918636
918637
918638
918639
918640
918641
918642
918643
918644
918645
918646
918647
918648
918649
918650
918651
918652
918653
918654
918655
918656
918657
918658
918711
918712
918713
918714
918715
918716
918717
918718
918719
918720
918721
918722
918723
918724
918725
918726
918727
918728
918729
918730
918731
918732
918733
918734
918735
918736
918737
918738
918739
918740
918741
918742
918743
918744
918745
918746
918747
918748
918749
918750
918751
918752
918753
918754
918755
918756
918757
918758
918759
918760
918761
918762
918763
918764
918765
918766
918767
918768
918769
918770
918771
918772
918773
918774
918775
918776
918777
918778
918779
918780
918781
918782
918783
918784
918785
918786
918787
918788
918815
918816
918817
918818
918819
918820
918821
918822
918823
918824
918825
918826
918827
918828
918829
918830
918831
918832
918833
918834
918835
918836
918837
918838
918839
918840
918841
918842
918843
918844
918845
918846
918847
918848
918849
918850
918851
918852
918853
918854
918855
918856
918857
918858
918859
918860
918861
918862
918863
918864
918865
918866
918919
918920
918921
918922
918923
918924
918925
918926
918927
918928
918929
918930
918931
918932
918933
918934
918935
918936
918937
918938
918939
918940
918941
918942
918943
918944
918945
918946
918947
918948
918949
918950
918951
918952
918953
918954
918955
918956
918957
918958
918959
918960
918961
918962
918963
918964
918965
918966
918967
918968
918969
918970
919075
919076
919077
919078
919079
919080
919081
919082
919083
919084
919085
919086
919087
919088
919089
919090
919091
919092
919093
919094
919095
919096
919097
919098
919099
919100
919127
919128
919129
919130
919131
919132
919133
919134
919135
919136
919137
919138
919139
919140
919141
919142
919143
919144
919145
919146
919147
919148
919149
919150
919151
919152
919153
919154
919155
919156
919157
919158
919159
919160
919161
919162
919163
919164
919165
919166
919167
919168
919169
919170
919171
919172
919173
919174
919175
919176
919177
919178
919179
919180
919181
919182
919183
919184
919185
919186
919187
919188
919189
919190
919191
919192
919193
919194
919195
919196
919197
919198
919199
919200
919201
919202
919203
919204
919309
919310
919311
919312
919313
919314
919315
919316
919317
919318
919319
919320
919321
919322
919323
919324
919325
919326
919327
919328
919329
919330
919331
919332
919333
919334
919413
919414
919415
919416
919417
919418
919419
919420
919421
919422
919423
919424
919425
919426
919427
919428
919429
919430
919431
919432
919433
919434
919435
919436
919437
919438
919595
919596
919597
919598
919599
919600
919601
919602
919603
919604
919605
919606
919607
919608
919609
919610
919611
919612
919613
919614
919615
919616
919617
919618
919619
919620
919725
919726
919727
919728
919729
919730
919731
919732
919733
919734
919735
919736
919737
919738
919739
919740
919741
919742
919743
919744
919745
919746
919747
919748
919749
919750
919751
919752
919753
919754
919755
919756
919757
919758
919759
919760
919761
919762
919763
919764
919765
919766
919767
919768
919769
919770
919771
919772
919773
919774
919775
919776
919777
919778
919779
919780
919781
919782
919783
919784
919785
919786
919787
919788
919789
919790
919791
919792
919793
919794
919795
919796
919797
919798
919799
919800
919801
919802
919829
919830
919831
919832
919833
919834
919835
919836
919837
919838
919839
919840
919841
919842
919843
919844
919845
919846
919847
919848
919849
919850
919851
919852
919853
919854
919881
919883
919884
919885
919886
919887
919888
919889
919890
919891
919892
919893
919894
919895
919896
919897
919898
919899
919900
919901
919902
919903
919904
919905
919906
919933
919934
919935
919936
919937
919938
919939
919940
919941
919942
919943
919944
919945
919946
919947
919948
919949
919950
919951
919952
919953
919954
919955
919956
919957
919958
919959
919960
919961
919962
919963
919964
919965
919966
919967
919968
919969
919970
919971
919972
919973
919974
919975
919976
919977
919978
919979
919980
919981
919982
919983
919984
