919985
919986
919987
919988
919989
919990
919991
919992
919993
919994
919995
919996
919997
919998
919999
920000
920001
920002
920003
920004
920005
920006
920007
920008
920009
920010
920011
920012
920013
920014
920015
920016
920017
920018
920019
920020
920021
920022
920023
920024
920025
920026
920027
920028
920029
920030
920031
920032
920033
920034
920035
920036
920115
920116
920117
920118
920119
920120
920121
920122
920123
920124
920125
920126
920127
920128
920129
920130
920131
920132
920133
920134
920135
920136
920137
920138
920139
920140
920141
920142
920143
920144
920145
920146
920147
920149
920150
920151
920152
920153
920154
920155
920156
920157
920158
920159
920160
920161
920162
920163
920164
920165
920166
920219
920220
920221
920222
920223
920224
920225
920226
920227
920228
920229
920230
920231
920232
920233
920234
920235
920236
920237
920238
920239
920240
920241
920242
920243
920244
920245
920246
920247
920248
920249
920250
920251
920252
920253
920254
920255
920256
920257
920258
920259
920260
920261
920262
920263
920264
920265
920266
920267
920268
920269
920270
920323
920324
920325
920326
920327
920328
920329
920330
920331
920332
920333
920334
920335
920336
920337
920338
920339
920340
920341
920342
920343
920344
920345
920346
920347
920348
920375
920376
920377
920378
920379
920380
920381
920382
920383
920384
920385
920386
920387
920388
920389
920390
920391
920392
920393
920394
920395
920396
920397
920398
920399
920400
920401
920402
920403
920404
920405
920406
920407
920408
920409
920410
920411
920412
920413
920414
920415
920416
920417
920418
920419
920420
920421
920422
920423
920424
920425
920426
920453
920454
920455
920456
920457
920458
920459
920460
920461
920462
920463
920464
920465
920466
920467
920468
920469
920470
920471
920472
920473
920474
920475
920476
920477
920478
920531
920532
920533
920534
920535
920536
920537
920538
920539
920540
920541
920542
920543
920544
920545
920546
920547
920548
920549
920550
920551
920552
920553
920554
920555
920556
920557
920558
920559
920560
920561
920562
920563
920564
920565
920566
920567
920568
920569
920570
920571
920572
920573
920574
920575
920576
920577
920578
920579
920580
920581
920582
920583
920584
920585
920586
920587
920588
920589
920590
920591
920592
920593
920594
920595
920596
920597
920598
920599
920600
920601
920602
920603
920604
920605
920606
920607
920608
920661
920662
920663
920664
920665
920666
920667
920668
920669
920670
920671
920672
920673
920674
920675
920676
920677
920678
920679
920680
920681
920682
920683
920684
920685
920686
920765
920766
920767
920768
920769
920770
920771
920772
920773
920774
920775
920776
920777
920778
920779
920780
920781
920782
920783
920784
920785
920786
920787
920788
920789
920790
920817
920818
920819
920820
920821
920822
920823
920824
920825
920826
920827
920828
920829
920830
920831
920832
920833
920834
920835
920836
920837
920838
920839
920840
920841
920842
920843
920844
920845
920846
920847
920848
920849
920850
920851
920852
920853
920854
920855
920856
920857
920858
920859
920860
920861
920862
920863
920864
920865
920866
920867
920868
920869
920870
920871
920872
920873
920874
920875
920876
920877
920878
920879
920880
920881
920882
920883
920884
920885
920886
920887
920888
920889
920890
920891
920892
920893
920894
920921
920922
920923
920924
920925
920926
920927
920928
920929
920930
920931
920932
920933
920934
920935
920936
920937
920938
920939
920940
920941
920942
920943
920944
920945
920946
920973
920974
920975
920976
920977
920978
920979
920980
920981
920982
920983
920984
920985
920986
920987
920988
920989
920990
920991
920992
920993
920994
920995
920996
920997
920998
920999
921000
921001
921002
921003
921004
921005
921006
921007
921008
921009
921010
921011
921012
921013
921014
921015
921016
921017
921018
921019
921020
921021
921022
921023
921024
921155
921156
921157
921158
921159
921160
921161
921162
921163
921164
921165
921166
921167
921168
921169
921170
921171
921172
921173
921174
921175
921176
921177
921178
921179
921180
921181
921182
921183
921184
921185
921186
921187
921188
921189
921190
921191
921192
921193
921194
921195
921196
921197
921198
921199
921200
921201
921202
921203
921204
921205
921206
921233
921234
921235
921236
921237
921238
921239
921240
921241
921242
921243
921244
921245
921246
921247
921248
921249
921250
921251
921252
921253
921254
921255
921256
921257
921258
921337
921338
921339
921340
921341
921342
921343
921344
921345
921346
921347
921348
921349
921350
921351
921352
921353
921354
921355
921356
921357
921358
921359
921360
921361
921362
921389
921390
921391
921392
921393
921394
921395
921396
921397
921398
921399
921400
921401
921402
921403
921404
921405
921406
921407
921408
921409
921410
921411
921412
921413
921414
921415
921416
921417
921418
921419
921420
921421
921422
921423
921424
921425
921426
921427
921428
921429
921430
921431
921432
921433
921434
921435
921436
921437
921438
921439
921440
921493
921494
921495
921496
921497
921498
921499
921500
921501
921502
921503
921504
921505
921506
921507
921508
921509
921510
921511
921512
921513
921514
921515
921516
921517
921518
921519
921520
921521
921522
921523
921524
921525
921526
921527
921528
921529
921530
921531
921532
921533
921534
921535
921536
921537
921538
921539
921540
921541
921542
921543
921544
921571
921572
921573
921574
921575
921576
921577
921578
921579
921580
921581
921582
921583
921584
921585
921586
921587
921588
921589
921590
921591
921592
921593
921594
921595
921596
921649
921650
921651
921652
921653
921654
921655
921656
921657
921658
921659
921660
921661
921662
921663
921664
921665
921666
921667
921668
921669
921670
921671
921672
921673
921674
921675
921676
921677
921678
921679
921680
921681
921682
921683
921684
921685
921686
921687
921688
921689
921690
921691
921692
921693
921694
921695
921696
921697
921698
921699
921700
921701
921702
921703
921704
921705
921706
921707
921708
921709
921710
921711
921712
921713
921714
921715
921716
921717
921718
921719
921720
921721
921722
921723
921724
921725
921726
921753
921754
921755
921756
921757
921758
921759
921760
921761
921762
921763
921764
921765
921766
921767
921768
921769
921770
921771
921772
921773
921774
921775
921776
921777
921778
921779
921780
921781
921782
921783
921784
921785
921786
921787
921788
921789
921790
921791
921792
921793
921794
921795
921796
921797
921798
921799
921800
921801
921802
921803
921804
921831
921832
921833
921834
921835
921836
921837
921838
921839
921840
921841
921842
921843
921844
921845
921846
921847
921848
921849
921850
921851
921852
921853
921854
921855
921856
921857
921858
921859
921860
921861
921862
921863
921864
921865
921866
921867
921868
921869
921870
921871
921872
921873
921874
921875
921876
921877
921878
921879
921880
921881
921882
921883
921884
921885
921886
921887
921888
921889
921890
921891
921892
921893
921894
921895
921896
921897
921898
921899
921900
921901
921902
921903
921904
921905
921906
921907
921908
921909
921910
921911
921912
921913
921914
921915
921916
921917
921918
921919
921920
921921
921922
921923
921924
921925
921926
921927
921928
921929
921930
921931
921932
921933
921934
921935
921936
921937
921938
921939
921940
921941
921942
921943
921944
921945
921946
921947
921948
921949
921950
921951
921952
921953
921954
921955
921956
921957
921958
921959
921960
922065
922066
922067
922068
922069
922070
922071
922072
922073
922074
922075
922076
922077
922078
922079
922080
922081
922082
922083
922084
922085
922086
922087
922088
922089
922090
922091
922092
922093
922094
922095
922096
922097
922098
922099
922100
922101
922102
922103
922104
922105
922106
922107
922108
922109
922110
922111
922112
922113
922114
922115
922116
922117
922118
922119
922120
922121
922122
922123
922124
922125
922126
922127
922128
922129
922130
922131
922132
922133
922134
922135
922136
922137
922138
922139
922140
922141
922142
922143
922144
922145
922146
922147
922148
922149
922150
922151
922152
922153
922154
922155
922156
922157
922158
922159
922160
922161
922162
922163
922164
922165
922166
922167
922168
922169
922170
922171
922172
922173
922174
922175
922176
922177
922178
922179
922180
922181
922182
922183
922184
922185
922186
922187
922188
922189
922190
922191
922192
922193
922194
922195
922196
922197
922198
922199
922200
922201
922202
922203
922204
922205
922206
922207
922208
922209
922210
922211
922212
922213
922214
922215
922216
922217
922218
922219
922220
922247
922248
922249
922250
922251
922252
922253
922254
922255
922256
922257
922258
922259
922260
922261
922262
922263
922264
922265
922266
922267
922268
922269
922270
922271
922272
922325
922326
922327
922328
922329
922330
922331
922332
922333
922334
922335
922336
922337
922338
922339
922340
922341
922342
922343
922344
922345
922346
922347
922348
922349
922350
922351
922352
922353
922354
922355
922356
922357
922358
922359
922360
922361
922362
922363
922364
922365
922366
922367
922368
922369
922370
922371
922372
922373
922374
922375
922376
922377
922378
922379
922380
922381
922382
922383
922384
922385
922386
922387
922388
922389
922390
922391
922392
922393
922394
922395
922396
922397
922398
922399
922400
922401
922402
922403
922404
922405
922406
922407
922408
922409
922410
922411
922412
922413
922414
922415
922416
922417
922418
922419
922420
922421
922422
922423
922424
922425
922426
922427
922428
922429
922430
922431
922432
922433
922434
922435
922436
922437
922438
922439
922440
922441
922442
922443
922444
922445
922446
922447
922448
922449
922450
922451
922452
922453
922454
922481
922482
922483
922484
922485
922486
922487
922488
922489
922490
922491
922492
922493
922494
922495
922496
922497
922498
922499
922500
922501
922502
922503
922504
922505
922506
922507
922508
922509
922510
922511
922512
922513
922514
922515
922516
922517
922518
922519
922520
922521
922522
922523
922524
922525
922526
922527
922528
922529
922530
922531
922532
922533
922534
922535
922536
922537
922538
922539
922540
922541
922542
922543
922544
922545
922546
922547
922548
922549
922550
922551
922552
922553
922554
922555
922556
922557
922558
922611
922612
922613
922614
922615
922616
922617
922618
922619
922620
922621
922622
922623
922624
922625
922626
922627
922628
922629
922630
922631
922632
922633
922634
922635
922636
922663
922664
922665
922666
922667
922668
922669
922670
922671
922672
922673
922674
922675
922676
922677
922678
922679
922680
922681
922682
922683
922684
922685
922686
922687
922688
922715
922716
922717
922718
922719
922720
922721
922722
922723
922724
922725
922726
922727
922728
922729
922730
922731
922732
922733
922734
922735
922736
922737
922738
922739
922740
922741
922742
922743
922744
922745
922746
922747
922748
922749
922750
922751
922752
922753
922754
922755
922756
922757
922758
922759
922760
922761
922762
922763
922764
922765
922766
922793
922794
922795
922796
922797
922798
922799
922800
922801
922802
922803
922804
922805
922806
922807
922808
922809
922810
922811
922812
922813
922814
922815
922816
922817
922818
922819
922820
922821
922822
922823
922824
922825
922826
922827
922828
922829
922830
922831
922832
922833
922834
922835
922836
922837
922838
922839
922840
922841
922842
922843
922844
922949
922950
922951
922952
922953
922954
922955
922956
922957
922958
922959
922960
922961
922962
922963
922964
922965
922966
922967
922968
922969
922970
922971
922972
922973
922974
923027
923028
923029
923030
923031
923032
923033
923034
923035
923036
923037
923038
923039
923040
923041
923042
923043
923044
923045
923046
923047
923048
923049
923050
923051
923052
923053
923054
923055
923056
923057
923058
923059
923060
923061
923062
923063
923064
923065
923066
923067
923068
923069
923070
923071
923072
923073
923074
923075
923076
923077
923078
923105
923106
923107
923108
923109
923110
923111
923112
923113
923114
923115
923116
923117
923118
923119
923120
923121
923122
923123
923124
923125
923126
923127
923128
923129
923130
923131
923132
923133
923134
923135
923136
923137
923138
923139
923140
923141
923142
923143
923144
923145
923146
923147
923148
923149
923150
923151
923152
923153
923154
923155
923156
923157
923158
923159
923160
923161
923162
923163
923164
923165
923166
923167
923168
923169
923170
923171
923172
923173
923174
923175
923176
923177
923178
923179
923180
923181
923182
923183
923184
923185
923186
923187
923188
923189
923190
923191
923192
923193
923194
923195
923196
923197
923198
923199
923200
923201
923202
923203
923204
923205
923206
923207
923208
923235
923236
923237
923238
923239
923240
923241
923242
923243
923244
923245
923246
923247
923248
923249
923250
923251
923252
923253
923254
923255
923256
923257
923258
923259
923260
923261
923262
923263
923264
923265
923266
923267
923268
923269
923270
923271
923272
923273
923274
923275
923276
923277
923278
923279
923280
923281
923282
923283
923284
923285
923286
923313
923314
923315
923316
923317
923318
923319
923320
923321
923322
923323
923324
923325
923326
923327
923328
923329
923330
923331
923332
923333
923334
923335
923336
923337
923338
923339
923340
923341
923342
923343
923344
923345
923346
923347
923348
923349
923350
923351
923352
923353
923354
923355
923356
923357
923358
923359
923360
923361
923362
923363
923364
923391
923392
923393
923394
923395
923396
923397
923398
923399
923400
923401
923402
923403
923404
923405
923406
923407
923408
923409
923410
923411
923412
923413
923414
923415
923416
923417
923418
923419
923420
923421
923422
923423
923424
923425
923426
923427
923428
923429
923430
923431
923432
923433
923434
923435
923436
923437
923438
923439
923440
923441
923442
923443
923444
923445
923446
923447
923448
923449
923450
923451
923452
923453
923454
923455
923456
923457
923458
923459
923460
923461
923462
923463
923464
923465
923466
923467
923468
923469
923470
923471
923472
923473
923474
923475
923476
923477
923478
923479
923480
923481
923482
923483
923484
923485
923486
923487
923488
923489
923490
923491
923492
923493
923494
923495
923496
923497
923498
923499
923500
923501
923502
923503
923504
923505
923506
923507
923508
923509
923510
923511
923512
923513
923514
923515
923516
923517
923518
923519
923520
923573
923574
923575
923576
923577
923578
923579
923580
923581
923582
923583
923584
923585
923586
923587
923588
923589
923590
923591
923592
923593
923594
923595
923596
923597
923598
923599
923600
923601
923602
923603
923604
923605
923606
923607
923608
923609
923610
923611
923612
923613
923614
923615
923616
923617
923618
923619
923620
923621
923622
923623
923624
923651
923652
923653
923654
923655
923656
923657
923658
923659
923660
923661
923662
923663
923664
923665
923666
923667
923668
923669
923670
923671
923672
923673
923674
923675
923676
923677
923678
923679
923680
923681
923682
923683
923684
923685
923686
923687
923688
923689
923690
923691
923692
923693
923694
923695
923696
923697
923698
923699
923700
923701
923702
923703
923704
923705
923706
923707
923708
923709
923710
923711
923712
923713
923714
923715
923716
923717
923718
923719
923720
923721
923722
923723
923724
923725
923726
923727
923728
923807
923808
923809
923810
923811
923812
923813
923814
923815
923816
923817
923818
923819
923820
923821
923822
923823
923824
923825
923826
923827
923828
923829
923830
923831
923832
923833
923834
923835
923836
923837
923838
923839
923840
923841
923842
923843
923844
923845
923846
923847
923848
923849
923850
923851
923852
923853
923854
923855
923856
923857
923858
923885
923886
923887
923888
923889
923890
923891
923892
923893
923894
923895
923896
923897
923898
923899
923900
923901
923902
923903
923904
923905
923906
923907
923908
923909
923910
923911
923912
923913
923914
923915
923916
923917
923918
923919
923920
923921
923922
923923
923924
923925
923926
923927
923928
923929
923930
923931
923932
923933
923934
923935
923936
923937
923938
923939
923940
923941
923942
923943
923944
923945
923946
923947
923948
923949
923950
923951
923952
923953
923954
923955
923956
923957
923958
923959
923960
923961
923962
923963
923964
923965
923966
923967
923968
923969
923970
923971
923972
923973
923974
923975
923976
923977
923978
923979
923980
923981
923982
923983
923984
923985
923986
923987
923988
924015
924016
924017
924018
924019
924020
924021
924022
924023
924024
924025
924026
924027
924028
924029
924030
924031
924032
924033
924034
924035
924036
924037
924038
924039
924040
924041
924042
924043
924044
924045
924046
924047
924048
924049
924050
924051
924052
924053
924054
924055
924056
924057
924058
924059
924060
924061
924062
924063
924064
924065
924066
924093
924094
924095
924096
924097
924098
924099
924100
924101
924102
924103
924104
924105
924106
924107
924108
924109
924110
924111
924112
924113
924114
924115
924116
924117
924118
924119
924120
924121
924122
924123
924124
924125
924126
924127
924128
924129
924130
924131
924132
924133
924134
924135
924136
924137
924138
924139
924140
924141
924142
924143
924144
924145
924146
924147
924148
924149
924150
924151
924152
924153
924154
924155
924156
924157
924158
924159
924160
924161
924162
924163
924164
924165
924166
924167
924168
924169
924170
924249
924250
924251
924252
924253
924254
924255
924256
924257
924258
924259
924260
924261
924262
924263
924264
924265
924266
924267
924268
924269
924270
924271
924272
924273
924274
924379
924380
924381
924382
924383
924384
924385
924386
924387
924388
924389
924390
924391
924392
924393
924394
924395
924396
924397
924398
924399
924400
924401
924402
924403
924404
924457
924458
924459
924460
924461
924462
924463
924464
924465
924466
924467
924468
924469
924470
924471
924472
924473
924474
924475
924476
924477
924478
924479
924480
924481
924482
924509
924510
924511
924512
924513
924514
924515
924516
924517
924518
924519
924520
924521
924522
924523
924524
924525
924526
924527
924528
924529
924530
924531
924532
924533
924534
924561
924562
924563
924564
924565
924566
924567
924568
924569
924570
924571
924572
924573
924574
924575
924576
924577
924578
924579
924580
924581
924582
924583
924584
924585
924586
924613
924614
924615
924616
924617
924618
924619
924620
924621
924622
924623
924624
924625
924626
924627
924628
924629
924630
924631
924632
924633
924634
924635
924636
924637
924638
924665
924666
924667
924668
924669
924670
924671
924672
924673
924674
924675
924676
924677
924678
924679
924680
924681
924682
924683
924684
924685
924686
924687
924688
924689
924690
924717
924718
924719
924720
924721
924722
924723
924724
924725
924726
924727
924728
924729
924730
924731
924732
924733
924734
924735
924736
924737
924738
924739
924740
924741
924742
924743
924744
924745
924746
924747
924748
924749
924750
924751
924752
924753
924754
924755
924756
924757
924758
924759
924760
924761
924762
924763
924764
924765
924766
924767
924768
924769
924770
924771
924772
924773
924774
924775
924776
924777
924778
924779
924780
924781
924782
924783
924784
924785
924786
924787
924788
924789
924790
924791
924792
924793
924794
924821
924822
924823
924824
924825
924826
924827
924828
924829
924830
924831
924832
924833
924834
924835
924836
924837
924838
924839
924840
924841
924842
924843
924844
924845
924846
924847
924848
924849
924850
924851
924852
924853
924854
924855
924856
924857
924858
924859
924860
924861
924862
924863
924864
924865
924866
924867
924868
924869
924870
924871
924872
924925
924926
924927
924928
924929
924930
924931
924932
924933
924934
924935
924936
924937
924938
924939
924940
924941
924942
924943
924944
924945
924946
924947
924948
924949
924950
924977
924978
924979
924980
924981
924982
924983
924984
924985
924986
924987
924988
924989
924990
924991
924992
924993
924994
924995
924996
924997
924998
924999
925000
925001
925002
925029
925030
925031
925032
925033
925034
925035
925036
925037
925038
925039
925040
925041
925042
925043
925044
925045
925046
925047
925048
925049
925050
925051
925052
925053
925054
925055
925056
925057
925058
925059
925060
925061
925062
925063
925064
925065
925066
925067
925068
925069
925070
925071
925072
925073
925074
925075
925076
925077
925078
925079
925080
925211
925212
925213
925214
925215
925216
925217
925218
925219
925220
925221
925222
925223
925224
925225
925226
925227
925228
925229
925230
925231
925232
925233
925234
925235
925236
925263
925264
925265
925266
925267
925268
925269
925270
925271
925272
925273
925274
925275
925276
925277
925278
925279
925280
925281
925282
925283
925284
925285
925286
925287
925288
925341
925342
925343
925344
925345
925346
925347
925348
925349
925350
925351
925352
925353
925354
925355
925356
925357
925358
925359
925360
925361
925362
925363
925364
925365
925366
925367
925368
925369
925370
925371
925372
925373
925374
925375
925376
925377
925378
925379
925380
925381
925382
925383
925384
925385
925386
925387
925388
925389
925390
925391
925392
925419
925420
925421
925422
925423
925424
925425
925426
925427
925428
925429
925430
925431
925432
925433
925434
925435
925436
925437
925438
925439
925440
925441
925442
925443
925444
925445
925446
925447
925448
925449
925450
925451
925452
925453
925454
925455
925456
925457
925458
925459
925460
925461
925462
925463
925464
925465
925466
925467
925468
925469
925470
925523
925524
925525
925526
925527
925528
925529
925530
925531
925532
925533
925534
925535
925536
925537
925538
925539
925540
925541
925542
925543
925544
925545
925546
925547
925548
925549
925550
925551
925552
925553
925554
925555
925556
925557
925558
925559
925560
925561
925562
925563
925564
925565
925566
925567
925568
925569
925570
925571
925572
925573
925574
925575
925576
925577
925578
925579
925580
925581
925582
925583
925584
925585
925586
925587
925588
925589
925590
925591
925592
925593
925594
925595
925596
925597
925598
925599
925600
925601
925602
925603
925604
925605
925606
925607
925608
925609
925610
925611
925612
925613
925614
925615
925616
925617
925618
925619
925620
925621
925622
925623
925624
925625
925626
925653
925654
925655
925656
925657
925658
925659
925660
925661
925662
925663
925664
925665
925666
925667
925668
925669
925670
925671
925672
925673
925674
925675
925676
925677
925678
925705
925706
925707
925708
925709
925710
925711
925712
925713
925714
925715
925716
925717
925718
925719
925720
925721
925722
925723
925724
925725
925726
925727
925728
925729
925730
925809
925810
925811
925812
925813
925814
925815
925816
925817
925818
925819
925820
925821
925822
925823
925824
925825
925826
925827
925828
925829
925830
925831
925832
925833
925834
925861
925862
925863
925864
925865
925866
925867
925868
925869
925870
925871
925872
925873
925874
925875
925876
925877
925878
925879
925880
925881
925882
925883
925884
925885
925886
925887
925888
925889
925890
925891
925892
925893
925894
925895
925896
925897
925898
925899
925900
925901
925902
925903
925904
925905
925906
925907
925908
925909
925910
925911
925912
925939
925940
925941
925942
925943
925944
925945
925946
925947
925948
925949
925950
925951
925952
925953
925954
925955
925956
925957
925958
925959
925960
925961
925962
925963
925964
925965
925966
925967
925968
925969
925970
925971
925972
925973
925974
925975
925976
925977
925978
925979
925980
925981
925982
925983
925984
925985
925986
925987
925988
925989
925990
925991
925992
925993
925994
925995
925996
925997
925998
925999
926000
926001
926002
926003
926004
926005
926006
926007
926008
926009
926010
926011
926012
926013
926014
926015
926016
926017
926018
926019
926020
926021
926022
926023
926024
926025
926026
926027
926028
926029
926030
926031
926032
926033
926034
926035
926036
926037
926038
926039
926040
926041
926042
926069
926070
926071
926072
926073
926074
926075
926076
926077
926078
926079
926080
926081
926082
926083
926084
926085
926086
926087
926088
926089
926090
926091
926092
926093
926094
926147
926148
926149
926150
926151
926152
926153
926154
926155
926156
926157
926158
926159
926160
926161
926162
926163
926164
926165
926166
926167
926168
926169
926170
926171
926172
926173
926174
926175
926176
926177
926178
926179
926180
926181
926182
926183
926184
926185
926186
926187
926188
926189
926190
926191
926192
926193
926194
926195
926196
926197
926198
926199
926200
926201
926202
926203
926204
926205
926206
926207
926208
926209
926210
926211
926212
926213
926214
926215
926216
926217
926218
926219
926220
926221
926222
926223
926224
926225
926226
926227
926228
926229
926230
926231
926232
926233
926234
926235
926236
926237
926238
926239
926240
926241
926242
926243
926244
926245
926246
926247
926248
926249
926250
926303
926304
926305
926306
926307
926308
926309
926310
926311
926312
926313
926314
926315
926316
926317
926318
926319
926320
926321
926322
926323
926324
926325
926326
926327
926328
926381
926382
926383
926384
926385
926386
926387
926388
926389
926390
926391
926392
926393
926394
926395
926396
926397
926398
926399
926400
926401
926402
926403
926404
926405
926406
926511
926512
926513
926514
926515
926516
926517
926518
926519
926520
926521
926522
926523
926524
926525
926526
926527
926528
926529
926530
926531
926532
926533
926534
926535
926536
926537
926538
926539
926540
926541
926542
926543
926544
926545
926546
926547
926548
926549
926550
926551
926552
926553
926554
926555
926556
926557
926558
926559
926560
926561
926562
926563
926564
926565
926566
926567
926568
926569
926570
926571
926572
926573
926574
926575
926576
926577
926578
926579
926580
926581
926582
926583
926584
926585
926586
926587
926588
926641
926642
926643
926644
926645
926646
926647
926648
926649
926650
926651
926652
926653
926654
926655
926656
926657
926658
926659
926660
926661
926662
926663
926664
926665
926666
926693
926694
926695
926696
926697
926698
926699
926700
926701
926702
926703
926704
926705
926706
926707
926708
926709
926710
926711
926712
926713
926714
926715
926716
926717
926718
926719
926720
926721
926722
926723
926724
926725
926726
926727
926728
926729
926730
926731
926732
926733
926734
926735
926736
926737
926738
926739
926740
926741
926742
926743
926744
926745
926746
926747
926748
926749
926750
926751
926752
926753
926754
926755
926756
926757
926758
926759
926760
926761
926762
926763
926764
926765
926766
926767
926768
926769
926770
926771
926772
926773
926774
926775
926776
926777
926778
926779
926780
926781
926782
926783
926784
926785
926786
926787
926788
926789
926790
926791
926792
926793
926794
926795
926796
926901
926902
926903
926904
926905
926906
926907
926908
926909
926910
926911
926912
926913
926914
926915
926916
926917
926918
926919
926920
