933378
933379
933380
933381
933382
933383
933384
933385
933386
933387
933388
933389
933390
933391
933392
933393
933394
933395
933396
933397
933398
933399
933400
933401
933402
933403
933404
933405
933406
933407
933408
933409
933410
933411
933412
933413
933414
933415
933416
933417
933418
933419
933420
933421
933422
933423
933424
933425
933426
933427
933428
933429
933430
933431
933432
933433
933434
933435
933436
933437
933438
933439
933440
933441
933442
933443
933444
933445
933446
933447
933448
933449
933450
933451
933452
933479
933480
933481
933482
933483
933484
933485
933486
933487
933488
933489
933490
933491
933492
933493
933494
933495
933496
933497
933498
933499
933500
933501
933502
933503
933504
933505
933506
933507
933508
933509
933510
933511
933512
933513
933514
933515
933516
933517
933518
933519
933520
933521
933522
933523
933524
933525
933526
933527
933528
933529
933530
933557
933558
933559
933560
933561
933563
933564
933565
933566
933567
933568
933569
933570
933571
933572
933573
933574
933575
933576
933577
933578
933579
933580
933581
933582
933609
933610
933611
933612
933613
933614
933615
933616
933617
933618
933619
933620
933621
933622
933623
933624
933625
933626
933627
933628
933629
933630
933631
933632
933633
933634
933661
933662
933663
933664
933665
933666
933667
933668
933669
933670
933671
933672
933673
933674
933675
933676
933677
933678
933679
933680
933681
933682
933683
933684
933685
933686
933713
933714
933715
933716
933717
933718
933719
933720
933721
933722
933723
933724
933725
933726
933727
933728
933729
933730
933731
933732
933733
933734
933735
933736
933737
933738
933739
933740
933741
933742
933743
933744
933745
933746
933747
933748
933749
933750
933751
933752
933753
933754
933755
933756
933757
933758
933759
933760
933761
933762
933763
933764
933765
933766
933767
933768
933769
933770
933771
933772
933773
933774
933775
933776
933777
933778
933779
933780
933781
933782
933783
933784
933785
933786
933787
933788
933789
933790
933791
933792
933793
933794
933795
933796
933797
933798
933799
933800
933801
933802
933803
933804
933805
933806
933807
933808
933809
933810
933811
933812
933813
933814
933815
933816
933843
933844
933845
933846
933847
933848
933849
933850
933851
933852
933853
933854
933855
933856
933857
933858
933859
933860
933861
933862
933863
933864
933865
933866
933867
933868
933869
933870
933871
933872
933873
933874
933875
933876
933877
933878
933879
933880
933881
933882
933883
933884
933885
933886
933887
933888
933889
933890
933891
933892
933893
933894
933895
933896
933897
933898
933899
933900
933901
933902
933903
933904
933905
933906
933907
933908
933909
933910
933911
933912
933913
933914
933915
933916
933917
933918
933919
933920
933973
933974
933975
933976
933977
933978
933979
933980
933981
933982
933983
933984
933985
933986
933987
933988
933989
933990
933991
933992
933993
933994
933995
933996
933997
933998
934051
934052
934053
934054
934055
934056
934057
934058
934059
934060
934061
934062
934063
934064
934065
934066
934067
934068
934069
934070
934071
934072
934073
934074
934075
934076
934077
934078
934079
934080
934081
934082
934083
934084
934085
934086
934087
934088
934089
934090
934091
934092
934093
934094
934095
934096
934097
934098
934099
934100
934101
934102
934233
934234
934235
934236
934237
934238
934239
934240
934241
934242
934243
934244
934245
934246
934247
934248
934249
934250
934251
934252
934253
934254
934255
934256
934257
934258
934337
934338
934339
934340
934341
934342
934343
934344
934345
934346
934347
934348
934349
934350
934351
934352
934353
934354
934355
934356
934357
934358
934359
934360
934361
934362
934389
934390
934391
934392
934393
934394
934395
934396
934397
934398
934399
934400
934401
934402
934403
934404
934405
934406
934407
934408
934409
934410
934411
934412
934413
934414
934441
934442
934443
934444
934445
934446
934447
934448
934449
934450
934451
934452
934453
934454
934455
934456
934457
934458
934459
934460
934461
934462
934463
934464
934465
934466
934623
934624
934625
934626
934627
934628
934629
934630
934631
934632
934633
934634
934635
934636
934637
934638
934639
934640
934641
934642
934643
934644
934645
934646
934647
934648
934675
934676
934677
934678
934679
934680
934681
934682
934683
934684
934685
934686
934687
934688
934689
934690
934691
934692
934693
934694
934695
934696
934697
934698
934699
934700
934753
934754
934755
934756
934757
934758
934759
934760
934761
934762
934763
934764
934765
934766
934767
934768
934769
934770
934771
934772
934773
934774
934775
934776
934777
934778
934779
934780
934781
934782
934783
934784
934785
934786
934787
934788
934789
934790
934791
934792
934793
934794
934795
934796
934797
934798
934799
934800
934801
934802
934803
934804
934909
934910
934911
934912
934913
934914
934915
934916
934917
934918
934919
934920
934921
934922
934923
934924
934925
934926
934927
934928
934929
934930
934931
934932
934933
934934
934935
934936
934937
934938
934939
934940
934941
934942
934943
934944
934945
934946
934947
934948
934949
934950
934951
934952
934953
934954
934955
934956
934957
934958
934959
934960
934961
934962
934963
934964
934965
934966
934967
934968
934969
934970
934971
934972
934973
934974
934975
934976
934977
934978
934979
934980
934981
934982
934983
934984
934985
934986
935013
935014
935015
935016
935017
935018
935019
935020
935021
935022
935023
935024
935025
935026
935027
935028
935029
935030
935031
935032
935033
935034
935035
935036
935037
935038
935039
935040
935041
935042
935043
935044
935045
935046
935047
935048
935049
935050
935051
935052
935053
935054
935055
935056
935057
935058
935059
935060
935061
935062
935063
935064
935117
935118
935119
935120
935121
935122
935123
935124
935125
935126
935127
935128
935129
935130
935131
935132
935133
935134
935135
935136
935137
935138
935139
935140
935141
935142
935143
935144
935145
935146
935147
935148
935149
935150
935151
935152
935153
935154
935155
935156
935157
935158
935159
935160
935161
935162
935163
935164
935165
935166
935167
935168
935169
935170
935171
935172
935173
935174
935175
935176
935177
935178
935179
935180
935181
935182
935183
935184
935185
935186
935187
935188
935189
935190
935191
935192
935193
935194
935195
935196
935197
935198
935199
935200
935201
935202
935203
935204
935205
935206
935207
935208
935209
935210
935211
935212
935213
935214
935215
935216
935217
935218
935219
935220
935221
935222
935223
935224
935225
935226
935227
935228
935229
935230
935231
935232
935233
935234
935235
935236
935237
935238
935239
935240
935241
935242
935243
935244
935245
935246
935273
935274
935275
935276
935277
935278
935279
935280
935281
935282
935283
935284
935285
935286
935287
935288
935289
935290
935291
935292
935293
935294
935295
935296
935297
935298
935299
935300
935301
935302
935303
935304
935305
935306
935307
935308
935309
935310
935311
935312
935313
935314
935315
935316
935317
935318
935319
935320
935321
935322
935323
935324
935325
935326
935327
935328
935329
935330
935331
935332
935333
935334
935335
935336
935337
935338
935339
935340
935341
935342
935343
935344
935345
935346
935347
935348
935349
935350
935403
935404
935405
935406
935407
935408
935409
935410
935411
935412
935413
935414
935415
935416
935417
935418
935419
935420
935421
935422
935423
935424
935425
935426
935427
935428
935429
935430
935431
935432
935433
935434
935435
935436
935437
935438
935439
935440
935441
935442
935443
935444
935445
935446
935447
935448
935449
935450
935451
935452
935453
935454
935455
935456
935457
935458
935459
935460
935461
935462
935463
935464
935465
935466
935467
935468
935469
935470
935471
935472
935473
935474
935475
935476
935477
935478
935479
935480
935507
935508
935509
935510
935511
935512
935513
935514
935515
935516
935517
935518
935519
935520
935521
935522
935523
935524
935525
935526
935527
935528
935529
935530
935531
935532
935533
935534
935535
935536
935537
935538
935539
935540
935541
935542
935543
935544
935545
935546
935547
935548
935549
935550
935551
935552
935553
935554
935555
935556
935557
935558
935585
935586
935587
935588
935589
935590
935591
935592
935593
935594
935595
935596
935597
935598
935599
935600
935601
935602
935603
935604
935605
935606
935607
935608
935609
935610
935611
935612
935613
935614
935615
935616
935617
935618
935619
935620
935621
935622
935623
935624
935625
935626
935627
935628
935629
935630
935631
935632
935633
935634
935635
935636
935637
935638
935639
935640
935641
935642
935643
935644
935645
935646
935647
935648
935649
935650
935651
935652
935653
935654
935655
935656
935657
935658
935659
935660
935661
935662
935663
935664
935665
935666
935667
935668
935669
935670
935671
935672
935673
935674
935675
935676
935677
935678
935679
935680
935681
935682
935683
935684
935685
935686
935687
935688
935715
935716
935717
935718
935719
935720
935721
935722
935723
935724
935725
935726
935727
935728
935729
935730
935731
935732
935733
935734
935735
935736
935737
935738
935739
935740
935741
935742
935743
935744
935745
935746
935747
935748
935749
935750
935751
935752
935753
935754
935755
935756
935757
935758
935759
935760
935761
935762
935763
935764
935765
935766
935767
935768
935769
935770
935771
935772
935773
935774
935775
935776
935777
935778
935779
935780
935781
935782
935783
935784
935785
935786
935787
935788
935789
935790
935791
935792
935793
935794
935795
935796
935797
935798
935799
935800
935801
935802
935803
935804
935805
935806
935807
935808
935809
935810
935811
935812
935813
935814
935815
935816
935817
935818
935845
935846
935847
935848
935849
935850
935851
935852
935853
935854
935855
935856
935857
935858
935859
935860
935861
935862
935863
935864
935865
935866
935867
935868
935869
935870
935897
935898
935899
935900
935901
935902
935903
935904
935905
935906
935907
935908
935909
935910
935911
935912
935913
935914
935915
935916
935917
935918
935919
935920
935921
935922
936027
936028
936029
936030
936031
936032
936033
936034
936035
936036
936037
936038
936039
936040
936041
936042
936043
936044
936045
936046
936047
936048
936049
936050
936051
936052
936053
936054
936055
936056
936057
936058
936059
936060
936061
936062
936063
936064
936065
936066
936067
936068
936069
936070
936071
936072
936073
936074
936075
936076
936077
936078
936079
936080
936081
936082
936083
936084
936085
936086
936087
936088
936089
936090
936091
936092
936093
936094
936095
936096
936097
936098
936099
936100
936101
936102
936103
936104
936105
936106
936107
936108
936109
936110
936111
936112
936113
936114
936115
936116
936117
936118
936119
936120
936121
936122
936123
936124
936125
936126
936127
936128
936129
936130
936131
936132
936133
936134
936135
936136
936137
936138
936139
936140
936141
936142
936143
936144
936145
936146
936147
936148
936149
936150
936151
936152
936153
936154
936155
936156
936157
936158
936159
936160
936161
936162
936163
936164
936165
936166
936167
936168
936169
936170
936171
936172
936173
936174
936175
936176
936177
936178
936179
936180
936181
936182
936183
936184
936185
936186
936187
936188
936189
936190
936191
936192
936193
936194
936195
936196
936197
936198
936199
936200
936201
936202
936203
936204
936205
936206
936207
936208
936287
936288
936289
936290
936291
936292
936293
936294
936295
936296
936297
936298
936299
936300
936301
936302
936303
936304
936305
936306
936307
936308
936309
936310
936311
936312
936339
936340
936341
936342
936343
936344
936345
936346
936347
936348
936349
936350
936351
936352
936353
936354
936355
936356
936357
936358
936359
936360
936361
936362
936363
936364
936391
936392
936393
936394
936395
936396
936397
936398
936399
936400
936401
936402
936403
936404
936405
936406
936407
936408
936409
936410
936411
936412
936413
936414
936415
936416
936469
936470
936471
936472
936473
936474
936475
936476
936477
936478
936479
936480
936481
936482
936483
936484
936485
936486
936487
936488
936489
936490
936491
936492
936493
936494
936495
936496
936497
936498
936499
936500
936501
936502
936503
936504
936505
936506
936507
936508
936509
936510
936511
936512
936513
936514
936515
936516
936517
936518
936519
936520
936573
936574
936575
936576
936577
936578
936579
936580
936581
936582
936583
936584
936585
936586
936587
936588
936589
936590
936591
936592
936593
936594
936595
936596
936597
936598
936625
936626
936627
936628
936629
936630
936631
936632
936633
936634
936635
936636
936637
936638
936639
936640
936641
936642
936643
936644
936645
936646
936647
936648
936649
936650
936677
936678
936679
936680
936681
936682
936683
936684
936685
936686
936687
936688
936689
936690
936691
936692
936693
936694
936695
936696
936697
936698
936699
936700
936701
936702
936703
936704
936705
936706
936707
936708
936709
936710
936711
936712
936713
936714
936715
936716
936717
936718
936719
936720
936721
936722
936723
936724
936725
936726
936727
936728
936755
936756
936757
936758
936759
936760
936761
936762
936763
936764
936765
936766
936767
936768
936769
936770
936771
936772
936773
936774
936775
936776
936777
936778
936779
936780
936781
936782
936783
936784
936785
936786
936787
936788
936789
936790
936791
936792
936793
936794
936795
936796
936797
936798
936799
936800
936801
936802
936803
936804
936805
936806
936807
936808
936809
936810
936811
936812
936813
936814
936815
936816
936817
936818
936819
936820
936821
936822
936823
936824
936825
936826
936827
936828
936829
936830
936831
936832
936833
936834
936835
936836
936837
936838
936839
936840
936841
936842
936843
936844
936845
936846
936847
936848
936849
936850
936851
936852
936853
936854
936855
936856
936857
936858
936859
936860
936861
936862
936863
936864
936865
936866
936867
936868
936869
936870
936871
936872
936873
936874
936875
936876
936877
936878
936879
936880
936881
936882
936883
936884
937067
937068
937069
937070
937071
937072
937073
937074
937075
937076
937077
937078
937079
937080
937081
937082
937083
937084
937085
937086
937087
937088
937089
937090
937091
937092
937119
937120
937121
937122
937123
937124
937125
937126
937127
937128
937129
937130
937131
937132
937133
937134
937135
937136
937137
937138
937139
937140
937141
937142
937143
937144
937197
937198
937199
937200
937201
937202
937203
937204
937205
937206
937207
937208
937209
937210
937211
937212
937213
937214
937215
937216
937217
937218
937219
937220
937221
937222
937249
937250
937251
937252
937253
937254
937255
937256
937257
937258
937259
937260
937261
937262
937263
937264
937265
937266
937267
937268
937269
937270
937271
937272
937273
937274
937301
937302
937303
937304
937305
937306
937307
937308
937309
937310
937311
937312
937313
937314
937315
937316
937317
937318
937319
937320
937321
937322
937323
937324
937325
937326
937353
937354
937355
937356
937357
937358
937359
937360
937361
937362
937363
937364
937365
937366
937367
937368
937369
937370
937371
937372
937373
937374
937375
937376
937377
937378
937405
937406
937407
937408
937409
937410
937411
937412
937413
937414
937415
937416
937417
937418
937419
937420
937421
937422
937423
937424
937425
937426
937427
937428
937429
937430
937431
937432
937433
937434
937435
937436
937437
937438
937439
937440
937441
937442
937443
937444
937445
937446
937447
937448
937449
937450
937451
937452
937453
937454
937455
937456
937457
937458
937459
937460
937461
937462
937463
937464
937465
937466
937467
937468
937469
937470
937471
937472
937473
937474
937475
937476
937477
937478
937479
937480
937481
937482
937509
937510
937511
937512
937513
937514
937515
937516
937517
937518
937519
937520
937521
937522
937523
937524
937525
937526
937527
937528
937529
937530
937531
937532
937533
937534
937535
937536
937537
937538
937539
937540
937541
937542
937543
937544
937545
937546
937547
937548
937549
937550
937551
937552
937553
937554
937555
937556
937557
937558
937559
937560
937613
937614
937615
937616
937617
937618
937619
937620
937621
937622
937623
937624
937625
937626
937627
937628
937629
937630
937631
937632
937633
937634
937635
937636
937637
937638
937639
937640
937641
937642
937643
937644
937645
937646
937647
937648
937649
937650
937651
937652
937653
937654
937655
937656
937657
937658
937659
937660
937661
937662
937663
937664
937665
937666
937667
937668
937669
937670
937671
937672
937673
937674
937675
937676
937677
937678
937679
937680
937681
937682
937683
937684
937685
937686
937687
937688
937689
937690
937691
937692
937693
937694
937695
937696
937697
937698
937699
937700
937701
937702
937703
937704
937705
937706
937707
937708
937709
937710
937711
937712
937713
937714
937715
937716
937717
937718
937719
937720
937721
937722
937723
937724
937725
937726
937727
937728
937729
937730
937731
937732
937733
937734
937735
937736
937737
937738
937739
937740
937741
937742
937743
937744
937745
937746
937747
937748
937749
937750
937751
937752
937753
937754
937755
937756
937757
937758
937759
937760
937761
937762
937763
937764
937765
937766
937767
937768
937769
937770
937771
937772
937773
937774
937775
937776
937777
937778
937779
937780
937781
937782
937783
937784
937785
937786
937787
937788
937789
937790
937791
937792
937793
937794
937873
937874
937875
937876
937877
937878
937879
937880
937881
937882
937883
937884
937885
937886
937887
937888
937889
937890
937891
937892
937893
937894
937895
937896
937897
937898
937925
937926
937927
937928
937929
937930
937931
937932
937933
937934
937935
937936
937937
937938
937939
937940
937941
937942
937943
937944
937945
937946
937947
937948
937949
937950
937951
937952
937953
937954
937955
937956
937957
937958
937959
937960
937961
937962
937963
937964
937965
937966
937967
937968
937969
937970
937971
937972
937973
937974
937975
937976
938003
938004
938005
938006
938007
938008
938009
938010
938011
938012
938013
938014
938015
938016
938017
938018
938019
938020
938021
938022
938023
938024
938025
938026
938027
938028
938029
938030
938031
938032
938033
938034
938035
938036
938037
938038
938039
938040
938041
938042
938043
938044
938045
938046
938047
938048
938049
938050
938051
938052
938053
938054
938055
938056
938057
938058
938059
938060
938061
938062
938063
938064
938065
938066
938067
938068
938069
938070
938071
938072
938073
938074
938075
938076
938077
938078
938079
938080
938081
938082
938083
938084
938085
938086
938087
938088
938089
938090
938091
938092
938093
938094
938095
938096
938097
938098
938099
938100
938101
938102
938103
938104
938105
938106
938107
938108
938109
938110
938111
938112
938113
938114
938115
938116
938117
938118
938119
938120
938121
938122
938123
938124
938125
938126
938127
938128
938129
938130
938131
938132
938133
938134
938135
938136
938137
938138
938139
938140
938141
938142
938143
938144
938145
938146
938147
938148
938149
938150
938151
938152
938153
938154
938155
938156
938157
938158
938185
938186
938187
938188
938189
938190
938191
938192
938193
938194
938195
938196
938197
938198
938199
938200
938201
938202
938203
938204
938205
938206
938207
938208
938209
938210
938211
938212
938213
938214
938215
938216
938217
938218
938219
938220
938221
938222
938223
938224
938225
938226
938227
938228
938229
938230
938231
938232
938233
938234
938235
938236
938237
938238
938239
938240
938241
938242
938243
938244
938245
938246
938247
938248
938249
938250
938251
938252
938253
938254
938255
938256
938257
938258
938259
938260
938261
938262
938263
938264
938265
938266
938267
938268
938269
938270
938271
938272
938273
938274
938275
938276
938277
938278
938279
938280
938281
938282
938283
938284
938285
938286
938287
938288
938393
938394
938395
938396
938397
938398
938399
938400
938401
938402
938403
938404
938405
938406
938407
938408
938409
938410
938411
938412
938413
938414
938415
938416
938417
938418
938445
938446
938447
938448
938449
938450
938451
938452
938453
938454
938455
938456
938457
938458
938459
938460
938461
938462
938463
938464
938465
938466
938467
938468
938469
938470
938497
938498
938499
938500
938501
938502
938503
938504
938505
938506
938507
938508
938509
938510
938511
938512
938513
938514
938515
938516
938517
938518
938519
938520
938521
938522
938523
938524
938525
938526
938527
938528
938529
938530
938531
938532
938533
938534
938535
938536
938537
938538
938539
938540
938541
938542
938543
938544
938545
938546
938547
938548
938627
938628
938629
938630
938631
938632
938633
938634
938635
938636
938637
938638
938639
938640
938641
938642
938643
938644
938645
938646
938647
938648
938649
938650
938651
938652
938653
938654
938655
938656
938657
938658
938659
938660
938661
938662
938663
938664
938665
938666
938667
938668
938669
938670
938671
938672
938673
938674
938675
938676
938677
938678
938679
938680
938681
938682
938683
938684
938685
938686
938687
938688
938689
938690
938691
938692
938693
938694
938695
938696
938697
938698
938699
938700
938701
938702
938703
938704
938705
938706
938707
938708
938709
938710
938711
938712
938713
938714
938715
938716
938717
938718
938719
938720
938721
938722
938723
938724
938725
938726
938727
938728
938729
938730
938731
938732
938733
938734
938735
938736
938737
938738
938739
938740
938741
938742
938743
938744
938745
938746
938747
938748
938749
938750
938751
938752
938753
938754
938755
938756
938809
938810
938811
938812
938813
938814
938815
938816
938817
938818
938819
938820
938821
938822
938823
938824
938825
938826
938827
938828
938829
938830
938831
938832
938833
938834
938913
938914
938915
938916
938917
938918
938919
938920
938921
938922
938923
938924
938925
938926
938927
938928
938929
938930
938931
938932
938933
938934
938935
938936
938937
938938
938939
938940
938941
938942
938943
938944
938945
938946
938947
938948
938949
938950
938951
938952
938953
938954
938955
938956
938957
938958
938959
938960
938961
938962
938963
938964
938965
938966
938967
938968
938969
938970
938971
938972
938973
938974
938975
938976
938977
938978
938979
938980
938981
938982
938983
938984
938985
938986
938987
938988
938989
938990
939017
939018
939019
939020
939021
939022
939023
939024
939025
939026
939027
939028
939029
939030
939031
939032
939033
939034
939035
939036
939037
939038
939039
939040
939041
939042
939043
939044
939045
939046
939047
939048
939049
939050
939051
939052
939053
939054
939055
939056
939057
939058
939059
939060
939061
939062
939063
939064
939065
939066
939067
939068
939095
939096
939097
939098
939099
939100
939101
939102
939103
939104
939105
939106
939107
939108
939109
939110
939111
939112
939113
939114
939115
939116
939117
939118
939119
939120
939147
939148
939149
939150
939151
939152
939153
939154
939155
939156
939157
939158
939159
939160
939161
939162
939163
939164
939165
939166
939167
939168
939169
939170
939171
939172
939199
939200
939201
939202
939203
939204
939205
939206
939207
939208
939209
939210
939211
939212
939213
939214
939215
939216
939217
939218
939219
939220
939221
939222
939223
939224
939225
939226
939227
939228
939229
939230
939231
939232
939233
939234
939235
939236
939237
939238
939239
939240
939241
939242
939243
939244
939245
939246
939247
939248
939249
939250
939251
939252
939253
939254
939255
939256
939257
939258
939259
939260
939261
939262
939263
939264
939265
939266
939267
939268
939269
939270
939271
939272
939273
939274
939275
939276
939303
939304
939305
939306
939307
939308
939309
939310
939311
939312
939313
939314
939315
939316
939317
939318
939319
939320
939321
939322
939323
939324
939325
939326
939327
939328
939433
939434
939435
939436
939437
939438
939439
939440
939441
939442
939443
939444
939445
939446
939447
939448
939449
939450
939451
939452
939453
939454
939455
939456
939457
939458
939459
939460
939461
939462
939463
939464
939465
939466
939467
939468
939469
939470
939471
939472
939473
939474
939475
939476
939477
939478
939479
939480
939481
939482
939483
939484
939485
939486
939487
939488
939489
939490
939491
939492
939493
939494
939495
939496
939497
939498
939499
939500
939501
939502
939503
939504
939505
939506
939507
939508
939509
939510
939563
939564
939565
939566
939567
939568
939569
939570
939571
939572
939573
939574
939575
939576
939577
939578
939579
939580
939581
939582
939583
939584
939585
939586
939587
939588
939589
939590
939591
939592
939593
939594
939595
939596
939597
939598
939599
939600
939601
939602
939603
939604
939605
939606
939607
939608
939609
939610
939611
939612
939613
939614
939615
939616
939617
939618
939619
939620
939621
939622
939623
939624
939625
939626
939627
939628
939629
939630
939631
939632
939633
939634
939635
939636
939637
939638
939639
939640
939641
939642
939643
939644
939645
939646
939647
939648
939649
939650
939651
939652
939653
939654
939655
939656
939657
939658
939659
939660
939661
939662
939663
939664
939665
939666
939667
939668
939669
939670
939671
939672
939673
939674
939675
939676
939677
939678
939679
939680
939681
939682
939683
939684
939685
939686
939687
939688
939689
939690
939691
939692
939693
939694
939695
939696
939697
939698
939699
939700
939701
939702
939703
939704
939705
939706
939707
939708
939709
939710
939711
939712
939713
939714
939715
939716
939717
939718
939719
939720
939721
939722
939723
939724
939725
939726
939727
939728
939729
939730
939731
939732
939733
939734
939735
939736
939737
939738
939739
939740
939741
939742
939743
939744
939771
939772
939773
939774
939775
939776
939777
939778
939779
939780
939781
939782
939783
939784
939785
939786
939787
939788
939789
939790
939791
939792
939793
939794
939795
939796
939823
939824
939825
939826
939827
939828
939829
939830
939831
939832
939833
939834
939835
939836
939837
939838
939839
939840
939841
939842
939843
939844
939845
939846
939847
939848
939875
939876
939877
939878
939879
939880
939881
939882
939883
939884
939885
939886
939887
939888
939889
939890
939891
939892
939893
939894
939895
939896
939897
939898
939899
939900
939901
939902
939903
939904
939905
939906
939907
939908
939909
939910
939911
939912
939913
939914
939915
939916
939917
939918
939919
939920
939921
939922
939923
939924
939925
939926
939927
939928
939929
939930
939931
939932
939933
939934
939935
939936
939937
939938
939939
939940
939941
939942
939943
939944
939945
939946
939947
939948
939949
939950
939951
939952
939953
939954
939955
939956
939957
939958
939959
939960
939961
939962
939963
939964
939965
939966
939967
939968
939969
939970
939971
939972
939973
939974
939975
939976
939977
939978
940005
940006
940007
940008
940009
940010
940011
940012
940013
940014
940015
940016
940017
940018
940019
940020
940021
940022
940023
940024
940025
940026
940027
940028
940029
940030
940031
940032
940033
940034
940035
940036
940037
940038
940039
940040
940041
940042
940043
940044
940046
940047
