940048
940049
940050
940051
940052
940053
940054
940055
940056
940083
940084
940085
940086
940087
940088
940089
940090
940091
940092
940093
940094
940095
940096
940097
940098
940099
940100
940101
940102
940103
940104
940105
940106
940107
940108
940109
940110
940111
940112
940113
940114
940115
940116
940117
940118
940119
940120
940121
940122
940124
940125
940126
940127
940128
940129
940130
940131
940132
940133
940134
940135
940136
940137
940138
940139
940140
940141
940142
940143
940144
940145
940146
940147
940148
940149
940150
940151
940152
940153
940154
940155
940156
940157
940158
940159
940160
940187
940188
940189
940190
940191
940192
940193
940194
940195
940196
940197
940198
940199
940200
940201
940202
940203
940204
940205
940206
940207
940208
940209
940210
940211
940212
940239
940240
940241
940242
940243
940244
940245
940246
940248
940249
940250
940251
940252
940253
940254
940255
940256
940257
940258
940259
940260
940261
940262
940263
940264
940265
940266
940267
940268
940269
940270
940271
940272
940273
940274
940275
940276
940277
940278
940279
940280
940281
940282
940283
940284
940285
940286
940287
940288
940289
940290
940317
940318
940319
940320
940321
940322
940323
940324
940325
940326
940327
940328
940329
940330
940331
940332
940333
940334
940335
940336
940337
940338
940339
940340
940341
940342
940369
940370
940371
940372
940373
940374
940375
940376
940377
940378
940379
940380
940381
940382
940383
940384
940385
940386
940387
940388
940389
940390
940391
940392
940393
940394
940421
940422
940423
940424
940425
940426
940427
940428
940429
940430
940431
940432
940433
940434
940435
940436
940437
940438
940439
940440
940441
940442
940443
940444
940445
940446
940447
940448
940449
940450
940451
940452
940453
940454
940455
940456
940457
940458
940459
940460
940461
940462
940463
940464
940465
940466
940467
940468
940469
940470
940471
940472
940473
940474
940475
940476
940477
940478
940479
940480
940481
940482
940483
940484
940485
940486
940487
940488
940489
940490
940491
940492
940493
940494
940496
940497
940498
940525
940526
940527
940528
940529
940530
940531
940532
940533
940534
940535
940536
940537
940538
940539
940540
940541
940542
940543
940544
940545
940546
940547
940548
940549
940550
940577
940578
940579
940580
940581
940582
940583
940584
940585
940586
940587
940588
940589
940590
940591
940592
940593
940594
940595
940596
940597
940598
940599
940600
940601
940602
940681
940682
940683
940684
940685
940686
940687
940688
940689
940690
940691
940692
940693
940694
940695
940696
940697
940698
940699
940700
940701
940702
940703
940704
940705
940706
940733
940734
940735
940736
940737
940738
940739
940740
940741
940742
940743
940744
940745
940746
940747
940748
940749
940750
940751
940752
940753
940754
940755
940756
940757
940758
940759
940760
940761
940762
940763
940764
940765
940766
940767
940768
940769
940770
940771
940772
940773
940774
940775
940776
940777
940778
940779
940780
940781
940782
940783
940784
940785
940786
940787
940788
940789
940790
940791
940792
940793
940794
940795
940796
940797
940798
940799
940800
940801
940802
940803
940804
940805
940806
940807
940808
940809
940810
940915
940916
940917
940918
940919
940920
940921
940922
940923
940924
940925
940926
940927
940928
940929
940930
940931
940932
940933
940934
940935
940936
940937
940938
940939
940940
940967
940968
940969
940970
940971
940972
940973
940974
940975
940976
940977
940978
940979
940980
940981
940982
940983
940984
940985
940986
940987
940988
940989
940990
940991
940992
940993
940994
940995
940996
940997
940998
940999
941000
941001
941002
941003
941004
941005
941006
941007
941008
941009
941010
941011
941012
941013
941014
941015
941016
941017
941018
941019
941021
941022
941023
941024
941025
941026
941027
941028
941029
941030
941031
941032
941033
941034
941035
941036
941037
941038
941039
941040
941041
941042
941043
941044
941045
941046
941047
941048
941049
941050
941051
941052
941053
941054
941055
941056
941057
941058
941059
941060
941061
941062
941063
941064
941065
941066
941067
941068
941069
941070
941071
941072
941073
941074
941075
941076
941077
941078
941079
941080
941081
941082
941083
941084
941085
941086
941087
941088
941089
941090
941091
941092
941093
941094
941095
941096
941149
941150
941151
941152
941153
941154
941155
941156
941157
941158
941159
941160
941161
941162
941163
941164
941165
941166
941167
941168
941169
941170
941171
941172
941173
941174
941175
941176
941177
941178
941179
941180
941181
941182
941183
941184
941185
941186
941187
941188
941189
941190
941191
941192
941193
941194
941195
941196
941197
941198
941199
941200
941201
941202
941203
941204
941205
941206
941207
941208
941209
941210
941211
941212
941213
941214
941215
941216
941217
941218
941219
941220
941221
941222
941223
941224
941225
941226
941227
941228
941229
941230
941231
941232
941233
941234
941235
941236
941237
941238
941239
941240
941241
941242
941243
941244
941245
941246
941247
941248
941249
941250
941251
941252
941253
941254
941255
941256
941257
941258
941259
941260
941261
941262
941263
941264
941265
941266
941267
941268
941269
941270
941271
941272
941273
941274
941275
941276
941277
941278
941279
941280
941281
941282
941283
941284
941285
941286
941287
941288
941289
941290
941291
941292
941293
941294
941295
941296
941297
941298
941299
941300
941301
941302
941303
941304
941383
941384
941385
941386
941387
941388
941389
941390
941391
941392
941393
941394
941395
941396
941397
941398
941399
941400
941401
941402
941403
941404
941405
941406
941407
941408
941435
941436
941437
941438
941439
941440
941441
941442
941443
941444
941445
941446
941447
941448
941449
941450
941451
941452
941453
941454
941455
941456
941457
941458
941459
941460
941487
941488
941489
941490
941491
941492
941493
941494
941495
941496
941497
941498
941499
941500
941501
941502
941503
941504
941505
941506
941507
941508
941509
941510
941511
941512
941513
941514
941515
941516
941517
941518
941519
941520
941521
941522
941523
941524
941525
941526
941527
941528
941529
941530
941531
941532
941533
941534
941535
941536
941537
941538
941539
941540
941541
941542
941543
941544
941545
941546
941547
941548
941549
941550
941551
941552
941553
941554
941555
941556
941557
941558
941559
941560
941561
941562
941563
941564
941565
941566
941567
941568
941569
941570
941571
941572
941573
941574
941575
941576
941577
941578
941579
941580
941581
941582
941583
941584
941585
941586
941587
941588
941589
941590
941617
941618
941619
941620
941621
941622
941623
941624
941625
941626
941627
941628
941629
941630
941631
941632
941633
941634
941635
941636
941637
941638
941639
941640
941641
941642
941643
941644
941645
941646
941647
941648
941649
941650
941651
941652
941653
941654
941655
941656
941657
941658
941659
941660
941661
941662
941663
941664
941665
941666
941667
941668
941695
941696
941697
941698
941699
941700
941701
941702
941703
941704
941705
941706
941707
941708
941709
941710
941711
941712
941713
941714
941715
941716
941717
941718
941719
941720
941721
941722
941723
941724
941725
941726
941727
941728
941729
941730
941731
941732
941733
941734
941735
941736
941737
941738
941739
941740
941741
941742
941743
941744
941745
941746
941799
941800
941801
941802
941803
941804
941805
941806
941807
941808
941809
941810
941811
941812
941813
941814
941815
941816
941817
941818
941819
941820
941821
941822
941823
941824
941825
941826
941827
941828
941829
941830
941831
941832
941833
941834
941835
941836
941837
941838
941839
941840
941841
941842
941843
941844
941845
941846
941847
941848
941849
941850
941903
941904
941905
941906
941907
941908
941909
941910
941911
941912
941913
941914
941915
941916
941917
941918
941919
941920
941921
941922
941923
941924
941925
941926
941927
941928
941929
941930
941931
941932
941933
941934
941935
941936
941937
941938
941939
941940
941941
941942
941943
941944
941945
941946
941947
941948
941949
941950
941951
941952
941953
941954
941955
941956
941957
941958
941959
941960
941961
941962
941963
941964
941965
941966
941967
941968
941969
941970
941971
941972
941973
941974
941975
941976
941977
941978
941979
941980
942007
942008
942009
942010
942011
942012
942013
942014
942015
942016
942017
942018
942019
942020
942021
942022
942023
942024
942025
942026
942027
942028
942029
942030
942031
942032
942059
942060
942061
942062
942063
942064
942065
942066
942067
942068
942069
942070
942071
942072
942073
942074
942075
942076
942077
942078
942079
942080
942081
942082
942083
942084
942085
942086
942087
942088
942089
942090
942091
942092
942093
942094
942095
942096
942097
942098
942099
942100
942101
942102
942103
942104
942105
942106
942107
942108
942109
942110
942111
942112
942113
942114
942115
942116
942117
942118
942119
942120
942121
942122
942123
942124
942125
942126
942127
942128
942129
942130
942131
942132
942133
942134
942135
942136
942163
942164
942165
942166
942167
942168
942169
942170
942171
942172
942173
942174
942175
942176
942177
942178
942179
942180
942181
942182
942183
942184
942185
942186
942187
942188
942189
942190
942191
942192
942193
942194
942195
942196
942197
942198
942199
942200
942201
942202
942203
942204
942205
942206
942207
942208
942209
942210
942211
942212
942213
942214
942293
942294
942295
942296
942297
942298
942299
942300
942301
942302
942303
942304
942305
942306
942307
942308
942309
942310
942311
942312
942313
942314
942315
942316
942317
942318
942397
942398
942399
942400
942401
942402
942403
942404
942405
942406
942407
942408
942409
942410
942411
942412
942413
942414
942415
942416
942417
942418
942419
942420
942421
942422
942423
942424
942425
942426
942427
942428
942429
942430
942431
942432
942433
942434
942435
942436
942437
942438
942439
942440
942441
942442
942443
942444
942445
942446
942447
942448
942527
942528
942529
942530
942531
942532
942533
942534
942535
942536
942537
942538
942539
942540
942541
942542
942543
942544
942545
942546
942547
942548
942549
942550
942551
942552
942579
942580
942581
942582
942583
942584
942585
942586
942587
942588
942589
942590
942591
942592
942593
942594
942595
942596
942597
942598
942599
942600
942601
942602
942603
942604
942605
942606
942607
942608
942609
942610
942611
942612
942613
942614
942615
942616
942617
942618
942619
942620
942621
942622
942623
942624
942625
942626
942627
942628
942629
942630
942709
942710
942711
942712
942713
942714
942715
942716
942717
942718
942719
942720
942721
942722
942723
942724
942725
942726
942727
942728
942729
942730
942731
942732
942733
942734
942735
942736
942737
942738
942739
942740
942741
942742
942743
942744
942745
942746
942747
942748
942749
942750
942751
942752
942753
942754
942755
942756
942757
942758
942759
942760
942813
942814
942815
942816
942817
942818
942819
942820
942821
942822
942823
942824
942825
942826
942827
942828
942829
942830
942831
942832
942833
942834
942835
942836
942837
942838
942839
942840
942841
942842
942843
942844
942845
942846
942847
942848
942849
942850
942851
942852
942853
942854
942855
942856
942857
942858
942859
942860
942861
942862
942863
942864
942891
942892
942893
942894
942895
942896
942897
942898
942899
942900
942901
942902
942903
942904
942905
942906
942907
942908
942909
942910
942911
942912
942913
942914
942915
942916
942943
942944
942945
942946
942947
942948
942949
942950
942951
942952
942953
942954
942955
942956
942957
942958
942959
942960
942961
942962
942963
942964
942965
942966
942967
942968
942995
942996
942997
942998
942999
943000
943001
943002
943003
943004
943005
943006
943007
943008
943009
943010
943011
943012
943013
943014
943015
943016
943017
943018
943019
943020
943021
943022
943023
943024
943025
943026
943027
943028
943029
943030
943031
943032
943033
943034
943035
943036
943037
943038
943039
943040
943041
943042
943043
943044
943045
943046
943047
943048
943049
943050
943051
943052
943053
943054
943055
943056
943057
943058
943059
943060
943061
943062
943063
943064
943065
943066
943067
943068
943069
943070
943071
943072
943099
943100
943101
943102
943103
943104
943105
943106
943107
943108
943109
943110
943111
943112
943113
943114
943115
943116
943117
943118
943119
943120
943121
943122
943123
943124
943255
943256
943257
943258
943259
943260
943261
943262
943263
943264
943265
943266
943267
943268
943269
943270
943271
943272
943273
943274
943275
943276
943277
943278
943279
943280
943281
943282
943283
943284
943285
943286
943287
943288
943289
943290
943291
943292
943293
943294
943295
943296
943297
943298
943299
943300
943301
943302
943303
943304
943305
943306
943307
943308
943309
943310
943311
943312
943313
943314
943315
943316
943317
943318
943319
943320
943321
943322
943323
943324
943325
943326
943327
943328
943329
943330
943331
943332
943333
943334
943335
943336
943337
943338
943339
943340
943341
943342
943343
943344
943345
943346
943347
943348
943349
943350
943351
943352
943353
943354
943355
943356
943357
943358
943359
943360
943361
943362
943363
943364
943365
943366
943367
943368
943369
943370
943371
943372
943373
943374
943375
943376
943377
943378
943379
943380
943381
943382
943383
943384
943385
943386
943387
943388
943389
943390
943391
943392
943393
943394
943395
943396
943397
943398
943399
943400
943401
943402
943403
943404
943405
943406
943407
943408
943409
943410
943411
943412
943413
943414
943415
943416
943417
943418
943419
943420
943421
943422
943423
943424
943425
943426
943427
943428
943429
943430
943431
943432
943433
943434
943435
943436
943541
943542
943543
943544
943545
943546
943547
943548
943549
943550
943551
943552
943553
943554
943555
943556
943557
943558
943559
943560
943561
943562
943563
943564
943565
943566
943567
943568
943569
943570
943571
943572
943573
943574
943575
943576
943577
943578
943579
943580
943581
943582
943583
943584
943585
943586
943587
943588
943589
943590
943591
943592
943619
943620
943621
943622
943623
943624
943625
943626
943627
943628
943629
943630
943631
943632
943633
943634
943635
943636
943637
943638
943639
943640
943641
943642
943643
943644
943645
943646
943647
943648
943649
943650
943651
943652
943653
943654
943655
943656
943657
943658
943659
943660
943661
943662
943663
943664
943665
943666
943667
943668
943669
943670
943671
943672
943673
943674
943675
943676
943677
943678
943679
943680
943681
943682
943683
943684
943685
943686
943687
943688
943689
943690
943691
943692
943693
943694
943695
943696
943697
943698
943699
943700
943701
943702
943703
943704
943705
943706
943707
943708
943709
943710
943711
943712
943713
943714
943715
943716
943717
943718
943719
943720
943721
943722
943723
943724
943725
943726
943727
943728
943729
943730
943731
943732
943733
943734
943735
943736
943737
943738
943739
943740
943741
943742
943743
943744
943745
943746
943747
943748
943775
943776
943777
943778
943779
943780
943781
943782
943783
943784
943785
943786
943787
943788
943789
943790
943791
943792
943793
943794
943795
943796
943797
943798
943799
943800
943801
943802
943803
943804
943805
943806
943807
943808
943809
943810
943811
943812
943813
943814
943815
943816
943817
943818
943819
943820
943821
943822
943823
943824
943825
943826
943853
943854
943855
943856
943857
943858
943859
943860
943861
943862
943863
943864
943865
943866
943867
943868
943869
943870
943871
943872
943873
943874
943875
943876
943877
943878
943879
943880
943881
943882
943883
943884
943885
943886
943887
943888
943889
943890
943891
943892
943893
943894
943895
943896
943897
943898
943899
943900
943901
943902
943903
943904
943905
943906
943907
943908
943909
943910
943911
943912
943913
943914
943915
943916
943917
943918
943919
943920
943921
943922
943923
943924
943925
943926
943927
943928
943929
943930
943983
943984
943985
943986
943987
943988
943989
943990
943991
943992
943993
943994
943995
943996
943997
943998
943999
944000
944001
944002
944003
944004
944005
944006
944007
944008
944009
944010
944011
944012
944013
944014
944015
944016
944017
944018
944019
944020
944021
944022
944023
944024
944025
944026
944027
944028
944029
944030
944031
944032
944033
944034
944035
944036
944037
944038
944039
944040
944041
944042
944043
944044
944045
944046
944047
944049
944050
944051
944052
944053
944054
944055
944056
944057
944058
944059
944060
944087
944088
944089
944090
944091
944092
944093
944094
944095
944096
944097
944098
944099
944100
944101
944102
944103
944104
944105
944106
944107
944108
944109
944110
944111
944112
944139
944140
944141
944142
944143
944144
944145
944146
944147
944148
944149
944150
944151
944152
944153
944154
944155
944156
944157
944158
944159
944160
944161
944162
944163
944164
944217
944218
944219
944220
944221
944222
944223
944224
944225
944226
944227
944228
944229
944230
944231
944232
944233
944234
944235
944236
944237
944238
944239
944240
944241
944242
944243
944244
944245
944246
944247
944248
944249
944250
944251
944252
944253
944254
944255
944256
944257
944258
944259
944260
944261
944262
944263
944264
944265
944266
944267
944268
944347
944348
944349
944350
944351
944352
944353
944354
944355
944356
944357
944358
944359
944360
944361
944362
944363
944364
944365
944366
944367
944368
944369
944370
944371
944372
944373
944374
944375
944376
944377
944378
944379
944380
944381
944382
944383
944384
944385
944386
944387
944388
944389
944390
944391
944392
944393
944394
944395
944396
944397
944398
944425
944426
944427
944428
944429
944430
944431
944432
944433
944434
944435
944436
944437
944438
944439
944440
944441
944442
944443
944444
944445
944446
944447
944448
944449
944450
944451
944452
944453
944454
944455
944456
944457
944458
944459
944460
944461
944462
944463
944464
944465
944466
944467
944468
944469
944470
944471
944472
944473
944474
944475
944476
944503
944504
944505
944506
944507
944508
944509
944510
944511
944512
944513
944514
944515
944516
944517
944518
944519
944520
944521
944522
944523
944524
944525
944526
944527
944528
944555
944556
944557
944558
944559
944560
944561
944562
944563
944564
944565
944566
944567
944568
944569
944570
944571
944572
944573
944574
944575
944576
944577
944578
944579
944580
944581
944582
944583
944584
944585
944586
944587
944588
944589
944590
944591
944592
944593
944594
944595
944596
944597
944598
944599
944600
944601
944602
944603
944604
944605
944606
944633
944634
944635
944636
944637
944638
944639
944640
944641
944642
944643
944644
944645
944646
944647
944648
944649
944650
944651
944652
944653
944654
944655
944656
944657
944658
944659
944660
944661
944662
944663
944664
944665
944666
944667
944668
944669
944670
944671
944672
944673
944674
944675
944676
944677
944678
944679
944680
944681
944682
944683
944684
944685
944686
944687
944688
944689
944690
944691
944692
944693
944694
944695
944696
944697
944698
944699
944700
944701
944702
944703
944704
944705
944706
944707
944708
944709
944710
944711
944712
944713
944714
944715
944716
944717
944718
944719
944720
944721
944722
944723
944724
944725
944726
944727
944728
944729
944730
944731
944732
944733
944734
944735
944736
944737
944738
944739
944740
944741
944742
944743
944744
944745
944746
944747
944748
944749
944750
944751
944752
944753
944754
944755
944756
944757
944758
944759
944760
944761
944762
944841
944842
944843
944844
944845
944846
944847
944848
944849
944850
944851
944852
944853
944854
944855
944856
944857
944858
944859
944860
944861
944862
944863
944864
944865
944866
945023
945024
945025
945026
945027
945028
945029
945030
945031
945032
945033
945034
945035
945036
945037
945038
945039
945040
945041
945042
945043
945044
945045
945046
945047
945048
945049
945050
945051
945052
945053
945054
945055
945056
945057
945058
945059
945060
945061
945062
945063
945064
945065
945066
945067
945068
945069
945070
945071
945072
945073
945074
945101
945102
945103
945104
945105
945106
945107
945108
945109
945110
945111
945112
945113
945114
945115
945116
945117
945118
945119
945120
945121
945122
945123
945124
945125
945126
945127
945128
945129
945130
945131
945132
945133
945134
945135
945136
945137
945138
945139
945140
945141
945142
945143
945144
945145
945146
945147
945148
945149
945150
945151
945152
945153
945154
945155
945156
945157
945158
945159
945160
945161
945162
945163
945164
945165
945166
945167
945168
945169
945170
945171
945172
945173
945174
945175
945176
945177
945178
945179
945180
945181
945182
945183
945184
945185
945186
945187
945188
945189
945190
945191
945192
945193
945194
945195
945196
945197
945198
945199
945200
945201
945202
945203
945204
945283
945284
945285
945286
945287
945288
945289
945290
945291
945292
945293
945294
945295
945296
945297
945298
945299
945300
945301
945302
945303
945304
945305
945306
945307
945308
945309
945310
945311
945312
945313
945314
945315
945316
945317
945318
945319
945320
945321
945322
945323
945324
945325
945326
945327
945328
945329
945330
945331
945332
945333
945334
945413
945414
945415
945416
945417
945418
945419
945420
945421
945422
945423
945424
945425
945426
945427
945428
945429
945430
945431
945432
945433
945434
945435
945436
945437
945438
945465
945466
945467
945468
945469
945470
945471
945472
945473
945474
945475
945476
945477
945478
945479
945480
945481
945482
945483
945484
945485
945486
945487
945488
945489
945490
945517
945518
945519
945520
945521
945522
945523
945524
945525
945526
945527
945528
945529
945530
945531
945532
945533
945534
945535
945536
945537
945538
945539
945540
945541
945542
945543
945544
945545
945546
945547
945548
945549
945550
945551
945552
945553
945554
945555
945556
945557
945558
945559
945560
945561
945562
945563
945564
945565
945566
945567
945568
945595
945596
945597
945598
945599
945600
945601
945602
945603
945604
945605
945606
945607
945608
945609
945610
945611
945612
945613
945614
945615
945616
945617
945618
945619
945620
945621
945622
945623
945624
945625
945626
945627
945628
945629
945630
945631
945632
945633
945634
945635
945636
945637
945638
945639
945640
945641
945642
945643
945644
945645
945646
945647
945648
945649
945650
945651
945652
945653
945654
945655
945656
945657
945658
945659
945660
945661
945662
945663
945664
945665
945666
945667
945668
945669
945670
945671
945672
945725
945726
945727
945728
945729
945730
945731
945732
945733
945734
945735
945736
945737
945738
945739
945740
945741
945742
945743
945744
945745
945746
945747
945748
945749
945750
945803
945804
945805
945806
945807
945808
945809
945810
945811
945812
945813
945814
945815
945816
945817
945818
945819
945820
945821
945822
945823
945824
945825
945826
945827
945828
945855
945856
945857
945858
945859
945860
945861
945862
945863
945864
945865
945866
945867
945868
945869
945870
945871
945872
945873
945874
945875
945876
945877
945878
945879
945880
945907
945908
945909
945910
945911
945912
945913
945914
945915
945916
945917
945918
945919
945920
945921
945922
945923
945924
945925
945926
945927
945928
945929
945930
945931
945932
945959
945960
945961
945962
945963
945964
945965
945966
945967
945968
945969
945970
945971
945972
945973
945974
945975
945976
945977
945978
945979
945980
945981
945982
945983
945984
946011
946012
946013
946014
946015
946016
946017
946018
946019
946020
946021
946022
946023
946024
946025
946026
946027
946028
946029
946030
946031
946032
946033
946034
946035
946036
946037
946038
946039
946040
946041
946042
946043
946044
946045
946046
946047
946048
946049
946050
946051
946052
946053
946054
946055
946056
946057
946058
946059
946060
946061
946062
946115
946116
946117
946118
946119
946120
946121
946122
946123
946124
946125
946126
946127
946128
946129
946130
946131
946132
946133
946134
946135
946136
946137
946138
946139
946140
946167
946168
946169
946170
946171
946172
946173
946174
946175
946176
946177
946178
946179
946180
946181
946182
946183
946184
946185
946186
946187
946188
946189
946190
946191
946192
946193
946194
946195
946196
946197
946198
946199
946200
946201
946202
946203
946204
946205
946206
946207
946208
946209
946210
946211
946212
946213
946214
946215
946216
946217
946218
946245
946246
946247
946248
946249
946250
946251
946252
946253
946254
946255
946256
946257
946258
946259
946260
946261
946262
946263
946264
946265
946266
946267
946268
946269
946270
946271
946272
946273
946274
946275
946277
946278
946279
946280
946281
946282
946283
946284
946285
946286
946287
946288
946289
946290
946291
946292
946293
946294
946295
946296
946401
946402
946403
946404
946405
946406
946407
946408
946409
946410
946411
946412
946413
946414
946415
946416
946417
946418
946419
946420
946421
946422
946423
946424
946425
946426
946427
946428
946429
946430
946431
946432
946433
946434
946435
946436
946437
946438
946439
946440
946441
946442
946443
946444
946445
946446
946447
946448
946449
946450
946451
946452
946583
946584
946585
946586
946587
946588
946589
946590
946591
946592
946593
946594
946595
946596
946597
946598
946599
946600
946601
946602
946603
946604
946605
946606
946607
946608
946609
946610
946611
946612
946613
946614
946615
946616
946617
946618
946619
946620
946621
946622
946623
946624
946625
946626
946627
946628
946629
946630
946631
946632
946633
946634
946635
946636
946637
946638
946639
946640
946641
946642
946643
946644
946645
946646
946647
946648
946649
946650
946651
946652
946653
946654
946655
946656
946657
946658
946659
946660
946765
946766
946767
946768
946769
946770
946771
946772
946773
946774
946775
946776
946777
946778
946779
946780
946781
946782
946783
946784
946785
946786
946787
946788
946789
946790
946817
946818
946819
946820
946821
946822
946823
946824
946825
946826
946827
946828
946829
946830
946831
946832
946833
946834
946835
946836
946837
946838
946839
946840
946841
946842
946921
946922
946923
946924
946925
946926
946927
946928
946929
946930
946931
946932
946933
946934
946935
946936
946937
946938
946939
946940
946941
946942
946943
946944
946945
946946
946947
946948
946949
946950
946951
946952
946953
946954
946955
946956
946957
946958
946959
946960
946961
946962
946963
946964
946965
946966
946967
946968
946969
946970
946971
946972
946973
946974
946975
946976
946977
946978
946979
946980
946981
946982
946983
946984
946985
946986
946987
946988
946989
946990
946991
946992
946993
946994
946995
946996
946997
946998
946999
947000
947001
947002
947003
947004
947005
947006
947007
947008
947009
947010
947011
947012
947013
947014
947015
947016
947017
947018
947019
947020
947021
947022
947023
947024
947025
947026
947027
947028
947029
