947030
947031
947032
947033
947034
947035
947036
947037
947038
947039
947040
947041
947042
947043
947044
947045
947046
947047
947048
947049
947050
947077
947078
947079
947080
947081
947082
947083
947084
947085
947086
947087
947088
947089
947090
947091
947092
947093
947094
947095
947096
947097
947098
947099
947100
947101
947102
947129
947130
947131
947132
947133
947134
947135
947136
947137
947138
947139
947140
947141
947142
947143
947144
947145
947146
947147
947148
947149
947150
947151
947152
947153
947154
947155
947156
947157
947158
947159
947160
947161
947162
947163
947164
947165
947166
947167
947168
947169
947170
947171
947172
947173
947174
947175
947176
947177
947178
947179
947180
947181
947182
947183
947184
947185
947186
947187
947188
947189
947190
947191
947192
947193
947194
947195
947196
947197
947198
947199
947200
947201
947202
947203
947204
947205
947206
947207
947208
947209
947210
947211
947212
947213
947214
947215
947216
947217
947218
947219
947220
947221
947222
947224
947225
947226
947227
947228
947229
947230
947231
947232
947233
947234
947235
947236
947237
947238
947239
947240
947241
947242
947243
947244
947245
947246
947247
947248
947249
947250
947251
947252
947253
947254
947255
947256
947257
947258
947337
947338
947339
947340
947341
947342
947343
947344
947345
947346
947347
947348
947349
947350
947351
947352
947353
947354
947355
947356
947357
947358
947359
947360
947361
947362
947493
947494
947495
947496
947497
947498
947499
947500
947501
947502
947503
947504
947505
947506
947507
947508
947509
947510
947511
947512
947513
947514
947515
947516
947517
947518
947519
947520
947521
947522
947523
947524
947525
947526
947527
947528
947529
947530
947531
947532
947533
947534
947535
947536
947537
947538
947539
947540
947541
947542
947543
947544
947649
947650
947651
947652
947653
947654
947655
947656
947657
947658
947659
947660
947661
947662
947663
947664
947665
947666
947667
947668
947669
947670
947671
947672
947673
947674
947675
947676
947677
947678
947679
947680
947681
947682
947683
947684
947685
947686
947687
947688
947689
947690
947691
947692
947693
947694
947695
947696
947697
947698
947699
947700
947701
947702
947703
947704
947705
947706
947707
947708
947709
947710
947711
947712
947713
947714
947715
947716
947717
947718
947719
947720
947721
947722
947723
947724
947725
947726
947727
947728
947729
947730
947731
947732
947733
947734
947735
947736
947737
947738
947739
947740
947741
947742
947743
947744
947745
947746
947747
947748
947749
947750
947751
947752
947779
947780
947781
947782
947783
947784
947785
947786
947787
947788
947789
947790
947791
947792
947793
947794
947795
947796
947797
947798
947799
947800
947801
947802
947803
947804
947805
947806
947807
947808
947809
947810
947811
947812
947813
947814
947815
947816
947817
947818
947819
947820
947821
947822
947823
947824
947825
947826
947827
947828
947829
947830
947857
947858
947859
947860
947861
947862
947863
947864
947865
947866
947867
947868
947869
947870
947871
947872
947873
947874
947875
947876
947877
947878
947879
947880
947881
947882
947909
947910
947911
947912
947913
947914
947915
947916
947917
947918
947919
947920
947921
947922
947923
947924
947925
947926
947927
947928
947929
947930
947931
947932
947933
947934
947935
947936
947937
947938
947939
947940
947941
947942
947943
947944
947945
947946
947947
947948
947949
947950
947951
947952
947953
947954
947955
947956
947957
947958
947959
947960
948013
948014
948015
948016
948017
948018
948019
948020
948021
948022
948023
948024
948025
948026
948027
948028
948029
948030
948031
948032
948033
948034
948035
948036
948037
948038
948195
948196
948197
948198
948199
948200
948201
948202
948203
948204
948205
948206
948207
948208
948209
948210
948211
948212
948213
948214
948215
948216
948217
948218
948219
948220
948247
948248
948249
948250
948251
948252
948253
948254
948255
948256
948257
948258
948259
948260
948261
948262
948263
948264
948265
948266
948267
948268
948269
948270
948271
948272
948273
948274
948275
948276
948277
948278
948279
948280
948281
948282
948283
948284
948285
948286
948287
948288
948289
948290
948291
948292
948293
948294
948295
948296
948297
948298
948377
948378
948379
948380
948381
948382
948383
948384
948385
948386
948387
948388
948389
948390
948391
948392
948393
948394
948395
948396
948397
948398
948399
948400
948401
948402
948403
948404
948405
948406
948407
948408
948409
948410
948411
948412
948413
948414
948415
948416
948417
948418
948419
948420
948421
948422
948423
948424
948425
948426
948427
948428
948429
948430
948431
948432
948433
948434
948435
948436
948437
948438
948439
948440
948441
948442
948443
948444
948445
948446
948447
948448
948449
948450
948451
948452
948453
948454
948559
948560
948561
948562
948563
948564
948565
948566
948567
948568
948569
948570
948571
948572
948573
948574
948575
948576
948577
948578
948579
948580
948581
948582
948583
948584
948611
948612
948613
948614
948615
948616
948617
948618
948619
948620
948621
948622
948623
948624
948625
948626
948627
948628
948629
948630
948631
948632
948633
948634
948635
948636
948663
948664
948665
948666
948667
948668
948669
948670
948671
948672
948673
948674
948675
948676
948677
948678
948679
948680
948681
948682
948683
948684
948685
948686
948687
948688
948741
948742
948743
948744
948745
948746
948747
948748
948749
948750
948751
948752
948753
948754
948755
948756
948757
948758
948759
948760
948761
948762
948763
948764
948765
948766
948819
948820
948821
948822
948823
948824
948825
948826
948827
948828
948829
948830
948831
948832
948833
948834
948835
948836
948837
948838
948839
948840
948841
948842
948843
948844
948845
948846
948847
948848
948849
948850
948851
948852
948853
948854
948855
948856
948857
948858
948859
948860
948861
948862
948863
948864
948865
948866
948867
948868
948869
948870
948923
948924
948925
948926
948927
948928
948929
948930
948931
948932
948933
948934
948935
948936
948937
948938
948939
948940
948941
948942
948943
948944
948945
948946
948947
948948
949001
949002
949003
949004
949005
949006
949007
949008
949009
949010
949011
949012
949013
949014
949015
949016
949017
949018
949019
949020
949021
949022
949023
949024
949025
949026
949027
949028
949029
949030
949031
949032
949033
949034
949035
949036
949037
949038
949039
949040
949041
949042
949043
949044
949045
949046
949047
949048
949049
949050
949051
949052
949053
949054
949055
949056
949057
949058
949059
949060
949061
949062
949063
949064
949065
949066
949067
949068
949069
949070
949071
949072
949073
949074
949075
949076
949077
949078
949105
949106
949107
949108
949109
949110
949111
949112
949113
949114
949115
949116
949117
949118
949119
949120
949121
949122
949123
949124
949125
949126
949127
949128
949129
949130
949157
949158
949159
949160
949161
949162
949163
949164
949165
949166
949167
949168
949169
949170
949171
949172
949173
949174
949175
949176
949177
949178
949179
949180
949181
949182
949261
949262
949263
949264
949265
949266
949267
949268
949269
949270
949271
949272
949273
949274
949275
949276
949277
949278
949279
949280
949281
949282
949283
949284
949285
949286
949287
949288
949289
949290
949291
949292
949293
949294
949295
949296
949297
949298
949299
949300
949301
949302
949303
949304
949305
949306
949307
949308
949309
949310
949311
949312
949365
949366
949367
949368
949369
949370
949371
949372
949373
949374
949375
949376
949377
949378
949379
949380
949381
949382
949383
949384
949385
949386
949387
949388
949389
949390
949391
949392
949393
949394
949395
949396
949397
949398
949399
949400
949401
949402
949403
949404
949405
949406
949407
949408
949409
949410
949411
949412
949413
949414
949415
949416
949417
949418
949419
949420
949421
949422
949423
949424
949425
949426
949427
949428
949429
949430
949431
949432
949433
949434
949435
949436
949437
949438
949439
949440
949441
949442
949443
949444
949445
949446
949447
949448
949449
949450
949451
949452
949453
949454
949455
949456
949457
949458
949459
949460
949461
949462
949463
949464
949465
949466
949467
949468
949469
949470
949471
949472
949473
949474
949475
949476
949477
949478
949479
949480
949481
949482
949483
949484
949485
949486
949487
949488
949489
949490
949491
949492
949493
949494
949521
949522
949523
949524
949525
949526
949527
949528
949529
949530
949531
949532
949533
949534
949535
949536
949537
949538
949539
949540
949541
949542
949543
949544
949545
949546
949547
949548
949549
949550
949551
949552
949553
949554
949555
949556
949557
949558
949559
949560
949561
949562
949563
949564
949565
949566
949567
949568
949569
949570
949571
949572
949599
949600
949601
949602
949603
949604
949605
949606
949607
949608
949609
949610
949611
949612
949613
949614
949615
949616
949617
949618
949619
949620
949621
949622
949623
949624
949625
949626
949627
949628
949629
949630
949631
949632
949633
949634
949635
949636
949637
949638
949639
949640
949641
949642
949643
949644
949645
949646
949647
949648
949649
949650
949651
949652
949653
949654
949655
949656
949657
949658
949659
949660
949661
949662
949663
949664
949665
949666
949667
949668
949669
949670
949671
949672
949673
949674
949675
949676
949729
949730
949731
949732
949733
949734
949735
949736
949737
949738
949739
949740
949741
949742
949743
949744
949745
949746
949747
949748
949749
949750
949751
949752
949753
949754
949781
949782
949783
949784
949785
949786
949787
949788
949789
949790
949791
949792
949793
949794
949795
949796
949797
949798
949799
949800
949801
949802
949803
949804
949805
949806
949859
949860
949861
949862
949863
949864
949865
949866
949867
949868
949869
949870
949871
949872
949873
949874
949875
949876
949877
949878
949879
949880
949881
949882
949883
949884
949937
949938
949939
949940
949941
949942
949943
949944
949945
949946
949947
949948
949949
949950
949951
949952
949953
949954
949955
949956
949957
949958
949959
949960
949961
949962
949963
949964
949965
949966
949967
949968
949969
949970
949971
949972
949973
949974
949975
949976
949977
949978
949979
949980
949981
949982
949983
949984
949985
949986
949987
949988
950015
950016
950017
950018
950019
950020
950021
950022
950023
950024
950025
950026
950027
950028
950029
950030
950031
950032
950033
950034
950035
950036
950037
950038
950039
950040
950041
950042
950043
950044
950045
950046
950047
950048
950049
950050
950051
950052
950053
950054
950055
950056
950057
950058
950059
950060
950061
950062
950063
950064
950065
950066
950093
950094
950095
950096
950097
950098
950099
950100
950101
950102
950103
950104
950105
950106
950107
950108
950109
950110
950111
950112
950113
950114
950115
950116
950117
950118
950275
950276
950277
950278
950279
950280
950281
950282
950283
950284
950285
950286
950287
950288
950289
950290
950291
950292
950293
950294
950295
950296
950297
950298
950299
950300
950327
950328
950329
950330
950331
950332
950333
950334
950335
950336
950337
950338
950339
950340
950341
950342
950343
950344
950345
950346
950347
950348
950349
950350
950351
950352
950379
950380
950381
950382
950383
950384
950385
950386
950387
950388
950389
950390
950391
950392
950393
950394
950395
950396
950397
950398
950399
950400
950401
950402
950403
950404
950405
950406
950407
950408
950409
950410
950411
950412
950413
950414
950415
950416
950417
950418
950419
950420
950421
950422
950423
950424
950425
950426
950427
950428
950429
950430
950431
950432
950433
950434
950435
950436
950437
950438
950439
950440
950441
950442
950443
950444
950445
950446
950447
950448
950449
950450
950451
950452
950453
950454
950455
950456
950457
950458
950459
950460
950461
950462
950463
950464
950465
950466
950467
950468
950469
950470
950471
950472
950473
950474
950475
950476
950477
950478
950479
950480
950481
950482
950535
950536
950537
950538
950539
950540
950541
950542
950543
950544
950545
950546
950547
950548
950549
950550
950551
950552
950553
950554
950555
950556
950557
950558
950559
950560
950613
950614
950615
950616
950617
950618
950619
950620
950621
950622
950623
950624
950625
950626
950627
950628
950629
950630
950631
950632
950633
950634
950635
950636
950637
950638
950665
950666
950667
950668
950669
950670
950671
950672
950673
950674
950675
950676
950677
950678
950679
950680
950681
950682
950683
950684
950685
950686
950687
950688
950689
950690
950691
950692
950693
950694
950695
950696
950697
950698
950699
950700
950701
950702
950703
950704
950705
950706
950707
950708
950709
950710
950711
950712
950713
950714
950715
950716
950743
950744
950745
950746
950747
950748
950749
950750
950751
950752
950753
950754
950755
950756
950757
950758
950759
950760
950761
950762
950763
950764
950765
950766
950767
950768
950769
950770
950771
950772
950773
950774
950775
950776
950777
950778
950779
950780
950781
950782
950783
950784
950785
950786
950787
950788
950789
950790
950791
950792
950793
950794
950795
950796
950797
950798
950799
950800
950801
950802
950803
950804
950805
950806
950807
950808
950809
950810
950811
950812
950813
950814
950815
950816
950817
950818
950819
950820
950847
950848
950849
950850
950851
950852
950853
950854
950855
950856
950857
950858
950859
950860
950861
950862
950863
950864
950865
950866
950867
950868
950869
950870
950871
950872
950873
950874
950875
950876
950877
950878
950879
950880
950881
950882
950883
950884
950885
950886
950887
950888
950889
950890
950891
950892
950893
950894
950895
950896
950897
950898
950899
950900
950901
950902
950903
950904
950905
950906
950907
950908
950909
950910
950911
950912
950913
950914
950915
950916
950917
950918
950919
950920
950921
950922
950923
950924
950925
950926
950927
950928
950929
950930
950931
950932
950933
950934
950935
950936
950937
950938
950939
950940
950941
950942
950943
950944
950945
950946
950947
950948
950949
950950
951003
951004
951005
951006
951007
951008
951009
951010
951011
951012
951013
951014
951015
951016
951017
951018
951019
951020
951021
951022
951023
951024
951025
951026
951027
951028
951081
951082
951083
951084
951085
951086
951087
951088
951089
951090
951091
951092
951093
951094
951095
951096
951097
951098
951099
951100
951101
951102
951103
951104
951105
951106
951107
951108
951109
951110
951111
951112
951113
951114
951115
951116
951117
951118
951119
951120
951121
951122
951123
951124
951125
951126
951127
951128
951129
951130
951131
951132
951211
951212
951213
951214
951215
951216
951217
951218
951219
951220
951221
951222
951223
951224
951225
951226
951227
951228
951229
951230
951231
951232
951233
951234
951235
951236
951237
951238
951239
951240
951241
951242
951243
951244
951245
951246
951247
951248
951249
951250
951251
951252
951253
951254
951255
951256
951257
951258
951259
951260
951261
951262
951289
951290
951291
951292
951293
951294
951295
951296
951297
951298
951299
951300
951301
951302
951303
951304
951305
951306
951307
951308
951309
951310
951311
951312
951313
951314
951315
951316
951317
951318
951319
951320
951321
951322
951323
951324
951325
951326
951327
951328
951329
951330
951331
951332
951333
951334
951335
951336
951337
951338
951339
951340
951341
951342
951343
951344
951345
951346
951347
951348
951349
951350
951351
951352
951353
951354
951355
951356
951357
951358
951359
951360
951361
951362
951363
951364
951365
951366
951367
951368
951369
951370
951371
951372
951373
951374
951375
951376
951377
951378
951379
951380
951381
951382
951383
951384
951385
951386
951387
951388
951389
951390
951391
951392
951393
951394
951395
951396
951397
951398
951399
951400
951401
951402
951403
951404
951405
951406
951407
951408
951409
951410
951411
951412
951413
951414
951415
951416
951417
951418
951419
951420
951421
951422
951423
951424
951425
951426
951427
951428
951429
951430
951431
951432
951433
951434
951435
951436
951437
951438
951439
951440
951441
951442
951443
951444
951497
951498
951499
951500
951501
951502
951503
951504
951505
951506
951507
951508
951509
951510
951511
951512
951513
951514
951515
951516
951517
951518
951519
951520
951521
951522
951523
951524
951525
951526
951527
951528
951529
951530
951531
951532
951533
951534
951535
951536
951537
951538
951539
951540
951541
951542
951543
951544
951545
951546
951547
951548
951601
951602
951603
951604
951605
951606
951607
951608
951609
951610
951611
951612
951613
951614
951615
951616
951617
951618
951619
951620
951621
951622
951623
951624
951625
951626
951627
951628
951629
951630
951631
951632
951633
951634
951635
951636
951637
951638
951639
951640
951641
951642
951643
951644
951645
951646
951647
951648
951649
951650
951651
951652
951705
951706
951707
951708
951709
951710
951711
951712
951713
951714
951715
951716
951717
951718
951719
951720
951721
951722
951723
951724
951725
951726
951727
951728
951729
951730
951757
951758
951759
951760
951761
951762
951763
951764
951765
951766
951767
951768
951769
951770
951771
951772
951773
951774
951775
951776
951777
951778
951779
951780
951781
951782
951835
951836
951837
951838
951839
951840
951841
951842
951843
951844
951845
951846
951847
951848
951849
951850
951851
951852
951853
951854
951855
951856
951857
951858
951859
951860
951887
951888
951889
951890
951891
951892
951893
951894
951895
951896
951897
951898
951899
951900
951901
951902
951903
951904
951905
951906
951907
951908
951909
951910
951911
951912
951965
951966
951967
951968
951969
951970
951971
951972
951973
951974
951975
951976
951977
951978
951979
951980
951981
951982
951983
951984
951985
951986
951987
951988
951989
951990
951991
951992
951993
951994
951995
951996
951997
951998
951999
952000
952001
952002
952003
952004
952005
952006
952007
952008
952009
952010
952011
952012
952013
952014
952015
952016
952017
952018
952019
952020
952021
952022
952023
952024
952025
952026
952027
952028
952029
952030
952031
952032
952033
952034
952035
952036
952037
952038
952039
952040
952041
952042
952043
952044
952045
952046
952047
952048
952049
952050
952051
952052
952053
952054
952055
952056
952057
952058
952059
952060
952061
952062
952063
952064
952065
952066
952067
952068
952069
952070
952071
952072
952073
952074
952075
952076
952077
952078
952079
952080
952081
952082
952083
952084
952085
952086
952087
952088
952089
952090
952091
952092
952093
952094
952121
952122
952123
952124
952125
952126
952127
952128
952129
952130
952131
952132
952133
952134
952135
952136
952137
952138
952139
952140
952141
952142
952143
952144
952145
952146
952147
952148
952149
952150
952151
952152
952153
952154
952155
952156
952157
952158
952159
952160
952161
952162
952163
952164
952165
952166
952167
952168
952169
952170
952171
952172
952199
952200
952201
952202
952203
952204
952205
952206
952207
952208
952209
952210
952211
952212
952213
952214
952215
952216
952217
952218
952219
952220
952221
952222
952223
952224
952225
952226
952227
952228
952229
952230
952231
952232
952233
952234
952235
952236
952237
952238
952239
952240
952241
952242
952243
952244
952245
952246
952247
952248
952249
952250
952329
952330
952331
952332
952333
952334
952335
952336
952337
952338
952339
952340
952341
952342
952343
952344
952345
952346
952347
952348
952349
952350
952351
952352
952353
952354
952355
952356
952357
952358
952359
952360
952361
952362
952363
952364
952365
952366
952367
952368
952369
952370
952371
952372
952373
952374
952375
952376
952377
952378
952379
952380
952381
952382
952383
952384
952385
952386
952387
952388
952389
952390
952391
952392
952393
952394
952395
952396
952397
952398
952399
952400
952401
952402
952403
952404
952405
952406
952407
952408
952409
952410
952411
952412
952413
952414
952415
952416
952417
952418
952419
952420
952421
952422
952423
952424
952425
952426
952427
952428
952429
952430
952431
952432
952433
952434
952435
952436
952437
952438
952439
952440
952441
952442
952443
952444
952445
952446
952447
952448
952449
952450
952451
952452
952453
952454
952455
952456
952457
952458
952511
952512
952513
952514
952515
952516
952517
952518
952519
952520
952521
952522
952523
952524
952525
952526
952527
952528
952529
952530
952531
952532
952533
952534
952535
952536
952563
952564
952565
952566
952567
952568
952569
952570
952571
952572
952573
952574
952575
952576
952577
952578
952579
952580
952581
952582
952583
952584
952585
952586
952587
952588
952719
952720
952721
952722
952723
952724
952725
952726
952727
952728
952729
952730
952731
952732
952733
952734
952735
952736
952737
952738
952739
952740
952741
952742
952743
952744
952745
952746
952747
952748
952749
952750
952751
952752
952753
952754
952755
952756
952757
952758
952759
952760
952761
952762
952763
952764
952765
952766
952767
952768
952769
952770
952771
952772
952773
952774
952775
952776
952777
952778
952779
952780
952781
952782
952783
952784
952785
952786
952787
952788
952789
952790
952791
952792
952793
952794
952795
952796
952823
952824
952825
952826
952827
952828
952829
952830
952831
952832
952833
952834
952835
952836
952837
952838
952839
952840
952841
952842
952843
952844
952845
952846
952847
952848
952875
952876
952877
952878
952879
952880
952881
952882
952883
952884
952885
952886
952887
952888
952889
952890
952891
952892
952893
952894
952895
952896
952897
952898
952899
952900
952901
952902
952903
952904
952905
952906
952907
952908
952909
952910
952911
952912
952913
952914
952915
952916
952917
952918
952919
952920
952921
952922
952923
952924
952925
952926
952927
952928
952929
952930
952931
952932
952933
952934
952935
952936
952937
952938
952939
952940
952941
952942
952943
952944
952945
952946
952947
952948
952949
952950
952951
952952
952953
952954
952955
952956
952957
952958
952959
952960
952961
952962
952963
952964
952965
952966
952967
952968
952969
952970
952971
952972
952973
952974
952975
952976
952977
952978
952979
952980
952981
952982
952983
952984
952985
952986
952987
952988
952989
952990
952991
952992
952993
952994
952995
952996
952997
952998
952999
953000
953001
953002
953003
953004
953031
953032
953033
953034
953035
953036
953037
953038
953039
953040
953041
953042
953043
953044
953045
953046
953047
953048
953049
953050
953051
953052
953053
953054
953055
953056
953083
953084
953085
953086
953087
953088
953089
953090
953091
953092
953093
953094
953095
953096
953097
953098
953099
953100
953101
953102
953103
953104
953105
953106
953107
953108
953109
953110
953111
953112
953113
953114
953115
953116
953117
953118
953119
953120
953121
953122
953123
953124
953125
953126
953127
953128
953129
953130
953131
953132
953133
953134
953135
953136
953137
953138
953139
953140
953141
953142
953143
953144
953145
953146
953147
953148
953149
953150
953151
953152
953153
953154
953155
953156
953157
953158
953159
953160
953161
953162
953163
953164
953165
953166
953167
953168
953169
953170
953171
953172
953173
953174
953175
953176
953177
953178
953179
953180
953181
953182
953183
953184
953185
953186
953187
953188
953189
953190
953191
953192
953193
953194
953195
953196
953197
953198
953199
953200
953201
953202
953203
953204
953205
953206
953207
953208
953209
953210
953211
953212
953213
953214
953215
953216
953217
953218
953219
953220
953221
953222
953223
953224
953225
953226
953227
953228
953229
953230
953231
953232
953233
953234
953235
953236
953237
953238
953239
953240
953241
953242
953243
953244
953245
953246
953247
953248
953249
953250
953251
953252
953253
953254
953255
953256
953257
953258
953259
953260
953261
953262
953263
953264
953265
953266
953267
953268
953269
953270
953271
953272
953273
953274
953275
953276
953277
953278
953279
953280
953281
953282
953283
953284
953285
953286
953287
953288
953289
953290
953395
953396
953397
953398
953399
953400
953401
953402
953403
953404
953405
953406
953407
953408
953409
953410
953411
953412
953413
953414
953415
953416
953417
953418
953419
953420
953473
953474
953475
953476
953477
953478
953479
953480
953481
953482
953483
953484
953485
953486
953487
953488
953489
953490
953491
953492
953493
953494
953495
953496
953497
953498
953499
953500
953501
953502
953503
953504
953505
953506
953507
953508
953509
953510
953511
953512
953513
953514
953515
953516
953517
953518
953519
953520
953521
953522
953523
953524
953525
953526
953527
953528
953529
953530
953531
953532
953533
953534
953535
953536
953537
953538
953539
953540
953541
953542
953543
953544
953545
953546
953547
953548
953549
