953550
953577
953578
953579
953580
953581
953582
953583
953584
953585
953586
953587
953588
953589
953590
953591
953592
953593
953594
953595
953596
953597
953598
953599
953600
953601
953602
953603
953604
953605
953606
953607
953608
953609
953610
953611
953612
953613
953614
953615
953616
953617
953618
953619
953620
953621
953622
953623
953624
953625
953626
953627
953628
953629
953630
953631
953632
953633
953634
953635
953636
953637
953638
953639
953640
953641
953642
953643
953644
953645
953646
953647
953648
953649
953650
953651
953652
953653
953654
953759
953760
953761
953762
953763
953764
953765
953766
953767
953768
953769
953770
953771
953772
953773
953774
953775
953776
953777
953778
953779
953780
953781
953782
953783
953784
953811
953812
953813
953814
953815
953816
953817
953818
953819
953820
953821
953822
953823
953824
953825
953826
953827
953828
953829
953830
953831
953832
953833
953834
953835
953836
953863
953864
953865
953866
953867
953868
953869
953870
953871
953872
953873
953874
953875
953876
953877
953878
953879
953880
953881
953882
953883
953884
953885
953886
953887
953888
953889
953890
953891
953892
953893
953894
953895
953896
953897
953898
953899
953900
953901
953902
953903
953904
953905
953906
953907
953908
953909
953910
953911
953912
953913
953914
953915
953916
953917
953918
953919
953920
953921
953922
953923
953924
953925
953926
953927
953928
953929
953930
953931
953932
953933
953934
953935
953936
953937
953938
953939
953940
953967
953968
953969
953970
953971
953972
953973
953974
953975
953976
953977
953978
953979
953980
953981
953982
953983
953984
953985
953986
953987
953988
953989
953990
953991
954045
954046
954047
954048
954049
954050
954051
954052
954053
954054
954055
954056
954057
954058
954059
954060
954061
954062
954063
954064
954065
954066
954067
954068
954069
954070
954071
954072
954073
954074
954075
954076
954077
954078
954079
954080
954081
954082
954083
954084
954085
954086
954087
954088
954089
954090
954091
954092
954093
954094
954095
954096
954149
954150
954151
954152
954153
954154
954155
954156
954157
954158
954159
954160
954161
954162
954163
954164
954165
954166
954167
954168
954169
954170
954171
954172
954173
954174
954201
954202
954203
954204
954205
954206
954207
954208
954209
954210
954211
954212
954213
954214
954215
954216
954217
954218
954219
954220
954221
954222
954223
954224
954225
954226
954227
954228
954229
954230
954231
954232
954233
954234
954235
954236
954237
954238
954239
954240
954241
954242
954243
954244
954245
954246
954247
954248
954249
954250
954251
954252
954253
954254
954255
954256
954257
954258
954259
954260
954261
954262
954263
954264
954265
954266
954267
954268
954269
954270
954271
954272
954273
954274
954275
954276
954277
954278
954305
954306
954307
954308
954309
954310
954311
954312
954313
954314
954315
954316
954317
954318
954319
954320
954321
954322
954323
954324
954325
954326
954327
954328
954329
954330
954357
954358
954359
954360
954361
954362
954363
954364
954365
954366
954367
954368
954369
954370
954371
954372
954373
954374
954375
954376
954377
954378
954379
954380
954381
954382
954383
954384
954385
954386
954387
954388
954389
954390
954391
954392
954393
954394
954395
954396
954397
954398
954399
954400
954401
954402
954403
954404
954405
954406
954407
954408
954409
954410
954411
954412
954413
954414
954415
954416
954417
954418
954419
954420
954421
954422
954423
954424
954425
954426
954427
954428
954429
954430
954431
954432
954433
954434
954435
954436
954437
954438
954439
954440
954441
954442
954443
954444
954445
954446
954447
954448
954449
954450
954451
954452
954454
954455
954456
954457
954458
954459
954460
954461
954462
954463
954464
954465
954466
954467
954468
954469
954470
954471
954472
954473
954474
954475
954476
954477
954478
954479
954480
954481
954482
954483
954484
954485
954486
954487
954488
954489
954490
954491
954492
954493
954494
954495
954496
954497
954498
954499
954500
954501
954502
954503
954504
954505
954506
954507
954508
954509
954510
954511
954512
954591
954592
954593
954594
954595
954596
954597
954598
954599
954600
954601
954602
954603
954604
954605
954606
954607
954608
954609
954610
954611
954612
954613
954614
954615
954616
