954617
954618
954619
954620
954621
954622
954623
954624
954625
954626
954627
954628
954629
954630
954631
954632
954633
954634
954635
954636
954637
954638
954639
954640
954641
954642
954643
954644
954645
954646
954647
954648
954649
954650
954651
954652
954653
954654
954655
954656
954657
954658
954659
954660
954661
954662
954663
954664
954665
954666
954667
954668
954695
954696
954697
954698
954699
954700
954701
954702
954703
954704
954705
954706
954707
954708
954709
954710
954711
954712
954713
954714
954715
954716
954717
954718
954719
954720
954721
954722
954723
954724
954725
954726
954727
954728
954729
954730
954731
954732
954733
954734
954735
954736
954737
954738
954739
954740
954741
954742
954743
954744
954745
954746
954747
954748
954749
954750
954751
954752
954753
954754
954755
954756
954757
954758
954759
954760
954761
954762
954763
954764
954765
954766
954767
954768
954769
954770
954771
954772
954773
954774
954775
954776
954777
954778
954779
954780
954781
954782
954783
954784
954785
954786
954787
954788
954789
954790
954791
954792
954793
954794
954795
954796
954797
954798
954825
954826
954827
954828
954829
954830
954831
954832
954833
954834
954835
954836
954837
954838
954839
954840
954841
954842
954843
954844
954845
954846
954847
954848
954849
954850
954851
954852
954853
954854
954855
954856
954857
954858
954859
954860
954861
954862
954863
954864
954865
954866
954867
954868
954869
954870
954871
954872
954873
954874
954875
954876
954877
954878
954879
954880
954881
954882
954883
954884
954885
954886
954887
954888
954889
954890
954891
954892
954893
954894
954895
954896
954897
954898
954899
954900
954901
954902
954903
954904
954905
954906
954907
954908
954909
954910
954911
954912
954913
954914
954915
954916
954917
954918
954919
954920
954921
954922
954923
954924
954925
954926
954927
954928
954955
954956
954957
954958
954959
954960
954961
954962
954963
954964
954965
954966
954967
954968
954969
954970
954971
954972
954973
954974
954975
954976
954977
954978
954979
954980
955007
955008
955009
955010
955011
955012
955013
955014
955015
955016
955017
955018
955019
955020
955021
955022
955023
955024
955025
955026
955027
955028
955029
955030
955031
955032
955033
955034
955035
955036
955037
955038
955039
955040
955041
955042
955043
955044
955045
955046
955047
955048
955049
955050
955051
955052
955053
955054
955055
955056
955057
955058
955111
955112
955113
955114
955115
955116
955117
955118
955119
955120
955121
955122
955123
955124
955125
955126
955127
955128
955129
955130
955131
955132
955133
955134
955135
955136
955215
955216
955217
955218
955219
955220
955221
955222
955223
955224
955225
955226
955227
955228
955229
955230
955231
955232
955233
955234
955235
955236
955237
955238
955239
955240
955267
955268
955269
955270
955271
955272
955273
955274
955275
955276
955277
955278
955279
955280
955281
955282
955283
955284
955285
955286
955287
955288
955289
955290
955291
955292
955319
955320
955321
955322
955323
955324
955325
955326
955327
955328
955329
955330
955331
955332
955333
955334
955335
955336
955337
955338
955339
955340
955341
955342
955343
955344
955475
955476
955477
955478
955479
955480
955481
955482
955483
955484
955485
955486
955487
955488
955489
955490
955491
955492
955493
955494
955495
955496
955497
955498
955499
955500
955501
955502
955503
955504
955505
955506
955507
955508
955509
955510
955511
955512
955513
955514
955515
955516
955517
955518
955519
955520
955521
955522
955523
955524
955525
955526
955527
955528
955529
955530
955531
955532
955533
955534
955535
955536
955537
955538
955539
955540
955541
955542
955543
955544
955545
955546
955547
955548
955549
955550
955551
955552
955553
955554
955555
955556
955557
955558
955559
955560
955561
955562
955563
955564
955565
955566
955567
955568
955569
955570
955571
955572
955573
955574
955575
955576
955577
955578
955683
955684
955685
955686
955687
955688
955689
955690
955691
955692
955693
955694
955695
955696
955697
955698
955699
955700
955701
955702
955703
955704
955705
955706
955707
955708
955709
955710
955711
955712
955713
955714
955715
955716
955717
955718
955719
955720
955721
955722
955723
955724
955725
955726
955727
955728
955729
955730
955731
955732
955733
955734
955735
955736
955737
955738
955739
955740
955741
955742
955743
955744
955745
955746
955747
955748
955749
955750
955751
955752
955753
955754
955755
955756
955757
955758
955759
955760
955813
955814
955815
955816
955817
955818
955819
955820
955821
955822
955823
955824
955825
955826
955827
955828
955829
955830
955831
955832
955833
955834
955835
955836
955837
955838
955865
955866
955867
955868
955869
955870
955871
955872
955873
955874
955875
955876
955877
955878
955879
955880
955881
955882
955883
955884
955885
955886
955887
955888
955889
955890
955917
955918
955919
955920
955921
955922
955923
955924
955925
955926
955927
955928
955929
955930
955931
955932
955933
955934
955935
955936
955937
955938
955939
955940
955941
955942
955943
955944
955945
955946
955947
955948
955949
955950
955951
955952
955953
955954
955955
955956
955957
955958
955959
955960
955961
955962
955963
955964
955965
955966
955967
955968
955969
955970
955971
955972
955973
955974
955975
955976
955977
955978
955979
955980
955981
955982
955983
955984
955985
955986
955987
955988
955989
955990
955991
955992
955993
955994
956021
956022
956023
956024
956025
956026
956027
956028
956029
956030
956031
956032
956033
956034
956035
956036
956037
956038
956039
956040
956041
956042
956043
956044
956045
956046
956073
956074
956075
956076
956077
956078
956079
956080
956081
956082
956083
956084
956085
956086
956087
956088
956089
956090
956091
956092
956093
956094
956095
956096
956097
956098
956099
956100
956101
956102
956103
956104
956105
956106
956107
956108
956109
956110
956111
956112
956113
956114
956115
956116
956117
956118
956119
956120
956121
956122
956123
956124
956151
956152
956153
956154
956155
956156
956157
956158
956159
956160
956161
956162
956163
956164
956165
956166
956167
956168
956169
956170
956171
956172
956173
956174
956175
956176
956177
956178
956179
956180
956181
956182
956183
956184
956185
956186
956187
956188
956189
956190
956191
956192
956193
956194
956195
956196
956197
956198
956199
956200
956201
956202
956203
956204
956205
956206
956207
956208
956209
956210
956211
956212
956213
956214
956215
956216
956217
956218
956219
956220
956221
956222
956223
956224
956225
956226
956227
956228
956281
956282
956283
956284
956285
956286
956287
956288
956289
956290
956291
956292
956293
956294
956295
956296
956297
956298
956299
956300
956301
956302
956303
956304
956305
956306
956333
956334
956335
956336
956337
956338
956339
956340
956341
956342
956343
956344
956345
956346
956347
956348
956349
956350
956351
956352
956353
956354
956355
956356
956357
956358
956359
956360
956361
956362
956363
956364
956365
956366
956367
956368
956369
956370
956371
956372
956373
956374
956375
956376
956377
956378
956379
956380
956381
956382
956383
956384
956385
956386
956387
956388
956389
956390
956391
956392
956393
956394
956395
956396
956397
956398
956399
956400
956401
956402
956403
956404
956405
956406
956407
956408
956409
956410
956489
956490
956491
956492
956493
956494
956495
956496
956497
956498
956499
956500
956501
956502
956503
956504
956505
956506
956507
956508
956509
956510
956511
956512
956513
956514
956515
956516
956517
956518
956519
956520
956521
956522
956523
956524
956525
956526
956527
956528
956529
956530
956531
956532
956533
956534
956535
956536
956537
956538
956539
956540
956541
956542
956543
956544
956545
956546
956547
956548
956549
956550
956551
956552
956553
956554
956555
956556
956557
956558
956559
956560
956561
956562
956563
956564
956565
956566
956567
956568
956569
956570
956571
956572
956573
956574
956575
956576
956577
956578
956579
956580
956581
956582
956583
956584
956585
956586
956587
956588
956589
956590
956591
956592
956593
956594
956595
956596
956597
956598
956599
956600
956601
956602
956603
956604
956605
956606
956607
956608
956609
956610
956611
956612
956613
956614
956615
956616
956617
956618
956619
956620
956621
956622
956623
956624
956625
956626
956627
956628
956629
956630
956631
956632
956633
956634
956635
956636
956637
956638
956639
956640
956641
956642
956643
956644
956671
956672
956673
956674
956675
956676
956677
956678
956679
956680
956681
956682
956683
956684
956685
956686
956687
956688
956689
956690
956691
956692
956693
956694
956695
956696
956723
956724
956725
956726
956727
956728
956729
956730
956731
956732
956733
956734
956735
956736
956737
956738
956739
956740
956741
956742
