956743
956744
956745
956746
956747
956748
956827
956828
956829
956830
956831
956832
956833
956834
956835
956836
956837
956838
956839
956840
956841
956842
956843
956844
956845
956846
956847
956848
956849
956850
956851
956852
956853
956854
956855
956856
956857
956858
956859
956860
956861
956862
956863
956864
956865
956866
956867
956868
956869
956870
956871
956872
956873
956874
956875
956876
956877
956878
956957
956958
956959
956960
956961
956962
956963
956964
956965
956966
956967
956968
956969
956970
956971
956972
956973
956974
956975
956976
956977
956978
956979
956980
956981
956982
957035
957036
957037
957038
957039
957040
957041
957042
957043
957044
957045
957046
957047
957048
957049
957050
957051
957052
957053
957054
957055
957056
957057
957058
957059
957060
957087
957088
957089
957090
957091
957092
957093
957094
957095
957096
957097
957098
957099
957100
957101
957102
957103
957104
957105
957106
957107
957108
957109
957110
957111
957112
957139
957140
957141
957142
957143
957144
957145
957146
957147
957148
957149
957150
957151
957152
957153
957154
957155
957156
957157
957158
957159
957160
957161
957162
957163
957164
957165
957166
957167
957168
957169
957170
957171
957172
957173
957174
957175
957176
957177
957178
957179
957180
957181
957183
957184
957185
957186
957187
957188
957189
957190
957191
957192
957193
957194
957195
957196
957197
957198
957199
957200
957201
957202
957203
957204
957205
957206
957207
957208
957209
957210
957211
957212
957213
957214
957215
957216
957243
957244
957245
957246
957247
957248
957249
957250
957251
957252
957253
957254
957255
957256
957257
957258
957259
957260
957261
957262
957263
957264
957265
957266
957267
957268
957269
957270
957271
957272
957273
957274
957275
957276
957277
957278
957279
957280
957281
957282
957283
957284
957285
957286
957287
957288
957289
957290
957291
957292
957293
957294
957451
957452
957453
957454
957455
957456
957457
957458
957459
957460
957461
957462
957463
957464
957465
957466
957467
957468
957469
957470
957471
957472
957473
957474
957475
957476
957477
957478
957479
957480
957481
957482
957483
957484
957485
957486
957487
957488
957489
957490
957491
957492
957493
957494
957495
957496
957497
957498
957499
957500
957501
957502
957503
957504
957505
957506
957507
957508
957509
957510
957511
957512
957513
957514
957515
957516
957517
957518
957519
957520
957521
957522
957523
957524
957525
957526
957527
957528
957555
957556
957557
957558
957559
957560
957561
957562
957563
957564
957565
957566
957567
957568
957569
957570
957571
957572
957573
957574
957575
957576
957577
957578
957579
957580
957581
957582
957583
957584
957585
957586
957587
957588
957589
957590
957591
957592
957593
957594
957595
957596
957597
957598
957599
957600
957601
957602
957603
957604
957605
957606
957633
957634
957635
957636
957637
957638
957639
957640
957641
957642
957643
957644
957645
957646
957647
957648
957649
957650
957651
957652
957653
957654
957655
957656
957657
957658
957659
957660
957661
957662
957663
957664
957665
957666
957667
957668
957669
957670
957671
957672
957673
957674
957675
957676
957677
957678
957679
957680
957681
957682
957683
957684
957711
957712
957713
957714
957715
957716
957717
957718
957719
957720
957721
957722
957723
957724
957725
957726
957727
957728
957729
957730
957731
957732
957733
957734
957735
957736
957737
957738
957739
957740
957741
957742
957743
957744
957745
957746
957747
957748
957749
957750
957751
957752
957753
957754
957755
957756
957757
957758
957759
957760
957761
957762
957763
957764
957765
957766
957767
957768
957769
957770
957771
957772
957773
957774
957775
957776
957777
957778
957779
957780
957781
957782
957783
957784
957785
957786
957787
957788
957789
957790
957791
957792
957793
957794
957795
957796
957797
957798
957799
957800
957801
957802
957803
957804
957805
957806
957807
957808
957809
957810
957811
957812
957813
957814
957867
957868
957869
957870
957871
957872
957873
957874
957875
957876
957877
957878
957879
957880
957881
957882
957883
957884
957885
957886
957887
957888
957889
957890
957891
957892
957893
957894
957895
957896
957897
957898
957899
957900
957901
957902
957903
957904
957905
957906
957907
957908
957909
957910
957911
957912
957913
957914
957915
957916
957917
957918
957919
957920
957921
957922
957923
957924
957925
957926
957927
957928
957929
957930
957931
957932
957933
957934
957935
957936
957937
957938
957939
957940
957941
957942
957943
957944
957945
957946
957947
957948
957949
957950
957951
957952
957953
957954
957955
957956
957957
957958
957959
957960
957961
957962
957963
957964
957965
957966
957967
957968
957969
957970
958023
958024
958025
958026
958027
958028
958029
958030
958031
958032
958033
958034
958035
958036
958037
958038
958039
958040
958041
958042
958043
958044
958045
958046
958047
958048
958049
958050
958051
958052
958053
958054
958055
958056
958057
958058
958059
958060
958061
958062
958063
958064
958065
958066
958067
958068
958069
958070
958071
958072
958073
958074
958127
958128
958129
958130
958131
958132
958133
958134
958135
958136
958137
958138
958139
958140
958141
958142
958143
958144
958145
958146
958147
958148
958149
958150
958151
958152
958179
958180
958181
958182
958183
958184
958185
958186
958187
958188
958189
958190
958191
958192
958193
958194
958195
958196
958197
958198
958199
958200
958201
958202
958203
958204
958231
958232
958233
958234
958235
958236
958237
958238
958239
958240
958241
958242
958243
958244
958245
958246
958247
958248
958249
958250
958251
958252
958253
958254
958255
958256
958413
958414
958415
958416
958417
958418
958419
958420
958421
958422
958423
958424
958425
958426
958427
958428
958429
958430
958431
958432
958433
958434
958435
958436
958437
958438
958465
958466
958467
958468
958469
958470
958471
958472
958473
958474
958475
958476
958477
958478
958479
958480
958481
958482
958483
958484
958485
958486
958487
958488
958489
958490
958517
958518
958519
958520
958521
958522
958523
958524
958525
958526
958527
958528
958529
958530
958531
958532
958533
958534
958535
958536
958537
958538
958539
958540
958541
958542
958543
958544
958545
958546
958547
958548
958549
958550
958551
958552
958553
958554
958555
958556
958557
958558
958559
958560
958561
958562
958563
958564
958565
958566
958567
958568
958569
958570
958571
958572
958573
958574
958575
958576
958577
958578
958579
958580
958581
958582
958583
958584
958585
958586
958587
958588
958589
958590
958591
958592
958593
958594
958621
958622
958623
958624
958625
958626
958627
958628
958629
958630
958631
958632
958633
958634
958635
958636
958637
958638
958639
958640
958641
958642
958643
958644
958645
958646
958647
958648
958649
958650
958651
958652
958653
958654
958655
958656
958657
958658
958659
958660
958661
958662
958663
958664
958665
958666
958667
958668
958669
958670
958671
958672
958673
958674
958675
958676
958677
958678
958679
958680
958681
958682
958683
958684
958685
958686
958687
958688
958689
958690
958691
958692
958693
958694
958695
958696
958697
958698
958725
958726
958727
958728
958729
958730
958731
958732
958733
958734
958735
958736
958737
958738
958739
958740
958741
958742
958743
958744
958745
958746
958747
958748
958749
958750
958751
958752
958753
958754
958755
958756
958757
958758
958759
958760
958761
958762
958763
958764
958765
958766
958767
958768
958769
958770
958771
958772
958773
958774
958775
958776
958803
958804
958805
958806
958807
958808
958809
958810
958811
958812
958813
958814
958815
958816
958817
958818
958819
958820
958821
958822
958823
958824
958825
958826
958827
958828
958855
958856
958857
958858
958859
958860
958861
958862
958863
958864
958865
958866
958867
958868
958869
958870
958871
958872
958873
958874
958875
958876
958877
958878
958879
958880
958881
958882
958883
958884
958885
958886
958887
958888
958889
958890
958891
958892
958893
958894
958895
958896
958897
958898
958899
958900
958901
958902
958903
958904
958905
958906
958907
958908
958909
958910
958911
958912
958913
958914
958915
958916
958917
958918
958919
958920
958921
958922
958923
958924
958925
958926
958927
958928
958929
958930
958931
958932
958959
958960
958961
958962
958963
958964
958965
958966
958967
958968
958969
958970
958971
958972
958973
958974
958975
958976
958977
958978
958979
958980
958981
958982
958983
958984
959011
959012
959013
959014
959015
959016
959017
959018
959019
959020
959021
959022
959023
959024
959025
959026
959027
959028
959029
959030
959031
959032
959033
959034
959035
959036
959115
959116
959117
959118
959119
959120
959121
959122
959123
959124
959125
959126
959127
959128
959129
959130
959131
959132
959133
959134
959135
959136
959137
959138
959139
959140
959141
959142
959143
959144
959145
959146
959147
959148
959149
959150
959151
959152
959153
959154
959155
959156
959157
959158
959159
959160
959161
959162
959163
959164
959165
959166
959167
959168
959169
959170
959171
959172
959173
959174
959175
959176
959177
959178
959179
959180
959181
959182
959183
959184
959185
959186
959187
959188
959189
959190
959191
959192
959193
959194
959195
959196
959197
959198
959199
959200
959201
959202
959203
959204
959205
959206
959207
959208
959209
959210
959211
959212
959213
959214
959215
959216
959217
959218
959219
959220
959221
959222
959223
959224
959225
959226
959227
959228
959229
959230
959231
959232
959233
959234
959235
959236
959237
959238
959239
959240
959241
959242
959243
959244
959271
959272
959273
959274
959275
959276
959277
959278
959279
959280
959281
959282
959283
959284
959285
959286
959287
959288
959289
959290
959291
959292
959293
959294
959295
959296
959297
959298
959299
959300
959301
959302
959303
959304
959305
959306
959307
959308
959309
959310
959311
959312
959313
959314
959315
959316
959317
959318
959319
959320
959321
959322
959427
959428
959429
959430
959431
959432
959433
959434
959435
959436
959437
959438
959439
959440
959441
959442
959443
959444
959445
959446
959447
959448
959449
959450
959451
959452
959453
959454
959455
959456
959457
959458
959459
959460
959461
959462
959463
959464
959465
959466
959467
959468
959469
959470
959471
959472
959473
959474
959475
959476
959477
959478
959479
959480
959481
959482
959483
959484
959485
959486
959487
959488
959489
959490
959491
959492
959493
959494
959495
959496
959497
959498
959499
959500
959501
959502
959503
959504
959505
959506
959507
959508
959509
959510
959511
959512
959513
959514
959515
959516
959517
959518
959519
959520
959521
959522
959523
959524
959525
959526
959527
959528
959529
959530
959635
959636
959637
959638
959639
959640
959641
959642
959643
959644
959645
959646
959647
959648
959649
959650
959651
959652
959653
959654
959655
959656
959657
959658
959659
959660
959661
959662
959663
959664
959665
959666
959667
959668
959669
959670
959671
959672
959673
959674
959675
959676
959677
959678
959679
959680
959681
959682
959683
959684
959685
959686
959739
959740
959741
959742
959743
959744
959745
959746
959747
959748
959749
959750
959751
959752
959753
959754
959755
959756
959757
959758
959759
959760
959761
959762
959763
959764
959765
959766
959767
959768
959769
959770
959771
959772
959773
959774
959775
959776
959777
959778
959779
959780
959781
959782
959783
959784
959785
959786
959787
959788
959789
959790
959869
959870
959871
959872
959873
959874
959875
959876
959877
959878
959879
959880
959881
959882
959883
959884
959885
959886
959887
959888
959889
959890
959891
959892
959893
959894
959895
959896
959897
959898
959899
959900
959901
959902
959903
959904
959905
959906
959907
959908
959909
959910
959911
959912
959913
959914
959915
959916
959917
959918
959919
959920
959921
959922
959923
959924
959925
959926
959927
959928
959929
959930
959931
959932
959933
959934
959935
959936
959937
959938
959939
959940
959941
959942
959943
959944
959945
959946
959973
959974
959975
959976
959977
959978
959979
959980
959981
959982
959983
959984
959985
959986
959987
959988
959989
959990
959991
959992
959993
959994
959995
959996
959997
959998
960051
960052
960053
960054
960055
960056
960057
960058
960059
960060
960061
960062
960063
960064
960065
960066
960067
960068
960069
960070
960071
960072
960073
960074
960075
960076
960103
960104
960105
960106
960107
960108
960109
960110
960111
960112
960113
960114
960115
960116
960117
960118
960119
960120
960121
960122
960123
960124
960125
960126
960127
960128
960233
960234
960235
960236
960237
960238
960239
960240
960241
960242
960243
960244
960245
960246
960247
960248
960249
960250
960251
960252
960253
960254
960255
960256
960257
960258
960285
960286
960287
960288
960289
960290
960291
960292
960293
960294
960295
960296
960297
960298
960299
960300
960301
960302
960303
960304
960305
960306
960307
960308
960309
960310
960311
960312
960313
960314
960315
960316
960317
960318
960319
960320
960321
960322
960323
960324
960325
960326
960327
960328
960329
960330
960331
960332
960333
960334
960335
960336
960363
960364
960365
960366
960367
960368
960369
960370
960371
960372
960373
960374
960375
960376
960377
960378
960379
960380
960381
960382
960383
960384
960385
960386
960387
960388
960493
960494
960495
960496
960497
960498
960499
960500
960501
960502
960503
960504
960505
960506
960507
960508
960509
960510
960511
960512
960513
960514
960515
960516
960517
960518
960519
960520
960521
960522
960523
960524
960525
960526
960527
960528
960529
960530
960531
960532
960533
960534
960535
960536
960537
960538
960539
960540
960541
960542
960543
960544
960545
960546
960547
960548
960549
960550
960551
960552
960553
960554
960555
960556
960557
960558
960559
960560
960561
960562
960563
960564
960565
960566
960567
960568
960569
960570
960571
960572
960573
960574
960575
960576
960577
960578
960579
960580
960581
960582
960583
960584
960585
960586
960587
960588
960589
960590
960591
960592
960593
960594
960595
960596
960623
960624
960625
960626
960627
960628
960629
960630
960631
960632
960633
960634
960635
960636
960637
960638
960639
960640
960641
960642
960643
960644
960645
960646
960647
960648
960649
960650
960651
960652
960653
960654
960655
960656
960657
960658
960659
960660
960661
960662
960663
960664
960665
960666
960667
960668
960669
960670
960671
960672
960673
960674
960701
960702
960703
960704
960705
960706
960707
960708
960709
960710
960711
960712
960713
960714
960715
960716
960717
960718
960719
960720
960721
960722
960723
960724
960725
960726
960727
960728
960729
960730
960731
960732
960733
960734
960735
960736
960737
960738
960739
960740
960741
960742
960743
960744
960745
960746
960747
960748
960749
960750
960751
960752
960779
960780
960781
960782
960783
960784
960785
960786
960787
960788
960789
960790
960791
960792
960793
960794
960795
960796
960797
960798
960799
960800
960801
960802
960803
960804
960805
960806
960807
960808
960809
960810
960811
960812
960813
960814
960815
960816
960817
960818
960819
960820
960821
960822
960823
960824
960826
960827
960828
960829
960830
960935
960936
960937
960938
960939
960940
960941
960942
960943
960944
960945
960946
960947
960948
960949
960950
960951
960952
960953
960954
960955
960956
960957
960958
960959
960960
960961
960962
960963
960964
960965
960966
960967
960968
960969
960970
960971
960972
960973
960974
960975
960976
960977
960978
960979
960980
960981
960982
960983
960984
960985
960986
961013
961014
961015
961016
961017
961018
961019
961020
961021
961022
961023
961024
961025
961026
961027
961028
961029
961030
961031
961032
961033
961034
961035
961036
961037
961038
961065
961066
961067
961068
961069
961070
961071
961072
961073
961074
961075
961076
961077
961078
961079
961080
961081
961082
961083
961084
961085
961086
961087
961088
961089
961090
961091
961092
961093
961094
961095
961096
961097
961098
961099
961100
961101
961102
961103
961104
961105
961106
961107
961108
961109
961110
961111
961112
961113
961114
961115
961116
961143
961144
961145
961146
961147
961148
961149
961150
961151
961152
961153
961154
961155
961156
961157
961158
961159
961160
961161
961162
961163
961164
961165
961166
961167
961168
961169
961170
961171
961172
961173
961174
961175
961176
961177
961178
961179
961180
961181
961182
961183
961184
961185
961186
961187
961188
961189
961190
961191
961192
961193
961194
961195
961196
961197
961198
961199
961200
961201
961202
961203
961204
961205
961206
961207
961208
961209
961210
961211
961212
961213
961214
961215
961216
961217
961218
961219
961220
961273
961274
961275
961276
961277
961278
961279
961280
961281
961282
961283
961284
961285
961286
961287
961288
961289
961290
961291
961292
961293
961294
961295
961296
961297
961298
961403
961404
961405
961406
961407
961408
961409
961410
961411
961412
961413
961414
961415
961416
961417
961418
961419
961420
961421
961422
961423
961424
961425
961426
961427
961428
961455
961456
961457
961458
961459
961460
961461
961462
961463
961464
961465
961466
961467
961468
961469
961470
961471
961472
961473
961474
961475
961476
961477
961478
961479
961480
961533
961534
961535
961536
961537
961538
961539
961540
961541
961542
961543
961544
961545
961546
961547
961548
961549
961550
961551
961552
961553
961554
961555
961556
961557
961558
961559
961560
961561
961562
961563
961564
961565
961566
961567
961568
961569
961570
961571
961572
961573
961574
961575
961576
961577
961578
961579
961580
961581
961582
961583
961584
961585
961586
961587
961588
961589
961590
961591
961592
961593
961594
961595
961596
961597
961598
961599
961600
961601
961603
961604
961605
961606
961607
961608
961609
961610
961611
961612
961613
961614
961615
961616
961617
961618
961619
961620
961621
961622
961623
961624
961625
961626
961627
961628
961629
961630
961631
961632
961633
961634
961635
961636
961663
961664
961665
961666
961667
961668
961669
961670
961671
961672
961673
961674
961675
961676
961677
961678
961679
961680
961681
961682
961683
961684
961685
961686
961687
961688
961689
961690
961691
961692
961693
961694
961695
961696
961697
961698
961699
961700
961701
961702
961703
961704
961705
961706
961707
961708
961709
961710
961711
961712
961713
961714
961741
961742
961743
961744
961745
961746
961747
961748
961749
961750
961751
961752
961753
961754
961755
961756
961757
961758
961759
961760
961761
961762
961763
961764
961765
961766
961793
961794
961795
961796
961797
961798
961799
961800
961801
961802
961803
961804
961805
961806
961807
961808
961809
961810
961811
961812
961813
961814
961815
961816
961817
961818
961845
961846
961847
961848
961849
961850
961851
961852
961853
961854
961855
961856
961857
961858
961859
961860
961861
961862
961863
961864
961865
961866
961867
961868
961869
961870
961871
961872
961873
961874
961875
961876
961877
961878
961879
961880
961881
961882
961883
961884
961885
961886
961887
961888
961889
961890
961891
961892
961893
961894
961895
961896
961897
961898
961899
961900
961901
961902
961903
961904
961905
961906
961907
961908
961909
961910
961911
961912
961913
961914
961915
961916
961917
961918
961919
961920
961921
961922
961923
961924
961925
961926
961927
961928
961929
961930
961931
961932
961933
961934
961935
961936
961937
961938
961939
961940
961941
961942
961943
961944
961945
961946
961947
961948
961975
961976
961977
961978
961979
961980
961981
961982
961983
961984
961985
961986
961987
961988
961989
961990
961991
961992
961993
961994
961995
961996
961997
961998
961999
962000
962001
962002
962003
962004
962005
962006
962007
962008
962009
962010
962011
962012
962013
962014
962015
962016
962017
962018
962019
962020
962021
962022
962023
962024
962025
962026
962027
962028
962029
962031
962032
962033
962034
962035
962036
962037
962038
962039
962040
962041
962042
962043
962044
962045
962046
962047
962048
962049
962050
962051
962052
962131
962132
962133
962134
962135
962136
962137
962138
962139
962140
962141
962142
962143
962144
962145
962146
962147
962148
962149
962150
962151
962152
962153
962154
962155
962156
962209
962210
962211
962212
962213
962214
962215
962216
962217
962218
962219
962220
962221
962222
962223
962224
962225
962226
962227
962228
962229
962230
962231
962232
962233
962234
962261
962262
962263
962264
962265
962266
962267
962268
962269
962270
962271
962272
962273
962274
962275
962276
962277
962278
962279
962280
962281
962282
962283
962284
962285
962286
962365
962366
962367
962368
962369
962370
962371
962372
962373
962374
962375
962376
962377
962378
962379
962380
962381
962382
962383
962384
962385
962386
962387
962388
962389
962390
962391
962392
962393
962394
962395
962396
962397
962398
962399
962400
962401
962402
962403
962404
962405
962406
962407
962408
962409
962410
962411
962412
962413
962414
962415
962416
962469
962470
962471
962472
962473
962474
962475
962476
962477
962478
962479
962480
962481
962482
962483
962484
962485
962486
962487
962488
962489
962490
962491
962492
962493
962494
962573
962574
962575
962576
962577
962578
962579
962580
962581
962582
962583
962584
962585
962586
962587
962588
962589
962590
962591
962592
962593
962594
962595
962596
962597
962598
962599
962600
962601
962602
962603
962604
962605
962606
962607
962608
962609
962610
962611
962612
962613
962614
962615
962616
962617
962618
962619
962620
962621
962622
962623
962624
962625
962626
962627
962628
962629
962630
962631
962632
962633
962634
962635
962636
962637
962638
962639
962640
962641
962642
962643
962644
962645
962646
962647
962648
962649
962650
962651
962652
962653
962654
962655
962656
962657
962658
962659
962660
962661
962662
962663
962664
962665
962666
962667
962668
962669
962670
962671
962672
962673
962674
962675
962676
962677
962678
962679
962680
962681
962682
962683
962684
962685
962686
962687
962688
962689
962690
962691
962692
962693
962694
962695
962696
962697
962698
962699
962700
962701
962702
962729
962730
962731
962732
962733
962734
962735
962736
962737
962738
962739
962740
962741
962742
962743
962744
962745
962746
962747
962748
962749
962750
962751
962752
962753
962754
962755
962756
962757
962758
962759
962760
962761
962762
962763
962764
962765
962766
962767
962768
962769
962770
962771
962772
962773
962774
962775
962776
962777
962778
962779
962780
962781
962782
962783
962784
962785
962786
962787
962788
962789
962790
962791
962792
962793
962794
962795
962796
962797
962798
962799
962800
962801
962802
962803
962804
962805
962806
962807
962808
962809
962810
962811
962812
962813
962814
962815
962816
962817
962818
962819
962820
962821
962822
962823
962824
962825
962826
962827
962828
962829
962830
962831
962832
962911
962912
962913
962914
962915
962916
962917
962918
962919
962920
962921
962922
962923
962924
962925
962926
962927
962928
962929
962930
962931
962932
962933
962934
962935
962936
962937
962938
962939
962940
962941
962942
962943
962944
962945
962946
962947
962948
962949
962950
962951
962952
962953
962954
962955
962956
962957
962958
962959
962960
962961
962962
963015
963016
963017
963018
963019
963020
963021
963022
963023
963024
963025
963026
963027
963028
963029
963030
963031
963032
963033
963034
963035
963036
963037
963038
963039
963040
963041
963042
963043
963044
963045
963046
963047
963048
963049
963050
963051
963052
963053
963054
963055
963056
963057
963058
963059
963060
963061
963062
963063
963064
963065
963066
963093
963094
963095
963096
963097
963098
963099
963100
963101
963102
963103
963104
963105
963106
963107
963108
963109
963110
963111
963112
963113
963114
963115
963116
963117
963118
963119
963120
963121
963122
963123
963124
963125
963126
963127
963128
963129
963130
963131
963132
963133
963134
963135
963136
963137
963138
963139
963140
963141
963142
963143
963144
963145
963146
963147
963148
963149
963150
963151
963152
963153
963154
963155
963156
963157
963158
963159
963160
963161
963162
963163
963164
963165
963166
963167
963168
963169
963170
