963301
963302
963303
963304
963305
963306
963307
963308
963309
963310
963311
963312
963313
963314
963315
963316
963317
963318
963319
963320
963321
963322
963323
963324
963325
963326
963327
963328
963329
963330
963331
963332
963333
963334
963335
963336
963337
963338
963339
963340
963341
963342
963343
963344
963345
963346
963347
963348
963349
963350
963351
963352
963353
963354
963355
963356
963357
963358
963359
963360
963361
963362
963363
963364
963365
963366
963367
963368
963369
963370
963371
963372
963373
963374
963375
963376
963377
963378
963457
963458
963459
963460
963461
963462
963463
963464
963465
963466
963467
963468
963469
963470
963471
963472
963473
963474
963475
963476
963477
963478
963479
963480
963481
963482
963509
963510
963511
963512
963513
963514
963515
963516
963517
963518
963519
963520
963521
963522
963523
963524
963525
963526
963527
963528
963529
963530
963531
963532
963533
963534
963587
963588
963589
963590
963591
963592
963593
963594
963595
963596
963597
963598
963599
963600
963601
963602
963603
963604
963605
963606
963607
963608
963609
963610
963611
963612
963613
963614
963615
963616
963617
963618
963619
963620
963621
963622
963623
963624
963625
963626
963627
963628
963629
963630
963631
963632
963633
963634
963635
963636
963637
963638
963639
963640
963641
963642
963643
963644
963645
963646
963647
963648
963649
963650
963651
963652
963653
963654
963655
963656
963657
963658
963659
963660
963661
963662
963663
963664
963691
963692
963693
963694
963695
963696
963697
963698
963699
963700
963701
963702
963703
963704
963705
963706
963707
963708
963709
963710
963711
963712
963713
963714
963715
963716
963743
963744
963745
963746
963747
963748
963749
963750
963751
963752
963753
963754
963755
963756
963757
963758
963759
963760
963761
963762
963763
963764
963765
963766
963767
963768
963795
963796
963797
963798
963799
963800
963801
963802
963803
963804
963805
963806
963807
963808
963809
963810
963811
963812
963813
963814
963815
963816
963817
963818
963819
963820
963899
963900
963901
963902
963903
963904
963905
963906
963907
963908
963909
963910
963911
963912
963913
963914
963915
963916
963917
963918
963919
963920
963921
963922
963923
963924
963925
963926
963927
963928
963929
963930
963931
963932
963933
963934
963935
963936
963937
963938
963939
963940
963941
963942
963943
963944
963945
963946
963947
963948
963949
963950
964055
964056
964057
964058
964059
964060
964061
964062
964063
964064
964065
964066
964067
964068
964069
964070
964071
964072
964073
964074
964075
964076
964077
964078
964079
964080
964081
964082
964083
964084
964085
964086
964087
964088
964089
964090
964091
964092
964093
964094
964095
964096
964097
964098
964099
964100
964101
964102
964103
964104
964105
964106
964133
964134
964135
964136
964137
964138
964139
964140
964141
964142
964143
964144
964145
964146
964147
964148
964149
964150
964151
964152
964153
964154
964155
964156
964157
964158
964185
964186
964187
964188
964189
964190
964191
964192
964193
964194
964195
964196
964197
964198
964199
964200
964201
964202
964203
964204
964205
964206
964207
964208
964209
964210
964211
964212
964213
964214
964215
964216
964217
964218
964219
964220
964221
964222
964223
964224
964225
964226
964227
964228
964229
964230
964231
964232
964233
964234
964235
964236
964315
964316
964317
964318
964319
964320
964321
964322
964323
964324
964325
964326
964327
964328
964329
964330
964331
964332
964333
964334
964335
964336
964337
964338
964339
964340
964393
964394
964395
964396
964397
964398
964399
964400
964401
964402
964403
964404
964405
964406
964407
964408
964409
964410
964411
964412
964413
964414
964415
964416
964417
964418
964419
964420
964421
964422
964423
964424
964425
964426
964427
964428
964429
964430
964431
964432
964433
964434
964435
964436
964437
964438
964439
964440
964441
964442
964443
964444
964445
964446
964447
964448
964449
964450
964451
964452
964453
964454
964455
964456
964457
964458
964459
964460
964461
964462
964463
964464
964465
964466
964467
964468
964469
964470
964523
964524
964525
964526
964527
964528
964529
964530
964531
964532
964533
964534
964535
964536
964537
964538
964539
964540
964541
964542
964543
964544
964545
964546
964547
964548
964601
964602
964603
964604
964605
964606
964607
964608
964609
964610
964611
964612
964613
964614
964615
964616
964617
964618
964619
964620
964621
964622
964623
964624
964625
964626
964627
964628
964629
964630
964631
964632
964633
964634
964635
964636
964637
964638
964639
964640
964641
964642
964643
964644
964645
964646
964647
964648
964649
964650
964651
964652
964679
964680
964681
964682
964683
964684
964685
964686
964687
964688
964689
964690
964691
964692
964693
964694
964695
964696
964697
964698
964699
964700
964701
964702
964703
964704
964731
964732
964733
964734
964735
964736
964737
964738
964739
964740
964741
964742
964743
964744
964745
964746
964747
964748
964749
964750
964751
964752
964753
964754
964755
964756
964757
964758
964759
964760
964761
964762
964763
964764
964765
964766
964767
964768
964769
964770
964771
964772
964773
964774
964775
964776
964777
964778
964779
964780
964781
964782
964783
964784
964785
964786
964787
964788
964789
964790
964791
964792
964793
964794
964795
964796
964797
964798
964799
964800
964801
964802
964803
964804
964805
964806
964807
964808
964809
964810
964811
964812
964813
964814
964815
964816
964817
964818
964819
964820
964821
964822
964823
964824
964825
964826
964827
964828
964829
964830
964831
964832
964833
964834
964835
964836
964837
964838
964839
964840
964841
964842
964843
964844
964845
964846
964847
964848
964849
964850
964851
964852
964853
964854
964855
964856
964857
964858
964859
964860
964861
964862
964863
964864
964865
964866
964867
964868
964869
964870
964871
964872
964873
964874
964875
964876
964877
964878
964879
964880
964881
964882
964883
964884
964885
964886
964887
964888
964889
964890
964891
964892
964893
964894
964895
964896
964897
964898
964899
964900
964901
964902
964903
964904
964905
964906
964907
964908
964909
964910
964911
964912
964939
964940
964941
964942
964943
964944
964945
964946
964947
964948
964949
964950
964951
964952
964953
964954
964955
964956
964957
964958
964959
964960
964961
964962
964963
964964
964965
964966
964967
964968
964969
964970
964971
964972
964973
964974
964975
964976
964977
964978
964979
964980
964981
964982
964983
964984
964985
964986
964987
964988
964989
964990
965017
965018
965019
965020
965021
965022
965023
965024
965025
965026
965027
965028
965029
965030
965031
965032
965033
965034
965035
965036
965037
965038
965039
965040
965041
965042
965095
965096
965097
965098
965099
965100
965101
965102
965103
965104
965105
965106
965107
965108
965109
965110
965111
965112
965113
965114
965115
965116
965117
965118
965119
965120
965121
965122
965123
965124
965125
965126
965127
965128
965129
965130
965131
965132
965133
965134
965135
965136
965137
965138
965139
965140
965141
965142
965143
965144
965145
965146
965277
965278
965279
965280
965281
965282
965283
965284
965285
965286
965287
965288
965289
965290
965291
965292
965293
965294
965295
965296
965297
965298
965299
965300
965301
965302
965381
965382
965383
965384
965385
965386
965387
965388
965389
965390
965391
965392
965393
965394
965395
965396
965397
965398
965399
965400
965401
965402
965403
965404
965405
965406
965407
965408
965409
965410
965411
965412
965413
965414
965415
965416
965417
965418
965419
965420
965421
965422
965423
965424
965425
965426
965427
965428
965429
965430
965431
965432
965433
965434
965435
965436
965437
965438
965439
965440
965441
965442
965443
965444
965445
965446
965447
965448
965449
965450
965451
965452
965453
965454
965455
965456
965457
965458
965459
965460
965461
965462
965463
965464
965465
965466
965467
965468
965469
965470
965471
965472
965473
965474
965475
965476
965477
965478
965479
965480
965481
965482
965483
965484
965485
965486
965487
965488
965489
965490
965491
965492
965493
965494
965495
965496
965497
965498
965499
965500
965501
965502
965503
965504
965505
965506
965507
965508
965509
965510
965537
965538
965539
965540
965541
965542
965543
965544
965545
965546
965547
965548
965549
965550
965551
965552
965553
965554
965555
965556
965557
965558
965559
965560
965561
965562
965563
965564
965565
965566
965567
965568
965569
965570
965571
965572
965573
965574
965575
965576
965577
965578
965579
965580
965581
965582
965583
965584
965585
965586
965587
965588
965641
965642
965643
965644
965645
965646
965647
965648
965649
965650
965651
965652
965653
965654
965655
965656
965657
965658
965659
965660
965661
965662
965663
965664
965665
965666
965667
965668
965669
965670
965671
965672
965673
965674
965675
965676
965677
965678
965679
965680
965681
965682
965683
965684
965685
965686
965687
965688
965689
965690
965691
965692
965693
965694
965695
965696
965697
965698
965699
965700
965701
965702
965703
965704
965705
965706
965707
965708
965709
965710
965711
965712
965713
965714
965715
965716
965717
965718
965719
965720
965721
965722
965723
965724
965725
965726
965727
965728
965729
965730
965731
965732
965733
965734
965735
965736
965737
965738
965739
965740
965741
965742
965743
965744
965745
965746
965747
965748
965749
965750
965751
965752
965753
965754
965755
965756
965757
965758
965759
965760
965761
965762
965763
965764
965765
965766
965767
965768
965769
965770
965797
965798
965799
965800
965801
965802
965803
965804
965805
965806
965807
965808
965809
965810
965811
965812
965813
965814
965815
965816
965817
965818
965819
965820
965821
965822
965823
965824
965825
965826
965827
965828
965829
965830
965831
965832
965833
965834
965835
965836
965837
965838
965839
965840
965841
965842
965843
965844
965845
965846
965847
965848
965849
965850
965851
965852
965853
965854
965855
965856
965857
965858
965859
965860
965861
965862
965863
965864
965865
965866
965867
965868
965869
965870
965871
965872
965873
965874
965875
965876
965877
965878
965879
965880
965881
965882
965883
965884
965885
965886
965887
965888
965889
965890
965891
965892
965893
965894
965895
965896
965897
965898
965899
965900
966005
966006
966007
966008
966009
966010
966011
966012
966013
966014
966015
966016
966017
966018
966019
966020
966021
966022
966023
966024
966025
966026
966027
966028
966029
966030
966057
966058
966059
966060
966061
966062
966063
966064
966065
966066
966067
966068
966069
966070
966071
966072
966073
966074
966075
966076
966077
966078
966079
966080
966081
966082
966083
966084
966085
966086
966087
966088
966089
966090
966091
966092
966093
966094
966095
966096
966097
966098
966099
966100
966101
966102
966103
966104
966105
966106
966107
966108
966109
966110
966111
966112
966113
966114
966115
966116
966117
966118
966119
966120
966121
966122
966123
966124
966125
966126
966127
966128
966129
966130
966131
966132
966133
966134
966161
966162
966163
966164
966165
966166
966167
966168
966169
966170
966171
966172
966173
966174
966175
966176
966177
966178
966179
966180
966181
966182
966183
966184
966185
966186
966213
966214
966215
966216
966217
966218
966219
966220
966221
966222
966223
966224
966225
966226
966227
966228
966229
966230
966231
966232
966233
966234
966235
966236
966237
966238
966265
966266
966267
966268
966269
966270
966271
966272
966273
966274
966275
966276
966277
966278
966279
966280
966281
966282
966283
966284
966285
966286
966287
966288
966289
966290
966291
966292
966293
966294
966295
966296
966297
966298
966299
966300
966301
966302
966303
966304
966305
966306
966307
966308
966309
966310
966311
966312
966313
966314
966315
966316
966317
966318
966319
966320
966321
966322
966323
966324
966325
966326
966327
966328
966329
966330
966331
966332
966333
966334
966335
966336
966337
966338
966339
966340
966341
966342
966395
966396
966397
966398
966399
966400
966401
966402
966403
966404
966405
966406
966407
966408
966409
966410
966411
966412
966413
966414
966415
966416
966417
966418
966419
966420
966421
966422
966423
966424
966425
966426
966427
966428
966429
966430
966431
966432
966433
966434
966435
966436
966437
966438
966439
966440
966441
966442
966443
966444
966445
966446
966525
966526
966527
966528
966529
966530
966531
966532
966533
966534
966535
966536
966537
966538
966539
966540
966541
966542
966543
966544
966545
966546
966547
966548
966549
966550
966551
966552
966553
966554
966555
966556
966557
966558
966559
966560
966561
966562
966563
966564
966565
966566
966567
966568
966569
966570
966571
966572
966573
966574
966575
966576
966577
966578
966579
966580
966581
966582
966583
966584
966585
966586
966587
966588
966589
966590
966591
966592
966593
966594
966595
966596
966597
966598
966599
966600
966601
966602
966629
966630
966631
966632
966633
966634
966635
966636
966637
966638
966639
966640
966641
966642
966643
966644
966645
966646
966647
966648
966649
966650
966651
966652
966653
966654
966681
966682
966683
966684
966685
966686
966687
966688
966689
966690
966691
966692
966693
966694
966695
966696
966697
966698
966699
966700
966701
966702
966703
966704
966705
966706
966707
966708
966709
966710
966711
966712
966713
966714
966715
966716
966717
966718
966719
966720
966721
966722
966723
966724
966725
966726
966727
966728
966729
966730
966731
966732
966785
966786
966787
966788
966789
966790
966791
966792
966793
966794
966795
966796
966797
966798
966799
966800
966801
966802
966803
966804
966805
966806
966807
966808
966809
966810
966837
966838
966839
966840
966841
966842
966843
966844
966845
966846
966847
966848
966849
966850
966851
966852
966853
966854
966855
966856
966857
966858
966859
966860
966861
966862
966967
966968
966969
966970
966971
966972
966973
966974
966975
966976
966977
966978
966979
966980
966981
966982
966983
966984
966985
966986
966987
966988
966989
966990
966991
966992
967045
967046
967047
967048
967049
967050
967051
967052
967053
967054
967055
967056
967057
967058
967059
967060
967061
967062
967063
967064
967065
967066
967067
967068
967069
967070
967175
967176
967177
967178
967179
967180
967181
967182
967183
967184
967185
967186
967187
967188
967189
967190
967191
967192
967193
967194
967195
967196
967197
967198
967199
967200
967357
967358
967359
967360
967361
967362
967363
967364
967365
967366
967367
967368
967369
967370
967371
967372
967373
967374
967375
967376
967377
967378
967379
967380
967381
967382
967409
967410
967411
967412
967413
967414
967415
967416
967417
967418
967419
967420
967421
967422
967423
967424
967425
967426
967427
967428
967429
967430
967431
967432
967433
967434
967461
967462
967463
967464
967465
967466
967467
967468
967469
967470
967471
967472
967473
967474
967475
967476
967477
967478
967479
967480
967481
967482
967483
967484
967485
967486
967513
967514
967515
967516
967517
967518
967519
967520
967521
967522
967523
967524
967525
967526
967527
967528
967529
967530
967531
967532
967533
967534
967535
967536
967537
967538
967591
967592
967593
967594
967595
967596
967597
967598
967599
967600
967601
967602
967603
967604
967605
967606
967607
967608
967609
967610
967611
967612
967613
967614
967615
967616
967643
967644
967645
967646
967647
967648
967649
967650
967652
967653
967654
967655
967656
967657
967658
967659
967660
967661
967662
967663
967664
967665
967666
967667
967668
967669
967670
967671
967672
967673
967674
967675
967676
967677
967678
967679
967680
967681
967682
967683
967684
967685
967686
967687
967688
967689
967690
967691
967692
967693
967694
967695
967696
967697
967698
967699
967700
967701
967702
967703
967704
967705
967706
967707
967708
967709
967710
967711
967712
967713
967714
967715
967716
967717
967718
967719
967720
967721
967722
967723
967724
967725
967726
967727
967728
967729
967730
967731
967732
967733
967734
967735
967736
967737
967738
967739
967740
967741
967742
967743
967744
967745
967746
967747
967748
967749
967750
967751
967752
967753
967754
967755
967756
967757
967758
967759
967760
967761
967762
967763
967764
967765
967766
967767
967768
967769
967770
967771
967772
967799
967800
967801
967802
967803
967804
967805
967806
967807
967808
967809
967810
967811
967812
967813
967814
967815
967816
967817
967818
967819
967821
967822
967823
967824
967825
967826
967827
967828
967829
967830
967831
967832
967833
967834
967835
967836
967837
967838
967839
967840
967841
967842
967843
967844
967845
967846
967847
967848
967849
967850
967955
967956
967957
967958
967959
967960
967961
967962
967963
967964
967965
967966
967967
967968
967969
967970
967971
967972
967973
967974
967975
967976
967977
967978
967979
967980
967981
967982
967983
967984
967985
967986
967987
967988
967989
967990
967991
967992
967993
967994
967995
967996
967997
967998
967999
968000
968001
968002
968003
968004
968005
968006
968033
968034
968035
968036
968037
968038
968039
968040
968041
968042
968043
968044
968045
968046
968047
968048
968049
968050
968051
968052
968053
968054
968055
968056
968057
968058
968059
968060
968061
968062
968063
968064
968065
968066
968067
968068
968069
968070
968071
968072
968073
968074
968075
968076
968077
968078
968079
968080
968081
968082
968083
968084
968085
968086
968087
968088
968089
968090
968091
968092
968093
968094
968095
968096
968097
968098
968099
968100
968101
968102
968103
968104
968105
968106
968107
968108
968109
968110
968163
968164
968165
968166
968167
968168
968169
968170
968171
968172
968173
968174
968175
968176
968177
968178
968179
968180
968181
968182
968183
968184
968185
968186
968187
968188
968215
968216
968217
968218
968219
968220
968221
968222
968223
968224
968225
968226
968227
968228
968229
968230
968231
968232
968233
968234
968235
968236
968237
968238
968239
968240
968241
968242
968243
968244
968245
968246
968247
968248
968249
968250
968251
968252
968253
968254
968255
968256
968257
968258
968259
968260
968261
968262
968263
968264
968265
968266
968267
968268
968269
968270
968271
968272
968273
968274
968275
968276
968277
968278
968279
968280
968281
968282
968283
968284
968285
968286
968287
968288
968289
968290
968291
968292
968293
968294
968295
968296
968297
968298
968299
968300
968301
968302
968303
968304
968305
968306
968307
968308
968309
968310
968311
968312
968313
968314
968315
968316
968317
968318
968319
968320
968321
968322
968323
968324
968325
968326
968327
968328
968329
968330
968331
968332
968333
968334
968335
968336
968337
968338
968339
968340
968341
968342
968343
968344
968345
968346
968347
968348
968349
968350
968351
968352
968353
968354
968355
968356
968357
968358
968359
968360
968361
968362
968363
968364
968365
968366
968367
968368
968369
968370
968371
968372
968373
968374
968375
968376
968377
968378
968379
968380
968381
968382
968383
968384
968385
968386
968387
968388
968389
968390
968391
968392
968393
968394
968395
968396
968475
968476
968477
968478
968479
968480
968481
968482
968483
968484
968485
968486
968487
968488
968489
968490
968491
968492
968493
968494
968495
968496
968497
968498
968499
968500
968553
968554
968555
968556
968557
968558
968559
968560
968561
968562
968563
968564
968565
968566
968567
968568
968569
968570
968571
968572
968573
968574
968575
968576
968577
968578
968579
968580
968581
968582
968583
968584
968585
968586
968587
968588
968589
968590
968591
968592
968593
968594
968595
968596
968597
968598
968599
968600
968601
968602
968603
968604
968605
968606
968607
968608
968609
968610
968611
968612
968613
968614
968615
968616
968617
968618
968619
968620
968621
968622
968623
968624
968625
968627
968628
968629
968630
968709
968710
968711
968712
968713
968714
968715
968716
968717
968718
968719
968720
968721
968722
968723
968724
968725
968726
968727
968728
968729
968730
968731
968732
968733
968734
968761
968762
968763
968764
968765
968766
968767
968768
968769
968770
968771
968772
968773
968774
968775
968776
968777
968778
968779
968780
968781
968782
968783
968784
968785
968786
968787
968788
968789
968790
968791
968792
968793
968794
968795
968796
968797
968798
968799
968800
968801
968802
968803
968804
968805
968806
968807
968808
968809
968810
968811
968812
968813
968814
968815
968816
968817
968818
968819
968820
968821
968822
968823
968824
968825
968826
968827
968828
968829
968830
968831
968832
968833
968834
968835
968836
968837
968838
968891
968892
968893
968894
968895
968896
968897
968898
968899
968900
968901
968902
968903
968904
968905
968906
968907
968908
968909
968910
968911
968912
968913
968914
968915
968916
968995
968996
968997
968998
968999
969000
969001
969002
969003
969004
969005
969006
969007
969008
969009
969010
969011
969012
969013
969014
969015
969016
969017
969018
969019
969020
969047
969048
969049
969050
969051
969052
969053
969054
969055
969056
969057
969058
969059
969060
969061
969062
969063
969064
969065
969066
969067
969068
969069
969070
969071
969072
969151
969152
969153
969154
969155
969156
969157
969158
969159
969160
969161
969162
969163
969164
969165
969166
969167
969168
969169
969170
969171
969172
969173
969174
969175
969176
969177
969178
969179
969180
969181
969182
969183
969184
969185
969186
969187
969188
969189
969190
969191
969192
969193
969194
969195
969196
969197
969198
969199
969200
969201
969202
969203
969204
969205
969206
969207
969208
969209
969210
969211
969212
969213
969214
969215
969216
969217
969218
969219
969220
969221
969222
969223
969224
969225
969226
969227
969228
969281
969282
969283
969284
969285
969286
969287
969288
969289
969290
969291
969292
969293
969294
969295
969296
969297
969298
969299
969300
969301
969302
969303
969304
969305
969306
969307
969308
969309
969310
969311
969312
969313
969314
969315
969316
969317
969318
969319
969320
969321
969322
969323
969324
969325
969326
969327
969328
969329
969330
969331
969332
969385
969386
969387
969388
969389
969390
969391
969392
969393
969394
969395
969396
969397
969398
969399
969400
969401
969402
969403
969404
969405
969406
969407
969408
969409
969410
969437
969438
969439
969440
969441
969442
969443
969444
969445
969446
969447
969448
969449
969450
969451
969452
969453
969454
969455
969456
969457
969458
969459
969460
969461
969462
969463
969464
969465
969466
969467
969468
969469
969470
969471
969472
969473
969474
969475
969476
969477
969478
969479
969480
969481
969482
969483
969484
969485
969486
969487
969488
969489
969490
969491
969492
969493
969494
969495
969496
969497
969498
969499
969500
969501
969502
969503
969504
969505
969506
969507
969508
969509
969510
969511
969512
969513
969514
