969541
969542
969543
969544
969545
969546
969547
969548
969549
969550
969551
969552
969553
969554
969555
969556
969557
969559
969560
969561
969562
969563
969564
969565
969566
969697
969698
969699
969700
969701
969702
969703
969704
969705
969706
969707
969708
969709
969710
969711
969712
969713
969714
969715
969716
969717
969718
969719
969720
969721
969722
969775
969776
969777
969778
969779
969780
969781
969782
969783
969784
969785
969786
969787
969788
969789
969790
969791
969792
969793
969794
969795
969796
969797
969798
969799
969800
969801
969802
969803
969804
969805
969806
969807
969808
969809
969810
969811
969812
969813
969814
969815
969816
969817
969818
969819
969820
969821
969822
969823
969824
969825
969826
969879
969880
969881
969882
969883
969884
969885
969886
969887
969888
969889
969890
969891
969892
969893
969894
969895
969896
969897
969898
969899
969900
969901
969902
969903
969904
969905
969906
969907
969908
969909
969910
969911
969912
969913
969914
969915
969916
969917
969918
969919
969920
969921
969922
969923
969924
969925
969926
969927
969928
969929
969930
969931
969932
969933
969934
969935
969936
969937
969938
969939
969940
969941
969942
969943
969944
969945
969946
969947
969948
969949
969950
969951
969952
969953
969954
969955
969956
969957
969958
969959
969960
969961
969962
969963
969964
969965
969966
969967
969968
969969
969970
969971
969972
969973
969974
969975
969976
969977
969978
969979
969980
969981
969982
969983
969984
969985
969986
969987
969988
969989
969990
969991
969992
969993
969994
969995
969996
969997
969998
969999
970000
970001
970002
970003
970004
970005
970006
970007
970008
970009
970010
970011
970012
970013
970014
970015
970016
970017
970018
970019
970020
970021
970022
970023
970024
970025
970026
970027
970028
970029
970030
970031
970032
970033
970034
970061
970062
970063
970064
970065
970066
970067
970068
970069
970070
970071
970072
970073
970074
970075
970076
970077
970078
970079
970080
970081
970082
970083
970084
970085
970086
970165
970166
970167
970169
970170
970171
970172
970173
970174
970175
970176
970177
970178
970179
970180
970181
970182
970183
970184
970185
970186
970187
970188
970189
970190
970217
970218
970219
970220
970221
970222
970223
970224
970225
970226
970227
970228
970229
970230
970231
970232
970233
970234
970235
970236
970237
970238
970239
970240
970241
970242
970269
970270
970271
970272
970273
970274
970275
970276
970277
970278
970279
970280
970281
970282
970283
970284
970285
970286
970287
970288
970289
970290
970291
970292
970293
970294
970321
970322
970323
970324
970325
970326
970327
970328
970329
970330
970331
970332
970333
970334
970335
970336
970337
970338
970339
970340
970341
970342
970343
970344
970345
970346
970399
970400
970401
970402
970403
970404
970405
970406
970407
970408
970409
970410
970411
970412
970413
970414
970415
970416
970417
970418
970419
970420
970421
970422
970423
970424
970425
970426
970427
970428
970429
970430
970431
970432
970433
970434
970435
970436
970437
970438
970439
970440
970441
970442
970443
970444
970445
970446
970447
970448
970449
970450
970477
970478
970479
970480
970481
970482
970483
970484
970485
970486
970487
970488
970489
970490
970491
970492
970493
970494
970495
970496
970497
970498
970499
970500
970501
970502
970503
970504
970505
970506
970507
970508
970509
970510
970511
970512
970513
970514
970515
970516
970517
970518
970519
970520
970521
970522
970523
970524
970525
970526
970527
970528
970529
970530
970531
970532
970533
970534
970535
970536
970537
970538
970539
970540
970541
970542
970543
970544
970545
970546
970547
970548
970549
970550
970551
970552
970553
970554
970685
970686
970687
970688
970689
970690
970691
970692
970693
970694
970695
970696
970697
970698
970699
970700
970701
970702
970703
970704
970705
970706
970707
970708
970709
970710
970763
970764
970765
970766
970767
970768
970769
970770
970771
970772
970773
970774
970775
970776
970777
970778
970779
970780
970781
970782
970783
970784
970785
970786
970787
970788
970867
970868
970869
970870
970871
970872
970873
970874
970875
970876
970877
970878
970879
970880
970881
970882
970883
970884
970885
970886
970887
970888
970889
970890
970891
970892
970919
970920
970921
970922
970923
970924
970925
970926
970927
970928
970929
970930
970931
970932
970933
970934
970935
970936
970937
970938
970939
970940
970941
970942
970943
970944
970997
970998
970999
971000
971001
971002
971003
971004
971005
971006
971007
971008
971009
971010
971011
971012
971013
971014
971015
971016
971017
971018
971019
971020
971021
971022
971049
971050
971051
971052
971053
971054
971055
971056
971057
971058
971059
971060
971061
971062
971063
971064
971065
971066
971067
971068
971069
971070
971071
971072
971073
971074
971075
971076
971077
971078
971079
971080
971081
971082
971083
971084
971085
971086
971087
971088
971089
971090
971091
971092
971093
971094
971095
971096
971097
971098
971099
971100
971127
971128
971129
971130
971131
971132
971133
971134
971135
971136
971137
971138
971139
971140
971141
971142
971143
971144
971145
971146
971147
971148
971149
971150
971151
971152
971153
971154
971155
971156
971157
971158
971159
971160
971161
971162
971163
971164
971165
971166
971167
971168
971169
971170
971171
971172
971173
971174
971175
971176
971177
971178
971179
971180
971181
971182
971183
971184
971185
971186
971187
971188
971189
971190
971191
971192
971193
971194
971195
971196
971197
971198
971199
971200
971201
971202
971203
971204
971205
971206
971207
971208
971209
971210
971211
971212
971213
971214
971215
971216
971217
971218
971219
971220
971221
971222
971223
971224
971225
971226
971227
971228
971229
971230
971231
971232
971233
971234
971235
971236
971237
971238
971239
971240
971241
971242
971243
971244
971245
971246
971247
971248
971249
971250
971251
971252
971253
971254
971255
971256
971283
971284
971285
971286
971287
971288
971289
971290
971291
971292
971293
971294
971295
971296
971297
971298
971299
971300
971301
971302
971303
971304
971305
971306
971307
971308
971335
971336
971337
971338
971339
971340
971341
971342
971343
971344
971345
971346
971347
971348
971349
971350
971351
971352
971353
971354
971355
971356
971357
971358
971359
971360
971361
971362
971363
971364
971365
971366
971367
971368
971369
971370
971371
971372
971373
971374
971375
971376
971377
971378
971379
971380
971381
971382
971383
971384
971385
971386
971439
971440
971441
971442
971443
971444
971445
971446
971447
971448
971449
971450
971451
971452
971453
971454
971455
971456
971457
971458
971459
971460
971461
971462
971463
971464
971465
971466
971467
971468
971469
971470
971471
971472
971473
971474
971475
971476
971477
971478
971479
971480
971481
971482
971483
971484
971485
971486
971487
971488
971489
971490
971517
971518
971519
971520
971521
971522
971523
971524
971525
971526
971527
971528
971529
971530
971531
971532
971533
971534
971535
971536
971537
971538
971539
971540
971541
971542
971569
971570
971571
971572
971573
971574
971575
971576
971577
971578
971579
971580
971581
971582
971583
971584
971585
971586
971587
971588
971589
971590
971591
971592
971593
971594
971595
971596
971597
971598
971599
971600
971601
971602
971603
971604
971605
971606
971607
971608
971609
971610
971611
971612
971613
971614
971615
971616
971617
971618
971619
971620
971647
971648
971649
971650
971651
971652
971653
971654
971655
971656
971657
971658
971659
971660
971661
971662
971663
971664
971665
971666
971667
971668
971669
971670
971671
971672
971725
971726
971727
971728
971729
971730
971731
971732
971733
971734
971735
971736
971737
971738
971739
971740
971741
971742
971743
971744
971745
971746
971747
971748
971749
971750
971751
971752
971753
971754
971755
971756
971757
971758
971759
971760
971761
971762
971763
971764
971765
971766
971767
971768
971769
971770
971771
971772
971773
971774
971775
971776
971777
971778
971779
971780
971781
971782
971783
971784
971785
971786
971787
971788
971789
971790
971791
971792
971793
971794
971795
971796
971797
971798
971799
971800
971801
971802
971881
971882
971883
971884
971885
971886
971887
971888
971889
971890
971891
971892
971893
971894
971895
971896
971897
971898
971899
971900
971901
971902
971903
971904
971905
971906
971933
971934
971935
971936
971937
971938
971939
971940
971941
971942
971943
971944
971945
971946
971947
971948
971949
971950
971951
971952
971953
971954
971955
971956
971957
971958
971985
971986
971987
971988
971989
971990
971991
971992
971993
971994
971995
971996
971997
971998
971999
972000
972001
972002
972003
972004
972005
972006
972007
972008
972009
972010
972011
972012
972013
972014
972015
972016
972017
972018
972019
972020
972021
972022
972023
972024
972025
972026
972027
972028
972029
972030
972031
972032
972033
972034
972035
972036
972037
972038
972039
972040
972041
972042
972043
972044
972045
972046
972047
972048
972049
972050
972051
972052
972053
972054
972055
972056
972057
972058
972059
972060
972061
972062
972063
972064
972065
972066
972067
972068
972069
972070
972071
972072
972073
972074
972075
972076
972077
972078
972079
972080
972081
972082
972083
972084
972085
972086
972087
972088
972089
972090
972091
972092
972093
972094
972095
972096
972097
972098
972099
972100
972101
972102
972103
972104
972105
972106
972107
972108
972109
972110
972111
972112
972113
972114
972141
972142
972143
972144
972145
972146
972147
972148
972149
972150
972151
972152
972153
972154
972155
972156
972157
972158
972159
972160
972161
972162
972163
972164
972165
972166
972193
972194
972195
972196
972197
972198
972199
972200
972201
972202
972203
972204
972205
972206
972207
972208
972209
972210
972211
972212
972213
972214
972215
972216
972217
972218
972245
972246
972247
972248
972249
972250
972251
972252
972253
972254
972255
972256
972257
972258
972259
972260
972261
972262
972263
972264
972265
972266
972267
972268
972269
972270
972323
972324
972325
972326
972327
972328
972329
972330
972331
972332
972333
972334
972335
972336
972337
972338
972339
972340
972341
972342
972343
972344
972345
972346
972347
972348
972349
972350
972351
972352
972353
972354
972355
972356
972357
972358
972359
972360
972361
972362
972363
972364
972365
972366
972367
972368
972369
972370
972371
972372
972373
972374
972375
972376
972377
972378
972379
972380
972381
972382
972383
972384
972385
972386
972387
972388
972389
972390
972391
972392
972393
972394
972395
972396
972397
972398
972399
972400
972401
972402
972403
972404
972405
972406
972407
972408
972409
972410
972411
972412
972413
972414
972415
972416
972417
972418
972419
972420
972421
972422
972423
972424
972425
972426
972453
972454
972455
972456
972457
972458
972459
972460
972461
972462
972463
972464
972465
972466
972467
972468
972469
972470
972471
972472
972473
972474
972475
972476
972477
972478
972479
972480
972481
972482
972483
972484
972485
972486
972487
972488
972489
972490
972491
972492
972493
972494
972495
972496
972497
972498
972499
972500
972501
972502
972503
972504
972505
972506
972507
972508
972509
972510
972511
972512
972513
972514
972515
972516
972517
972518
972519
972520
972521
972522
972523
972524
972525
972526
972527
972528
972529
972530
972557
972558
972559
972560
972561
972562
972563
972564
972565
972566
972567
972568
972569
972570
972571
972572
972573
972574
972575
972576
972577
972578
972579
972580
972581
972582
972583
972584
972585
972586
972587
972588
972589
972590
972591
972592
972593
972594
972595
972596
972597
972598
972599
972600
972601
972602
972603
972604
972605
972606
972607
972608
972635
972636
972637
972638
972639
972640
972641
972642
972643
972644
972645
972646
972647
972648
972649
972650
972651
972652
972653
972654
972655
972656
972657
972658
972659
972660
972661
972662
972663
972664
972665
972666
972667
972668
972669
972670
972671
972672
972673
972674
972675
972676
972677
972678
972679
972680
972681
972682
972683
972684
972685
972686
972687
972688
972689
972690
972691
972692
972693
972694
972695
972696
972697
972698
972699
972700
972701
972702
972703
972704
972705
972706
972707
972708
972709
972710
972711
972712
972739
972740
972741
972742
972743
972744
972745
972746
972747
972748
972749
972750
972751
972752
972753
972754
972755
972756
972757
972758
972759
972760
972761
972762
972763
972764
972895
972896
972897
972898
972899
972900
972901
972902
972903
972904
972905
972906
972907
972908
972909
972910
972911
972912
972913
972914
972915
972916
972917
972918
972919
972920
972921
972922
972923
972924
972925
972926
972927
972928
972929
972930
972931
972932
972933
972934
972935
972936
972937
972938
972939
972940
972941
972942
972943
972944
972945
972946
972947
972948
972949
972950
972951
972952
972953
972954
972955
972956
972957
972958
972959
972960
972961
972962
972963
972964
972965
972966
972967
972968
972969
972970
972971
972972
972999
973000
973001
973002
973003
973004
973005
973006
973007
973008
973009
973010
973011
973012
973013
973014
973015
973016
973017
973018
973019
973020
973021
973022
973023
973024
973025
973026
973027
973028
973029
973030
973031
973032
973033
973034
973035
973036
973037
973038
973039
973040
973041
973042
973043
973044
973045
973046
973047
973048
973049
973050
973077
973078
973079
973080
973081
973082
973083
973084
973085
973086
973087
973088
973089
973090
973091
973092
973093
973094
973095
973096
973097
973098
973099
973100
973101
973102
973129
973130
973131
973132
973133
973134
973135
973136
973137
973138
973139
973140
973141
973142
973143
973144
973145
973146
973147
973148
973149
973150
973151
973152
973153
973154
973233
973234
973235
973236
973237
973238
973239
973240
973241
973242
973243
973245
973246
973247
973248
973249
973250
973251
973252
973253
973254
973255
973256
973257
973258
973259
973260
973261
973262
973263
973264
973265
973266
973267
973268
973269
973270
973271
973272
973273
973274
973275
973276
973277
973278
973279
973280
973281
973282
973283
973284
973285
973286
973287
973288
973289
973290
973291
973292
973293
973294
973295
973296
973297
973298
973299
973300
973301
973302
973303
973304
973305
973306
973307
973308
973309
973310
973363
973364
973365
973366
973367
973368
973369
973370
973371
973372
973373
973374
973375
973376
973377
973378
973379
973380
973381
973382
973383
973384
973385
973386
973387
973388
973389
973390
973391
973392
973393
973394
973395
973396
973397
973398
973399
973400
973401
973402
973403
973404
973405
973406
973407
973408
973409
973410
973411
973412
973413
973414
973467
973468
973469
973470
973471
973472
973473
973474
973475
973476
973477
973478
973479
973480
973481
973482
973483
973484
973485
973486
973487
973488
973489
973490
973491
973492
973545
973546
973547
973548
973549
973550
973551
973552
973553
973554
973555
973556
973557
973558
973559
973560
973561
973562
973563
973564
973565
973566
973567
973568
973569
973570
973571
973572
973573
973574
973575
973576
973577
973578
973579
973580
973581
973582
973583
973584
973585
973586
973587
973588
973589
973590
973591
973592
973593
973594
973595
973596
973597
973598
973599
973600
973601
973602
973603
973604
973605
973606
973607
973608
973609
973610
973611
973612
973613
973614
973615
973616
973617
973618
973619
973620
973621
973622
973727
973728
973729
973730
973731
973732
973733
973734
973735
973736
973737
973738
973739
973740
973741
973742
973743
973744
973745
973746
973747
973748
973749
973750
973751
973752
973753
973754
973755
973756
973757
973758
973759
973760
973761
973762
973763
973764
973765
973766
973767
973768
973769
973770
973771
973772
973773
973774
973775
973776
973777
973778
973805
973806
973807
973808
973809
973810
973811
973812
973813
973814
973815
973816
973817
973818
973819
973820
973821
973822
973823
973824
973825
973826
973827
973828
973829
973830
973831
973832
973833
973834
973835
973836
973837
973838
973839
973840
973841
973842
973843
973844
973845
973846
973847
973848
973849
973850
973851
973852
973853
973854
973855
973856
973857
973858
973859
973860
973861
973862
973863
973864
973865
973866
973867
973868
973869
973870
973871
973872
973873
973874
973875
973876
973877
973878
973879
973880
973881
973882
973883
973884
973885
973886
973887
973888
973889
973890
973891
973892
973893
973894
973895
973896
973897
973898
973899
973900
973901
973902
973903
973904
973905
973906
973907
973908
973935
973936
973937
973938
973939
973940
973941
973942
973943
973944
973945
973946
973947
973948
973949
973950
973951
973952
973953
973954
973955
973956
973957
973958
973959
973960
974039
974040
974041
974042
974043
974044
974045
974046
974047
974048
974049
974050
974051
974052
974053
974054
974055
974056
974057
974058
974059
974060
974061
974062
974063
974064
974065
974066
974067
974068
974069
974070
974071
974072
974073
974074
974075
974076
974077
974078
974079
974080
974081
974082
974083
974084
974085
974086
974087
974088
974089
974090
974091
974092
974093
974094
974095
974096
974097
974098
974099
974100
974101
974102
974103
974104
974105
974106
974107
974108
974109
974110
974111
974112
974113
974114
974115
974116
974195
974196
974197
974198
974199
974200
974201
974202
974203
974204
974205
974206
974207
974208
974209
974210
974211
974212
974213
974214
974215
974216
974217
974218
974219
974220
974221
974222
974223
974224
974225
974226
974227
974228
974229
974230
974231
974232
974233
974234
974235
974236
974237
974238
974239
974240
974241
974242
974243
974244
974245
974246
974273
974274
974275
974276
974277
974278
974279
974280
974281
974282
974283
974284
974285
974286
974287
974288
974289
974290
974291
974292
974293
974294
974295
974296
974297
974298
974351
974352
974353
974354
974355
974356
974357
974358
974359
974360
974361
974362
974363
974364
974365
974366
974367
974368
974369
974370
974371
974372
974373
974374
974375
974376
974403
974404
974405
974406
974407
974408
974409
974410
974411
974412
974413
974414
974415
974416
974417
974418
974419
974420
974421
974422
974423
974424
974425
974426
974427
974428
974455
974456
974457
974458
974459
974460
974461
974462
974463
974464
974465
974466
974467
974468
974469
974470
974471
974472
974473
974474
974475
974476
974477
974478
974479
974480
974481
974483
974484
974485
974486
974487
974488
974489
974490
974491
974492
974493
974494
974495
974496
974497
974498
974499
974500
974501
974502
974503
974504
974505
974506
974559
974560
974561
974562
974563
974564
974565
974566
974567
974568
974569
974570
974571
974572
974573
974574
974575
974576
974577
974578
974579
974580
974581
974582
974583
974584
974637
974638
974639
974640
974641
974642
974643
974644
974645
974646
974647
974648
974649
974650
974651
974652
974653
974654
974655
974656
974657
974658
974659
974660
974661
974662
974663
974664
974665
974666
974667
974668
974669
974670
974671
974672
974673
974674
974675
974676
974677
974678
974679
974680
974681
974682
974683
974684
974685
974686
974687
974688
974689
974690
974691
974692
974693
974694
974695
974696
974697
974698
974699
974700
974701
974702
974703
974704
974705
974706
974707
974708
974709
974710
974711
974712
974713
974714
974715
974716
974717
974718
974719
974720
974721
974722
974723
974724
974725
974726
974727
974728
974729
974730
974731
974732
974733
974734
974735
974736
974737
974738
974739
974740
974741
974742
974743
974744
974745
974746
974747
974748
974749
974750
974751
974752
974753
974754
974755
974756
974757
974758
974759
974760
974761
974762
974763
974764
974765
974766
974767
974768
974769
974770
974771
974772
974773
974774
974775
974776
974777
974778
974779
974780
974781
974782
974783
974784
974785
974786
974787
974788
974789
974790
974791
974792
974819
974820
974821
974822
974823
974824
974825
974826
974827
974828
974829
974830
974831
974832
974833
974834
974835
974836
974837
974838
974839
974840
974841
974842
974843
974844
974871
974872
974873
974874
974875
974876
974877
974878
974879
974880
974881
974882
974883
974884
974885
974886
974887
974888
974889
974890
974891
974892
974893
974894
974895
974896
974923
974924
974925
974926
974927
974928
974929
974930
974931
974932
974933
974934
974935
974936
974937
974938
974939
974940
974941
974942
974943
974944
974945
974946
974947
974948
974949
974950
974951
974952
974953
974954
974955
974956
974957
974958
974959
974960
974961
974962
974963
974964
974965
974966
974967
974968
974969
974970
974971
974972
974973
974974
974975
974976
974977
974978
974979
974980
974981
974982
974983
974984
974985
974986
974987
974988
974989
974990
974991
974992
974993
974994
974995
974996
974997
974998
974999
975000
975027
975028
975029
975030
975031
975032
975033
975034
975035
975036
975037
975038
975039
975040
975041
975042
975043
975044
975045
975046
975047
975048
975049
975050
975051
975052
975131
975132
975133
975134
975135
975136
975137
975138
975139
975140
975141
975142
975143
975144
975145
975146
975147
975148
975149
975150
975151
975152
975153
975154
975155
975156
975209
975210
975211
975212
975213
975214
975215
975216
975217
975218
975219
975220
975221
975222
975223
975224
975225
975226
975227
975228
975229
975230
975231
975232
975233
975234
975235
975236
975237
975238
975239
975240
975241
975242
975243
975244
975245
975246
975247
975248
975249
975250
975251
975252
975253
975254
975255
975256
975257
975258
975259
975260
975261
975262
975263
975264
975265
975266
975267
975268
975269
975270
975271
975272
975273
975274
975275
975276
975277
975278
975279
975280
975281
975282
975283
975284
975285
975286
975287
975288
975289
975290
975291
975292
975293
975294
975295
975296
975297
975298
975299
975300
975301
975302
975303
975304
975305
975306
975307
975308
975309
975310
975311
975312
975313
975314
975315
975316
975317
975318
975319
975320
975321
975322
975323
975324
975325
975326
975327
975328
975329
975330
975331
975332
975333
975334
975335
975336
975337
975338
975391
975392
975393
975394
975395
975396
975397
975398
975399
975400
975401
975402
975403
975404
975405
975406
975407
975408
975409
975410
975411
975412
975413
975414
975415
975416
975417
975418
975419
975420
975421
975422
975423
975424
975425
975426
975427
975428
975429
975430
975431
975432
975433
975434
975435
975436
975437
975438
975439
975440
975441
975442
975547
975548
975549
975550
975551
975552
975553
975554
975555
975556
975557
975558
975559
975560
975561
975562
975563
975564
975565
975566
975567
975568
975569
975570
975571
975572
975625
975626
975627
975628
975629
975630
975631
975632
975633
975634
975635
975636
975637
975638
975639
975640
975641
975642
975643
975644
975645
975646
975647
975648
975649
975650
975729
975730
975731
975732
975733
975734
975735
975736
975737
975738
975739
975740
975741
975742
975743
975744
975745
975746
975747
975748
975749
975750
975751
975752
975753
975754
