975833
975834
975835
975836
975837
975838
975839
975840
975841
975842
975843
975844
975845
975846
975847
975848
975849
975850
975851
975852
975853
975854
975855
975856
975857
975858
975885
975886
975888
975889
975890
975891
975892
975893
975894
975895
975896
975897
975898
975899
975900
975901
975902
975903
975904
975905
975906
975907
975908
975909
975910
975911
975912
975913
975914
975915
975916
975917
975918
975919
975920
975921
975922
975923
975924
975925
975926
975928
975929
975930
975931
975932
975933
975934
975935
975936
975937
975938
975939
975940
975941
975942
975943
975944
975945
975946
975947
975948
975949
975950
975951
975952
975953
975954
975955
975956
975957
975958
975959
975960
975961
975962
976041
976042
976043
976044
976045
976046
976047
976048
976049
976050
976051
976052
976053
976054
976055
976056
976057
976058
976059
976060
976061
976062
976063
976064
976065
976066
976067
976068
976069
976070
976071
976072
976073
976074
976075
976076
976077
976078
976079
976080
976081
976082
976083
976084
976085
976086
976087
976088
976089
976090
976091
976092
976119
976120
976121
976122
976123
976124
976125
976126
976127
976128
976129
976130
976131
976132
976133
976134
976135
976136
976137
976138
976139
976140
976141
976142
976143
976144
976223
976224
976225
976226
976227
976228
976229
976230
976231
976232
976233
976234
976235
976236
976237
976238
976239
976240
976241
976242
976243
976244
976245
976246
976247
976248
976379
976380
976381
976382
976383
976384
976385
976386
976387
976388
976389
976390
976391
976392
976393
976394
976395
976396
976397
976398
976399
976400
976401
976402
976403
976404
976483
976484
976485
976486
976487
976488
976489
976490
976491
976492
976493
976494
976495
976496
976497
976498
976499
976500
976501
976502
976503
976504
976505
976506
976507
976508
976561
976562
976563
976564
976565
976566
976567
976568
976569
976570
976571
976572
976573
976574
976575
976576
976577
976578
976579
976580
976581
976582
976583
976584
976585
976586
976587
976588
976589
976590
976591
976592
976593
976594
976595
976596
976597
976598
976599
976600
976601
976602
976603
976604
976605
976606
976607
976608
976609
976610
976611
976612
976613
976614
976615
976616
976617
976618
976619
976620
976621
976622
976623
976624
976625
976626
976627
976628
976629
976630
976631
976632
976633
976634
976635
976636
976637
976638
976639
976640
976641
976642
976643
976644
976645
976646
976647
976648
976649
976650
976651
976652
976653
976654
976655
976656
976657
976658
976659
976660
976661
976662
976663
976664
976665
976666
976667
976668
976669
976670
976671
976672
976673
976674
976675
976676
976677
976678
976679
976680
976681
976682
976683
976684
976685
976686
976687
976688
976689
976690
976691
976692
976693
976694
976695
976696
976697
976698
976699
976700
976701
976702
976703
976704
976705
976706
976707
976708
976709
976710
976711
976712
976713
976714
976715
976716
976717
976718
976719
976720
976721
976722
976723
976724
976725
976726
976727
976728
976730
976731
976732
976733
976734
976735
976736
976737
976738
976739
976740
976741
976742
976743
976744
976745
976746
976747
976748
976749
976750
976751
976752
976753
976754
976755
976756
976757
976758
976759
976760
976761
976762
976763
976764
976765
976766
976767
976768
976821
976822
976823
976824
976825
976826
976827
976828
976829
976830
976831
976832
976833
976834
976835
976836
976837
976838
976839
976840
976841
976842
976843
976844
976845
976846
976847
976848
976849
976850
976851
976852
976853
976854
976855
976856
976857
976858
976859
976860
976861
976862
976863
976864
976865
976866
976867
976868
976869
976870
976871
976872
976873
976874
976875
976876
976877
976878
976879
976880
976881
976883
976884
976885
976886
976887
976888
976889
976890
976891
976892
976893
976894
976895
976896
976897
976898
976899
976900
976901
976902
976903
976904
976905
976906
976907
976908
976909
976910
976911
976912
976913
976914
976915
976916
976917
976918
976919
976920
976921
976922
976923
976924
976925
976926
976927
976928
976929
976930
976931
976932
976933
976934
976935
976936
976937
976938
976939
976940
976941
976942
976943
976944
976945
976946
976947
976948
976949
976950
976977
976978
976979
976980
976981
976982
976983
976984
976985
976986
976987
976988
976989
976990
976991
976992
976993
976994
976995
976996
976997
976998
976999
977000
977001
977002
977029
977030
977031
977032
977033
977034
977035
977036
977037
977038
977039
977040
977041
977042
977043
977044
977045
977046
977047
977048
977049
977050
977051
977052
977053
977054
977107
977108
977109
977110
977111
977112
977113
977114
977115
977116
977117
977118
977119
977120
977121
977122
977123
977124
977125
977126
977127
977128
977129
977130
977131
977132
977133
977134
977135
977136
977137
977138
977139
977140
977141
977142
977143
977144
977145
977146
977147
977148
977149
977150
977151
977152
977153
977154
977155
977156
977157
977158
977159
977160
977161
977162
977163
977164
977165
977166
977167
977168
977169
977170
977171
977172
977173
977174
977175
977176
977177
977178
977179
977180
977181
977182
977183
977184
977185
977186
977187
977188
977189
977190
977191
977192
977193
977194
977195
977196
977197
977198
977199
977200
977201
977202
977203
977204
977205
977206
977207
977208
977209
977210
977211
977212
977213
977214
977215
977216
977217
977218
977219
977220
977221
977222
977223
977224
977225
977226
977227
977228
977229
977230
977231
977232
977233
977234
977235
977236
977263
977264
977265
977266
977267
977268
977269
977270
977271
977272
977273
977274
977275
977276
977277
977278
977279
977280
977281
977282
977283
977284
977285
977286
977287
977288
977341
977342
977343
977344
977345
977346
977347
977348
977349
977350
977351
977352
977353
977354
977355
977356
977357
977358
977359
977360
977361
977362
977363
977364
977365
977366
977367
977368
977369
977370
977371
977372
977373
977374
977375
977376
977377
977378
977379
977380
977381
977382
977383
977384
977385
977386
977387
977388
977389
977390
977391
977392
977471
977472
977473
977474
977475
977476
977477
977478
977479
977480
977481
977482
977483
977484
977485
977486
977487
977488
977489
977490
977491
977492
977493
977494
977495
977496
977549
977550
977551
977552
977553
977554
977555
977556
977557
977558
977559
977560
977561
977562
977563
977564
977565
977566
977567
977568
977569
977570
977571
977572
977573
977574
977575
977576
977577
977578
977579
977580
977581
977582
977583
977584
977585
977586
977587
977588
977589
977590
977591
977592
977593
977594
977595
977596
977597
977598
977599
977600
977627
977628
977629
977630
977631
977632
977633
977634
977635
977636
977637
977638
977639
977640
977641
977642
977643
977644
977645
977646
977647
977648
977649
977650
977651
977652
977653
977654
977655
977656
977657
977658
977659
977660
977661
977662
977663
977664
977665
977666
977667
977668
977669
977670
977671
977672
977673
977674
977675
977676
977677
977678
977679
977680
977681
977682
977683
977684
977685
977686
977687
977688
977689
977690
977691
977692
977693
977694
977695
977696
977697
977698
977699
977700
977701
977702
977703
977704
977705
977706
977707
977708
977709
977710
977711
977712
977713
977714
977715
977716
977717
977718
977719
977720
977721
977722
977723
977724
977725
977726
977727
977728
977729
977730
977809
977810
977811
977812
977813
977814
977815
977816
977817
977818
977819
977820
977821
977822
977823
977824
977825
977826
977827
977828
977829
977830
977831
977832
977833
977834
977887
977888
977889
977890
977891
977892
977893
977894
977895
977896
977897
977898
977899
977900
977901
977902
977903
977904
977905
977906
977907
977908
977909
977910
977911
977912
977913
977914
977915
977916
977917
977918
977919
977920
977921
977922
977923
977924
977925
977926
977927
977928
977929
977930
977931
977932
977933
977934
977935
977936
977937
977938
977939
977940
977941
977942
977943
977944
977945
977946
977947
977948
977949
977950
977951
977952
977953
977954
977955
977956
977957
977958
977959
977960
977961
977962
977963
977964
978095
978096
978097
978098
978099
978100
978101
978102
978103
978104
978105
978106
978107
978108
978109
978110
978111
978112
978113
978114
978115
978116
978117
978118
978119
978120
978173
978174
978175
978176
978177
978178
978179
978180
978181
978182
978183
978184
978185
978186
978187
978188
978189
978190
978191
978192
978193
978194
978195
978196
978197
978198
978225
978226
978227
978228
978229
978230
978231
978232
978233
978234
978235
978236
978237
978238
978239
978240
978241
978242
978243
978244
978245
978246
978247
978248
978249
978250
978251
978252
978253
978254
978255
978256
978257
978258
978259
978260
978261
978262
978263
978264
978265
978266
978267
978268
978269
978270
978271
978272
978273
978274
978275
978276
978277
978278
978279
978280
978281
978282
978283
978284
978285
978286
978287
978288
978289
978290
978291
978292
978293
978294
978295
978296
978297
978298
978299
978300
978301
978302
978329
978330
978331
978332
978333
978334
978335
978336
978337
978338
978339
978340
978341
978342
978343
978344
978345
978346
978347
978348
978349
978350
978351
978352
978353
978354
978355
978356
978357
978358
978359
978360
978361
978362
978363
978364
978365
978366
978367
978368
978369
978370
978371
978372
978373
978374
978375
978376
978377
978378
978379
978380
978407
978408
978409
978410
978411
978412
978413
978414
978415
978416
978417
978418
978419
978420
978421
978422
978423
978424
978425
978426
978427
978428
978429
978430
978431
978432
978433
978434
978435
978436
978437
978438
978439
978440
978441
978442
978443
978444
978445
978446
978447
978448
978449
978450
978451
978452
978453
978454
978455
978456
978457
978458
978459
978460
978462
978463
978464
978465
978466
978467
978468
978469
978470
978471
978472
978473
978474
978475
978476
978477
978478
978479
978480
978481
978482
978483
978484
978485
978486
978487
978488
978489
978490
978491
978492
978493
978494
978495
978496
978497
978498
978499
978500
978501
978502
978503
978504
978505
978506
978507
978508
978509
978510
978511
978512
978513
978514
978515
978516
978517
978518
978519
978520
978521
978522
978523
978524
978525
978526
978527
978528
978529
978530
978531
978532
978533
978534
978535
978536
978563
978564
978565
978566
978567
978568
978569
978570
978571
978572
978573
978574
978575
978576
978577
978578
978579
978580
978581
978582
978583
978584
978585
978586
978587
978588
978641
978642
978643
978644
978645
978646
978647
978648
978649
978650
978651
978652
978653
978654
978655
978656
978657
978658
978659
978660
978661
978662
978663
978664
978665
978666
978719
978720
978721
978722
978723
978724
978725
978726
978727
978728
978729
978730
978731
978732
978733
978734
978735
978736
978737
978738
978739
978740
978741
978742
978743
978744
978745
978746
978747
978748
978749
978750
978751
978752
978753
978754
978755
978756
978757
978758
978759
978760
978761
978762
978763
978764
978765
978766
978767
978768
978769
978770
978771
978772
978773
978774
978775
978776
978777
978778
978779
978780
978781
978782
978783
978784
978785
978786
978787
978788
978789
978790
978791
978792
978793
978794
978795
978796
978823
978824
978825
978826
978827
978828
978829
978830
978831
978832
978833
978834
978835
978836
978837
978838
978839
978840
978841
978842
978843
978844
978845
978846
978847
978848
978875
978876
978877
978878
978879
978880
978881
978882
978883
978884
978885
978886
978887
978888
978889
978890
978891
978892
978893
978894
978895
978896
978897
978898
978899
978900
978901
978902
978903
978904
978905
978906
978907
978908
978909
978910
978911
978912
978913
978914
978915
978916
978917
978918
978919
978920
978921
978922
978923
978924
978925
978926
979005
979006
979007
979008
979009
979010
979011
979012
979013
979014
979015
979016
979017
979018
979019
979020
979021
979022
979023
979024
979025
979026
979027
979028
979029
979030
979031
979032
979033
979034
979035
979036
979037
979038
979039
979040
979041
979042
979043
979044
979045
979046
979047
979048
979049
979050
979051
979052
979053
979054
979055
979056
979057
979058
979059
979060
979061
979062
979063
979064
979065
979066
979067
979068
979069
979070
979071
979072
979073
979074
979075
979076
979077
979078
979079
979080
979081
979082
979161
979162
979163
979164
979165
979166
979167
979168
979169
979170
979171
979172
979173
979174
979175
979176
979177
979178
979179
979180
979181
979182
979183
979184
979185
979186
979239
979240
979241
979242
979243
979244
979245
979246
979247
979248
979249
979250
979251
979252
979253
979254
979255
979256
979257
979258
979259
979260
979261
979262
979263
979264
979265
979266
979267
979268
979269
979270
979271
979272
979273
979274
979275
979276
979277
979278
979279
979280
979281
979282
979283
979284
979285
979286
979287
979288
979289
979290
979343
979344
979345
979346
979347
979348
979349
979350
979351
979352
979353
979354
979355
979356
979357
979358
979359
979360
979361
979362
979363
979364
979365
979366
979367
979368
979395
979396
979397
979398
979399
979400
979401
979402
979403
979404
979405
979406
979407
979408
979409
979410
979411
979412
979413
979414
979415
979416
979417
979418
979419
979420
979421
979422
979423
979424
979425
979426
979427
979428
979429
979430
979431
979432
979433
979434
979435
979436
979437
979438
979439
979440
979441
979442
979443
979444
979445
979446
979499
979500
979501
979502
979503
979504
979505
979506
979507
979508
979509
979510
979511
979512
979513
979514
979515
979516
979517
979518
979519
979520
979521
979522
979523
979524
979525
979526
979527
979528
979529
979530
979531
979532
979533
979534
979535
979536
979537
979538
979539
979540
979541
979542
979543
979544
979545
979546
979547
979548
979549
979550
979551
979552
979553
979554
979555
979556
979557
979558
979559
979560
979561
979562
979563
979564
979565
979566
979567
979568
979569
979570
979571
979572
979573
979574
979575
979576
979577
979578
979579
979580
979581
979582
979583
979584
979585
979586
979587
979588
979589
979590
979591
979592
979593
979594
979595
979596
979597
979598
979599
979600
979601
979602
979603
979604
979605
979606
979607
979608
979609
979610
979611
979612
979613
979614
979615
979616
979617
979618
979619
979620
979621
979622
979623
979624
979625
979626
979627
979628
979629
979630
979631
979632
979633
979634
979635
979636
979637
979638
979639
979640
979641
979642
979643
979644
979645
979646
979647
979648
979649
979650
979651
979652
979653
979654
979681
979682
979683
979684
979685
979686
979687
979688
979689
979690
979691
979692
979693
979694
979695
979696
979697
979698
979699
979700
979701
979702
979703
979704
979705
979706
979707
979708
979709
979710
979711
979712
979713
979714
979715
979716
979717
979718
979719
979720
979721
979722
979723
979724
979725
979726
979727
979728
979729
979730
979731
979732
979759
979760
979761
979762
979763
979764
979765
979766
979767
979768
979769
979770
979771
979772
979773
979774
979775
979776
979777
979778
979779
979780
979781
979782
979783
979784
979785
979786
979787
979788
979789
979790
979791
979792
979793
979794
979795
979796
979797
979798
979799
979800
979801
979802
979803
979804
979805
979806
979807
979808
979809
979810
979811
979812
979813
979814
979815
979816
979817
979818
979819
979820
979821
979822
979823
979824
979825
979826
979827
979828
979829
979830
979831
979832
979833
979834
979835
979836
979837
979838
979839
979840
979841
979842
979843
979844
979845
979846
979847
979848
979849
979850
979851
979852
979853
979854
979855
979856
979857
979858
979859
979860
979861
979862
979889
979890
979891
979892
979893
979894
979895
979896
979897
979898
979899
979900
979901
979902
979903
979904
979905
979906
979907
979908
979909
979910
979911
979912
979913
979914
979915
979916
979917
979918
979919
979920
979921
979922
979923
979924
979925
979926
979927
979928
979929
979930
979931
979932
979933
979934
979935
979936
979937
979938
979939
979940
980019
980020
980021
980022
980023
980024
980025
980026
980027
980028
980029
980030
980031
980032
980033
980034
980035
980036
980037
980038
980039
980040
980041
980042
980043
980044
980175
980176
980177
980178
980179
980180
980181
980182
980183
980184
980185
980186
980187
980188
980189
980190
980191
980192
980193
980194
980195
980196
980197
980198
980199
980200
980279
980280
980281
980282
980283
980284
980285
980286
980287
980288
980289
980290
980291
980292
980293
980294
980295
980296
980297
980298
980299
980300
980301
980302
980303
980304
980331
980332
980333
980334
980335
980336
980337
980338
980339
980340
980341
980342
980343
980344
980345
980346
980347
980348
980349
980350
980351
980352
980353
980354
980355
980356
980383
980384
980385
980386
980387
980388
980389
980390
980391
980392
980393
980394
980395
980396
980397
980398
980399
980400
980401
980402
980403
980404
980405
980406
980407
980408
980409
980410
980411
980412
980413
980414
980415
980416
980417
980418
980419
980420
980421
980422
980423
980424
980425
980426
980427
980428
980429
980430
980431
980432
980433
980434
980435
980436
980437
980438
980439
980440
980441
980442
980443
980444
980445
980446
980447
980448
980449
980450
980451
980452
980453
980454
980455
980456
980457
980458
980459
980460
980513
980514
980515
980516
980517
980518
980519
980520
980521
980522
980523
980524
980525
980526
980527
980528
980529
980530
980531
980532
980533
980534
980535
980536
980537
980538
980539
980540
980541
980542
980543
980544
980545
980546
980547
980548
980549
980550
980551
980552
980553
980554
980555
980556
980557
980558
980559
980560
980561
980562
980563
980564
980617
980618
980619
980620
980621
980622
980623
980624
980625
980626
980627
980628
980629
980630
980631
980632
980633
980634
980635
980636
980637
980638
980639
980640
980641
980642
980643
980644
980645
980646
980647
980648
980649
980650
980651
980652
980653
980654
980655
980656
980657
980658
980659
980660
980661
980662
980663
980664
980665
980666
980667
980668
980669
980670
980671
980672
980673
980674
980675
980676
980677
980678
980679
980680
980681
980682
980683
980684
980685
980686
980687
980688
980689
980690
980691
980692
980693
980694
980773
980774
980775
980776
980777
980778
980779
980780
980781
980782
980783
980784
980785
980786
980787
980788
980789
980790
980791
980792
980793
980794
980795
980796
980797
980798
980851
980852
980853
980854
980855
980856
980857
980858
980859
980860
980861
980862
980863
980864
980865
980866
980867
980868
980869
980870
980871
980872
980873
980874
980875
980876
981007
981008
981009
981010
981011
981012
981013
981014
981015
981016
981017
981018
981019
981020
981021
981022
981023
981024
981025
981026
981027
981028
981029
981030
981031
981032
981059
981060
981061
981062
981063
981064
981065
981066
981067
981068
981069
981070
981071
981072
981073
981074
981075
981076
981077
981078
981079
981080
981081
981082
981083
981084
981085
981086
981087
981088
981089
981090
981091
981092
981093
981094
981095
981096
981097
981098
981099
981100
981101
981102
981103
981104
981105
981106
981107
981108
981109
981110
981215
981216
981217
981218
981219
981220
981221
981222
981223
981224
981225
981226
981227
981228
981229
981230
981231
981232
981233
981234
981235
981236
981237
981238
981239
981240
981319
981320
981321
981322
981323
981324
981325
981326
981327
981328
981329
981330
981331
981332
981333
981334
981335
981336
981337
981338
981339
981340
981341
981342
981343
981344
981345
981346
981347
981348
981349
981350
981351
981352
981353
981354
981355
981356
981357
981358
981359
981360
981361
981362
981363
981364
981365
981366
981367
981368
981369
981370
981371
981372
981373
981374
981375
981376
981377
981378
981379
981380
981381
981382
981383
981384
981385
981386
981387
981388
981389
981390
981391
981392
981393
981394
981395
981396
981397
981398
981399
981400
981401
981402
981403
981404
981405
981406
981407
981408
981409
981410
981411
981412
981413
981414
981415
981416
981417
981418
981419
981420
981421
981422
981423
981424
981425
981426
981427
981428
981429
981430
981431
981432
981433
981434
981435
981436
981437
981438
981439
981440
981441
981442
981443
981444
981445
981446
981447
981448
981527
981528
981529
981530
981531
981532
981533
981534
981535
981536
981537
981538
981539
981540
981541
981542
981543
981544
981545
981546
981547
981548
981549
981550
981551
981552
981631
981632
981633
981634
981635
981636
981637
981638
981639
981640
981641
981642
981643
981644
981645
981646
981647
981648
981649
981650
981651
981652
981653
981654
981655
981656
981657
981658
981659
981660
981661
981662
981663
981664
981665
981666
981667
981668
981669
981670
981671
981672
981673
981674
981675
981676
981677
981678
981679
981680
981681
981682
981709
981710
981711
981712
981713
981714
981715
981716
981717
981718
981719
981720
981721
981722
981723
981724
981725
981726
981727
981728
981729
981730
981731
981732
981733
981734
981735
981736
981737
981738
981739
981740
981741
981742
981743
981744
981745
981746
981747
981748
981749
981750
981751
981752
981753
981754
981755
981756
981757
981758
981759
981760
981813
981814
981815
981816
981817
981818
981819
981820
981821
981822
981823
981824
981825
981826
981827
981828
981829
981830
981831
981832
981833
981834
981835
981836
981837
981838
981839
981840
981841
981842
981843
981844
981845
981846
981847
981848
981849
981850
981851
981852
981853
981854
981855
981856
981857
981858
981859
981860
981861
981862
981863
981864
981969
981970
981971
981972
981973
981974
981975
981976
981977
981978
981979
981980
981981
981982
981983
981984
981985
981986
981987
981988
981989
981990
981991
981992
981993
981994
981996
981997
981998
981999
982000
982001
982002
982003
982004
982005
982006
982007
982008
982009
982010
982011
982012
982013
982014
982015
982016
982017
982018
982019
982020
982047
982048
982049
982050
982051
982052
982053
982054
982055
982056
982057
982058
982059
982060
982061
982062
982063
982064
982065
982066
982067
982068
982069
982070
982071
982072
982073
982074
982075
982076
982077
982078
982079
982080
982081
982082
982083
982084
982085
982086
982087
982088
982089
982090
982091
982092
982093
982094
982095
982096
982097
982098
