982151
982152
982153
982154
982155
982156
982157
982158
982159
982160
982161
982162
982163
982164
982165
982166
982167
982168
982169
982170
982171
982172
982173
982174
982175
982176
982177
982178
982179
982180
982181
982182
982183
982184
982185
982186
982187
982188
982189
982190
982191
982192
982193
982194
982195
982196
982197
982198
982199
982200
982201
982202
982229
982230
982231
982232
982233
982234
982235
982236
982237
982238
982240
982241
982242
982243
982244
982245
982246
982247
982248
982249
982250
982251
982252
982253
982254
982359
982360
982361
982362
982363
982364
982365
982366
982367
982368
982369
982370
982371
982372
982373
982374
982375
982376
982377
982378
982379
982380
982381
982382
982383
982384
982411
982412
982413
982414
982415
982416
982417
982418
982419
982420
982421
982422
982423
982424
982425
982426
982427
982428
982429
982430
982431
982432
982433
982434
982435
982436
982515
982516
982517
982518
982519
982520
982521
982522
982523
982524
982525
982526
982527
982528
982529
982530
982531
982532
982533
982534
982535
982536
982537
982538
982539
982540
982541
982542
982543
982544
982545
982546
982547
982548
982549
982550
982551
982552
982553
982554
982555
982556
982557
982558
982559
982560
982561
982562
982563
982564
982565
982566
982567
982568
982569
982570
982571
982572
982573
982574
982575
982576
982577
982578
982579
982580
982581
982582
982583
982584
982585
982586
982587
982588
982589
982590
982591
982592
982593
982594
982595
982596
982597
982598
982599
982600
982601
982602
982603
982604
982605
982606
982607
982608
982609
982610
982611
982612
982613
982614
982615
982616
982617
982618
982697
982698
982699
982700
982701
982702
982703
982704
982705
982706
982707
982708
982709
982710
982711
982712
982713
982714
982715
982716
982717
982718
982719
982720
982721
982722
982749
982750
982751
982752
982753
982754
982755
982756
982757
982758
982759
982760
982761
982762
982763
982764
982765
982766
982767
982768
982769
982770
982771
982772
982773
982774
982775
982776
982777
982778
982779
982780
982781
982782
982783
982784
982785
982786
982787
982788
982789
982790
982791
982792
982793
982794
982795
982796
982797
982798
982799
982800
982827
982828
982829
982830
982831
982832
982833
982834
982835
982836
982837
982838
982839
982840
982841
982842
982843
982844
982845
982846
982847
982848
982849
982850
982851
982852
982853
982854
982855
982856
982857
982858
982859
982860
982861
982862
982863
982864
982865
982866
982867
982868
982869
982870
982871
982872
982873
982874
982875
982876
982877
982878
982879
982880
982881
982882
982883
982884
982885
982886
982887
982888
982889
982890
982891
982892
982893
982894
982895
982896
982897
982898
982899
982900
982901
982902
982903
982904
982931
982932
982933
982934
982935
982936
982937
982938
982939
982940
982941
982942
982943
982944
982945
982946
982947
982948
982949
982950
982951
982952
982953
982954
982955
982956
983009
983010
983011
983012
983013
983014
983015
983016
983017
983018
983019
983020
983021
983022
983023
983024
983025
983026
983027
983028
983029
983030
983031
983032
983033
983034
983035
983036
983037
983038
983039
983040
983041
983042
983043
983044
983045
983046
983047
983048
983049
983050
983051
983052
983053
983054
983055
983056
983057
983058
983059
983060
983061
983062
983063
983064
983065
983066
983067
983068
983069
983070
983071
983072
983073
983074
983075
983076
983077
983078
983079
983080
983081
983082
983083
983084
983085
983086
983113
983114
983115
983116
983117
983118
983119
983120
983121
983122
983123
983124
983125
983126
983127
983128
983129
983130
983131
983132
983133
983134
983135
983136
983137
983138
983191
983192
983193
983194
983195
983196
983197
983198
983199
983200
983201
983202
983203
983204
983205
983206
983207
983208
983209
983210
983211
983212
983213
983214
983215
983216
983217
983218
983219
983220
983221
983222
983223
983224
983225
983226
983227
983228
983229
983230
983231
983232
983233
983234
983235
983236
983237
983238
983239
983240
983241
983242
983295
983296
983297
983298
983299
983300
983301
983302
983303
983304
983305
983306
983307
983308
983309
983310
983311
983312
983313
983314
983315
983316
983317
983318
983319
983320
983321
983322
983323
983324
983325
983326
983327
983328
983329
983330
983331
983332
983333
983334
983335
983336
983337
983338
983339
983340
983341
983342
983343
983344
983345
983346
983347
983348
983349
983350
983351
983352
983353
983354
983355
983356
983357
983358
983359
983360
983361
983362
983363
983364
983365
983366
983367
983368
983369
983370
983371
983372
983399
983400
983401
983402
983403
983404
983405
983406
983407
983408
983409
983410
983411
983412
983413
983414
983415
983416
983417
983418
983419
983420
983421
983422
983423
983424
983451
983452
983453
983454
983455
983456
983457
983458
983459
983460
983461
983462
983463
983464
983465
983466
983467
983468
983469
983470
983471
983472
983473
983474
983475
983476
983477
983478
983479
983480
983481
983482
983483
983484
983485
983486
983487
983488
983489
983490
983491
983492
983493
983494
983495
983496
983497
983498
983499
983500
983501
983502
983503
983504
983505
983506
983507
983508
983509
983510
983511
983512
983513
983514
983515
983516
983517
983518
983519
983520
983521
983522
983523
983524
983525
983526
983527
983528
983529
983530
983531
983532
983533
983534
983535
983536
983537
983538
983539
983540
983541
983542
983543
983544
983545
983546
983547
983548
983549
983550
983551
983552
983553
983554
983555
983556
983557
983558
983559
983560
983561
983562
983563
983564
983565
983566
983567
983568
983569
983570
983571
983572
983573
983574
983575
983576
983577
983578
983579
983580
983685
983686
983687
983688
983689
983690
983691
983692
983693
983694
983695
983696
983697
983698
983699
983700
983701
983702
983703
983704
983705
983706
983707
983708
983709
983710
983711
983712
983713
983714
983715
983716
983717
983718
983719
983720
983721
983722
983723
983724
983725
983726
983727
983728
983729
983730
983731
983732
983733
983734
983735
983736
983737
983738
983739
983740
983741
983742
983743
983744
983745
983746
983747
983748
983749
983750
983751
983752
983753
983754
983755
983756
983757
983758
983759
983760
983761
983762
983763
983764
983765
983766
983767
983768
983769
983770
983771
983772
983773
983774
983775
983776
983777
983778
983779
983780
983781
983782
983783
983784
983785
983786
983787
983788
983815
983816
983817
983818
983819
983820
983821
983822
983823
983824
983825
983826
983827
983828
983829
983830
983831
983832
983833
983834
983835
983836
983837
983838
983839
983840
983919
983920
983921
983922
983923
983924
983925
983926
983927
983928
983929
983930
983931
983932
983933
983934
983935
983936
983937
983938
983939
983940
983941
983942
983943
983944
984023
984024
984025
984026
984027
984028
984029
984030
984031
984032
984033
984034
984035
984036
984037
984038
984039
984040
984041
984042
984043
984044
984045
984046
984047
984048
984101
984102
984103
984104
984105
984106
984107
984108
984109
984110
984111
984112
984113
984114
984115
984116
984117
984118
984119
984120
984121
984122
984123
984124
984125
984126
984127
984128
984129
984130
984131
984132
984133
984134
984135
984136
984137
984138
984139
984140
984141
984142
984143
984144
984145
984146
984147
984148
984149
984150
984151
984152
984153
984154
984155
984156
984157
984158
984159
984160
984161
984162
984163
984164
984165
984166
984167
984168
984169
984170
984171
984172
984173
984174
984175
984176
984177
984178
984179
984180
984181
984182
984183
984184
984185
984186
984187
984188
984189
984190
984191
984192
984193
984194
984195
984196
984197
984198
984199
984200
984201
984202
984203
984204
984361
984362
984363
984364
984365
984366
984367
984368
984369
984370
984371
984372
984373
984374
984375
984376
984377
984378
984379
984380
984381
984382
984383
984384
984385
984386
984439
984440
984441
984442
984443
984444
984445
984446
984447
984448
984449
984450
984451
984452
984453
984454
984455
984456
984457
984458
984459
984460
984461
984462
984463
984464
984517
984518
984519
984520
984521
984522
984523
984524
984525
984526
984527
984528
984529
984530
984531
984532
984533
984534
984535
984536
984537
984538
984539
984540
984541
984542
984595
984596
984597
984598
984599
984600
984601
984602
984603
984604
984605
984606
984607
984608
984609
984610
984611
984612
984613
984614
984615
984616
984617
984618
984619
984620
984699
984700
984701
984702
984703
984704
984705
984706
984707
984708
984709
984710
984711
984712
984713
984714
984715
984716
984717
984718
984719
984720
984721
984722
984723
984724
984803
984804
984805
984806
984807
984808
984809
984810
984811
984812
984813
984814
984815
984816
984817
984818
984819
984820
984821
984822
984823
984824
984825
984826
984827
984828
984829
984830
984831
984832
984833
984834
984835
984836
984837
984838
984839
984840
984841
984842
984843
984844
984845
984846
984847
984848
984849
984850
984851
984852
984853
984854
984907
984908
984909
984910
984911
984912
984913
984914
984915
984916
984917
984918
984919
984920
984921
984922
984923
984924
984925
984926
984927
984928
984929
984930
984931
984932
985063
985064
985065
985066
985067
985068
985069
985070
985071
985072
985073
985074
985075
985076
985077
985078
985079
985080
985081
985082
985083
985084
985085
985086
985087
985088
985089
985090
985091
985092
985093
985094
985095
985096
985097
985098
985099
985100
985101
985102
985103
985104
985105
985106
985107
985108
985109
985110
985111
985112
985113
985114
985115
985116
985117
985118
985119
985120
985121
985122
985123
985124
985125
985126
985127
985128
985129
985130
985131
985132
985133
985134
985135
985136
985137
985138
985139
985140
985141
985142
985143
985144
985145
985146
985147
985148
985149
985150
985151
985152
985153
985154
985155
985156
985157
985158
985159
985160
985161
985162
985163
985164
985165
985166
985167
985168
985169
985170
985171
985172
985173
985174
985175
985176
985177
985178
985179
985180
985181
985182
985183
985184
985185
985186
985187
985188
985189
985190
985191
985192
985219
985220
985221
985222
985223
985224
985225
985226
985227
985228
985229
985230
985231
985232
985233
985234
985235
985236
985237
985238
985239
985240
985241
985242
985243
985244
985245
985246
985247
985248
985249
985250
985251
985252
985253
985254
985255
985256
985257
985258
985259
985260
985261
985262
985263
985264
985265
985266
985267
985268
985269
985270
985271
985272
985273
985274
985275
985276
985277
985278
985279
985280
985281
985282
985283
985284
985285
985286
985287
985288
985289
985290
985291
985292
985293
985294
985295
985296
985323
985324
985325
985326
985327
985328
985329
985330
985331
985332
985333
985334
985335
985336
985337
985338
985339
985340
985341
985342
985343
985344
985345
985346
985347
985348
985401
985402
985403
985404
985405
985406
985407
985408
985409
985410
985411
985412
985413
985414
985415
985416
985417
985418
985419
985420
985421
985422
985423
985424
985425
985426
985427
985428
985429
985430
985431
985432
985433
985434
985435
985436
985437
985438
985439
985440
985441
985442
985443
985444
985445
985446
985447
985448
985449
985450
985451
985452
985479
985480
985481
985482
985483
985484
985485
985486
985487
985488
985489
985490
985491
985492
985493
985494
985495
985496
985497
985498
985499
985500
985501
985502
985503
985504
985505
985506
985507
985508
985509
985510
985511
985512
985513
985514
985515
985516
985517
985518
985519
985520
985521
985522
985523
985524
985525
985526
985527
985528
985529
985530
985531
985532
985533
985534
985535
985536
985537
985538
985539
985540
985541
985542
985543
985544
985545
985546
985547
985548
985549
985550
985551
985552
985553
985554
985555
985556
985583
985584
985585
985586
985587
985588
985589
985590
985591
985592
985593
985594
985595
985596
985597
985598
985599
985600
985601
985602
985603
985604
985605
985606
985607
985608
985609
985610
985611
985612
985613
985614
985615
985616
985617
985618
985619
985620
985621
985622
985623
985624
985625
985626
985627
985628
985629
985630
985631
985632
985633
985634
985635
985636
985637
985638
985639
985640
985641
985642
985643
985644
985645
985646
985647
985648
985649
985650
985651
985652
985653
985654
985655
985656
985657
985658
985659
985660
985661
985662
985663
985664
985665
985666
985667
985668
985669
985670
985671
985672
985673
985674
985675
985676
985677
985678
985679
985680
985681
985682
985683
985684
985685
985686
985687
985688
985689
985690
985691
985692
985693
985694
985695
985696
985697
985698
985699
985700
985701
985702
985703
985704
985705
985706
985707
985708
985709
985710
985711
985712
985739
985740
985741
985742
985743
985744
985745
985746
985747
985748
985749
985750
985751
985752
985753
985754
985755
985756
985757
985758
985759
985760
985761
985762
985763
985764
985791
985792
985793
985794
985795
985796
985797
985798
985799
985800
985801
985802
985803
985804
985805
985806
985807
985808
985809
985810
985811
985812
985813
985814
985815
985816
985895
985896
985897
985898
985899
985900
985901
985902
985903
985904
985905
985906
985907
985908
985909
985910
985911
985912
985913
985914
985915
985916
985917
985918
985919
985920
985973
985974
985975
985976
985977
985978
985979
985980
985981
985982
985983
985984
985985
985986
985987
985988
985989
985990
985991
985992
985993
985994
985995
985996
985997
985998
985999
986000
986001
986002
986003
986004
986005
986006
986007
986008
986009
986010
986011
986012
986013
986014
986015
986016
986017
986018
986019
986020
986021
986022
986023
986024
986051
986052
986053
986054
986055
986056
986057
986058
986059
986060
986061
986062
986063
986064
986065
986066
986067
986068
986069
986070
986071
986072
986073
986074
986075
986076
986103
986104
986105
986106
986107
986108
986109
986110
986111
986112
986113
986114
986115
986116
986117
986118
986119
986120
986121
986122
986123
986124
986125
986126
986127
986128
986129
986130
986131
986132
986133
986134
986135
986136
986137
986138
986139
986140
986141
986142
986143
986144
986145
986146
986147
986148
986149
986150
986151
986152
986153
986154
986181
986182
986183
986184
986185
986186
986187
986188
986189
986190
986191
986192
986193
986194
986195
986196
986197
986198
986199
986200
986201
986202
986203
986204
986205
986206
986259
986260
986261
986262
986263
986264
986265
986266
986267
986268
986269
986270
986271
986272
986273
986274
986275
986276
986277
986278
986279
986280
986281
986282
986283
986284
986285
986286
986287
986288
986289
986290
986291
986292
986293
986294
986295
986296
986297
986298
986299
986300
986301
986302
986303
986304
986305
986306
986307
986308
986309
986310
986311
986312
986313
986314
986315
986316
986317
986318
986319
986320
986321
986322
986323
986324
986325
986326
986327
986328
986329
986330
986331
986332
986333
986334
986335
986336
986337
986338
986339
986340
986341
986342
986343
986344
986345
986346
986347
986348
986349
986350
986351
986352
986353
986354
986355
986356
986357
986358
986359
986360
986361
986362
986389
986390
986391
986392
986393
986394
986395
986396
986397
986398
986399
986400
986401
986402
986403
986404
986405
986406
986407
986408
986409
986410
986411
986412
986413
986414
986415
986416
986417
986418
986419
986420
986421
986422
986423
986424
986425
986426
986427
986428
986429
986430
986431
986432
986433
986434
986435
986436
986437
986438
986439
986440
986441
986442
986443
986444
986445
986446
986447
986448
986449
986450
986451
986452
986453
986454
986455
986456
986457
986458
986459
986460
986461
986462
986463
986464
986465
986466
986467
986468
986469
986470
986471
986472
986473
986474
986475
986476
986477
986478
986479
986480
986481
986482
986483
986484
986485
986486
986487
986488
986489
986490
986491
986492
986493
986494
986495
986496
986497
986498
986499
986500
986501
986502
986503
986504
986505
986506
986507
986508
986509
986510
986511
986512
986513
986514
986515
986516
986517
986518
986545
986546
986547
986548
986549
986550
986551
986552
986553
986554
986555
986556
986557
986558
986559
986560
986561
986562
986563
986564
986565
986566
986567
986568
986569
986570
986701
986702
986703
986704
986705
986706
986707
986708
986709
986710
986711
986712
986713
986714
986715
986716
986717
986718
986719
986720
986721
986722
986723
986724
986725
986726
986727
986728
986729
986730
986731
986732
986733
986734
986735
986736
986737
986738
986739
986740
986741
986742
986743
986744
986745
986746
986747
986748
986749
986750
986751
986752
986831
986832
986833
986834
986835
986836
986837
986838
986839
986840
986841
986842
986843
986844
986845
986846
986847
986848
986849
986850
986851
986852
986853
986854
986855
986856
986857
986858
986859
986860
986861
986862
986863
986864
986865
986866
986867
986868
986869
986870
986871
986872
986873
986874
986875
986876
986877
986878
986879
986880
986881
986882
986883
986884
986885
986886
986887
986888
986889
986890
986891
986892
986893
986894
986895
986896
986897
986898
986899
986900
986901
986902
986903
986904
986905
986906
986907
986908
986961
986962
986963
986964
986965
986966
986967
986968
986969
986970
986971
986972
986973
986974
986975
986976
986977
986978
986979
986980
986981
986982
986983
986984
986985
986986
986987
986988
986989
986990
986991
986992
986993
986994
986995
986996
986997
986998
986999
987000
987001
987002
987003
987004
987005
987006
987007
987008
987009
987010
987011
987012
987013
987014
987015
987016
987017
987018
987019
987020
987021
987022
987023
987024
987025
987026
987027
987028
987029
987030
987031
987032
987033
987034
987035
987036
987037
987038
987091
987092
987093
987094
987095
987096
987097
987098
987099
987100
987101
987102
987103
987104
987105
987106
987107
987108
987109
987110
987111
987112
987113
987114
987115
987116
987117
987118
987119
987120
987121
987122
987123
987124
987125
987126
987127
987128
987129
987130
987131
987132
987133
987134
987135
987136
987137
987138
987139
987140
987141
987142
987195
987196
987197
987198
987199
987200
987201
987202
987203
987204
987205
987206
987207
987208
987209
987210
987211
987212
987213
987214
987215
987216
987217
987218
987219
987220
987247
987248
987249
987250
987251
987252
987253
987254
987255
987256
987257
987258
987259
987260
987261
987262
987263
987264
987265
987266
987267
987268
987269
987270
987271
987272
987273
987274
987275
987276
987277
987278
987279
987280
987281
987282
987283
987284
987285
987286
987287
987288
987289
987290
987291
987292
987293
987294
987295
987296
987297
987298
987377
987378
987379
987380
987381
987382
987383
987384
987385
987386
987387
987388
987389
987390
987391
987392
987393
987394
987395
987396
987397
987398
987399
987400
987401
987402
987429
987430
987431
987432
987433
987434
987435
987436
987437
987438
987439
987440
987441
987442
987443
987444
987445
987446
987447
987448
987449
987450
987451
987452
987453
987454
987455
987456
987457
987458
987459
987460
987461
987462
987463
987464
987465
987466
987467
987468
987469
987470
987471
987472
987473
987474
987475
987476
987477
987478
987479
987480
987507
987508
987509
987510
987511
987512
987513
987514
987515
987516
987517
987518
987519
987520
987521
987522
987523
987524
987525
987526
987527
987528
987529
987530
987531
987532
987533
987534
987535
987536
987537
987538
987539
987540
987541
987542
987543
987544
987545
987546
987547
987548
987549
987550
987551
987552
987553
987554
987555
987556
987557
987558
987559
987560
987561
987562
987563
987564
987565
987566
987567
987568
987569
987570
987571
987572
987573
987574
987575
987576
987577
987578
987579
987580
987581
987582
987583
987584
987611
987612
987613
987614
987615
987616
987617
987618
987619
987620
987621
987622
987623
987624
987625
987626
987627
987628
987629
987630
987631
987632
987633
987634
987635
987636
987637
987638
987639
987640
987641
987642
987643
987644
987645
987646
987647
987648
987649
987650
987651
987652
987653
987654
987655
987656
987657
987658
987659
987660
987662
987663
987664
987665
987666
987667
987668
987669
987670
987671
987672
987673
987674
987675
987676
987677
987678
987679
987680
987681
987682
987683
987684
987685
987686
987687
987688
987689
987690
987691
987692
987693
987694
987695
987696
987697
987698
987699
987700
987701
987702
987703
987704
987705
987706
987707
987708
987709
987710
987711
987712
987713
987714
987741
987742
987743
987744
987745
987746
987747
987748
987749
987750
987751
987752
987753
987754
987755
987756
987757
987758
987759
987760
987761
987762
987763
987764
987765
987766
987767
987768
987769
987770
987771
987772
987773
987774
987775
987776
987777
987778
987779
987780
987781
987782
987783
987784
987785
987786
987787
987788
987789
987790
987791
987792
987793
987794
987795
987796
987797
987798
987799
987800
987801
987802
987803
987804
987805
987806
987807
987808
987809
987810
987811
987812
987813
987814
987815
987816
987817
987818
987923
987924
987925
987926
987927
987928
987929
987930
987931
987932
987933
987934
987935
987936
987937
987938
987939
987940
987941
987942
987943
987944
987945
987946
987947
987948
987949
987950
987951
987952
987953
987954
987955
987956
987957
987958
987959
987960
987961
987962
987963
987964
987965
987966
987967
987968
987969
987970
987971
987972
987973
987974
988001
988002
988003
988004
988005
988006
988007
988008
988009
988010
988011
988012
988013
988014
988015
988016
988017
988018
988019
988020
988021
988022
988023
988024
988025
988026
988079
988080
988081
988082
988083
988084
988085
988086
988087
988088
988089
988090
988091
988092
988093
988094
988095
988096
988097
988098
988099
988100
988101
988102
988103
988104
988105
988106
988107
988108
988109
988110
988111
988112
988113
988114
988115
988116
988117
988118
988119
988120
988121
988122
988123
988124
988125
988126
988127
988128
988129
988130
988131
988132
988133
988134
988135
988136
988137
988138
988139
988140
988141
988142
988143
988144
988145
988146
988147
988148
988149
988150
988151
988152
988153
988154
988155
988156
988209
988210
988211
988212
988213
988214
988215
988216
988217
988218
988219
988220
988221
988222
988223
988224
988225
988226
988227
988228
988229
988230
988231
988232
988233
988234
988235
988236
988237
988238
988239
988240
988241
988242
988243
988244
988245
988246
988247
988248
988249
988250
988251
988252
988253
988254
988255
988256
988257
988258
988259
988260
988287
988288
988289
988290
988291
988292
988293
988294
988295
988296
988297
988298
988299
988300
988301
988302
988303
988304
988305
988306
988307
988308
988309
988310
988311
988312
988339
988340
988341
988342
988343
988344
988345
988346
988347
988348
988349
988350
988351
988352
988353
988354
988355
988356
988357
988358
988359
988360
988361
988362
988363
988364
988365
988366
988367
988368
988369
988370
988371
988372
988373
988374
988375
988376
988377
988378
988379
988380
988381
988382
988383
988384
988385
988386
988387
988388
988389
988390
988391
988392
