988393
988394
988395
988396
988397
988398
988399
988400
988401
988402
988403
988404
988405
988406
988407
988408
988409
988410
988411
988412
988413
988414
988415
988416
988443
988444
988445
988446
988447
988448
988449
988450
988451
988452
988453
988454
988455
988456
988458
988459
988460
988461
988462
988463
988464
988465
988466
988467
988468
988469
988470
988471
988472
988473
988474
988475
988476
988477
988478
988479
988480
988481
988482
988483
988484
988485
988486
988487
988488
988489
988490
988491
988492
988493
988494
988495
988496
988497
988498
988499
988500
988501
988502
988503
988504
988505
988506
988507
988508
988509
988510
988511
988512
988513
988514
988515
988516
988517
988518
988519
988520
988573
988574
988575
988576
988577
988578
988579
988580
988581
988582
988583
988584
988585
988586
988587
988588
988589
988590
988591
988592
988593
988594
988595
988596
988597
988598
988599
988600
988601
988602
988603
988604
988605
988606
988607
988608
988609
988610
988611
988612
988613
988614
988615
988616
988617
988618
988619
988620
988621
988622
988623
988624
988651
988652
988653
988654
988655
988656
988657
988658
988659
988660
988661
988662
988663
988664
988665
988666
988667
988668
988669
988670
988671
988672
988673
988674
988675
988676
988677
988678
988679
988680
988681
988682
988683
988684
988685
988686
988687
988688
988689
988690
988691
988692
988693
988694
988695
988696
988697
988698
988699
988700
988701
988702
988703
988704
988705
988706
988707
988708
988709
988710
988711
988712
988713
988714
988715
988716
988717
988718
988719
988720
988721
988722
988723
988724
988725
988726
988727
988728
988729
988730
988731
988732
988733
988734
988735
988736
988737
988738
988739
988740
988741
988742
988743
988744
988745
988746
988747
988748
988749
988750
988751
988752
988753
988754
988807
988808
988809
988810
988811
988812
988813
988814
988815
988816
988817
988818
988819
988820
988821
988822
988823
988824
988825
988826
988827
988828
988829
988830
988831
988832
988937
988938
988939
988940
988941
988942
988943
988944
988945
988946
988947
988948
988949
988950
988951
988952
988953
988954
988955
988956
988957
988958
988959
988960
988961
988962
988989
988990
988991
988992
988993
988994
988995
988996
988997
988998
988999
989000
989001
989002
989003
989004
989005
989006
989007
989008
989009
989010
989011
989012
989013
989014
989041
989042
989043
989044
989045
989046
989047
989048
989049
989050
989051
989052
989053
989054
989055
989056
989057
989058
989059
989060
989061
989062
989063
989064
989065
989066
989093
989094
989095
989096
989097
989098
989099
989100
989101
989102
989103
989104
989105
989106
989107
989108
989109
989110
989111
989112
989113
989114
989115
989116
989117
989118
989119
989120
989121
989122
989123
989124
989125
989126
989127
989128
989129
989130
989131
989132
989133
989134
989135
989136
989137
989138
989139
989140
989141
989142
989143
989144
989145
989146
989147
989148
989149
989150
989151
989152
989153
989154
989155
989156
989157
989158
989159
989160
989161
989162
989163
989164
989165
989166
989167
989168
989169
989170
989223
989224
989225
989226
989227
989228
989229
989230
989231
989232
989233
989234
989235
989236
989237
989238
989239
989240
989241
989242
989243
989244
989245
989246
989247
989248
989249
989250
989251
989252
989253
989254
989255
989256
989257
989258
989259
989260
989261
989262
989263
989264
989265
989266
989267
989268
989269
989270
989271
989272
989273
989274
989275
989276
989277
989278
989279
989280
989281
989282
989283
989284
989285
989286
989287
989288
989289
989290
989291
989292
989293
989294
989295
989296
989297
989298
989299
989300
989301
989302
989303
989304
989305
989306
989307
989308
989309
989310
989311
989312
989313
989314
989315
989316
989317
989318
989319
989320
989321
989322
989323
989324
989325
989326
989327
989328
989329
989330
989331
989332
989333
989334
989335
989336
989337
989338
989339
989340
989341
989342
989343
989344
989345
989346
989347
989348
989349
989350
989351
989352
