989431
989432
989433
989434
989435
989436
989437
989438
989439
989440
989441
989442
989443
989444
989445
989446
989447
989448
989449
989450
989451
989452
989453
989454
989455
989456
989457
989458
989459
989460
989461
989462
989463
989464
989465
989466
989467
989468
989469
989470
989471
989472
989473
989474
989475
989476
989477
989478
989479
989480
989481
989482
989535
989536
989537
989538
989539
989540
989541
989542
989543
989544
989545
989546
989547
989548
989549
989550
989551
989552
989553
989554
989555
989556
989557
989558
989559
989560
989587
989588
989589
989590
989591
989592
989593
989594
989595
989596
989597
989598
989599
989600
989601
989602
989603
989604
989605
989606
989607
989608
989609
989610
989611
989612
989613
989614
989615
989616
989617
989618
989619
989620
989621
989622
989623
989624
989625
989626
989627
989628
989629
989630
989631
989632
989633
989634
989635
989636
989637
989638
989639
989640
989641
989642
989643
989644
989645
989646
989647
989648
989649
989650
989651
989652
989653
989654
989655
989656
989657
989658
989659
989660
989661
989662
989663
989664
989665
989666
989667
989668
989669
989670
989671
989672
989673
989674
989675
989676
989677
989678
989679
989680
989681
989682
989683
989684
989685
989686
989687
989688
989689
989690
989691
989692
989693
989694
989695
989696
989697
989698
989699
989700
989701
989702
989703
989704
989705
989706
989707
989708
989709
989710
989711
989712
989713
989714
989715
989716
989717
989718
989719
989720
989721
989722
989723
989724
989725
989726
989727
989728
989729
989730
989731
989732
989733
989734
989735
989736
989737
989738
989739
989740
989741
989742
989795
989796
989797
989798
989799
989800
989801
989802
989803
989804
989805
989806
989807
989808
989809
989810
989811
989812
989813
989814
989815
989816
989817
989818
989819
989820
989821
989822
989823
989824
989825
989826
989827
989828
989829
989830
989831
989832
989833
989834
989835
989836
989837
989838
989839
989840
989841
989842
989843
989844
989845
989846
989847
989848
989849
989850
989851
989852
989853
989854
989855
989856
989857
989858
989859
989860
989861
989862
989863
989864
989865
989866
989867
989868
989869
989870
989871
989872
989873
989874
989875
989876
989877
989878
989879
989880
989881
989882
989883
989884
989885
989886
989887
989888
989889
989890
989891
989892
989893
989894
989895
989896
989897
989898
989899
989900
989901
989902
989903
989904
989905
989906
989907
989908
989909
989910
989911
989912
989913
989914
989915
989916
989917
989918
989919
989920
989921
989922
989923
989924
989951
989952
989953
989954
989955
989956
989957
989958
989959
989960
989961
989962
989963
989964
989965
989966
989967
989968
989969
989970
989971
989972
989973
989974
989975
989976
989977
989978
989979
989980
989981
989982
989983
989984
989985
989986
989987
989988
989989
989990
989991
989992
989993
989994
989995
989996
989997
989998
989999
990000
990001
990002
990029
990030
990031
990032
990033
990034
990035
990036
990037
990038
990039
990040
990041
990042
990043
990044
990045
990046
990047
990048
990049
990050
990051
990052
990053
990054
990107
990108
990109
990110
990111
990112
990113
990114
990115
990116
990117
990118
990119
990120
990121
990122
990123
990124
990125
990126
990127
990128
990129
990130
990131
990132
990159
990160
990161
990162
990163
990164
990165
990166
990167
990168
990169
990170
990171
990172
990173
990174
990175
990176
990177
990178
990179
990180
990181
990182
990183
990184
990211
990212
990213
990214
990215
990216
990217
990218
990219
990220
990221
990222
990223
990224
990225
990226
990227
990228
990229
990230
990231
990232
990233
990234
990235
990236
990289
990290
990291
990292
990293
990294
990295
990296
990297
990298
990299
990300
990301
990302
990303
990304
990305
990306
990307
990308
990309
990310
990311
990312
990313
990314
990315
990316
990317
990318
990319
990320
990321
990322
990323
990324
990325
990326
990327
990328
990329
990330
990331
990332
990333
990334
990335
990336
990337
990338
990339
990340
990341
990342
990343
990344
990345
990346
990347
990348
990349
990350
990351
990352
990353
990354
990355
990356
990357
990358
990359
990360
990361
990362
990363
990364
990365
990366
990419
990420
990421
990422
990423
990424
990425
990426
990427
990428
990429
990430
990431
990432
990433
990434
990435
990436
990437
990438
990439
990440
990441
990442
990443
990444
990445
990446
990447
990448
990449
990450
990451
990452
990453
990454
990455
990456
990457
990458
990459
990460
990461
990462
990463
990464
990465
990466
990467
990468
990469
990470
990471
990472
990473
990474
990475
990476
990477
990478
990479
990480
990481
990482
990483
990484
990485
990486
990487
990488
990489
990490
990491
990492
990493
990494
990495
990496
990497
990498
990499
990500
990501
990502
990503
990504
990505
990506
990507
990508
990509
990510
990511
990512
990513
990514
990515
990516
990517
990518
990519
990520
990521
990522
990523
990524
990525
990526
990527
990528
990529
990530
990531
990532
990533
990534
990535
990536
990537
990538
990539
990540
990541
990542
990543
990544
990545
990546
990547
990548
990575
990576
990577
990578
990579
990580
990581
990582
990583
990584
990585
990586
990587
990588
990589
990590
990591
990592
990593
990594
990595
990596
990597
990598
990599
990600
990731
990732
990733
990734
990735
990736
990737
990738
990739
990740
990741
990742
990743
990744
990745
990746
990747
990748
990749
990750
990751
990752
990753
990754
990755
990756
990757
990758
990759
990760
990761
990762
990763
990764
990765
990766
990767
990768
990769
990770
990771
990772
990773
990774
990775
990776
990777
990778
990779
990780
990781
990782
990887
990888
990889
990890
990891
990892
990893
990894
990895
990896
990897
990898
990899
990900
990901
990902
990903
990904
990905
990906
990907
990908
990909
990910
990911
990912
990913
990914
990915
990916
990917
990918
990919
990920
990921
990922
990923
990924
990925
990926
990927
990928
990929
990930
990931
990932
990933
990934
990935
990936
990937
990938
990965
990966
990967
990968
990969
990970
990971
990972
990973
990974
990975
990976
990977
990978
990979
990980
990981
990982
990983
990984
990985
990986
990987
990988
990989
990990
990991
990992
990993
990994
990995
990996
990997
990998
990999
991000
991001
991002
991003
991004
991005
991006
991007
991008
991009
991010
991011
991012
991013
991014
991015
991016
991199
991200
991201
991202
991203
991204
991205
991206
991207
991208
991209
991210
991211
991212
991213
991214
991215
991216
991217
991218
991219
991220
991221
991222
991223
991224
991277
991278
991279
991280
991281
991282
991283
991284
991285
991286
991287
991288
991289
991290
991291
991292
991293
991294
991295
991296
991297
991298
991299
991300
991301
991302
