991381
991382
991383
991384
991385
991386
991387
991388
991389
991390
991391
991392
991393
991394
991395
991396
991397
991398
991399
991400
991401
991402
991403
991404
991405
991406
991407
991408
991409
991410
991411
991412
991413
991414
991415
991416
991417
991418
991419
991420
991421
991422
991423
991424
991425
991426
991427
991428
991429
991430
991431
991432
991433
991434
991435
991436
991437
991438
991439
991440
991441
991442
991443
991444
991445
991446
991447
991448
991449
991450
991451
991452
991453
991454
991455
991456
991457
991458
991459
991460
991461
991462
991463
991464
991465
991466
991467
991468
991469
991470
991471
991472
991473
991474
991475
991476
991477
991478
991479
991480
991481
991482
991483
991484
991485
991486
991487
991488
991489
991490
991491
991492
991493
991494
991495
991496
991497
991498
991499
991500
991501
991502
991503
991504
991505
991506
991507
991508
991509
991510
991563
991564
991565
991566
991567
991568
991569
991570
991571
991572
991573
991574
991575
991576
991577
991578
991579
991580
991581
991582
991583
991584
991585
991586
991587
991588
991589
991590
991591
991592
991593
991594
991595
991596
991597
991598
991599
991600
991601
991602
991603
991604
991605
991606
991607
991608
991609
991610
991611
991612
991613
991614
991667
991668
991669
991670
991671
991672
991673
991674
991675
991676
991677
991678
991679
991680
991681
991682
991683
991684
991685
991686
991687
991688
991689
991690
991691
991692
991771
991772
991773
991774
991775
991776
991777
991778
991779
991780
991781
991782
991783
991784
991785
991786
991787
991788
991789
991790
991791
991792
991793
991794
991795
991796
991797
991798
991799
991801
991802
991803
991804
991805
991806
991807
991808
991809
991810
991811
991812
991813
991814
991815
991816
991817
991818
991819
991820
991821
991822
991849
991850
991851
991852
991853
991854
991855
991856
991857
991858
991859
991860
991861
991862
991863
991864
991865
991866
991867
991868
991869
991870
991871
991872
991873
991874
991875
991876
991877
991878
991879
991880
991881
991882
991883
991884
991885
991886
991887
991888
991889
991890
991891
991892
991893
991894
991895
991896
991897
991898
991899
991900
991901
991902
991903
991904
991905
991906
991907
991908
991909
991910
991911
991912
991913
991914
991915
991916
991917
991918
991919
991920
991921
991922
991923
991924
991925
991926
991927
991928
991929
991930
991931
991932
991933
991934
991935
991936
991937
991938
991939
991940
991941
991942
991943
991944
991945
991946
991947
991948
991949
991950
991951
991952
991953
991954
991955
991956
991957
991958
991959
991960
991961
991962
991963
991964
991965
991966
991967
991968
991969
991970
991971
991972
991973
991974
991975
991976
991977
991978
992057
992058
992059
992060
992061
992062
992063
992064
992065
992066
992067
992068
992069
992070
992071
992072
992073
992074
992075
992076
992077
992078
992079
992080
992081
992082
992083
992084
992085
992086
992087
992088
992089
992090
992091
992092
992093
992094
992095
992096
992097
992098
992099
992100
992101
992102
992103
992104
992105
992106
992107
992108
992109
992110
992111
992112
992113
992114
992115
992116
992117
992118
992119
992120
992121
992122
992123
992124
992125
992126
992127
992128
992129
992130
992131
992132
992133
992134
992161
992162
992163
992164
992165
992166
992167
992168
992169
992170
992171
992172
992173
992174
992175
992176
992177
992178
992179
992180
992181
992182
992183
992184
992185
992186
992213
992214
992215
992216
992217
992218
992219
992220
992221
992222
992223
992224
992225
992226
992227
992228
992229
992230
992231
992232
992233
992234
992235
992236
992237
992238
992265
992266
992267
992268
992269
992270
992271
992272
992273
992274
992275
992276
992277
992278
992279
992280
992281
992282
992283
992284
992285
992286
992287
992288
992289
992290
992291
992292
992293
992294
992295
992296
992297
992298
992299
992300
992301
992302
992303
992304
992305
992306
992307
992308
992310
992311
992312
992313
992314
992315
992316
992369
992370
992371
992372
992373
992374
992375
992376
992377
992378
992379
992380
992381
992382
992383
992384
992385
992386
992387
992388
992389
992390
992391
992392
992393
992394
992421
992422
992423
992424
992425
992426
992427
992428
992429
992430
992431
992432
992433
992434
992435
992436
992437
992438
992439
992440
992441
992442
992443
992444
992445
992446
992447
992448
992449
992450
992451
992452
992453
992454
992455
992456
992457
992458
992459
992460
992461
992462
992463
992464
992465
992466
992467
992468
992469
992470
992471
992472
992551
992552
992553
992554
992555
992556
992557
992558
992559
992560
992561
992562
992563
992564
992565
992566
992567
992568
992569
992570
992571
992572
992573
992574
992575
992576
992603
992604
992605
992606
992607
992608
992609
992610
992611
992612
992613
992614
992615
992616
992617
992618
992619
992620
992621
992622
992623
992624
992625
992626
992627
992628
992629
992630
992631
992632
992633
992634
992635
992636
992637
992638
992639
992640
992641
992642
992643
992644
992645
992646
992647
992648
992649
992650
992651
992652
992653
992654
992707
992708
992709
992710
992711
992712
992713
992714
992715
992716
992717
992718
992719
992720
992721
992722
992723
992724
992725
992726
992727
992728
992729
992730
992731
992732
992759
992760
992761
992762
992763
992764
992765
992766
992767
992768
992769
992770
992771
992772
992773
992774
992775
992776
992777
992778
992779
992780
992781
992782
992783
992784
992785
992786
992787
992788
992789
992790
992791
992792
992793
992794
992795
992796
992797
992798
992799
992800
992801
992802
992803
992804
992805
992806
992807
992808
992809
992810
992811
992812
992813
992814
992815
992816
992817
992818
992819
992820
992821
992822
992823
992824
992825
992826
992827
992828
992829
992830
992831
992832
992833
992834
992835
992836
992837
992838
992839
992840
992841
992842
992843
992844
992845
992846
992847
992848
992849
992850
992851
992852
992853
992854
992855
992856
992857
992858
992859
992860
992861
992862
992863
992864
992865
992866
992867
992868
992869
992870
992871
992872
992873
992874
992875
992876
992877
992878
992879
992880
992881
992882
992883
992884
992885
992886
992887
992888
992889
992890
992891
992892
992893
992894
992895
992896
992897
992898
992899
992900
992901
992902
992903
992904
992905
992906
992907
992908
992909
992910
992911
992912
992913
992914
992941
992942
992943
992944
992945
992946
992947
992948
992949
992950
992951
992952
992953
992954
992955
992956
992957
992958
992959
992960
992961
992962
992963
992964
992965
992966
992967
992968
992969
992970
992971
992972
992973
992974
992975
992976
992977
992978
992979
992980
992981
992982
992983
992984
992985
992986
992987
992988
992989
992990
992991
992992
992993
992994
992995
992996
992997
992998
992999
993000
993001
993002
993003
993004
993005
993006
993007
993008
993009
993010
993011
993012
993013
993014
993015
993016
993017
993018
993019
993020
993021
993022
993023
993024
993025
993026
993027
993028
993029
993030
993031
993032
993033
993034
993035
993036
993037
993039
993040
993041
993042
993043
993044
993071
993072
993073
993074
993075
993076
993077
993078
993079
993080
993081
993082
993083
993084
993085
993086
993087
993088
993089
993090
993091
993092
993093
993094
993095
993096
993149
993150
993151
993152
993153
993154
993155
993156
993157
993158
993159
993160
993161
993162
993163
993164
993165
993166
993167
993168
993169
993170
993171
993172
993173
993174
993175
993176
993177
993178
993179
993180
993181
993182
993183
993184
993185
993186
993187
993188
993189
993190
993191
993192
993193
993194
993195
993196
993197
993198
993199
993200
993227
993228
993229
993230
993231
993232
993233
993234
993235
993236
993237
993238
993239
993240
993241
993242
993243
993244
993245
993246
993247
993248
993249
993250
993251
993252
993279
993280
993281
993282
993283
993284
993285
993286
993287
993288
993289
993290
993291
993292
993293
993294
993295
993296
993297
993298
993299
993300
993301
993302
993303
993304
993357
993358
993359
993360
993361
993362
993363
993364
993365
993366
993367
993368
993369
993370
993371
993372
993373
993374
993375
993376
993377
993378
993379
993380
993381
993382
993383
993384
993385
993386
993387
993388
993389
993390
993391
993392
993393
993394
993395
993396
993397
993398
993399
993400
993401
993402
993403
993404
993405
993406
993407
993408
993487
993488
993489
993490
993491
993492
993493
993494
993495
993496
993497
993498
993499
993500
993501
993502
993503
993504
993505
993506
993507
993508
993509
993510
993511
993512
993513
993514
993515
993516
993517
993518
993519
993520
993521
993522
993523
993524
993525
993526
993527
993528
993529
993530
993531
993532
993533
993534
993535
993536
993537
993538
993799
993800
993801
993802
993803
993804
993805
993806
993807
993808
993809
993810
993811
993812
993813
993814
993815
993816
993817
993818
993819
993820
993821
993822
993823
993824
993825
993826
993827
993828
993829
993830
993831
993832
993833
993834
993835
993836
993837
993838
993839
993840
993841
993842
993843
993844
993845
993846
993847
993848
993849
993850
993851
993852
993853
993854
993855
993856
993857
993858
993859
993860
993861
993862
993863
993864
993865
993866
993867
993868
993869
993870
993871
993872
993873
993874
993875
993876
993877
993878
993879
993880
993881
993882
993883
993884
993885
993886
993887
993888
993889
993890
993891
993892
993893
993894
993895
993896
993897
993898
993899
993900
993901
993902
993903
993904
993905
993906
993907
993908
993909
993910
993911
993912
993913
993914
993915
993916
993917
993918
993919
993920
993921
993922
993923
993924
993925
993926
993927
993928
993929
993930
993931
993932
993933
993934
993935
993936
993937
993938
993939
993940
993941
993942
993943
993944
993945
993946
993947
993948
993949
993950
993951
993952
993953
993954
994085
994086
994087
994088
994089
994090
994091
994092
994093
994094
994095
994096
994097
994098
994099
994100
994101
994102
994103
994104
994105
994106
994107
994108
994109
994110
994111
994112
994113
994114
994115
994116
994117
994118
994119
994120
994121
994122
994123
994124
994125
994126
994127
994128
994129
994130
994131
994132
994133
994134
994135
994136
994163
994164
994165
994166
994167
994168
994169
994170
994171
994172
994173
994174
994175
994176
994177
994178
994179
994180
994181
994182
994183
994184
994185
994186
994187
994188
994241
994242
994243
994244
994245
994246
994247
994248
994249
994250
994251
994252
994253
994254
994255
994256
994257
994258
994259
994260
994261
994262
994263
994264
994265
994266
994475
994476
994477
994478
994479
994480
994481
994482
994483
994484
994485
994486
994487
994488
994489
994490
994491
994492
994493
994494
994495
994496
994497
994498
994499
994500
994501
994502
994503
994504
994505
994506
994507
994508
994509
994510
994511
994512
994513
994514
994515
994516
994517
994518
994519
994520
994521
994522
994523
994524
994525
994526
994605
994606
994607
994608
994609
994610
994611
994612
994613
994614
994615
994616
994617
994618
994619
994620
994621
994622
994623
994624
994625
994626
994627
994628
994629
994630
994657
994658
994659
994660
994661
994662
994663
994664
994665
994666
994667
994668
994669
994670
994671
994672
994673
994674
994675
994676
994677
994678
994679
994680
994681
994682
994787
994788
994789
994790
994791
994792
994793
994794
994795
994796
994797
994798
994799
994800
994801
994802
994803
994804
994805
994806
994807
994808
994809
994810
994811
994812
994813
994814
994815
994816
994817
994818
994819
994820
994821
994822
994823
994824
994825
994826
994827
994828
994829
994830
994831
994832
994833
994834
994835
994836
994837
994838
994891
994892
994893
994894
994895
994896
994897
994898
994899
994900
994901
994902
994903
994904
994905
994906
994907
994908
994909
994910
994911
994912
994913
994914
994915
994916
994995
994996
994997
994998
994999
995000
995001
995002
995003
995004
995005
995006
995007
995008
995009
995010
995011
995012
995013
995014
995015
995016
995017
995018
995019
995020
995021
995022
995023
995024
995025
995026
995027
995028
995029
995030
995031
995032
995033
995034
995035
995036
995037
995038
995039
995040
995041
995042
995043
995044
995045
995046
995047
995048
995049
995050
995051
995052
995053
995054
995055
995056
995057
995058
995059
995060
995061
995062
995063
995064
995065
995066
995067
995068
995069
995070
995071
995072
995125
995126
995127
995128
995129
995130
995131
995132
995133
995134
995135
995136
995137
995138
995139
995140
995141
995142
995143
995144
995145
995146
995147
995148
995149
995150
995203
995204
995205
995206
995207
995208
995209
995210
995211
995212
995213
995214
995215
995216
995217
995218
995219
995220
995221
995222
995223
995224
995225
995226
995227
995228
995229
995230
995231
995232
995233
995234
995235
995236
995237
995238
995239
995240
995241
995242
995243
995244
995245
995246
995247
995248
995249
995250
995251
995252
995253
995254
995281
995282
995283
995284
995285
995286
995287
995288
995289
995290
995291
995292
995293
995294
995295
995296
995297
995298
995299
995300
995301
995302
995303
995304
995305
995306
995307
995308
995309
995310
995311
995312
995313
995314
995315
995316
995317
995318
995319
995320
995321
995322
995323
995324
995325
995326
995327
995328
995329
995330
995331
995332
995359
995360
995361
995362
995363
995364
995365
995366
995367
995368
995369
995370
995371
995372
995373
995374
995375
995376
995377
995378
995379
995380
995381
995382
995383
995384
995385
995386
995387
995388
995389
995390
995391
995392
995393
995394
995395
995396
995397
995398
995399
995400
995401
995402
995403
995404
995405
995406
995407
995408
995409
995410
995411
995412
995413
995414
995415
995416
995417
995418
995419
995420
995421
995422
995423
995424
995425
995426
995427
995428
995429
995430
995431
995432
995433
995434
995435
995436
995437
995438
995439
995440
995441
995442
995443
995444
995445
995446
995447
995448
995449
995450
995451
995452
995453
995454
995455
995456
995457
995458
995459
995460
995461
995462
995515
995516
995517
995518
995519
995520
995521
995522
995523
995524
995525
995526
995527
995528
995529
995530
995531
995532
995533
995534
995535
995536
995537
995538
995539
995540
995567
995568
995569
995570
995571
995572
995573
995574
995575
995576
995577
995578
995579
995580
995581
995582
995583
995584
995585
995586
995587
995588
995589
995590
995591
995592
995593
995594
995595
995596
995597
995598
995599
995600
995601
995602
995603
995604
995605
995606
995607
995608
995609
995610
995611
995612
995613
995614
995615
995616
995617
995618
995671
995672
995673
995674
995675
995676
995677
995678
995679
995680
995681
995682
995683
995684
995685
995686
995687
995688
995689
995690
995691
995692
995693
995694
995695
995696
995723
995724
995725
995726
995727
995728
995729
995730
995731
995732
995733
995734
995735
995736
995737
995738
995739
995740
995741
995742
995743
995744
995745
995746
995747
995748
995749
995750
995751
995752
995753
995754
995755
995756
995757
995758
995759
995760
995761
995762
995763
995764
995765
995766
995767
995768
995769
995770
995771
995772
995773
995774
995775
995776
995777
995778
995779
995780
995781
995782
995783
995784
995785
995786
995787
995788
995789
995790
995791
995792
995793
995794
995795
995796
995797
995798
995799
995800
995931
995932
995933
995934
995935
995936
995937
995938
995939
995940
995941
995942
995943
995944
995945
995946
995947
995948
995949
995950
995951
995952
995953
995954
995955
995956
996009
996010
996011
996012
996013
996014
996015
996016
996017
996018
996019
996020
996021
996022
996023
996024
996025
996026
996027
996028
996029
996030
996031
996032
996033
996034
996035
996036
996037
996038
996039
996040
996041
996042
996043
996044
996045
996046
996047
996048
996049
996050
996051
996052
996053
996054
996055
996056
996057
996058
996059
996060
996087
996088
996089
996090
996091
996092
996093
996094
996095
996096
996097
996098
996099
996100
996101
996102
996103
996104
996105
996106
996107
996108
996109
996110
996111
996112
996113
996114
996115
996116
996117
996118
996119
996120
996121
996122
996123
996124
996125
996126
996127
996128
996129
996130
996131
996132
996133
996134
996135
996136
996137
996138
996139
996140
996141
996142
996143
996144
996145
996146
996147
996148
996149
996150
996151
996152
996153
996154
996155
996156
996157
996158
996159
996160
996161
996162
996163
996164
996165
996166
996167
996168
996169
996170
996171
996172
996173
996174
996175
996176
996177
996178
996179
996180
996181
996182
996183
996184
996185
996186
996187
996188
996189
996190
996191
996192
996193
996194
996195
996196
996197
996198
996199
996200
996201
996202
996203
996204
996205
996206
996207
996208
996209
996210
996211
996212
996213
996214
996215
996216
996217
996218
996219
996220
996221
996222
996223
996224
996225
996226
996227
996228
996229
996230
996231
996232
996233
996234
996235
996236
996237
996238
996239
996240
996241
996242
996373
996374
996375
996376
996377
996378
996379
996380
996381
996382
996383
996384
996385
996386
996387
996388
996389
996390
996391
996392
996393
996394
996395
996396
996397
996398
996425
996426
996427
996428
996429
996430
996431
996432
996433
996434
996435
996436
996437
996438
996439
996440
996441
996442
996443
996444
996445
996446
996447
996448
996449
996450
996529
996530
996531
996532
996533
996534
996535
996536
996537
996538
996539
996540
996541
996542
996543
996544
996545
996546
996547
996548
996549
996550
996551
996552
996553
996554
996555
996556
996557
996558
996559
996560
996561
996562
996563
996564
996565
996566
996567
996568
996569
996570
996571
996572
996573
996574
996575
996576
996577
996578
996579
996580
996659
996660
996661
996662
996663
996664
996665
996666
996667
996668
996669
996670
996671
996672
996673
996674
996675
996676
996677
996678
996679
996680
996681
996682
996683
996684
996685
996686
996687
996688
996689
996690
996691
996692
996693
996694
996695
996696
996697
996698
996699
996700
996701
996702
996703
996704
996705
996706
996707
996708
996709
996710
996737
996738
996739
996740
996741
996742
996743
996744
996745
996746
996747
996748
996749
996750
996751
996752
996753
996754
996755
996756
996757
996758
996759
996760
996761
996762
996867
996868
996869
996870
996871
996872
996873
996874
996875
996876
996877
996878
996879
996880
996881
996882
996883
996884
996885
996886
996887
996888
996889
996890
996891
996892
996893
996894
996895
996896
996897
996898
996899
996900
996901
996902
996903
996904
996905
996906
996907
996908
996909
996910
996911
996912
996913
996914
996915
996916
996917
996918
996919
996920
996921
996922
996923
996924
996925
996926
996927
996928
996929
996930
996931
996932
996933
996934
996935
996936
996937
996938
996939
996940
996941
996942
996943
996944
996997
996998
996999
997000
997001
997002
997003
997004
997005
997006
997007
997008
997009
997010
997011
997012
997013
997014
997015
997016
997017
997018
997019
997020
997021
997022
997023
997024
997025
997026
997027
997028
997029
997030
997031
997032
997033
997034
997035
997036
997037
997038
997039
997040
997041
997042
997043
997044
997045
997046
997047
997048
997049
997050
997051
997052
997053
997054
997055
997056
997057
997058
997059
997060
997061
997062
997063
997064
997065
997066
997067
997068
997069
997070
997071
997072
997073
997074
997101
997102
997103
997104
997105
997106
997107
997108
997109
997110
997111
997112
997113
997114
997115
997116
997117
997118
997119
997120
997121
997122
997123
997124
997125
997126
997127
997128
997129
997130
997131
997132
997133
997134
997135
997136
997137
997138
997139
997140
997141
997142
997143
997144
997145
997146
997147
997148
997149
997150
997151
997152
997153
997154
997155
997156
997157
997158
997159
997160
997161
997162
997163
997164
997165
997166
997167
997168
997169
997170
997171
997172
997173
997174
997175
997176
997177
997178
997205
997206
997207
997208
997209
997210
997211
997212
997213
997214
997215
997216
997217
997218
997219
997220
997221
997222
997223
997224
997225
997226
997227
997228
997229
997230
997231
997232
997233
997234
997235
997236
997237
997238
997239
997240
997241
997242
997243
997244
997245
997246
997247
997248
997249
997250
997251
997252
997253
997254
997255
997256
997257
997258
997259
997260
997261
997262
997263
997264
997265
997266
997267
997268
997269
997270
997271
997272
997273
997274
997275
997276
997277
997278
997279
997280
997281
997282
997283
997284
997285
997286
997287
997288
997289
997290
997291
997292
997293
997294
997295
997296
997297
997298
997299
997300
997301
997302
997303
997304
997305
997306
997307
997308
997309
997310
997311
997312
997313
997314
997315
997316
997317
997318
997319
997320
997321
997322
997323
997324
997325
997326
997327
997328
997329
997330
997331
997332
997333
997334
997361
997362
997363
997364
997365
997366
997367
997368
997369
997370
997371
997372
997373
997374
997375
997376
997377
997378
997379
997380
997381
997382
997383
997384
997385
997386
997439
997440
997441
997442
997443
997444
997445
997446
997447
997448
997449
997450
997451
997452
997453
997454
997455
997456
997457
997458
997459
997460
997461
997462
997463
997464
997517
997518
997519
997520
997521
997522
997523
997524
997525
997526
997527
997528
997529
997530
997531
997532
997533
997534
997535
997536
997537
997538
997539
997540
997541
997542
997543
997544
997545
997546
997547
997548
997549
997550
997551
997552
997553
997554
997555
997556
997557
997558
997559
997560
997561
997562
997563
997564
997565
997566
997567
997568
997569
997570
997571
997572
997573
997574
997575
997576
997577
997578
997579
997580
997581
997582
997583
997584
997585
997586
997587
997588
997589
997590
997591
997592
997593
997594
