997777
997778
997779
997780
997781
997782
997783
997784
997785
997786
997787
997788
997789
997790
997791
997792
997793
997794
997795
997796
997797
997798
997799
997800
997801
997802
997881
997883
997884
997885
997886
997887
997888
997889
997890
997891
997892
997893
997894
997895
997896
997897
997898
997899
997900
997901
997902
997903
997904
997905
997906
997959
997960
997961
997962
997963
997964
997965
997966
997967
997968
997969
997970
997971
997972
997973
997974
997975
997976
997977
997978
997979
997980
997981
997982
997983
997984
997985
997986
997987
997988
997989
997990
997991
997992
997993
997994
997995
997996
997997
997998
997999
998000
998001
998002
998003
998004
998005
998006
998007
998008
998009
998010
998011
998012
998013
998014
998015
998016
998017
998018
998019
998020
998021
998022
998023
998024
998025
998026
998027
998028
998029
998030
998031
998032
998033
998034
998035
998036
998037
998038
998039
998040
998041
998042
998043
998044
998045
998046
998047
998048
998049
998050
998051
998052
998053
998054
998055
998056
998057
998058
998059
998060
998061
998062
998245
998246
998247
998248
998249
998250
998251
998252
998253
998254
998255
998256
998257
998258
998259
998260
998261
998262
998263
998264
998265
998266
998267
998268
998269
998270
998271
998272
998273
998274
998275
998276
998277
998278
998279
998280
998281
998282
998283
998284
998285
998286
998287
998288
998289
998290
998291
998292
998293
998294
998295
998296
998323
998324
998325
998326
998327
998328
998329
998330
998331
998332
998333
998334
998335
998336
998337
998338
998339
998340
998341
998342
998343
998344
998345
998346
998347
998348
998349
998350
998351
998352
998353
998354
998355
998356
998357
998358
998359
998360
998361
998362
998363
998364
998365
998366
998367
998368
998369
998370
998371
998372
998373
998374
998401
998402
998403
998404
998405
998406
998407
998408
998409
998410
998411
998412
998413
998414
998415
998416
998417
998418
998419
998420
998421
998422
998423
998424
998425
998426
998427
998428
998429
998430
998431
998432
998433
998434
998435
998436
998437
998438
998439
998440
998441
998442
998443
998444
998445
998446
998447
998448
998449
998450
998451
998452
998453
998454
998455
998456
998457
998458
998459
998460
998461
998462
998463
998464
998465
998466
998467
998468
998469
998470
998471
998472
998473
998474
998475
998476
998477
998478
998505
998506
998507
998508
998509
998510
998511
998512
998513
998514
998515
998516
998517
998518
998519
998520
998521
998522
998523
998524
998525
998526
998527
998528
998529
998530
998531
998532
998533
998534
998535
998536
998537
998538
998539
998540
998541
998542
998543
998544
998545
998546
998547
998548
998549
998550
998551
998552
998553
998554
998555
998556
998557
998558
998559
998560
998561
998562
998563
998564
998565
998566
998567
998568
998569
998570
998571
998572
998573
998574
998575
998576
998577
998578
998579
998580
998581
998582
998583
998584
998585
998586
998587
998588
998589
998590
998591
998592
998593
998594
998595
998596
998597
998598
998599
998600
998601
998602
998603
998604
998605
998606
998607
998608
998661
998662
998663
998664
998665
998666
998667
998668
998669
998670
998671
998672
998673
998674
998675
998676
998677
998678
998679
998680
998681
998682
998683
998684
998685
998686
998713
998714
998715
998716
998717
998718
998719
998720
998721
998722
998723
998724
998725
998726
998727
998728
998729
998730
998731
998732
998733
998734
998735
998736
998737
998738
998739
998740
998741
998742
998743
998744
998745
998746
998747
998748
998749
998750
998751
998752
998753
998754
998755
998756
998757
998758
998759
998760
998761
998762
998763
998764
998765
998766
998767
998768
998769
998770
998771
998772
998773
998774
998775
998776
998777
998778
998779
998780
998781
998782
998783
998784
998785
998786
998787
998788
998789
998790
998817
998818
998819
998820
998821
998822
998823
998824
998825
998826
998827
998828
998829
998830
998831
998832
998833
998834
998835
998836
998837
998838
998839
998840
998841
998842
998869
998870
998871
998872
998873
998874
998875
998876
998877
998878
998879
998880
998881
998882
998883
998884
998885
998886
998887
998888
998889
998890
998891
998892
998893
998894
998921
998922
998923
998924
998925
998926
998927
998928
998929
998930
998931
998932
998933
998934
998935
998936
998937
998938
998939
998940
998941
998942
998943
998944
998945
998946
998973
998974
998975
998976
998977
998978
998979
998980
998981
998982
998983
998984
998985
998986
998987
998988
998989
998990
998991
998992
998993
998994
998995
998996
998997
998998
998999
999000
999001
999002
999003
999004
999005
999006
999007
999008
999009
999010
999011
999012
999013
999014
999015
999016
999017
999018
999019
999021
999022
999023
999024
999103
999104
999105
999106
999107
999108
999109
999110
999111
999112
999113
999114
999115
999116
999117
999118
999119
999120
999121
999122
999123
999124
999125
999126
999127
999128
999129
999130
999131
999132
999133
999134
999135
999136
999137
999138
999139
999140
999141
999142
999143
999144
999145
999146
999147
999148
999149
999150
999151
999152
999153
999154
999155
999156
999157
999158
999159
999160
999161
999162
999163
999164
999165
999166
999167
999168
999169
999170
999171
999172
999173
999174
999175
999176
999177
999178
999179
999180
999233
999234
999235
999236
999237
999238
999239
999240
999241
999242
999243
999244
999245
999246
999247
999248
999249
999250
999251
999252
999253
999254
999255
999256
999257
999258
999285
999286
999287
999288
999289
999290
999291
999292
999293
999294
999295
999296
999297
999298
999299
999300
999301
999302
999303
999304
999305
999306
999307
999308
999309
999310
999311
999312
999313
999314
999315
999316
999317
999318
999319
999320
999321
999322
999323
999324
999325
999326
999327
999328
999329
999330
999331
999332
999333
999334
999335
999336
999337
999338
999339
999340
999341
999342
999343
999344
999345
999346
999347
999348
999349
999350
999351
999352
999353
999354
999355
999356
999357
999358
999359
999360
999361
999362
999389
999390
999391
999392
999393
999394
999395
999396
999397
999398
999399
999400
999401
999402
999403
999404
999405
999406
999407
999408
999409
999410
999411
999412
999413
999414
999467
999468
999469
999470
999471
999472
999473
999474
999475
999476
999477
999478
999479
999480
999481
999482
999483
999484
999485
999486
999487
999488
999489
999490
999491
999492
999493
999494
999495
999496
999497
999498
999499
999500
999501
999502
999503
999504
999505
999506
999507
999508
999509
999510
999511
999512
999513
999514
999515
999516
999517
999518
999545
999546
999547
999548
999549
999550
999551
999552
999553
999554
999555
999556
999557
999558
999559
999560
999561
999562
999563
999564
999565
999566
999567
999568
999569
999570
999623
999624
999625
999626
999627
999628
999629
999630
999631
999632
999633
999634
999635
999636
999637
999638
999639
999640
999641
999642
999643
999644
999645
999646
999647
999648
999701
999702
999703
999704
999705
999706
999707
999708
999709
999710
999711
999712
999713
999714
999715
999716
999717
999718
999719
999720
999721
999722
999723
999724
999725
999726
999831
999832
999833
999834
999835
999836
999837
999838
999839
999840
999841
999842
999843
999844
999845
999846
999847
999848
999849
999850
999851
999852
999853
999854
999855
999856
999883
999884
999885
999886
999887
999888
999889
999890
999891
999892
999893
999894
999895
999896
999897
999898
999899
999900
999901
999902
999903
999904
999905
999906
999907
999908
999909
999910
999911
999912
999913
999914
999915
999916
999917
999918
999919
999920
999921
999922
999923
999924
999925
999926
999927
999928
999929
999930
999931
999932
999933
999934
1000013
1000014
1000015
1000016
1000017
1000018
1000019
1000020
1000021
1000022
1000023
1000024
1000025
1000026
1000027
1000028
1000029
1000030
1000031
1000032
1000033
1000034
1000035
1000036
1000037
1000038
1000039
1000040
1000041
1000042
1000043
1000044
1000045
1000046
1000047
1000048
1000049
1000050
1000051
1000052
1000053
1000054
1000055
1000056
1000057
1000058
1000059
1000060
1000061
1000062
1000063
1000064
1000091
1000092
1000093
1000094
1000095
1000096
1000097
1000098
1000099
1000100
1000101
1000102
1000103
1000104
1000105
1000106
1000107
1000108
1000109
1000110
1000111
1000112
1000113
1000114
1000115
1000116
1000117
1000118
1000119
1000120
1000121
1000122
1000123
1000124
1000125
1000126
1000127
1000128
1000129
1000130
1000131
1000132
1000133
1000134
1000135
1000136
1000137
1000138
1000139
1000140
1000141
1000142
1000299
1000300
1000301
1000302
1000303
1000304
1000305
1000306
1000307
1000308
1000309
1000310
1000311
1000312
1000313
1000314
1000315
1000316
1000317
1000318
1000319
1000320
1000321
1000322
1000323
1000324
1000377
1000378
1000379
1000380
1000381
1000382
1000383
1000384
1000385
1000386
1000387
1000388
1000389
1000390
1000391
1000392
1000393
1000394
1000395
1000396
1000397
1000398
1000399
1000400
1000401
1000402
1000455
1000456
1000457
1000458
1000459
1000460
1000461
1000462
1000463
1000464
1000465
1000466
1000467
1000468
1000469
1000470
1000471
1000472
1000473
1000474
1000475
1000476
1000477
1000478
1000479
1000480
1000507
1000508
1000509
1000510
1000511
1000512
1000513
1000514
1000515
1000516
1000517
1000518
1000519
1000520
1000521
1000522
1000523
1000524
1000525
1000526
1000527
1000528
1000529
1000530
1000531
1000532
1000533
1000534
1000535
1000536
1000537
1000538
1000539
1000540
1000541
1000542
1000543
1000544
1000545
1000546
1000547
1000548
1000549
1000550
1000551
1000552
1000553
1000554
1000555
1000556
1000557
1000558
1000559
1000560
1000561
1000562
1000563
1000564
1000565
1000566
1000567
1000568
1000569
1000570
1000571
1000572
1000573
1000574
1000575
1000576
1000577
1000578
1000579
1000580
1000581
1000582
1000583
1000584
1000585
1000586
1000587
1000588
1000589
1000590
1000591
1000592
1000593
1000594
1000595
1000596
1000597
1000598
1000599
1000600
1000601
1000602
1000603
1000604
1000605
1000606
1000607
1000608
1000609
1000610
1000611
1000612
1000613
1000614
1000615
1000616
1000617
1000618
1000619
1000620
1000621
1000622
1000623
1000624
1000625
1000626
1000627
1000628
1000629
1000630
1000631
1000632
1000633
1000634
1000635
1000636
1000637
1000638
1000639
1000640
1000641
1000642
1000643
1000644
1000645
1000646
1000647
1000648
1000649
1000650
1000651
1000652
1000653
1000654
1000655
1000656
1000657
1000658
1000659
1000660
1000661
1000662
1000741
1000742
1000743
1000744
1000745
1000746
1000747
1000748
1000749
1000750
1000751
1000752
1000753
1000754
1000755
1000756
1000757
1000758
1000759
1000760
1000761
1000762
1000763
1000764
1000765
1000766
1000767
1000768
1000769
1000770
1000771
1000772
1000773
1000774
1000775
1000776
1000777
1000778
1000779
1000780
1000781
1000782
1000783
1000784
1000785
1000786
1000787
1000788
1000789
1000790
1000791
1000792
1000793
1000794
1000795
1000796
1000797
1000798
1000799
1000800
1000801
1000802
1000803
1000804
1000805
1000806
1000807
1000808
1000809
1000810
1000811
1000812
1000813
1000814
1000815
1000816
1000817
1000818
1000897
1000898
1000899
1000900
1000901
1000902
1000903
1000904
1000905
1000906
1000907
1000908
1000909
1000910
1000911
1000912
1000913
1000914
1000915
1000916
1000917
1000918
1000919
1000920
1000921
1000922
1000949
1000950
1000951
1000952
1000953
1000954
1000955
1000956
1000957
1000958
1000959
1000960
1000961
1000962
1000963
1000964
1000965
1000966
1000967
1000968
1000969
1000970
1000971
1000972
1000973
1000974
1001001
1001002
1001003
1001004
1001005
1001006
1001007
1001008
1001009
1001010
1001011
1001012
1001013
1001014
1001015
1001016
1001017
1001018
1001019
1001020
1001021
1001022
1001023
1001024
1001025
1001026
1001079
1001080
1001081
1001082
1001083
1001084
1001085
1001086
1001087
1001088
1001089
1001090
1001091
1001092
1001093
1001094
1001095
1001096
1001097
1001098
1001099
1001100
1001101
1001102
1001103
1001104
1001105
1001106
1001107
1001108
1001109
1001110
1001111
1001112
1001113
1001114
1001115
1001116
1001117
1001118
1001119
1001120
1001121
1001122
1001123
1001124
1001125
1001126
1001127
1001128
1001129
1001130
1001131
1001132
1001133
1001134
1001135
1001136
1001137
1001138
1001139
1001140
1001141
1001142
1001143
1001144
1001145
1001146
1001147
1001148
1001149
1001150
1001151
1001152
1001153
1001154
1001155
1001156
1001157
1001158
1001159
1001160
1001161
1001162
1001163
1001164
1001165
1001166
1001167
1001168
1001169
1001170
1001171
1001172
1001173
1001174
1001175
1001176
1001177
1001178
1001179
1001180
1001181
1001182
1001183
1001184
1001185
1001186
1001187
1001188
1001189
1001190
1001191
1001192
1001193
1001194
1001195
1001196
1001197
1001198
1001199
1001200
1001201
1001202
1001203
1001204
1001205
1001206
1001207
1001208
1001209
1001210
1001211
1001212
1001213
1001214
1001215
1001216
1001217
1001218
1001219
1001220
1001221
1001222
1001223
1001224
1001225
1001226
1001227
1001228
1001229
1001230
1001231
1001232
1001233
1001234
1001235
1001236
1001237
1001238
1001239
1001240
1001241
1001242
1001243
1001244
1001245
1001246
1001247
1001248
1001249
1001250
1001251
1001252
1001253
1001254
1001255
1001256
1001257
1001258
1001259
1001260
1001313
1001314
1001315
1001316
1001317
1001318
1001319
1001320
1001321
1001322
1001323
1001324
1001325
1001326
1001327
1001328
1001329
1001330
1001331
1001332
1001333
1001334
1001335
1001336
1001337
1001338
1001391
1001392
1001393
1001394
1001395
1001396
1001397
1001398
1001399
1001400
1001401
1001402
1001403
1001404
1001405
1001406
1001407
1001408
1001409
1001410
1001411
1001412
1001413
1001414
1001415
1001416
1001417
1001418
1001419
1001420
1001421
1001422
1001423
1001424
1001425
1001426
1001427
1001428
1001429
1001430
1001431
1001432
1001433
1001434
1001435
1001436
1001437
1001438
1001439
1001440
1001441
1001442
1001443
1001444
1001445
1001446
1001447
1001448
1001449
1001450
1001451
1001452
1001453
1001454
1001455
1001456
1001457
1001458
1001459
1001460
1001461
1001462
1001463
1001464
1001465
1001466
1001467
1001468
1001547
1001548
1001549
1001550
1001551
1001552
1001553
1001554
1001555
1001556
1001557
1001558
1001559
1001560
1001561
1001562
1001563
1001564
1001565
1001566
1001567
1001568
1001569
1001570
1001571
1001572
1001599
1001600
1001601
1001602
1001603
1001604
1001605
1001606
1001607
1001608
1001609
1001610
1001611
1001612
1001613
1001614
1001615
1001616
1001617
1001618
1001619
1001620
1001621
1001622
1001623
1001624
1001703
1001704
1001705
1001706
1001707
1001708
1001709
1001710
1001711
1001712
1001713
1001714
1001715
1001716
1001717
1001718
1001719
1001720
1001721
1001722
1001723
1001724
1001725
1001726
1001727
1001728
1001729
1001730
1001731
1001732
1001733
1001734
1001735
1001736
1001737
1001738
1001739
1001740
1001741
1001742
1001743
1001744
1001745
1001746
1001747
1001748
1001749
1001750
1001751
1001752
1001753
1001754
1001859
1001860
1001861
1001862
1001863
1001864
1001865
1001866
1001867
1001868
1001869
1001870
1001871
1001872
1001873
1001874
1001875
1001876
1001877
1001878
1001879
1001880
1001881
1001882
1001883
1001884
1001911
1001912
1001913
1001914
1001915
1001916
1001917
1001918
1001919
1001920
1001921
1001922
1001923
1001924
1001925
1001926
1001927
1001928
1001929
1001930
1001931
1001932
1001933
1001934
1001935
1001936
1001937
1001938
1001939
1001940
1001941
1001942
1001943
1001944
1001945
1001946
1001947
1001948
1001949
1001950
1001951
1001952
1001953
1001954
1001955
1001956
1001957
1001958
1001959
1001960
1001961
1001962
1002067
1002068
1002069
1002070
1002071
1002072
1002073
1002074
1002075
1002076
1002077
1002078
1002079
1002080
1002081
1002082
1002083
1002084
1002085
1002086
1002087
1002088
1002089
1002090
1002091
1002092
1002093
1002094
1002095
1002096
1002097
1002098
1002099
1002100
1002101
1002102
1002103
1002104
1002105
1002106
1002107
1002108
1002109
1002110
1002111
1002112
1002113
1002114
1002115
1002116
1002117
1002118
1002171
1002172
1002173
1002174
1002175
1002176
1002177
1002178
1002179
1002180
1002181
1002182
1002183
1002184
1002185
1002186
1002187
1002188
1002189
1002190
1002191
1002192
1002193
1002194
1002195
1002196
1002249
1002250
1002251
1002252
1002253
1002254
1002255
1002256
1002257
1002258
1002259
1002260
1002261
1002262
1002263
1002264
1002265
1002266
1002267
1002268
1002269
1002270
1002271
1002272
1002273
1002274
1002301
1002302
1002303
1002304
1002305
1002306
1002307
1002308
1002309
1002310
1002311
1002312
1002313
1002314
1002315
1002316
1002317
1002318
1002319
1002320
1002321
1002322
1002323
1002324
1002325
1002326
1002353
1002354
1002355
1002356
1002357
1002358
1002359
1002360
1002361
1002362
1002363
1002364
1002365
1002366
1002367
1002368
1002369
1002370
1002371
1002372
1002373
1002374
1002375
1002376
1002377
1002378
1002431
1002432
1002433
1002434
1002435
1002436
1002437
1002438
1002439
1002440
1002441
1002442
1002443
1002444
1002445
1002446
1002447
1002448
1002449
1002450
1002451
1002452
1002453
1002454
1002455
1002456
1002535
1002536
1002537
1002538
1002539
1002540
1002541
1002542
1002543
1002544
1002545
1002546
1002547
1002548
1002549
1002550
1002551
1002552
1002553
1002554
1002555
1002556
1002557
1002558
1002559
1002560
1002561
1002562
1002563
1002564
1002565
1002566
1002567
1002568
1002569
1002570
1002571
1002572
1002573
1002574
1002575
1002576
1002577
1002578
1002579
1002580
1002581
1002582
1002583
1002584
1002585
1002586
1002587
1002588
1002589
1002590
1002591
1002592
1002593
1002594
1002595
1002596
1002597
1002598
1002599
1002600
1002601
1002602
1002603
1002604
1002605
1002606
1002607
1002608
1002609
1002610
1002611
1002612
1002613
1002614
1002615
1002616
1002617
1002618
1002619
1002620
1002621
1002622
1002623
1002624
1002625
1002627
1002628
1002629
1002630
1002631
1002632
1002633
1002634
1002635
1002636
1002637
1002638
1002717
1002718
1002719
1002720
1002721
1002722
1002723
1002724
1002725
1002726
1002727
1002728
1002729
1002730
1002731
1002732
1002733
1002734
1002735
1002736
1002737
1002738
1002739
1002740
1002741
1002742
1002743
1002744
1002745
1002746
1002747
1002748
1002749
1002750
1002751
1002752
1002753
1002754
1002755
1002756
1002757
1002758
1002759
1002760
1002761
1002762
1002763
1002764
1002765
1002766
1002767
1002768
1002769
1002770
1002771
1002772
1002773
1002774
1002775
1002776
1002777
1002778
1002779
1002780
1002781
1002782
1002783
1002784
1002785
1002786
1002787
1002788
1002789
1002790
1002791
1002792
1002793
1002794
1002795
1002796
1002797
1002798
1002799
1002800
1002801
1002802
1002803
1002804
1002805
1002806
1002807
1002808
1002809
1002810
1002811
1002812
1002813
1002814
1002815
1002816
1002817
1002818
1002819
1002820
1002821
1002822
1002823
1002824
1002825
1002826
1002827
1002828
1002829
1002830
1002831
1002832
1002833
1002834
1002835
1002836
1002837
1002838
1002839
1002840
1002841
1002842
1002843
1002844
1002845
1002846
1002925
1002926
1002927
1002928
1002929
1002930
1002931
1002932
1002933
1002934
1002935
1002936
1002937
1002938
1002939
1002940
1002941
1002942
1002943
1002944
1002945
1002946
1002947
1002948
1002949
1002950
1002977
1002978
1002979
1002980
1002981
1002982
1002983
1002984
1002985
1002986
1002987
1002988
1002989
1002990
1002991
1002992
1002993
1002994
1002995
1002996
1002997
1002998
1002999
1003000
1003001
1003002
1003029
1003030
1003031
1003032
1003033
1003034
1003035
1003036
1003037
1003038
1003039
1003040
1003041
1003042
1003043
1003044
1003045
1003046
1003047
1003048
1003049
1003050
1003051
1003052
1003053
1003054
1003055
1003056
1003057
1003058
1003059
1003060
1003061
1003062
1003063
1003064
1003065
1003066
1003067
1003068
1003069
1003070
1003071
1003072
1003073
1003074
1003075
1003076
1003077
1003078
1003079
1003080
1003107
1003108
1003109
1003110
1003111
1003112
1003113
1003114
1003115
1003116
1003117
1003118
1003119
1003120
1003121
1003122
1003123
1003124
1003125
1003126
1003127
1003128
1003129
1003130
1003131
1003132
1003211
1003212
1003213
1003214
1003215
1003216
1003217
1003218
1003219
1003220
1003221
1003222
1003223
1003224
1003225
1003226
1003227
1003228
1003229
1003230
1003231
1003232
1003233
1003234
1003235
1003236
1003237
1003238
1003239
1003240
1003241
1003242
1003243
1003244
1003245
1003246
1003247
1003248
1003249
1003250
1003251
1003252
1003253
1003254
1003255
1003256
1003257
1003258
1003259
1003260
1003261
1003262
1003289
1003290
1003291
1003292
1003293
1003294
1003295
1003296
1003297
1003298
1003299
1003300
1003301
1003302
1003303
1003304
1003305
1003306
1003307
1003308
1003309
1003310
1003311
1003312
1003313
1003314
1003341
1003342
1003343
1003344
1003345
1003346
1003347
1003348
1003349
1003350
1003351
1003352
1003353
1003354
1003355
1003356
1003357
1003358
1003359
1003360
1003361
1003362
1003363
1003364
1003365
1003366
1003367
1003368
1003369
1003370
1003371
1003372
1003373
1003374
1003375
1003376
1003377
1003378
1003379
1003380
1003381
1003382
1003383
1003384
1003385
1003386
1003387
1003388
1003389
1003390
1003391
1003392
1003471
1003472
1003473
1003474
1003475
1003476
1003477
1003478
1003479
1003480
1003481
1003482
1003483
1003484
1003485
1003486
1003487
1003488
1003489
1003490
1003491
1003492
1003493
1003494
1003495
1003496
1003549
1003550
1003551
1003552
1003553
1003554
1003555
1003556
1003557
1003558
1003559
1003560
1003561
1003562
1003563
1003564
1003565
1003566
1003567
1003568
1003569
1003570
1003571
1003572
1003573
1003574
1003575
1003576
1003577
1003578
1003579
1003580
1003581
1003582
1003583
1003584
1003585
1003586
1003587
1003588
1003589
1003590
1003591
1003592
1003593
1003594
1003595
1003596
1003597
1003598
1003599
1003600
1003627
1003628
1003629
1003630
1003631
1003632
1003633
1003634
1003635
1003636
1003637
1003638
1003639
1003640
1003641
1003642
1003643
1003644
1003645
1003646
1003647
1003648
1003649
1003650
1003651
1003652
1003679
1003680
1003681
1003682
1003683
1003684
1003685
1003686
1003687
1003688
1003689
1003690
1003691
1003692
1003693
1003694
1003695
1003696
1003697
1003698
1003699
1003700
1003701
1003702
1003703
1003704
1003705
1003706
1003707
1003708
1003709
1003710
1003711
1003712
1003713
1003714
1003715
1003716
1003717
1003718
1003719
1003720
1003721
1003722
1003723
1003724
1003725
1003726
1003727
1003728
1003729
1003730
1003757
1003758
1003759
1003760
1003761
1003762
1003763
1003764
1003765
1003766
1003767
1003768
1003769
1003770
1003771
1003772
1003773
1003774
1003775
1003776
1003777
1003778
1003779
1003780
1003781
1003782
1003809
1003810
1003811
1003812
1003813
1003814
1003815
1003816
1003817
1003818
1003819
1003820
1003821
1003822
1003823
1003824
1003825
1003826
1003827
1003828
1003829
1003830
1003831
1003832
1003833
1003834
1003913
1003914
1003915
1003916
1003917
1003918
1003919
1003920
1003921
1003922
1003923
1003924
1003925
1003926
1003927
1003928
1003929
1003930
1003931
1003932
1003933
1003934
1003935
1003936
1003937
1003938
1003965
1003966
1003967
1003968
1003969
1003970
1003971
1003972
1003973
1003974
1003975
1003976
1003977
1003978
1003979
1003980
1003981
1003982
1003983
1003984
1003985
1003986
1003987
1003988
1003989
1003990
1003991
1003992
1003993
1003994
1003995
1003996
1003997
1003998
1003999
