1004001
1004002
1004003
1004004
1004005
1004006
1004007
1004008
1004009
1004010
1004011
1004012
1004013
1004014
1004015
1004016
1004043
1004044
1004045
1004046
1004047
1004048
1004049
1004050
1004051
1004052
1004053
1004054
1004055
1004056
1004057
1004058
1004059
1004060
1004061
1004062
1004063
1004064
1004065
1004066
1004067
1004068
1004095
1004096
1004097
1004098
1004099
1004100
1004101
1004102
1004103
1004104
1004105
1004106
1004107
1004108
1004109
1004110
1004111
1004112
1004113
1004114
1004115
1004116
1004117
1004118
1004119
1004120
1004121
1004122
1004123
1004124
1004125
1004126
1004127
1004128
1004129
1004130
1004131
1004132
1004133
1004134
1004135
1004136
1004137
1004138
1004139
1004140
1004141
1004142
1004143
1004144
1004145
1004146
1004147
1004148
1004149
1004150
1004151
1004152
1004153
1004154
1004155
1004156
1004157
1004158
1004159
1004160
1004161
1004162
1004163
1004164
1004165
1004166
1004167
1004168
1004169
1004170
1004171
1004172
1004173
1004174
1004175
1004176
1004177
1004178
1004179
1004180
1004181
1004182
1004183
1004184
1004185
1004186
1004187
1004188
1004189
1004190
1004191
1004192
1004193
1004194
1004195
1004196
1004197
1004198
1004251
1004252
1004253
1004254
1004255
1004256
1004257
1004258
1004259
1004260
1004261
1004262
1004263
1004264
1004265
1004266
1004267
1004268
1004269
1004270
1004271
1004272
1004273
1004274
1004275
1004276
1004277
1004278
1004279
1004280
1004281
1004282
1004283
1004284
1004285
1004286
1004287
1004288
1004289
1004290
1004291
1004292
1004293
1004294
1004295
1004296
1004297
1004298
1004299
1004300
1004301
1004302
1004303
1004304
1004305
1004306
1004307
1004308
1004309
1004310
1004311
1004312
1004313
1004314
1004315
1004316
1004317
1004318
1004319
1004320
1004321
1004322
1004323
1004324
1004325
1004326
1004327
1004328
1004329
1004330
1004331
1004332
1004333
1004334
1004335
1004336
1004337
1004338
1004339
1004340
1004341
1004342
1004343
1004344
1004345
1004346
1004347
1004348
1004349
1004350
1004351
1004352
1004353
1004354
1004355
1004356
1004357
1004358
1004359
1004360
1004361
1004362
1004363
1004364
1004365
1004366
1004367
1004368
1004369
1004370
1004371
1004372
1004373
1004374
1004375
1004376
1004377
1004378
1004379
1004380
1004381
1004382
1004383
1004384
1004385
1004386
1004387
1004388
1004389
1004390
1004391
1004392
1004393
1004394
1004395
1004396
1004397
1004398
1004399
1004400
1004401
1004402
1004403
1004404
1004405
1004406
1004537
1004538
1004539
1004540
1004541
1004542
1004543
1004544
1004545
1004546
1004547
1004548
1004549
1004550
1004551
1004552
1004553
1004554
1004555
1004556
1004557
1004558
1004559
1004560
1004561
1004562
1004563
1004564
1004565
1004566
1004567
1004568
1004569
1004570
1004571
1004572
1004573
1004574
1004575
1004576
1004577
1004578
1004579
1004580
1004581
1004582
1004583
1004584
1004585
1004586
1004587
1004588
1004589
1004590
1004591
1004592
1004593
1004594
1004595
1004596
1004597
1004598
1004599
1004600
1004601
1004602
1004603
1004604
1004605
1004606
1004607
1004608
1004609
1004610
1004611
1004612
1004613
1004614
1004641
1004642
1004643
1004644
1004645
1004646
1004647
1004648
1004649
1004650
1004651
1004652
1004653
1004654
1004655
1004656
1004657
1004658
1004659
1004660
1004661
1004662
1004663
1004664
1004665
1004666
1004667
1004668
1004669
1004670
1004671
1004672
1004673
1004674
1004675
1004676
1004677
1004678
1004679
1004680
1004681
1004682
1004683
1004684
1004685
1004686
1004687
1004688
1004689
1004690
1004691
1004692
1004693
1004694
1004695
1004696
1004697
1004698
1004699
1004700
1004701
1004702
1004703
1004704
1004705
1004706
1004707
1004708
1004709
1004710
1004711
1004712
1004713
1004714
1004715
1004716
1004717
1004718
1004719
1004720
1004721
1004722
1004723
1004724
1004725
1004726
1004727
1004728
1004729
1004730
1004731
1004732
1004733
1004734
1004735
1004736
1004737
1004738
1004739
1004740
1004741
1004742
1004743
1004744
1004745
1004746
1004747
1004748
1004749
1004750
1004751
1004752
1004753
1004754
1004755
1004756
1004757
1004758
1004759
1004760
1004761
1004762
1004763
1004764
1004765
1004766
1004767
1004768
1004769
1004770
1004797
1004798
1004799
1004800
1004801
1004802
1004803
1004804
1004805
1004806
1004807
1004808
1004809
1004810
1004811
1004812
1004813
1004814
1004815
1004816
1004817
1004818
1004819
1004820
1004821
1004822
1004823
1004824
1004825
1004826
1004827
1004828
1004829
1004830
1004831
1004832
1004833
1004834
1004835
1004836
1004837
1004838
1004839
1004840
1004841
1004842
1004843
1004844
1004845
1004846
1004847
1004848
1004849
1004850
1004851
1004852
1004853
1004854
1004855
1004856
1004857
1004858
1004859
1004860
1004861
1004862
1004863
1004864
1004865
1004866
1004867
1004868
1004869
1004870
1004871
1004872
1004873
1004874
1004901
1004902
1004903
1004904
1004905
1004906
1004907
1004908
1004909
1004910
1004911
1004912
1004913
1004914
1004915
1004916
1004917
1004918
1004919
1004920
1004921
1004922
1004923
1004924
1004925
1004926
1004927
1004928
1004929
1004930
1004931
1004932
1004933
1004934
1004935
1004936
1004937
1004938
1004939
1004940
1004941
1004942
1004943
1004944
1004945
1004946
1004947
1004948
1004949
1004950
1004951
1004952
1004953
1004954
1004955
1004956
1004957
1004958
1004959
1004960
1004961
1004962
1004963
1004964
1004965
1004967
1004968
1004969
1004970
1004971
1004972
1004973
1004974
1004975
1004976
1004977
1004978
1005005
1005006
1005007
1005008
1005009
1005010
1005011
1005012
1005013
1005014
1005015
1005016
1005017
1005018
1005019
1005020
1005021
1005022
1005023
1005024
1005025
1005026
1005027
1005028
1005029
1005030
1005109
1005110
1005111
1005112
1005113
1005114
1005115
1005116
1005117
1005118
1005119
1005120
1005121
1005122
1005123
1005124
1005125
1005126
1005127
1005128
1005129
1005130
1005131
1005132
1005133
1005134
1005135
1005136
1005137
1005138
1005139
1005140
1005141
1005142
1005143
1005144
1005145
1005146
1005147
1005148
1005149
1005150
1005151
1005152
1005153
1005154
1005155
1005156
1005157
1005158
1005159
1005160
1005187
1005188
1005189
1005190
1005191
1005192
1005193
1005194
1005195
1005196
1005197
1005198
1005199
1005200
1005201
1005202
1005203
1005204
1005205
1005206
1005207
1005208
1005209
1005210
1005211
1005212
1005213
1005214
1005215
1005216
1005217
1005218
1005219
1005220
1005221
1005222
1005223
1005224
1005225
1005226
1005227
1005228
1005229
1005230
1005231
1005232
1005233
1005234
1005235
1005236
1005237
1005238
1005291
1005292
1005293
1005294
1005295
1005296
1005297
1005298
1005299
1005300
1005301
1005302
1005303
1005304
1005305
1005306
1005307
1005308
1005309
1005310
1005311
1005312
1005313
1005314
1005315
1005316
1005317
1005318
1005319
1005320
1005321
1005322
1005323
1005324
1005325
1005326
1005327
1005328
1005329
1005330
1005331
1005332
1005333
1005334
1005335
1005336
1005337
1005338
1005339
1005340
1005341
1005342
1005343
1005344
1005345
1005346
1005347
1005348
1005349
1005350
1005351
1005352
1005353
1005354
1005355
1005356
1005357
1005358
1005359
1005360
1005361
1005362
1005363
1005364
1005365
1005366
1005367
1005368
1005421
1005422
1005423
1005424
1005425
1005426
1005427
1005428
1005429
1005430
1005431
1005432
1005433
1005434
1005435
1005436
1005437
1005438
1005439
1005440
1005441
1005442
1005443
1005444
1005445
1005446
1005499
1005500
1005501
1005502
1005503
1005504
1005505
1005506
1005507
1005508
1005509
1005510
1005511
1005512
1005513
1005514
1005515
1005516
1005517
1005518
1005519
1005520
1005521
1005522
1005523
1005524
1005525
1005526
1005527
1005528
1005529
1005530
1005531
1005532
1005533
1005534
1005535
1005536
1005537
1005538
1005539
1005540
1005541
1005542
1005543
1005544
1005545
1005546
1005547
1005548
1005549
1005550
1005551
1005552
1005553
1005554
1005555
1005556
1005557
1005558
1005559
1005560
1005561
1005562
1005563
1005564
1005565
1005566
1005567
1005568
1005569
1005570
1005571
1005572
1005573
1005574
1005575
1005576
1005577
1005578
1005579
1005580
1005581
1005582
1005583
1005584
1005585
1005586
1005587
1005588
1005589
1005590
1005591
1005592
1005593
1005594
1005595
1005596
1005597
1005598
1005599
1005600
1005601
1005602
1005603
1005604
1005605
1005606
1005607
1005608
1005609
1005610
1005611
1005612
1005613
1005614
1005615
1005616
1005617
1005618
1005619
1005620
1005621
1005622
1005623
1005624
1005625
1005626
1005627
1005628
1005733
1005734
1005735
1005736
1005737
1005738
1005739
1005740
1005741
1005742
1005743
1005744
1005745
1005746
1005747
1005748
1005749
1005750
1005751
1005752
1005753
1005754
1005755
1005756
1005757
1005758
1005785
1005786
1005787
1005788
1005789
1005790
1005791
1005792
1005793
1005794
1005795
1005796
1005797
1005798
1005799
1005800
1005801
1005802
1005803
1005804
1005805
1005806
1005807
1005808
1005809
1005810
1005811
1005812
1005813
1005814
1005815
1005816
1005817
1005818
1005819
1005820
1005821
1005822
1005823
1005824
1005825
1005826
1005827
1005828
1005829
1005830
1005831
1005832
1005833
1005834
1005835
1005836
1005837
1005838
1005839
1005840
1005841
1005842
1005843
1005844
1005845
1005846
1005847
1005848
1005849
1005850
1005851
1005852
1005853
1005854
1005855
1005856
1005857
1005858
1005859
1005860
1005861
1005862
1005889
1005890
1005891
1005892
1005893
1005894
1005895
1005896
1005897
1005898
1005899
1005900
1005901
1005902
1005903
1005904
1005905
1005906
1005907
1005908
1005909
1005910
1005911
1005912
1005913
1005914
1005941
1005942
1005943
1005944
1005945
1005946
1005947
1005948
1005949
1005950
1005951
1005952
1005953
1005954
1005955
1005956
1005957
1005958
1005959
1005960
1005961
1005962
1005963
1005964
1005965
1005966
1005967
1005968
1005969
1005970
1005971
1005972
1005973
1005974
1005975
1005976
1005977
1005978
1005979
1005980
1005981
1005982
1005983
1005984
1005985
1005986
1005987
1005988
1005989
1005990
1005991
1005992
1006045
1006046
1006047
1006048
1006049
1006050
1006051
1006052
1006053
1006054
1006055
1006056
1006057
1006058
1006059
1006060
1006061
1006062
1006063
1006064
1006065
1006066
1006067
1006068
1006069
1006070
1006097
1006098
1006099
1006100
1006101
1006102
1006103
1006104
1006105
1006106
1006107
1006108
1006109
1006110
1006111
1006112
1006113
1006114
1006115
1006116
1006117
1006118
1006119
1006120
1006121
1006122
1006149
1006150
1006151
1006152
1006153
1006154
1006155
1006156
1006157
1006158
1006159
1006160
1006161
1006162
1006163
1006164
1006165
1006166
1006167
1006168
1006169
1006170
1006171
1006172
1006173
1006174
1006279
1006280
1006281
1006282
1006283
1006284
1006285
1006286
1006287
1006288
1006289
1006290
1006291
1006292
1006293
1006294
1006295
1006296
1006297
1006298
1006299
1006300
1006301
1006302
1006303
1006304
1006305
1006306
1006307
1006308
1006309
1006310
1006311
1006312
1006313
1006314
1006315
1006316
1006317
1006318
1006319
1006320
1006321
1006322
1006323
1006324
1006325
1006326
1006327
1006328
1006329
1006330
1006331
1006332
1006333
1006334
1006335
1006336
1006337
1006338
1006339
1006340
1006341
1006342
1006343
1006344
1006345
1006346
1006347
1006348
1006349
1006350
1006351
1006352
1006353
1006354
1006355
1006356
1006357
1006358
1006359
1006360
1006361
1006362
1006363
1006364
1006365
1006366
1006367
1006368
1006369
1006370
1006371
1006372
1006373
1006374
1006375
1006376
1006377
1006378
1006379
1006380
1006381
1006382
1006383
1006384
1006385
1006386
1006387
1006388
1006389
1006390
1006391
1006392
1006393
1006394
1006395
1006396
1006397
1006398
1006399
1006400
1006401
1006402
1006403
1006404
1006405
1006406
1006407
1006408
1006435
1006436
1006437
1006438
1006439
1006440
1006441
1006442
1006443
1006444
1006445
1006446
1006447
1006448
1006449
1006450
1006451
1006452
1006453
1006454
1006455
1006456
1006457
1006458
1006459
1006460
1006461
1006462
1006463
1006464
1006465
1006466
1006467
1006468
1006469
1006470
1006471
1006472
1006473
1006474
1006475
1006476
1006477
1006478
1006479
1006480
1006481
1006482
1006483
1006484
1006485
1006486
1006487
1006488
1006489
1006490
1006491
1006492
1006493
1006494
1006495
1006496
1006497
1006498
1006499
1006500
1006501
1006502
1006503
1006504
1006505
1006506
1006507
1006508
1006509
1006510
1006511
1006512
1006565
1006566
1006567
1006568
1006569
1006570
1006571
1006572
1006573
1006574
1006575
1006576
1006577
1006578
1006579
1006580
1006581
1006582
1006583
1006584
1006585
1006586
1006587
1006588
1006589
1006590
1006617
1006618
1006619
1006620
1006621
1006622
1006623
1006624
1006625
1006626
1006627
1006628
1006629
1006630
1006631
1006632
1006633
1006634
1006635
1006636
1006637
1006638
1006639
1006640
1006641
1006642
1006643
1006644
1006645
1006646
1006647
1006648
1006649
1006650
1006651
1006652
1006653
1006654
1006655
1006656
1006657
1006658
1006659
1006660
1006661
1006662
1006663
1006664
1006665
1006666
1006667
1006668
1006721
1006722
1006723
1006724
1006725
1006726
1006727
1006728
1006729
1006730
1006731
1006732
1006733
1006734
1006735
1006736
1006737
1006738
1006739
1006740
1006741
1006742
1006743
1006744
1006745
1006746
1006773
1006774
1006775
1006776
1006777
1006778
1006779
1006780
1006781
1006782
1006783
1006784
1006785
1006786
1006787
1006788
1006789
1006790
1006791
1006792
1006793
1006794
1006795
1006796
1006797
1006798
1006981
1006982
1006983
1006984
1006985
1006986
1006987
1006988
1006989
1006990
1006991
1006992
1006993
1006994
1006995
1006996
1006997
1006998
1006999
1007000
1007001
1007002
1007003
1007004
1007005
1007006
1007007
1007008
1007009
1007010
1007011
1007012
1007013
1007014
1007015
1007016
1007017
1007018
1007019
1007020
1007021
1007022
1007023
1007024
1007025
1007026
1007027
1007028
1007029
1007030
1007031
1007032
1007033
1007034
1007035
1007036
1007037
1007038
1007039
1007040
1007041
1007042
1007043
1007044
1007045
1007046
1007047
1007048
1007049
1007050
1007051
1007052
1007053
1007054
1007055
1007056
1007057
1007058
1007085
1007086
1007087
1007088
1007089
1007090
1007091
1007092
1007093
1007094
1007095
1007096
1007097
1007098
1007099
1007100
1007101
1007102
1007103
1007104
1007105
1007106
1007107
1007108
1007109
1007110
1007137
1007138
1007139
1007140
1007141
1007142
1007143
1007144
1007145
1007146
1007147
1007148
1007149
1007150
1007151
1007152
1007153
1007154
1007155
1007156
1007157
1007158
1007159
1007160
1007161
1007162
1007215
1007216
1007217
1007218
1007219
1007220
1007221
1007222
1007223
1007224
1007225
1007226
1007227
1007228
1007229
1007230
1007231
1007232
1007233
1007234
1007235
1007236
1007237
1007238
1007239
1007240
1007293
1007294
1007295
1007296
1007297
1007298
1007299
1007300
1007301
1007302
1007303
1007304
1007305
1007306
1007307
1007308
1007309
1007310
1007311
1007312
1007313
1007314
1007315
1007316
1007317
1007318
1007371
1007372
1007373
1007374
1007375
1007376
1007377
1007378
1007379
1007380
1007381
1007382
1007383
1007384
1007385
1007386
1007387
1007388
1007389
1007390
1007391
1007392
1007393
1007394
1007395
1007396
1007423
1007424
1007425
1007426
1007427
1007428
1007429
1007430
1007431
1007432
1007433
1007434
1007435
1007436
1007437
1007438
1007439
1007440
1007441
1007442
1007443
1007444
1007445
1007446
1007447
1007448
1007475
1007476
1007477
1007478
1007479
1007480
1007481
1007482
1007483
1007484
1007485
1007486
1007487
1007488
1007489
1007490
1007491
1007492
1007493
1007494
1007495
1007496
1007497
1007498
1007499
1007500
1007501
1007502
1007503
1007504
1007505
1007506
1007507
1007508
1007509
1007510
1007511
1007512
1007513
1007514
1007515
1007516
1007517
1007518
1007519
1007520
1007521
1007522
1007523
1007524
1007525
1007526
1007527
1007528
1007529
1007530
1007531
1007532
1007533
1007534
1007535
1007536
1007537
1007538
1007539
1007540
1007541
1007542
1007543
1007544
1007545
1007546
1007547
1007548
1007549
1007550
1007551
1007552
1007553
1007554
1007555
1007556
1007557
1007558
1007559
1007560
1007561
1007562
1007563
1007564
1007565
1007566
1007567
1007568
1007569
1007570
1007571
1007572
1007573
1007574
1007575
1007576
1007577
1007578
1007579
1007580
1007581
1007582
1007583
1007584
1007585
1007586
1007587
1007588
1007589
1007590
1007591
1007592
1007593
1007594
1007595
1007596
1007597
1007598
1007599
1007600
1007601
1007602
1007603
1007604
1007761
1007762
1007763
1007764
1007765
1007766
1007767
1007768
1007769
1007770
1007771
1007772
1007773
1007774
1007775
1007776
1007777
1007778
1007779
1007780
1007781
1007782
1007783
1007784
1007785
1007786
1007787
1007788
1007789
1007790
1007791
1007792
1007793
1007794
1007795
1007796
1007797
1007798
1007799
1007800
1007801
1007802
1007803
1007804
1007805
1007806
1007807
1007808
1007809
1007810
1007811
1007812
1007865
1007866
1007867
1007868
1007869
1007870
1007871
1007872
1007873
1007874
1007875
1007876
1007877
1007878
1007879
1007880
1007881
1007882
1007883
1007884
1007885
1007886
1007887
1007888
1007889
1007890
1007891
1007892
1007893
1007894
1007895
1007896
1007897
1007898
1007899
1007900
1007901
1007902
1007903
1007904
1007905
1007906
1007907
1007908
1007909
1007910
1007911
1007912
1007913
1007914
1007915
1007916
1007917
1007918
1007919
1007920
1007921
1007922
1007923
1007924
1007925
1007926
1007927
1007928
1007929
1007930
1007931
1007932
1007933
1007934
1007935
1007936
1007937
1007938
1007939
1007940
1007941
1007942
1007943
1007944
1007945
1007946
1007947
1007948
1007949
1007950
1007951
1007952
1007953
1007954
1007955
1007956
1007957
1007958
1007959
1007960
1007961
1007962
1007963
1007964
1007965
1007966
1007967
1007968
1007969
1007970
1007971
1007972
1007973
1007974
1007975
1007976
1007977
1007978
1007979
1007980
1007981
1007982
1007983
1007984
1007985
1007986
1007987
1007988
1007989
1007990
1007991
1007992
1007993
1007994
1007995
1007996
1007997
1007998
1007999
1008000
1008001
1008002
1008003
1008004
1008005
1008006
1008007
1008008
1008009
1008010
1008011
1008012
1008013
1008014
1008015
1008016
1008017
1008018
1008019
1008020
1008021
1008022
1008023
1008024
1008025
1008026
1008027
1008028
1008029
1008030
1008031
1008032
1008033
1008034
1008035
1008036
1008037
1008038
1008039
1008040
1008041
1008042
1008043
1008044
1008045
1008046
1008047
1008048
1008049
1008050
1008051
1008052
1008053
1008054
1008055
1008056
1008057
1008058
1008059
1008060
1008061
1008062
1008063
1008064
1008065
1008066
1008067
1008068
1008069
1008070
1008071
1008072
1008073
1008074
1008075
1008076
1008077
1008078
1008079
1008080
1008081
1008082
1008083
1008084
1008085
1008086
1008087
1008088
1008089
1008090
1008091
1008092
1008093
1008094
1008095
1008096
1008097
1008098
1008099
1008100
1008101
1008102
1008103
1008104
1008105
1008106
1008107
1008108
1008109
1008110
1008111
1008112
1008113
1008114
1008115
1008116
1008117
1008118
1008119
1008120
1008121
1008122
1008123
1008124
1008125
1008126
1008127
1008128
1008129
1008130
1008131
1008132
1008133
1008134
1008135
1008136
1008137
1008138
1008139
1008140
1008141
1008142
1008143
1008144
1008145
1008146
1008147
1008148
1008149
1008150
1008177
1008178
1008179
1008180
1008181
1008182
1008183
1008184
1008185
1008186
1008187
1008188
1008189
1008190
1008191
1008192
1008193
1008194
1008195
1008196
1008197
1008198
1008199
1008200
1008201
1008202
1008203
1008204
1008205
1008206
1008207
1008208
1008209
1008210
1008211
1008212
1008213
1008214
1008215
1008216
1008217
1008218
1008219
1008220
1008221
1008222
1008223
1008224
1008225
1008226
1008227
1008228
1008281
1008282
1008283
1008284
1008285
1008286
1008287
1008288
1008289
1008290
1008291
1008292
1008293
1008294
1008295
1008296
1008297
1008298
1008299
1008300
1008301
1008302
1008303
1008304
1008305
1008306
1008333
1008334
1008335
1008336
1008337
1008338
1008339
1008340
1008341
1008342
1008343
1008344
1008345
1008346
1008347
1008348
1008349
1008350
1008351
1008352
1008353
1008354
1008355
1008356
1008357
1008358
1008411
1008412
1008413
1008414
1008415
1008416
1008417
1008418
1008419
1008420
1008421
1008422
1008423
1008424
1008425
1008426
1008427
1008428
1008429
1008430
1008431
1008432
1008433
1008434
1008435
1008436
1008437
1008438
1008439
1008440
1008441
1008442
1008443
1008444
1008445
1008446
1008447
1008448
1008449
1008450
1008451
1008452
1008453
1008454
1008455
1008456
1008457
1008458
1008459
1008460
1008461
1008462
1008463
1008464
1008465
1008466
1008467
1008468
1008469
1008470
1008471
1008472
1008473
1008474
1008475
1008476
1008477
1008478
1008479
1008480
1008481
1008482
1008483
1008484
1008485
1008486
1008487
1008488
1008489
1008490
1008491
1008492
1008493
1008494
1008495
1008496
1008497
1008498
1008499
1008500
1008501
1008502
1008503
1008504
1008505
1008506
1008507
1008508
1008509
1008510
1008511
1008512
1008513
1008514
1008541
1008542
1008543
1008544
1008545
1008546
1008547
1008548
1008549
1008550
1008551
1008552
1008553
1008554
1008555
1008556
1008557
1008558
1008559
1008560
1008561
1008562
1008563
1008564
1008565
1008566
1008645
1008646
1008647
1008648
1008649
1008650
1008651
1008652
1008653
1008654
1008655
1008656
1008657
1008658
1008659
1008660
1008661
1008662
1008663
1008664
1008665
1008666
1008667
1008668
1008669
1008670
1008671
1008672
1008673
1008674
1008675
1008676
1008677
1008678
1008679
1008680
1008681
1008682
1008683
1008684
1008685
1008686
1008687
1008688
1008689
1008690
1008691
1008692
1008693
1008694
1008695
1008696
1008697
1008698
1008699
1008700
1008701
1008702
1008703
1008704
1008705
1008706
1008707
1008708
1008709
1008710
1008711
1008712
1008713
1008714
1008715
1008716
1008717
1008718
1008719
1008720
1008721
1008722
1008723
1008724
1008725
1008726
1008727
1008728
1008729
1008730
1008731
1008732
1008733
1008734
1008735
1008736
1008737
1008738
1008739
1008740
1008741
1008742
1008743
1008744
1008745
1008746
1008747
1008748
1008749
1008750
1008751
1008752
1008753
1008754
1008755
1008756
1008757
1008758
1008759
1008760
1008761
1008762
1008763
1008764
1008765
1008766
1008767
1008768
1008769
1008770
1008771
1008772
1008773
1008774
1008775
1008776
1008777
1008778
1008779
1008780
1008781
1008782
1008783
1008784
1008785
1008786
1008787
1008788
1008789
1008790
1008791
1008792
1008793
1008794
1008795
1008796
1008797
1008798
1008799
1008800
1008827
1008828
1008829
1008830
1008831
1008832
1008833
1008834
1008835
1008836
1008837
1008838
1008839
1008840
1008841
1008842
1008843
1008844
1008845
1008846
1008847
1008848
1008849
1008850
1008851
1008852
1008853
1008854
1008855
1008856
1008857
1008858
1008859
1008860
1008861
1008862
1008863
1008864
1008865
1008866
1008867
1008868
1008869
1008870
1008871
1008872
1008873
1008874
1008875
1008876
1008877
1008878
1008879
1008880
1008881
1008882
1008883
1008884
1008885
1008886
1008887
1008888
1008889
1008890
1008891
1008892
1008893
1008894
1008895
1008896
1008897
1008898
1008899
1008900
1008901
1008902
1008903
1008904
1008931
1008932
1008933
1008934
1008935
1008936
1008937
1008938
1008939
1008940
1008941
1008942
1008943
1008944
1008945
1008946
1008947
1008948
1008949
1008950
1008951
1008952
1008953
1008954
1008955
1008956
1008983
1008984
1008985
1008986
1008987
1008988
1008989
1008990
1008992
1008993
1008994
1008995
1008996
1008997
1008998
1008999
1009000
1009001
1009002
1009003
1009004
1009005
1009006
1009007
1009008
1009035
1009036
1009037
1009038
1009039
1009040
1009041
1009042
1009043
1009044
1009045
1009046
1009047
1009048
1009049
1009050
1009051
1009052
1009053
1009054
1009055
1009056
1009057
1009058
1009059
1009060
1009113
1009114
1009115
1009116
1009117
1009118
1009119
1009120
1009121
1009122
1009123
1009124
1009125
1009126
1009127
1009128
1009129
1009130
1009131
1009132
1009133
1009134
1009135
1009136
1009137
1009138
1009139
1009140
1009141
1009142
1009143
1009144
1009145
1009147
1009148
1009149
1009150
1009151
1009152
1009153
1009154
1009155
1009156
1009157
1009158
1009159
1009160
1009161
1009162
1009163
1009164
1009165
1009166
1009167
1009168
1009169
1009170
1009171
1009172
1009173
1009174
1009175
1009176
1009177
1009178
1009179
1009180
1009181
1009182
1009183
1009184
1009185
1009186
1009187
1009188
1009189
1009190
1009217
1009218
1009219
1009220
1009221
1009222
1009223
1009224
1009225
1009226
1009227
1009228
1009229
1009230
1009231
1009232
1009233
1009234
1009235
1009236
1009237
1009238
1009239
1009240
1009241
1009242
1009321
1009322
1009323
1009324
1009325
1009326
1009327
1009328
1009329
1009330
1009331
1009332
1009333
1009334
1009335
1009336
1009337
1009338
1009339
1009340
1009341
1009342
1009343
1009344
1009345
1009346
1009477
1009478
1009479
1009480
1009481
1009482
1009483
1009484
1009485
1009486
1009487
1009488
1009489
1009490
1009491
1009492
1009493
1009494
1009495
1009496
1009497
1009498
1009499
1009500
1009501
1009502
1009503
1009504
1009505
1009506
1009507
1009508
1009509
1009510
1009511
1009512
1009513
1009514
1009515
1009516
1009517
1009518
1009519
1009520
1009521
1009522
1009523
1009524
1009525
1009526
1009527
1009528
1009529
1009530
1009531
1009532
1009533
1009534
1009535
1009536
1009537
1009538
1009539
1009540
1009541
1009542
1009543
1009544
1009545
1009546
1009547
1009548
1009549
1009550
1009551
1009552
1009553
1009554
1009607
1009608
1009609
1009610
1009611
1009612
1009613
1009614
1009615
1009616
1009617
1009618
1009619
1009620
1009621
1009622
1009623
1009624
1009625
1009626
1009627
1009628
1009629
1009630
1009631
1009632
1009659
1009660
1009661
1009662
1009663
1009664
1009665
1009666
1009667
1009668
1009669
1009670
1009671
1009672
1009673
1009674
1009675
1009676
1009677
1009678
1009679
1009680
1009681
1009682
1009683
1009684
1009685
1009686
1009687
1009688
1009689
1009690
1009691
1009692
1009693
1009694
1009695
1009696
1009697
1009698
1009699
1009700
1009701
1009702
1009703
1009704
1009705
1009706
1009707
1009708
1009709
1009710
1009763
1009764
1009765
1009766
1009767
1009768
1009769
1009770
1009771
1009772
1009773
1009774
1009775
1009776
1009777
1009778
1009779
1009780
1009781
1009782
1009783
1009784
1009785
1009786
1009787
1009788
1009789
1009790
1009791
1009792
1009793
1009794
1009795
1009796
1009797
1009798
1009799
1009800
1009801
1009802
1009803
1009804
1009805
1009806
1009807
1009808
1009809
1009810
1009811
1009812
1009813
1009814
1009841
1009842
1009843
1009844
1009845
1009846
1009847
1009848
1009849
1009850
1009851
1009852
1009853
1009854
1009855
1009856
1009857
1009858
1009859
1009860
1009861
1009862
1009863
1009864
1009865
1009866
1009867
1009868
1009869
1009870
1009871
1009872
1009873
1009874
1009875
1009876
1009877
1009878
1009879
1009880
1009881
1009882
1009883
1009884
1009885
1009886
1009887
1009888
1009889
1009890
1009891
1009892
1009893
1009894
1009895
1009896
1009897
1009898
1009899
1009900
1009901
1009902
1009903
1009904
1009905
1009906
1009907
1009908
1009909
1009910
1009911
1009912
1009913
1009914
1009915
1009916
1009917
1009918
1009945
1009946
1009947
1009948
1009949
1009950
1009951
1009952
1009953
1009954
1009955
1009956
1009957
1009958
1009959
1009960
1009961
1009962
1009963
1009964
1009965
1009966
1009967
1009968
1009969
1009970
1009971
1009972
1009973
1009974
1009975
1009976
1009977
1009978
1009979
1009980
1009981
1009982
1009983
1009984
1009985
1009986
1009987
1009988
1009989
1009990
1009991
1009992
1009993
1009994
1009995
1009996
1009997
1009998
1009999
1010000
1010001
1010002
1010003
1010004
1010005
1010006
1010007
1010008
1010009
1010010
1010011
1010012
1010013
1010014
1010015
1010016
1010017
1010018
1010019
1010020
1010021
1010022
1010023
1010024
1010025
1010026
1010027
1010028
1010029
1010030
1010031
1010032
1010033
1010034
1010035
1010036
1010037
1010038
1010039
1010040
1010041
1010042
1010043
1010044
1010045
1010046
1010047
1010048
1010049
1010050
1010051
1010052
1010053
1010054
1010055
1010056
1010057
1010058
1010059
1010060
1010061
1010062
1010063
1010064
1010065
1010066
1010067
1010068
1010069
1010070
1010071
1010072
1010073
1010074
1010127
1010128
1010129
1010130
1010131
1010132
1010133
1010134
1010135
1010136
1010137
1010138
1010139
1010140
1010141
1010142
1010143
1010144
1010145
1010146
1010147
1010148
1010149
1010150
1010151
1010152
1010153
1010154
1010155
1010156
1010157
1010158
1010159
1010160
1010161
1010162
1010163
1010164
1010165
1010166
1010167
1010168
1010169
1010170
1010171
1010172
1010173
1010174
1010175
1010176
1010177
1010178
