1010205
1010206
1010207
1010208
1010209
1010210
1010211
1010212
1010213
1010214
1010215
1010216
1010217
1010218
1010219
1010220
1010221
1010222
1010223
1010224
1010225
1010226
1010227
1010228
1010229
1010230
1010257
1010258
1010259
1010260
1010261
1010262
1010263
1010264
1010265
1010266
1010267
1010268
1010269
1010270
1010271
1010272
1010273
1010274
1010275
1010276
1010277
1010278
1010279
1010280
1010281
1010282
1010283
1010284
1010285
1010286
1010287
1010288
1010289
1010290
1010291
1010292
1010293
1010294
1010295
1010296
1010297
1010298
1010299
1010300
1010301
1010302
1010303
1010304
1010305
1010306
1010307
1010308
1010309
1010310
1010311
1010312
1010313
1010314
1010315
1010316
1010317
1010318
1010319
1010320
1010321
1010322
1010323
1010324
1010325
1010326
1010327
1010328
1010329
1010330
1010331
1010332
1010333
1010334
1010517
1010518
1010519
1010520
1010521
1010522
1010523
1010524
1010525
1010526
1010527
1010528
1010529
1010530
1010531
1010532
1010533
1010534
1010535
1010536
1010537
1010538
1010539
1010540
1010541
1010542
1010569
1010570
1010571
1010572
1010573
1010574
1010575
1010576
1010577
1010578
1010579
1010580
1010581
1010582
1010583
1010584
1010585
1010586
1010587
1010588
1010589
1010590
1010591
1010592
1010593
1010594
1010673
1010674
1010675
1010676
1010677
1010678
1010679
1010680
1010681
1010682
1010683
1010684
1010685
1010686
1010688
1010689
1010690
1010691
1010692
1010693
1010694
1010695
1010696
1010697
1010698
1010725
1010726
1010727
1010728
1010729
1010730
1010731
1010732
1010733
1010734
1010735
1010736
1010737
1010738
1010739
1010740
1010741
1010742
1010743
1010744
1010745
1010746
1010747
1010748
1010749
1010750
1010829
1010830
1010831
1010832
1010833
1010834
1010835
1010836
1010837
1010838
1010839
1010840
1010841
1010842
1010843
1010844
1010845
1010846
1010847
1010848
1010849
1010850
1010851
1010852
1010853
1010854
1010881
1010882
1010883
1010884
1010885
1010886
1010887
1010888
1010889
1010890
1010891
1010892
1010893
1010894
1010895
1010896
1010897
1010898
1010899
1010900
1010901
1010902
1010903
1010904
1010905
1010906
1010959
1010960
1010961
1010962
1010963
1010964
1010965
1010966
1010967
1010968
1010969
1010970
1010971
1010972
1010973
1010974
1010975
1010976
1010977
1010978
1010979
1010980
1010981
1010982
1010983
1010984
1010985
1010986
1010987
1010988
1010989
1010990
1010991
1010992
1010993
1010994
1010995
1010996
1010997
1010998
1010999
1011000
1011001
1011002
1011003
1011004
1011005
1011006
1011007
1011008
1011009
1011010
1011063
1011064
1011065
1011066
1011067
1011068
1011069
1011070
1011071
1011072
1011073
1011074
1011075
1011076
1011077
1011078
1011079
1011080
1011081
1011082
1011083
1011084
1011085
1011086
1011087
1011088
1011193
1011194
1011195
1011196
1011197
1011198
1011199
1011200
1011201
1011202
1011203
1011204
1011205
1011206
1011207
1011208
1011209
1011210
1011211
1011212
1011213
1011214
1011215
1011216
1011217
1011218
1011297
1011298
1011299
1011300
1011301
1011302
1011303
1011304
1011305
1011306
1011307
1011308
1011309
1011310
1011311
1011312
1011313
1011314
1011315
1011316
1011317
1011318
1011319
1011320
1011321
1011322
1011323
1011324
1011325
1011326
1011327
1011328
1011329
1011330
1011331
1011332
1011333
1011334
1011335
1011336
1011337
1011338
1011339
1011340
1011341
1011342
1011343
1011344
1011345
1011346
1011347
1011348
1011349
1011350
1011351
1011352
1011353
1011354
1011355
1011356
1011357
1011358
1011359
1011360
1011361
1011362
1011363
1011364
1011365
1011366
1011367
1011368
1011369
1011370
1011371
1011372
1011373
1011374
1011375
1011376
1011377
1011378
1011379
1011380
1011381
1011382
1011383
1011384
1011385
1011386
1011387
1011388
1011389
1011390
1011391
1011392
1011393
1011394
1011395
1011396
1011397
1011398
1011399
1011400
1011427
1011428
1011429
1011430
1011431
1011432
1011433
1011434
1011435
1011436
1011437
1011438
1011439
1011440
1011441
1011442
1011443
1011444
1011445
1011446
1011447
1011448
1011449
1011450
1011451
1011452
1011453
1011454
1011455
1011456
1011457
1011458
1011459
1011460
1011461
1011462
1011463
1011464
1011465
1011466
1011467
1011468
1011469
1011470
1011471
1011472
1011473
1011474
1011475
1011476
1011477
1011478
1011531
1011532
1011533
1011534
1011535
1011536
1011537
1011538
1011539
1011540
1011541
1011542
1011543
1011544
1011545
1011546
1011547
1011548
1011549
1011550
1011551
1011552
1011553
1011554
1011555
1011556
1011687
1011688
1011689
1011690
1011691
1011692
1011693
1011694
1011695
1011696
1011697
1011698
1011699
1011700
1011701
1011702
1011703
1011704
1011705
1011706
1011707
1011708
1011709
1011710
1011711
1011712
1011739
1011740
1011741
1011742
1011743
1011744
1011745
1011746
1011747
1011748
1011749
1011750
1011751
1011752
1011753
1011754
1011755
1011756
1011757
1011758
1011759
1011760
1011761
1011762
1011763
1011764
1011843
1011844
1011845
1011846
1011847
1011848
1011849
1011850
1011851
1011852
1011853
1011854
1011855
1011856
1011857
1011858
1011859
1011860
1011861
1011862
1011863
1011864
1011865
1011866
1011867
1011868
1011921
1011922
1011923
1011924
1011925
1011926
1011927
1011928
1011929
1011930
1011931
1011932
1011933
1011934
1011935
1011936
1011937
1011938
1011939
1011940
1011941
1011942
1011943
1011944
1011945
1011946
1011973
1011974
1011975
1011976
1011977
1011978
1011979
1011980
1011981
1011982
1011983
1011984
1011985
1011986
1011987
1011988
1011989
1011990
1011991
1011992
1011993
1011994
1011995
1011996
1011997
1011998
1012025
1012026
1012027
1012028
1012029
1012030
1012031
1012032
1012033
1012034
1012035
1012036
1012037
1012038
1012039
1012040
1012041
1012042
1012043
1012044
1012045
1012046
1012047
1012048
1012049
1012050
1012077
1012078
1012079
1012080
1012081
1012082
1012083
1012084
1012085
1012086
1012087
1012088
1012089
1012090
1012091
1012092
1012093
1012094
1012095
1012096
1012097
1012098
1012099
1012100
1012101
1012102
1012103
1012104
1012105
1012106
1012107
1012108
1012109
1012110
1012111
1012112
1012113
1012114
1012115
1012116
1012117
1012118
1012119
1012120
1012121
1012122
1012123
1012124
1012125
1012126
1012127
1012128
1012129
1012130
1012131
1012132
1012133
1012134
1012135
1012136
1012137
1012138
1012139
1012140
1012141
1012142
1012143
1012144
1012145
1012146
1012147
1012148
1012149
1012150
1012151
1012152
1012153
1012154
1012155
1012156
1012157
1012158
1012159
1012160
1012161
1012162
1012163
1012164
1012165
1012166
1012167
1012168
1012169
1012170
1012171
1012172
1012173
1012174
1012175
1012176
1012177
1012178
1012179
1012180
1012181
1012182
1012183
1012184
1012185
1012186
1012187
1012188
1012189
1012190
1012191
1012192
1012193
1012194
1012195
1012196
1012197
1012198
1012199
1012200
1012201
1012202
1012203
1012204
1012205
1012206
1012207
1012208
1012209
1012210
1012211
1012212
1012213
1012214
1012215
1012216
1012217
1012218
1012219
1012220
1012221
1012222
1012223
1012224
1012225
1012226
1012227
1012228
1012229
1012230
1012231
1012232
1012233
1012234
1012235
1012236
1012237
1012238
1012239
1012240
1012241
1012242
1012243
1012244
1012245
1012246
1012247
1012248
1012249
1012250
1012251
1012252
1012253
1012254
1012255
1012256
1012257
1012258
1012259
1012260
1012261
1012262
1012263
1012264
1012265
1012266
1012267
1012268
1012269
1012270
1012271
1012272
1012273
1012274
1012275
1012276
1012277
1012278
1012279
1012280
1012281
1012282
1012283
1012284
1012285
1012286
1012287
1012288
1012289
1012290
1012291
1012292
1012293
1012294
1012295
1012296
1012297
1012298
1012299
1012300
1012301
1012302
1012303
1012304
1012305
1012306
1012307
1012308
1012309
1012310
1012311
1012312
1012313
1012314
1012315
1012316
1012317
1012318
1012319
1012320
1012321
1012322
1012323
1012324
1012325
1012326
1012327
1012328
1012329
1012330
1012331
1012332
1012333
1012334
1012335
1012336
1012363
1012364
1012365
1012366
1012367
1012368
1012369
1012370
1012371
1012372
1012373
1012374
1012375
1012376
1012377
1012378
1012379
1012380
1012381
1012382
1012383
1012384
1012385
1012386
1012387
1012388
1012389
1012390
1012391
1012392
1012393
1012394
1012395
1012396
1012397
1012398
1012399
1012400
1012401
1012402
1012403
1012404
1012405
1012406
1012407
1012408
1012409
1012410
1012411
1012412
1012413
1012414
1012441
1012442
1012443
1012444
1012445
1012446
1012447
1012448
1012449
1012450
1012451
1012452
1012453
1012454
1012455
1012456
1012457
1012458
1012459
1012460
1012461
1012462
1012463
1012464
1012465
1012466
1012519
1012520
1012521
1012522
1012523
1012524
1012525
1012526
1012527
1012528
1012529
1012530
1012531
1012532
1012533
1012534
1012535
1012536
1012537
1012538
1012539
1012540
1012541
1012542
1012543
1012544
1012545
1012546
1012547
1012548
1012549
1012550
1012551
1012552
1012553
1012554
1012555
1012556
1012557
1012558
1012559
1012560
1012561
1012562
1012563
1012564
1012565
1012566
1012567
1012568
1012569
1012570
1012623
1012624
1012625
1012626
1012627
1012628
1012629
1012630
1012631
1012632
1012633
1012634
1012635
1012636
1012637
1012638
1012639
1012640
1012641
1012642
1012643
1012644
1012645
1012646
1012647
1012648
1012649
1012650
1012651
1012652
1012653
1012654
1012655
1012656
1012657
1012658
1012659
1012660
1012661
1012662
1012663
1012664
1012665
1012666
1012667
1012668
1012669
1012670
1012671
1012672
1012673
1012674
1012727
1012728
1012729
1012730
1012731
1012732
1012733
1012734
1012735
1012736
1012737
1012738
1012739
1012740
1012741
1012742
1012743
1012744
1012745
1012746
1012747
1012748
1012749
1012750
1012751
1012752
1012779
1012780
1012781
1012782
1012783
1012784
1012785
1012786
1012787
1012788
1012789
1012790
1012791
1012792
1012793
1012794
1012795
1012796
1012797
1012798
1012799
1012800
1012801
1012802
1012803
1012804
1012805
1012806
1012807
1012808
1012809
1012810
1012811
1012812
1012813
1012814
1012815
1012816
1012817
1012818
1012819
1012820
1012821
1012822
1012823
1012824
1012825
1012826
1012827
1012828
1012829
1012830
1012857
1012858
1012859
1012860
1012861
1012862
1012863
1012864
1012865
1012866
1012867
1012868
1012869
1012870
1012871
1012872
1012873
1012874
1012875
1012876
1012877
1012878
1012879
1012880
1012881
1012882
1012883
1012884
1012885
1012886
1012887
1012888
1012889
1012890
1012891
1012892
1012893
1012894
1012895
1012896
1012897
1012898
1012899
1012900
1012901
1012902
1012903
1012904
1012905
1012906
1012907
1012908
1012909
1012910
1012911
1012912
1012913
1012914
1012915
1012916
1012917
1012918
1012919
1012920
1012921
1012922
1012923
1012924
1012925
1012926
1012927
1012928
1012929
1012930
1012931
1012932
1012933
1012934
1012935
1012936
1012937
1012938
1012939
1012940
1012941
1012942
1012943
1012944
1012945
1012946
1012947
1012948
1012949
1012950
1012951
1012952
1012953
1012954
1012955
1012956
1012957
1012958
1012959
1012960
1012987
1012988
1012989
1012990
1012991
1012992
1012993
1012994
1012995
1012996
1012997
1012998
1012999
1013000
1013001
1013002
1013003
1013004
1013005
1013006
1013007
1013008
1013009
1013010
1013011
1013012
1013013
1013014
1013015
1013016
1013017
1013018
1013019
1013020
1013021
1013022
1013023
1013024
1013025
1013026
1013027
1013028
1013029
1013030
1013031
1013032
1013033
1013034
1013035
1013036
1013037
1013038
1013039
1013040
1013041
1013042
1013043
1013044
1013045
1013046
1013047
1013048
1013049
1013050
1013051
1013052
1013053
1013054
1013055
1013056
1013057
1013058
1013059
1013060
1013061
1013062
1013063
1013064
1013065
1013066
1013067
1013068
1013069
1013070
1013071
1013072
1013073
1013074
1013075
1013076
1013077
1013078
1013079
1013080
1013081
1013082
1013083
1013084
1013085
1013086
1013087
1013088
1013089
1013090
1013169
1013170
1013171
1013172
1013173
1013174
1013175
1013176
1013177
1013178
1013179
1013180
1013181
1013182
1013183
1013184
1013185
1013186
1013187
1013188
1013189
1013190
1013191
1013192
1013193
1013194
1013273
1013274
1013275
1013276
1013277
1013278
1013279
1013280
1013281
1013282
1013283
1013284
1013285
1013286
1013287
1013288
1013289
1013290
1013291
1013292
1013293
1013294
1013295
1013296
1013297
1013298
1013299
1013300
1013301
1013302
1013303
1013304
1013305
1013306
1013307
1013308
1013309
1013310
1013311
1013312
1013313
1013314
1013315
1013316
1013317
1013318
1013319
1013320
1013321
1013322
1013323
1013324
1013455
1013456
1013457
1013458
1013459
1013460
1013461
1013462
1013463
1013464
1013465
1013466
1013467
1013468
1013469
1013470
1013471
1013472
1013473
1013474
1013475
1013476
1013477
1013478
1013479
1013480
1013481
1013482
1013483
1013484
1013485
1013486
1013487
1013488
1013489
1013490
1013491
1013492
1013493
1013494
1013495
1013496
1013497
1013498
1013499
1013500
1013501
1013502
1013503
1013504
1013505
1013506
1013507
1013508
1013509
1013510
1013511
1013512
1013513
1013514
1013515
1013516
1013517
1013518
1013519
1013520
1013521
1013522
1013523
1013524
1013525
1013526
1013527
1013528
1013529
1013530
1013531
1013532
1013533
1013534
1013535
1013536
1013537
1013538
1013539
1013540
1013541
1013542
1013543
1013544
1013545
1013546
1013547
1013548
1013549
1013550
1013551
1013552
1013553
1013554
1013555
1013556
1013557
1013558
1013559
1013560
1013561
1013562
1013563
1013564
1013565
1013566
1013567
1013568
1013569
1013570
1013571
1013572
1013573
1013574
1013575
1013576
1013577
1013578
1013579
1013580
1013581
1013582
1013583
1013584
1013585
1013586
1013587
1013588
1013589
1013590
1013591
1013592
1013593
1013594
1013595
1013596
1013597
1013598
1013599
1013600
1013601
1013602
1013603
1013604
1013605
1013606
1013607
1013608
1013609
1013610
1013611
1013612
1013613
1013614
1013615
1013616
1013617
1013618
1013619
1013620
1013621
1013622
1013623
1013624
1013625
1013626
1013627
1013628
1013629
1013630
1013631
1013632
1013633
1013634
1013635
1013636
1013637
1013638
1013639
1013640
1013641
1013642
1013643
1013644
1013645
1013646
1013647
1013648
1013649
1013650
1013651
1013652
1013653
1013654
1013655
1013656
1013657
1013658
1013659
1013660
1013661
1013662
1013663
1013664
1013665
1013666
1013667
1013668
1013669
1013670
1013671
1013672
1013673
1013674
1013675
1013676
1013677
1013678
1013679
1013680
1013681
1013682
1013683
1013684
1013685
1013686
1013687
1013688
1013715
1013716
1013717
1013718
1013719
1013720
1013721
1013722
1013723
1013724
1013725
1013726
1013727
1013728
1013729
1013730
1013731
1013732
1013733
1013734
1013735
1013736
1013737
1013738
1013739
1013740
1013793
1013794
1013795
1013796
1013797
1013798
1013799
1013800
1013801
1013802
1013803
1013804
1013805
1013806
1013807
1013808
1013809
1013810
1013811
1013812
1013813
1013814
1013815
1013816
1013817
1013818
1013819
1013820
1013821
1013822
1013823
1013824
1013825
1013826
1013827
1013828
1013829
1013830
1013831
1013832
1013833
1013834
1013835
1013836
1013837
1013838
1013839
1013840
1013841
1013842
1013843
1013844
1013871
1013872
1013873
1013874
1013875
1013876
1013877
1013878
1013879
1013880
1013881
1013882
1013883
1013884
1013885
1013886
1013887
1013888
1013889
1013890
1013891
1013892
1013893
1013894
1013895
1013896
1013923
1013924
1013925
1013926
1013927
1013928
1013929
1013930
1013931
1013932
1013933
1013934
1013935
1013936
1013937
1013938
1013939
1013940
1013941
1013942
1013943
1013944
1013945
1013946
1013947
1013948
1014053
1014054
1014055
1014056
1014057
1014058
1014059
1014060
1014061
1014062
1014063
1014064
1014065
1014066
1014067
1014068
1014069
1014070
1014071
1014072
1014073
1014074
1014075
1014076
1014077
1014078
1014079
1014080
1014081
1014082
1014083
1014084
1014085
1014086
1014087
1014088
1014089
1014090
1014091
1014092
1014093
1014094
1014095
1014096
1014097
1014098
1014099
1014100
1014101
1014102
1014103
1014104
1014157
1014158
1014159
1014160
1014161
1014162
1014163
1014164
1014165
1014166
1014167
1014168
1014169
1014170
1014171
1014172
1014173
1014174
1014175
1014176
1014177
1014178
1014179
1014180
1014181
1014182
1014209
1014210
1014211
1014212
1014213
1014214
1014215
1014216
1014217
1014218
1014219
1014220
1014221
1014222
1014223
1014224
1014225
1014226
1014227
1014228
1014229
1014230
1014231
1014232
1014233
1014234
1014235
1014236
1014237
1014238
1014239
1014240
1014241
1014242
1014243
1014244
1014245
1014246
1014247
1014248
1014249
1014250
1014251
1014252
1014253
1014254
1014255
1014256
1014257
1014258
1014259
1014260
1014261
1014262
1014263
1014264
1014265
1014266
1014267
1014268
1014269
1014270
1014271
1014272
1014273
1014274
1014275
1014276
1014277
1014278
1014279
1014280
1014281
1014282
1014283
1014284
1014285
1014286
1014313
1014314
1014315
1014316
1014317
1014318
1014319
1014320
1014321
1014322
1014323
1014324
1014325
1014326
1014327
1014328
1014329
1014330
1014331
1014332
1014333
1014334
1014335
1014336
1014337
1014338
1014365
1014366
1014367
1014368
1014369
1014370
1014371
1014372
1014373
1014374
1014375
1014376
1014377
1014378
1014379
1014380
1014381
1014382
1014383
1014384
1014385
1014386
1014387
1014388
1014389
1014390
1014391
1014392
1014393
1014394
1014395
1014396
1014397
1014398
1014399
1014400
1014401
1014402
1014403
1014404
1014405
1014406
1014407
1014408
1014409
1014410
1014411
1014412
1014413
1014414
1014415
1014416
1014443
1014444
1014445
1014446
1014447
1014448
1014449
1014450
1014451
1014452
1014453
1014454
1014455
1014456
1014457
1014458
1014459
1014460
1014461
1014462
1014463
1014464
1014465
1014466
1014467
1014468
1014495
1014496
1014497
1014498
1014499
1014500
1014501
1014502
1014503
1014504
1014505
1014506
1014507
1014508
1014509
1014510
1014511
1014512
1014513
1014514
1014515
1014516
1014517
1014518
1014519
1014520
1014521
1014522
1014523
1014524
1014525
1014526
1014527
1014528
1014529
1014530
1014531
1014532
1014533
1014534
1014535
1014536
1014537
1014538
1014539
1014540
1014541
1014542
1014543
1014544
1014545
1014546
1014625
1014626
1014627
1014628
1014629
1014630
1014631
1014632
1014633
1014634
1014635
1014636
1014637
1014638
1014639
1014640
1014641
1014642
1014643
1014644
1014645
1014646
1014647
1014648
1014649
1014650
1014651
1014652
1014653
1014654
1014655
1014656
1014657
1014658
1014659
1014660
1014661
1014662
1014663
1014664
1014665
1014666
1014667
1014668
1014669
1014670
1014671
1014672
1014673
1014674
1014675
1014676
1014729
1014730
1014731
1014732
1014733
1014734
1014735
1014736
1014737
1014738
1014739
1014740
1014741
1014742
1014743
1014744
1014745
1014746
1014747
1014748
1014749
1014750
1014751
1014752
1014753
1014754
1014781
1014782
1014783
1014784
1014785
1014786
1014787
1014788
1014790
1014791
1014792
1014793
1014794
1014795
1014796
1014797
1014798
1014799
1014800
1014801
1014802
1014803
1014804
1014805
1014806
1014833
1014834
1014835
1014836
1014837
1014838
1014839
1014840
1014841
1014842
1014843
1014844
1014845
1014846
1014847
1014848
1014849
1014850
1014851
1014852
1014853
1014854
1014855
1014856
1014857
1014858
1014937
1014938
1014939
1014940
1014941
1014942
1014943
1014944
1014945
1014946
1014947
1014948
1014949
1014950
1014951
1014952
1014953
1014954
1014955
1014956
1014957
1014958
1014959
1014960
1014961
1014962
1015015
1015016
1015017
1015018
1015019
1015020
1015021
1015022
1015023
1015024
1015025
1015026
1015027
1015028
1015029
1015030
1015031
1015032
1015033
1015034
1015035
1015036
1015037
1015038
1015039
1015040
1015041
1015042
1015043
1015044
1015045
1015046
1015047
1015048
1015049
1015050
1015051
1015052
1015053
1015054
1015055
1015056
1015057
1015058
1015059
1015060
1015061
1015062
1015063
1015064
1015065
1015066
1015119
1015120
1015121
1015122
1015123
1015124
1015125
1015126
1015127
1015128
1015129
1015130
1015131
1015132
1015133
1015134
1015135
1015136
1015137
1015138
1015139
1015140
1015141
1015142
1015143
1015144
1015145
1015146
1015147
1015148
1015149
1015150
1015151
1015152
1015153
1015154
1015155
1015156
1015157
1015158
1015159
1015160
1015161
1015162
1015163
1015164
1015165
1015166
1015167
1015168
1015169
1015170
1015197
1015198
1015199
1015200
1015201
1015202
1015203
1015204
1015205
1015206
1015207
1015208
1015209
1015210
1015211
1015212
1015213
1015214
1015215
1015216
1015217
1015218
1015219
1015220
1015221
1015222
1015224
1015225
1015226
1015227
1015228
1015229
1015230
1015231
1015232
1015233
1015234
1015235
1015236
1015237
1015238
1015239
1015240
1015241
1015242
1015243
1015244
1015245
1015246
1015247
1015248
1015327
1015328
1015329
1015330
1015331
1015332
1015333
1015334
1015335
1015336
1015337
1015338
1015339
1015340
1015341
1015342
1015343
1015344
1015345
1015346
1015347
1015348
1015349
1015350
1015351
1015352
1015510
1015511
1015512
1015513
1015514
1015515
1015516
1015517
1015518
1015519
1015520
1015521
1015522
1015523
1015524
1015525
1015526
1015527
1015528
1015529
1015530
1015531
1015532
1015533
1015534
1015561
1015562
1015563
1015564
1015565
1015566
1015567
1015568
1015569
1015570
1015571
1015572
1015573
1015574
1015575
1015576
1015577
1015578
1015579
1015580
1015581
1015582
1015583
1015584
1015585
1015586
1015665
1015666
1015667
1015668
1015669
1015670
1015671
1015672
1015673
1015674
1015675
1015676
1015677
1015678
1015679
1015680
1015681
1015682
1015683
1015684
1015685
1015686
1015687
1015688
1015689
1015690
1015691
1015692
1015693
1015694
1015695
1015696
1015697
1015698
1015699
1015700
1015701
1015702
1015703
1015704
1015705
1015706
1015707
1015708
1015709
1015710
1015711
1015712
1015713
1015714
1015715
1015716
1015743
1015744
1015745
1015746
1015747
1015748
1015749
1015750
1015751
1015752
1015753
1015754
1015755
1015756
1015757
1015758
1015759
1015760
1015761
1015762
1015763
1015764
1015765
1015766
1015767
1015768
1015951
1015952
1015953
1015954
1015955
1015956
1015957
1015958
1015959
1015960
1015961
1015962
1015963
1015964
1015965
1015966
1015967
1015968
1015969
1015970
1015971
1015972
1015973
1015974
1015975
1015976
1016003
1016004
1016005
1016006
1016007
1016008
1016009
1016010
1016011
1016012
1016013
1016014
1016015
1016016
1016017
1016018
1016019
1016020
1016021
1016022
1016023
1016024
1016025
1016026
1016027
1016028
1016055
1016056
1016057
1016058
1016059
1016060
1016061
1016062
1016063
1016064
1016065
1016066
1016067
1016068
1016069
1016070
1016071
1016072
1016073
1016074
1016075
1016076
1016077
1016078
1016079
1016080
1016133
1016134
1016135
1016136
1016137
1016138
1016139
1016140
1016141
1016142
1016143
1016144
1016145
1016146
1016147
1016148
1016149
1016150
1016151
1016152
1016153
1016154
1016155
1016156
1016157
1016158
1016211
1016212
1016213
1016214
1016215
1016216
1016217
1016218
1016219
1016220
1016221
1016222
1016223
1016224
1016225
1016226
1016227
1016228
1016229
1016230
1016231
1016232
1016233
1016234
1016235
1016236
1016237
1016238
1016239
1016240
1016241
1016242
1016243
1016244
1016245
1016246
1016247
1016248
1016249
1016250
1016251
1016252
1016253
1016254
1016255
1016256
1016257
1016258
1016259
1016260
1016261
1016262
1016263
1016264
1016265
1016266
1016267
1016268
1016269
1016270
1016271
1016272
1016273
1016274
1016275
1016276
1016277
1016278
1016279
1016280
1016281
1016282
1016283
1016284
1016285
1016286
1016287
1016288
1016315
1016316
1016317
1016318
1016319
1016320
1016321
1016322
1016323
1016324
1016325
1016326
1016327
1016328
1016329
1016330
1016331
1016332
1016333
1016334
1016335
1016336
1016337
1016338
1016339
1016340
1016341
1016342
1016343
1016344
1016345
1016346
1016347
1016348
1016349
1016350
1016351
1016352
1016353
1016354
1016355
1016356
1016357
1016358
1016359
1016360
1016361
1016362
1016363
1016364
1016365
1016366
1016393
1016394
1016395
1016396
1016397
1016398
1016399
1016400
1016401
1016402
1016403
1016404
1016405
1016406
1016407
1016408
1016409
1016410
1016411
1016412
1016413
1016414
1016415
1016416
1016417
1016418
1016497
1016498
1016499
1016500
1016501
1016502
1016503
1016504
1016505
1016506
1016507
1016508
1016509
1016510
1016511
1016512
1016513
1016514
1016515
1016516
1016517
1016518
1016519
1016520
1016521
1016522
1016549
1016550
1016551
1016552
1016553
1016554
1016555
1016556
1016557
1016558
1016559
1016560
1016561
1016562
1016563
1016564
1016565
1016566
1016567
1016568
1016569
1016570
1016571
1016572
1016573
1016574
1016627
1016628
1016629
1016630
1016631
1016632
1016633
1016634
1016635
1016636
1016637
1016638
1016639
1016640
1016641
1016642
1016643
1016644
1016645
1016646
1016647
1016648
1016649
1016650
1016651
1016652
1016653
1016654
1016655
1016656
1016657
1016658
1016659
1016660
1016661
1016662
1016663
1016664
1016665
1016666
1016667
1016668
1016669
1016670
1016671
1016672
1016673
1016674
1016675
1016676
1016677
1016678
