1016809
1016810
1016811
1016812
1016813
1016814
1016815
1016816
1016817
1016818
1016819
1016820
1016821
1016822
1016823
1016824
1016825
1016826
1016827
1016828
1016829
1016830
1016831
1016832
1016833
1016834
1016835
1016836
1016837
1016838
1016839
1016840
1016841
1016842
1016843
1016844
1016845
1016846
1016847
1016848
1016849
1016850
1016851
1016852
1016853
1016854
1016855
1016856
1016857
1016858
1016859
1016860
1016887
1016888
1016889
1016890
1016891
1016892
1016893
1016894
1016895
1016896
1016897
1016898
1016899
1016900
1016901
1016902
1016903
1016904
1016905
1016906
1016907
1016908
1016909
1016910
1016911
1016912
1016913
1016914
1016915
1016916
1016917
1016918
1016919
1016920
1016921
1016922
1016923
1016924
1016925
1016926
1016927
1016928
1016929
1016930
1016931
1016932
1016933
1016934
1016935
1016936
1016937
1016938
1016939
1016940
1016941
1016942
1016943
1016944
1016945
1016946
1016947
1016948
1016949
1016950
1016951
1016952
1016953
1016954
1016955
1016956
1016957
1016958
1016959
1016960
1016961
1016962
1016963
1016964
1017017
1017018
1017019
1017020
1017021
1017022
1017023
1017024
1017025
1017026
1017027
1017028
1017029
1017030
1017031
1017032
1017033
1017034
1017035
1017036
1017037
1017038
1017039
1017040
1017041
1017042
1017043
1017044
1017045
1017046
1017047
1017048
1017049
1017050
1017051
1017052
1017053
1017054
1017055
1017056
1017057
1017058
1017059
1017060
1017061
1017062
1017063
1017064
1017065
1017066
1017067
1017068
1017069
1017070
1017071
1017072
1017073
1017074
1017075
1017076
1017077
1017078
1017079
1017080
1017081
1017082
1017083
1017084
1017085
1017086
1017087
1017088
1017089
1017090
1017091
1017092
1017093
1017094
1017199
1017200
1017201
1017202
1017203
1017204
1017205
1017206
1017207
1017208
1017209
1017210
1017211
1017212
1017213
1017214
1017215
1017216
1017217
1017218
1017219
1017220
1017221
1017222
1017223
1017224
1017277
1017278
1017279
1017280
1017281
1017282
1017283
1017284
1017285
1017286
1017287
1017288
1017289
1017290
1017291
1017292
1017293
1017294
1017295
1017296
1017297
1017298
1017299
1017300
1017301
1017302
1017329
1017330
1017331
1017332
1017333
1017334
1017335
1017336
1017337
1017338
1017339
1017340
1017341
1017342
1017343
1017344
1017345
1017346
1017347
1017348
1017349
1017350
1017351
1017352
1017353
1017354
1017381
1017382
1017383
1017384
1017385
1017386
1017387
1017388
1017389
1017390
1017391
1017392
1017393
1017394
1017395
1017396
1017397
1017398
1017399
1017400
1017401
1017402
1017403
1017404
1017405
1017406
1017407
1017408
1017409
1017410
1017411
1017412
1017413
1017414
1017415
1017416
1017417
1017418
1017419
1017420
1017421
1017422
1017423
1017424
1017425
1017426
1017427
1017428
1017429
1017430
1017431
1017432
1017433
1017434
1017435
1017436
1017437
1017438
1017439
1017440
1017441
1017442
1017443
1017444
1017445
1017446
1017447
1017448
1017449
1017450
1017451
1017452
1017453
1017454
1017455
1017456
1017457
1017458
1017485
1017486
1017487
1017488
1017489
1017490
1017491
1017492
1017493
1017494
1017495
1017496
1017497
1017498
1017499
1017500
1017501
1017502
1017503
1017504
1017505
1017506
1017507
1017508
1017509
1017510
1017615
1017616
1017617
1017618
1017619
1017620
1017621
1017622
1017623
1017624
1017625
1017626
1017627
1017628
1017629
1017630
1017631
1017632
1017633
1017634
1017635
1017636
1017637
1017638
1017639
1017640
1017641
1017642
1017643
1017644
1017645
1017646
1017647
1017648
1017649
1017650
1017651
1017652
1017653
1017654
1017655
1017656
1017657
1017658
1017659
1017660
1017661
1017662
1017663
1017664
1017665
1017666
1017667
1017668
1017669
1017670
1017671
1017672
1017673
1017674
1017675
1017676
1017677
1017678
1017679
1017680
1017681
1017682
1017683
1017684
1017685
1017686
1017687
1017688
1017689
1017690
1017691
1017692
1017719
1017720
1017721
1017722
1017723
1017724
1017725
1017726
1017727
1017728
1017729
1017730
1017731
1017732
1017733
1017734
1017735
1017736
1017737
1017738
1017739
1017740
1017741
1017742
1017743
1017744
1017771
1017772
1017773
1017774
1017775
1017776
1017777
1017778
1017779
1017780
1017781
1017782
1017783
1017784
1017785
1017786
1017787
1017788
1017789
1017790
1017791
1017792
1017793
1017794
1017795
1017796
1017797
1017798
1017799
1017800
1017801
1017802
1017803
1017804
1017805
1017806
1017807
1017808
1017809
1017810
1017811
1017812
1017813
1017814
1017815
1017816
1017817
1017818
1017819
1017820
1017821
1017822
1017823
1017824
1017825
1017826
1017827
1017828
1017829
1017830
1017831
1017832
1017833
1017834
1017835
1017836
1017837
1017838
1017839
1017840
1017841
1017842
1017843
1017844
1017845
1017846
1017847
1017848
1017849
1017850
1017851
1017852
1017853
1017854
1017855
1017856
1017857
1017858
1017859
1017860
1017861
1017862
1017863
1017864
1017865
1017866
1017867
1017868
1017869
1017870
1017871
1017872
1017873
1017874
1017875
1017876
1017877
1017878
1017879
1017880
1017881
1017882
1017883
1017884
1017885
1017886
1017887
1017888
1017889
1017890
1017891
1017892
1017893
1017894
1017895
1017896
1017897
1017898
1017899
1017900
1017927
1017928
1017929
1017930
1017931
1017932
1017933
1017934
1017935
1017936
1017937
1017938
1017939
1017940
1017941
1017942
1017943
1017944
1017945
1017946
1017947
1017948
1017949
1017950
1017951
1017952
1018057
1018058
1018059
1018060
1018061
1018062
1018063
1018064
1018065
1018066
1018067
1018068
1018069
1018070
1018071
1018072
1018073
1018074
1018075
1018076
1018077
1018078
1018079
1018080
1018081
1018082
1018083
1018084
1018085
1018086
1018087
1018088
1018089
1018090
1018091
1018092
1018093
1018094
1018095
1018096
1018097
1018098
1018099
1018100
1018101
1018102
1018103
1018104
1018105
1018106
1018107
1018108
1018109
1018110
1018111
1018112
1018113
1018114
1018115
1018116
1018117
1018118
1018119
1018120
1018121
1018122
1018123
1018124
1018125
1018126
1018127
1018128
1018129
1018130
1018131
1018132
1018133
1018134
1018135
1018136
1018137
1018138
1018139
1018140
1018141
1018142
1018143
1018144
1018145
1018146
1018147
1018148
1018149
1018150
1018151
1018152
1018153
1018154
1018155
1018156
1018157
1018158
1018159
1018160
1018161
1018162
1018163
1018164
1018165
1018166
1018167
1018168
1018169
1018170
1018171
1018172
1018173
1018174
1018175
1018176
1018177
1018178
1018179
1018180
1018181
1018182
1018183
1018184
1018185
1018186
1018187
1018188
1018189
1018190
1018191
1018192
1018193
1018194
1018195
1018196
1018197
1018198
1018199
1018200
1018201
1018202
1018203
1018204
1018205
1018206
1018207
1018208
1018209
1018210
1018211
1018212
1018213
1018214
1018215
1018216
1018217
1018218
1018219
1018220
1018221
1018222
1018223
1018224
1018225
1018226
1018227
1018228
1018229
1018230
1018231
1018232
1018233
1018234
1018235
1018236
1018237
1018238
1018239
1018240
1018241
1018242
1018243
1018244
1018245
1018246
1018247
1018248
1018249
1018250
1018251
1018252
1018253
1018254
1018255
1018256
1018257
1018258
1018259
1018260
1018261
1018262
1018263
1018264
1018343
1018344
1018345
1018346
1018347
1018348
1018349
1018350
1018351
1018352
1018353
1018354
1018355
1018356
1018357
1018358
1018359
1018360
1018361
1018362
1018363
1018364
1018365
1018366
1018367
1018368
1018447
1018448
1018449
1018450
1018451
1018452
1018453
1018454
1018455
1018456
1018457
1018458
1018459
1018460
1018461
1018462
1018463
1018464
1018465
1018466
1018467
1018468
1018469
1018470
1018471
1018472
1018473
1018474
1018475
1018476
1018477
1018478
1018479
1018480
1018481
1018482
1018483
1018484
1018485
1018486
1018487
1018488
1018489
1018490
1018491
1018492
1018493
1018494
1018495
1018496
1018497
1018498
1018551
1018552
1018553
1018554
1018555
1018556
1018557
1018558
1018559
1018560
1018561
1018562
1018563
1018564
1018565
1018566
1018567
1018568
1018569
1018570
1018571
1018572
1018573
1018574
1018575
1018576
1018603
1018604
1018605
1018606
1018607
1018608
1018609
1018610
1018611
1018612
1018613
1018614
1018615
1018616
1018617
1018618
1018619
1018620
1018621
1018622
1018623
1018624
1018625
1018626
1018627
1018628
1018655
1018656
1018657
1018658
1018659
1018660
1018661
1018662
1018663
1018664
1018665
1018666
1018667
1018668
1018669
1018670
1018671
1018672
1018673
1018674
1018675
1018676
1018677
1018678
1018679
1018680
1018707
1018708
1018709
1018710
1018711
1018712
1018713
1018714
1018715
1018716
1018717
1018718
1018719
1018720
1018721
1018722
1018723
1018724
1018725
1018726
1018727
1018728
1018729
1018730
1018731
1018732
1018785
1018786
1018787
1018788
1018789
1018790
1018791
1018792
1018793
1018794
1018795
1018796
1018797
1018798
1018799
1018800
1018801
1018802
1018803
1018804
1018805
1018806
1018807
1018808
1018809
1018810
1018863
1018864
1018865
1018866
1018867
1018868
1018869
1018870
1018871
1018872
1018873
1018874
1018875
1018876
1018877
1018878
1018879
1018880
1018881
1018882
1018883
1018884
1018885
1018886
1018887
1018888
1018889
1018890
1018891
1018892
1018893
1018894
1018895
1018896
1018897
1018898
1018899
1018900
1018901
1018902
1018903
1018904
1018905
1018906
1018907
1018908
1018909
1018910
1018911
1018912
1018913
1018914
1018967
1018968
1018969
1018970
1018971
1018972
1018973
1018974
1018975
1018976
1018977
1018978
1018979
1018980
1018981
1018982
1018983
1018984
1018985
1018986
1018987
1018988
1018989
1018990
1018991
1018992
1019019
1019020
1019021
1019022
1019023
1019024
1019025
1019026
1019027
1019028
1019029
1019030
1019031
1019032
1019033
1019034
1019035
1019036
1019037
1019038
1019039
1019040
1019041
1019042
1019043
1019044
1019071
1019072
1019073
1019074
1019075
1019076
1019077
1019078
1019079
1019080
1019081
1019082
1019083
1019084
1019085
1019086
1019087
1019088
1019089
1019090
1019091
1019092
1019093
1019094
1019095
1019096
1019149
1019150
1019151
1019152
1019153
1019154
1019155
1019156
1019157
1019158
1019159
1019160
1019161
1019162
1019163
1019164
1019165
1019166
1019167
1019168
1019169
1019170
1019171
1019172
1019173
1019174
1019175
1019176
1019177
1019178
1019179
1019180
1019181
1019182
1019183
1019184
1019185
1019186
1019187
1019188
1019189
1019190
1019191
1019192
1019193
1019194
1019195
1019196
1019197
1019198
1019199
1019200
1019253
1019254
1019255
1019256
1019257
1019258
1019259
1019260
1019261
1019262
1019263
1019264
1019265
1019266
1019267
1019268
1019269
1019270
1019271
1019272
1019273
1019274
1019275
1019276
1019277
1019278
1019279
1019280
1019281
1019282
1019283
1019284
1019285
1019286
1019287
1019288
1019289
1019290
1019291
1019292
1019293
1019294
1019295
1019296
1019297
1019298
1019299
1019300
1019301
1019302
1019303
1019304
1019305
1019306
1019307
1019308
1019309
1019310
1019311
1019312
1019313
1019314
1019315
1019316
1019317
1019318
1019319
1019320
1019321
1019322
1019323
1019324
1019325
1019326
1019327
1019328
1019329
1019330
1019331
1019332
1019333
1019334
1019335
1019336
1019337
1019338
1019339
1019340
1019341
1019342
1019343
1019344
1019345
1019346
1019347
1019348
1019349
1019350
1019351
1019352
1019353
1019354
1019355
1019356
1019409
1019410
1019411
1019412
1019413
1019414
1019415
1019416
1019417
1019418
1019419
1019420
1019421
1019422
1019423
1019424
1019425
1019426
1019427
1019428
1019429
1019430
1019431
1019432
1019433
1019434
1019487
1019488
1019489
1019490
1019491
1019492
1019493
1019494
1019495
1019496
1019497
1019498
1019499
1019500
1019501
1019502
1019503
1019504
1019505
1019506
1019507
1019508
1019509
1019510
1019511
1019512
1019513
1019514
1019515
1019516
1019517
1019518
1019519
1019520
1019521
1019522
1019523
1019524
1019525
1019526
1019527
1019528
1019529
1019530
1019531
1019532
1019533
1019534
1019535
1019536
1019537
1019538
1019617
1019618
1019619
1019620
1019621
1019622
1019623
1019624
1019625
1019626
1019627
1019628
1019629
1019630
1019631
1019632
1019633
1019634
1019635
1019636
1019637
1019638
1019639
1019640
1019641
1019642
1019669
1019670
1019671
1019672
1019673
1019674
1019675
1019676
1019677
1019678
1019679
1019680
1019681
1019682
1019683
1019684
1019685
1019686
1019687
1019688
1019689
1019690
1019691
1019692
1019693
1019694
1019695
1019696
1019697
1019698
1019699
1019700
1019701
1019702
1019703
1019704
1019705
1019706
1019707
1019708
1019709
1019710
1019711
1019712
1019713
1019714
1019715
1019716
1019717
1019718
1019719
1019720
1019747
1019748
1019749
1019750
1019751
1019752
1019753
1019754
1019755
1019756
1019757
1019758
1019759
1019760
1019761
1019762
1019763
1019764
1019765
1019766
1019767
1019768
1019769
1019770
1019771
1019772
1019773
1019774
1019775
1019776
1019777
1019778
1019779
1019780
1019781
1019782
1019783
1019784
1019785
1019786
1019787
1019788
1019789
1019790
1019791
1019792
1019793
1019794
1019795
1019796
1019797
1019798
1019799
1019800
1019801
1019802
1019803
1019804
1019805
1019806
1019807
1019808
1019809
1019810
1019811
1019812
1019813
1019814
1019815
1019816
1019817
1019818
1019819
1019820
1019821
1019822
1019823
1019824
1019851
1019852
1019853
1019854
1019855
1019856
1019857
1019858
1019859
1019860
1019861
1019862
1019863
1019864
1019865
1019866
1019867
1019868
1019869
1019870
1019871
1019872
1019873
1019874
1019875
1019876
1019903
1019904
1019905
1019906
1019907
1019908
1019909
1019910
1019911
1019912
1019913
1019914
1019915
1019916
1019917
1019918
1019919
1019920
1019921
1019922
1019923
1019924
1019925
1019926
1019927
1019928
1019955
1019956
1019957
1019958
1019959
1019960
1019961
1019962
1019963
1019964
1019965
1019966
1019967
1019968
1019969
1019970
1019971
1019972
1019973
1019974
1019975
1019976
1019977
1019978
1019979
1019980
1020007
1020008
1020009
1020010
1020011
1020012
1020013
1020014
1020015
1020016
1020017
1020018
1020019
1020020
1020021
1020022
1020023
1020024
1020025
1020026
1020027
1020028
1020029
1020030
1020031
1020032
1020241
1020242
1020243
1020244
1020245
1020246
1020247
1020248
1020249
1020250
1020251
1020252
1020253
1020254
1020255
1020256
1020257
1020258
1020259
1020260
1020261
1020262
1020263
1020264
1020265
1020266
1020293
1020294
1020295
1020296
1020297
1020298
1020299
1020300
1020301
1020302
1020303
1020304
1020305
1020306
1020307
1020308
1020309
1020310
1020311
1020312
1020313
1020314
1020315
1020316
1020317
1020318
1020345
1020346
1020347
1020348
1020349
1020350
1020351
1020352
1020353
1020354
1020355
1020356
1020357
1020358
1020359
1020360
1020361
1020362
1020363
1020364
1020365
1020366
1020367
1020368
1020369
1020370
1020371
1020372
1020373
1020374
1020375
1020376
1020377
1020378
1020379
1020380
1020381
1020382
1020383
1020384
1020385
1020386
1020387
1020388
1020389
1020390
1020391
1020392
1020393
1020394
1020395
1020396
1020397
1020398
1020399
1020400
1020401
1020402
1020403
1020404
1020405
1020406
1020407
1020408
1020409
1020410
1020411
1020412
1020413
1020414
1020415
1020416
1020417
1020418
1020419
1020420
1020421
1020422
1020423
1020424
1020425
1020426
1020427
1020428
1020429
1020430
1020431
1020432
1020433
1020434
1020435
1020436
1020437
1020438
1020439
1020440
1020441
1020442
1020443
1020444
1020445
1020446
1020447
1020448
1020449
1020450
1020451
1020452
1020453
1020454
1020455
1020456
1020457
1020458
1020459
1020460
1020461
1020462
1020463
1020464
1020465
1020466
1020467
1020468
1020469
1020470
1020471
1020472
1020473
1020474
1020475
1020476
1020477
1020478
1020479
1020480
1020481
1020482
1020483
1020484
1020485
1020486
1020487
1020488
1020489
1020490
1020491
1020492
1020493
1020494
1020495
1020496
1020497
1020498
1020499
1020500
1020527
1020528
1020529
1020530
1020531
1020532
1020533
1020534
1020535
1020536
1020537
1020538
1020539
1020540
1020541
1020542
1020543
1020544
1020545
1020546
1020547
1020548
1020549
1020550
1020551
1020552
1020631
1020632
1020633
1020634
1020635
1020636
1020637
1020638
1020639
1020640
1020641
1020642
1020643
1020644
1020645
1020646
1020647
1020648
1020649
1020650
1020651
1020652
1020653
1020654
1020655
1020656
1020657
1020658
1020659
1020660
1020661
1020662
1020663
1020664
1020665
1020666
1020667
1020668
1020669
1020670
1020671
1020672
1020673
1020674
1020675
1020676
1020677
1020678
1020679
1020680
1020681
1020682
1020683
1020684
1020685
1020686
1020687
1020688
1020689
1020690
1020691
1020692
1020693
1020694
1020695
1020696
1020697
1020698
1020699
1020700
1020701
1020702
1020703
1020704
1020705
1020706
1020707
1020708
1020735
1020736
1020737
1020738
1020739
1020740
1020741
1020742
1020743
1020744
1020745
1020746
1020747
1020748
1020749
1020750
1020751
1020752
1020753
1020754
1020755
1020756
1020757
1020758
1020759
1020760
1020761
1020762
1020763
1020764
1020765
1020766
1020767
1020768
1020769
1020770
1020771
1020772
1020773
1020774
1020775
1020776
1020777
1020778
1020779
1020780
1020781
1020782
1020783
1020784
1020785
1020786
1020787
1020788
1020789
1020790
1020791
1020792
1020793
1020794
1020795
1020796
1020797
1020798
1020799
1020800
1020801
1020802
1020803
1020804
1020805
1020806
1020807
1020808
1020809
1020810
1020811
1020812
1020813
1020814
1020815
1020816
1020817
1020818
1020819
1020820
1020821
1020822
1020823
1020824
1020825
1020826
1020827
1020828
1020829
1020830
1020831
1020832
1020833
1020834
1020835
1020836
1020837
1020838
1020839
1020840
1020841
1020842
1020843
1020844
1020845
1020846
1020847
1020848
1020849
1020850
1020851
1020852
1020853
1020854
1020855
1020856
1020857
1020858
1020859
1020860
1020861
1020862
1020863
1020864
1020891
1020892
1020893
1020894
1020895
1020896
1020897
1020898
1020899
1020900
1020901
1020902
1020903
1020904
1020905
1020906
1020907
1020908
1020909
1020910
1020911
1020912
1020913
1020914
1020915
1020916
1020917
1020918
1020919
1020920
1020921
1020922
1020923
1020924
1020925
1020926
1020927
1020928
1020929
1020930
1020931
1020932
1020933
1020934
1020935
1020936
1020937
1020938
1020939
1020940
1020941
1020942
1020943
1020944
1020945
1020946
1020947
1020948
1020949
1020950
1020951
1020952
1020953
1020954
1020955
1020956
1020957
1020958
1020959
1020960
1020961
1020962
1020963
1020964
1020965
1020966
1020967
1020968
1020969
1020970
1020971
1020972
1020973
1020974
1020975
1020976
1020977
1020978
1020979
1020980
1020981
1020982
1020983
1020984
1020985
1020986
1020987
1020988
1020989
1020990
1020991
1020992
1020993
1020994
1021021
1021022
1021023
1021024
1021025
1021026
1021027
1021028
1021029
1021030
1021031
1021032
1021033
1021034
1021035
1021036
1021037
1021038
1021039
1021040
1021041
1021042
1021043
1021044
1021045
1021046
1021047
1021048
1021049
1021050
1021051
1021052
1021053
1021054
1021055
1021056
1021057
1021058
1021059
1021060
1021061
1021062
1021063
1021064
1021065
1021066
1021067
1021068
1021069
1021070
1021071
1021072
1021073
1021074
1021075
1021076
1021077
1021078
1021079
1021080
1021081
1021082
1021083
1021084
1021085
1021086
1021087
1021088
1021089
1021090
1021091
1021092
1021093
1021094
1021095
1021096
1021097
1021098
1021151
1021152
1021153
1021154
1021155
1021156
1021157
1021158
1021159
1021160
1021161
1021162
1021163
1021164
1021165
1021166
1021167
1021168
1021169
1021170
1021171
1021172
1021173
1021174
1021175
1021176
1021203
1021204
1021205
1021206
1021207
1021208
1021209
1021210
1021211
1021212
1021213
1021214
1021215
1021216
1021217
1021218
1021219
1021220
1021221
1021222
1021223
1021224
1021225
1021226
1021227
1021228
1021333
1021334
1021335
1021336
1021337
1021338
1021339
1021340
1021341
1021342
1021343
1021344
1021345
1021346
1021347
1021348
1021349
1021350
1021351
1021352
1021353
1021354
1021355
1021356
1021357
1021358
1021359
1021360
1021361
1021362
1021363
1021364
1021365
1021366
1021367
1021368
1021369
1021370
1021371
1021372
1021373
1021374
1021375
1021376
1021377
1021378
1021379
1021380
1021381
1021382
1021383
1021384
1021385
1021386
1021387
1021388
1021389
1021390
1021391
1021392
1021393
1021394
1021395
1021396
1021397
1021398
1021399
1021400
1021401
1021402
1021403
1021404
1021405
1021406
1021407
1021408
1021409
1021410
1021411
1021412
1021413
1021414
1021415
1021416
1021417
1021418
1021419
1021420
1021421
1021422
1021423
1021424
1021425
1021426
1021427
1021428
1021429
1021430
1021431
1021432
1021433
1021434
1021435
1021436
1021437
1021438
1021439
1021440
1021441
1021442
1021443
1021444
1021445
1021446
1021447
1021448
1021449
1021450
1021451
1021452
1021453
1021454
1021455
1021456
1021457
1021458
1021459
1021460
1021461
1021462
1021463
1021464
1021465
1021466
1021467
1021468
1021469
1021470
1021471
1021472
1021473
1021474
1021475
1021476
1021477
1021478
1021479
1021480
1021481
1021482
1021483
1021484
1021485
1021486
1021487
1021488
1021515
1021516
1021517
1021518
1021519
1021520
1021521
1021522
1021523
1021524
1021525
1021526
1021527
1021528
1021529
1021530
1021531
1021532
1021533
1021534
1021535
1021536
1021537
1021538
1021539
1021540
1021593
1021594
1021595
1021596
1021597
1021598
1021599
1021600
1021601
1021602
1021603
1021604
1021605
1021606
1021607
1021608
1021609
1021610
1021611
1021612
1021613
1021614
1021615
1021616
1021617
1021618
1021619
1021620
1021621
1021622
1021623
1021624
1021625
1021626
1021627
1021628
1021629
1021630
1021631
1021632
1021633
1021634
1021635
1021636
1021637
1021638
1021639
1021640
1021641
1021642
1021643
1021644
1021645
1021646
1021647
1021648
1021649
1021650
1021651
1021652
1021653
1021654
1021655
1021656
1021657
1021658
1021659
1021660
1021661
1021662
1021663
1021664
1021665
1021666
1021667
1021668
1021669
1021670
1021697
1021698
1021699
1021700
1021701
1021702
1021703
1021704
1021705
1021706
1021707
1021708
1021709
1021710
1021711
1021712
1021713
1021714
1021715
1021716
1021717
1021718
1021719
1021720
1021721
1021722
1021723
1021724
1021725
1021726
1021727
1021728
1021729
1021730
1021731
1021732
1021733
1021734
1021735
1021736
1021737
1021738
1021739
1021740
1021741
1021742
1021743
1021744
1021745
1021746
1021747
1021748
1021749
1021750
1021751
1021752
1021753
1021754
1021755
1021756
1021757
1021758
1021759
1021760
1021761
1021762
1021763
1021764
1021765
1021766
1021767
1021768
1021769
1021770
1021771
1021772
1021773
1021774
1021775
1021776
1021777
1021778
1021779
1021780
1021781
1021782
1021783
1021784
1021785
1021786
1021787
1021788
1021789
1021790
1021791
1021792
1021793
1021794
1021795
1021796
1021797
1021798
1021799
1021800
1021801
1021802
1021803
1021804
1021805
1021806
1021807
1021808
1021809
1021810
1021811
1021812
1021813
1021814
1021815
1021816
1021817
1021818
1021819
1021820
1021821
1021822
1021823
1021824
1021825
1021826
1021827
1021828
1021829
1021830
1021831
1021832
1021833
1021834
1021835
1021836
1021837
1021838
1021839
1021840
1021841
1021842
1021843
1021844
1021845
1021846
1021847
1021848
1021849
1021850
1021851
1021852
1021879
1021880
1021881
1021882
1021883
1021884
1021885
1021886
1021887
1021888
1021889
1021890
1021891
1021892
1021893
1021894
1021895
1021896
1021897
1021898
1021899
1021900
1021901
1021902
1021903
1021904
1021905
1021906
1021907
1021908
1021909
1021910
1021911
1021912
1021913
1021914
1021915
1021916
1021917
1021918
1021919
1021920
1021921
1021922
1021923
1021924
1021925
1021926
1021927
1021928
1021929
1021930
1021983
1021984
1021985
1021986
1021987
1021988
1021990
1021991
1021992
1021993
1021994
1021995
1021996
1021997
1021998
1021999
1022000
1022001
1022002
1022003
1022004
1022005
1022006
1022007
1022008
1022087
1022088
1022089
1022090
1022091
1022092
1022093
1022094
1022095
1022096
1022097
1022098
1022099
1022100
1022101
1022102
1022103
1022104
1022105
1022106
1022107
1022108
1022109
1022110
1022111
1022112
1022165
1022166
1022167
1022168
1022169
1022170
1022171
1022172
1022173
1022174
1022175
1022176
1022177
1022178
1022179
1022180
1022181
1022182
1022183
1022184
1022185
1022186
1022187
1022188
1022189
1022190
1022191
1022192
1022193
1022194
1022195
1022196
1022197
1022198
1022199
1022200
1022201
1022202
1022203
1022204
1022205
1022206
1022207
1022208
1022209
1022210
1022211
1022212
1022213
1022214
1022215
1022216
1022243
1022244
1022245
1022246
1022247
1022248
1022249
1022250
1022251
1022252
1022253
1022254
1022255
1022256
1022257
1022258
1022259
1022260
1022261
1022262
1022263
1022264
1022265
1022266
1022267
1022268
1022269
1022270
1022271
1022272
1022273
1022274
1022275
1022276
1022277
1022278
1022279
1022280
1022281
1022282
1022283
1022284
1022285
1022286
1022287
1022288
1022289
1022290
1022291
1022292
1022293
1022294
1022373
1022374
1022375
1022376
1022377
1022378
1022379
1022380
1022381
1022382
1022383
1022384
1022385
1022386
1022387
1022388
1022389
1022390
1022391
1022392
1022393
1022394
1022395
1022396
1022397
1022398
1022399
1022400
1022401
1022402
1022403
1022404
1022405
1022406
1022407
1022408
1022409
1022410
1022411
1022412
1022413
1022414
1022415
1022416
1022417
1022418
1022419
1022420
1022421
1022422
1022423
1022424
1022425
1022426
1022427
1022428
1022429
1022430
1022431
1022432
1022433
1022434
1022435
1022436
1022437
1022438
1022439
1022440
1022441
1022442
1022443
1022444
1022445
1022446
1022447
1022448
1022449
1022450
1022451
1022452
1022453
1022454
1022455
1022456
1022457
1022458
1022459
1022460
1022461
1022462
1022463
1022464
1022465
1022466
1022467
1022468
1022469
1022470
1022471
1022472
1022473
1022474
1022475
1022476
1022503
1022504
1022505
1022506
1022507
1022508
1022509
1022510
1022511
1022512
1022513
1022514
1022515
1022516
1022517
1022518
1022519
1022520
1022521
1022522
1022523
1022524
1022525
1022526
1022527
1022528
1022555
1022556
1022557
1022558
1022559
1022560
1022561
1022562
1022563
1022564
1022565
1022566
1022567
1022568
1022569
1022570
1022571
1022572
1022573
1022574
1022575
1022576
1022577
1022578
1022579
1022580
1022581
1022582
1022583
1022584
1022585
1022586
1022587
1022588
1022589
1022590
1022591
1022592
1022593
1022594
1022595
1022596
1022597
1022598
1022599
1022600
1022601
1022602
1022603
1022604
1022605
1022606
1022607
1022608
1022609
1022610
1022611
1022612
1022613
1022614
1022615
1022616
1022617
1022618
1022619
1022620
1022621
1022622
1022623
1022624
1022625
1022626
1022627
1022628
1022629
1022630
1022631
1022632
1022711
1022712
1022713
1022714
1022715
1022716
1022717
1022718
1022719
1022720
1022721
1022722
1022723
1022724
1022725
1022726
1022727
1022728
1022729
1022730
1022731
1022732
1022733
1022734
1022735
1022736
1022737
1022738
1022739
1022740
1022741
1022742
1022743
1022744
1022745
1022746
1022747
1022748
1022749
1022750
1022751
1022752
1022753
1022754
1022755
1022756
1022757
1022758
1022759
1022760
1022761
1022762
1022789
1022790
1022791
1022792
1022793
1022794
1022795
1022796
1022797
1022798
1022799
1022800
1022801
1022802
1022803
1022804
1022805
1022806
1022807
1022808
1022809
1022810
1022811
1022812
1022813
1022814
1022867
1022868
1022869
1022870
1022871
1022872
1022873
1022874
1022875
1022876
1022877
1022878
1022879
1022880
1022881
1022882
1022883
1022884
1022885
1022886
1022887
1022888
1022889
1022890
1022891
1022892
1022893
1022894
1022895
1022896
1022897
1022898
1022899
1022900
1022901
1022902
1022903
1022904
1022905
1022906
1022907
1022908
1022909
1022910
1022911
1022912
1022913
1022914
1022915
1022916
1022917
1022918
1022919
1022920
1022921
1022922
1022923
1022924
1022925
1022926
1022927
1022928
1022929
1022930
1022931
1022932
1022933
1022934
1022935
1022936
1022937
1022938
1022939
1022940
1022941
1022942
1022943
1022944
1023101
1023102
1023103
1023104
1023105
1023106
1023107
1023108
1023109
1023110
1023111
1023112
1023113
1023114
1023115
1023116
1023117
1023118
1023119
1023120
1023121
1023122
1023123
1023124
1023125
1023126
1023127
1023128
1023129
1023130
1023131
1023132
1023133
1023134
1023135
1023136
1023137
1023138
1023139
1023140
1023141
1023142
1023143
1023144
1023145
1023146
1023147
1023148
1023149
1023150
1023151
1023152
1023153
1023154
1023155
1023156
1023157
1023158
1023159
1023160
1023161
1023162
1023163
1023164
1023165
1023166
1023167
1023168
1023169
1023170
1023171
1023172
1023173
1023174
1023175
1023176
1023177
1023178
1023179
1023180
1023181
1023182
1023183
1023184
1023185
1023186
1023187
1023188
1023189
1023190
1023191
1023192
1023193
1023194
1023195
1023196
1023197
1023198
1023199
1023200
1023201
1023202
1023203
1023204
1023205
1023206
1023207
1023208
1023209
1023210
1023211
1023212
1023213
1023214
1023215
1023216
1023217
1023218
1023219
1023220
1023221
1023222
1023223
1023224
1023225
1023226
1023227
1023228
1023229
1023230
1023231
1023232
1023233
1023234
1023235
1023236
1023237
1023238
1023239
1023240
1023241
1023242
1023243
1023244
1023245
1023246
1023247
1023248
1023249
1023250
1023251
1023252
1023253
1023254
1023255
1023256
