1023335
1023336
1023337
1023338
1023339
1023340
1023341
1023342
1023343
1023344
1023345
1023346
1023347
1023348
1023349
1023350
1023351
1023352
1023353
1023354
1023355
1023356
1023357
1023358
1023359
1023360
1023361
1023362
1023363
1023364
1023365
1023366
1023367
1023368
1023369
1023370
1023371
1023372
1023373
1023374
1023375
1023376
1023377
1023378
1023379
1023380
1023381
1023382
1023383
1023384
1023385
1023386
1023413
1023414
1023415
1023416
1023417
1023418
1023419
1023420
1023421
1023422
1023423
1023424
1023425
1023426
1023427
1023428
1023429
1023430
1023431
1023432
1023433
1023434
1023435
1023436
1023437
1023438
1023465
1023466
1023467
1023468
1023469
1023470
1023471
1023472
1023473
1023474
1023475
1023476
1023477
1023478
1023479
1023480
1023481
1023482
1023483
1023484
1023485
1023486
1023487
1023488
1023489
1023490
1023491
1023492
1023493
1023494
1023495
1023496
1023497
1023498
1023499
1023500
1023501
1023502
1023503
1023504
1023505
1023506
1023507
1023508
1023509
1023510
1023511
1023512
1023513
1023514
1023515
1023516
1023569
1023570
1023571
1023572
1023573
1023574
1023575
1023576
1023577
1023578
1023579
1023580
1023581
1023582
1023583
1023584
1023585
1023586
1023587
1023588
1023589
1023590
1023591
1023592
1023593
1023594
1023673
1023674
1023675
1023676
1023677
1023678
1023679
1023680
1023681
1023682
1023683
1023684
1023685
1023686
1023687
1023688
1023689
1023690
1023691
1023692
1023693
1023694
1023695
1023696
1023697
1023698
1023751
1023752
1023753
1023754
1023755
1023756
1023757
1023758
1023759
1023760
1023761
1023762
1023763
1023764
1023765
1023766
1023767
1023768
1023769
1023770
1023771
1023772
1023774
1023775
1023776
1023803
1023804
1023805
1023806
1023807
1023808
1023809
1023810
1023811
1023812
1023813
1023814
1023815
1023816
1023817
1023818
1023819
1023820
1023822
1023823
1023824
1023825
1023826
1023827
1023828
1023881
1023882
1023883
1023884
1023885
1023886
1023887
1023888
1023889
1023890
1023891
1023892
1023893
1023894
1023895
1023896
1023897
1023898
1023899
1023900
1023901
1023902
1023903
1023904
1023905
1023906
1023907
1023908
1023909
1023910
1023911
1023912
1023913
1023914
1023915
1023916
1023917
1023918
1023919
1023920
1023921
1023922
1023923
1023924
1023925
1023926
1023927
1023928
1023929
1023930
1023931
1023932
1023933
1023934
1023935
1023936
1023937
1023938
1023939
1023940
1023941
1023942
1023943
1023944
1023945
1023946
1023947
1023948
1023949
1023950
1023951
1023952
1023953
1023954
1023955
1023956
1023957
1023958
1023959
1023960
1023961
1023962
1023963
1023964
1023965
1023966
1023967
1023968
1023969
1023970
1023971
1023972
1023973
1023974
1023975
1023976
1023977
1023978
1023979
1023980
1023981
1023982
1023983
1023984
1024063
1024064
1024065
1024066
1024067
1024068
1024069
1024070
1024071
1024072
1024073
1024074
1024075
1024076
1024077
1024078
1024079
1024080
1024081
1024082
1024083
1024084
1024085
1024086
1024087
1024088
1024089
1024090
1024091
1024092
1024093
1024094
1024095
1024096
1024097
1024098
1024099
1024100
1024101
1024102
1024103
1024104
1024105
1024106
1024107
1024108
1024109
1024110
1024111
1024112
1024113
1024114
1024141
1024142
1024143
1024144
1024145
1024146
1024147
1024148
1024149
1024150
1024151
1024152
1024153
1024154
1024155
1024156
1024157
1024158
1024159
1024160
1024161
1024162
1024163
1024164
1024165
1024166
1024193
1024194
1024195
1024196
1024197
1024198
1024199
1024200
1024201
1024202
1024203
1024204
1024205
1024206
1024207
1024208
1024209
1024210
1024211
1024212
1024213
1024214
1024215
1024216
1024217
1024218
1024219
1024220
1024221
1024222
1024223
1024224
1024225
1024226
1024227
1024228
1024229
1024230
1024231
1024232
1024233
1024234
1024235
1024236
1024237
1024238
1024239
1024240
1024241
1024242
1024243
1024244
1024245
1024246
1024247
1024248
1024249
1024250
1024251
1024252
1024253
1024254
1024255
1024256
1024257
1024258
1024259
1024260
1024261
1024262
1024263
1024264
1024265
1024266
1024267
1024268
1024269
1024270
1024297
1024298
1024299
1024300
1024301
1024302
1024303
1024304
1024305
1024306
1024307
1024308
1024309
1024310
1024311
1024312
1024313
1024314
1024315
1024316
1024317
1024318
1024319
1024320
1024321
1024322
