1024453
1024454
1024455
1024456
1024457
1024458
1024459
1024460
1024461
1024462
1024463
1024464
1024465
1024466
1024467
1024468
1024469
1024470
1024471
1024472
1024473
1024474
1024475
1024476
1024477
1024478
1024479
1024480
1024481
1024482
1024483
1024484
1024485
1024486
1024487
1024488
1024489
1024490
1024491
1024492
1024493
1024494
1024495
1024496
1024497
1024498
1024499
1024500
1024501
1024502
1024503
1024504
1024557
1024558
1024559
1024560
1024561
1024562
1024563
1024564
1024565
1024566
1024567
1024568
1024569
1024570
1024571
1024572
1024573
1024574
1024575
1024576
1024577
1024578
1024579
1024580
1024581
1024582
1024583
1024584
1024585
1024586
1024587
1024588
1024589
1024590
1024591
1024592
1024593
1024594
1024595
1024596
1024597
1024598
1024599
1024600
1024601
1024602
1024603
1024604
1024605
1024606
1024607
1024608
1024609
1024610
1024611
1024612
1024613
1024614
1024615
1024616
1024617
1024618
1024619
1024620
1024621
1024622
1024623
1024624
1024625
1024626
1024627
1024628
1024629
1024630
1024631
1024632
1024633
1024634
1024635
1024636
1024637
1024638
1024639
1024640
1024641
1024642
1024643
1024644
1024645
1024646
1024647
1024648
1024649
1024650
1024651
1024652
1024653
1024654
1024655
1024656
1024657
1024658
1024659
1024660
1024687
1024689
1024690
1024691
1024692
1024693
1024694
1024695
1024696
1024697
1024698
1024699
1024700
1024701
1024702
1024703
1024704
1024705
1024706
1024707
1024708
1024709
1024710
1024711
1024712
1024739
1024740
1024741
1024742
1024743
1024744
1024745
1024746
1024747
1024748
1024749
1024750
1024751
1024752
1024753
1024754
1024755
1024756
1024757
1024758
1024759
1024760
1024761
1024762
1024763
1024764
1024817
1024818
1024819
1024820
1024821
1024822
1024823
1024824
1024825
1024826
1024827
1024828
1024829
1024830
1024831
1024832
1024833
1024834
1024835
1024836
1024837
1024838
1024839
1024840
1024841
1024842
1024895
1024896
1024897
1024898
1024899
1024900
1024901
1024902
1024903
1024904
1024905
1024906
1024907
1024908
1024909
1024910
1024911
1024912
1024913
1024914
1024915
1024916
1024917
1024918
1024919
1024920
1024921
1024922
1024923
1024924
1024925
1024926
1024927
1024928
1024929
1024930
1024931
1024932
1024933
1024934
1024935
1024936
1024937
1024938
1024939
1024940
1024942
1024943
1024944
1024945
1024946
1024947
1024948
1024949
1024950
1024951
1024952
1024953
1024954
1024955
1024956
1024957
1024958
1024959
1024960
1024961
1024962
1024963
1024964
1024965
1024966
1024967
1024968
1024969
1024970
1024971
1024972
1025051
1025052
1025053
1025054
1025055
1025056
1025057
1025058
1025059
1025060
1025061
1025062
1025063
1025064
1025065
1025066
1025067
1025068
1025069
1025070
1025071
1025072
1025073
1025074
1025075
1025076
1025077
1025078
1025079
1025080
1025081
1025082
1025083
1025084
1025085
1025086
1025087
1025088
1025089
1025090
1025091
1025092
1025093
1025094
1025095
1025096
1025097
1025098
1025099
1025100
1025101
1025102
1025103
1025104
1025105
1025106
1025107
1025108
1025109
1025110
1025111
1025112
1025113
1025114
1025115
1025116
1025117
1025118
1025119
1025120
1025121
1025122
1025123
1025124
1025125
1025126
1025127
1025128
1025155
1025156
1025157
1025158
1025159
1025160
1025161
1025162
1025163
1025164
1025165
1025166
1025167
1025168
1025169
1025170
1025171
1025172
1025173
1025174
1025175
1025176
1025177
1025178
1025179
1025180
1025181
1025182
1025183
1025184
1025185
1025186
1025187
1025188
1025189
1025190
1025191
1025192
1025193
1025194
1025195
1025196
1025197
1025198
1025199
1025200
1025201
1025202
1025203
1025204
1025205
1025206
1025233
1025234
1025235
1025236
1025237
1025238
1025239
1025240
1025241
1025242
1025243
1025244
1025245
1025246
1025247
1025248
1025249
1025250
1025251
1025252
1025253
1025254
1025255
1025256
1025257
1025258
1025259
1025260
1025261
1025262
1025263
1025264
1025265
1025266
1025267
1025268
1025269
1025270
1025271
1025272
1025273
1025274
1025275
1025276
1025277
1025278
1025279
1025280
1025281
1025282
1025283
1025284
1025285
1025286
1025287
1025288
1025289
1025290
1025291
1025292
1025293
1025294
1025295
1025296
1025297
1025298
1025299
1025300
1025301
1025302
1025303
1025304
1025305
1025306
1025307
1025308
1025309
1025310
1025311
1025312
1025313
1025314
1025315
1025316
1025317
1025318
1025319
1025320
1025321
1025322
1025323
1025324
1025325
1025326
1025327
1025328
1025329
1025330
1025331
1025332
1025333
1025334
1025335
1025336
1025363
1025364
1025365
1025366
1025367
1025368
1025369
1025370
1025371
1025372
1025373
1025374
1025375
1025376
1025377
1025378
1025379
1025380
1025381
1025382
1025383
1025384
1025385
1025386
1025387
1025388
1025389
1025390
1025391
1025392
1025393
1025394
1025395
1025396
1025397
1025398
1025399
1025400
1025401
1025402
1025403
1025404
1025405
1025406
1025407
1025408
1025409
1025410
1025411
1025412
1025413
1025414
1025415
1025416
1025417
1025418
1025419
1025420
1025421
1025422
1025423
1025424
1025425
1025426
1025427
1025428
1025429
1025430
1025431
1025432
1025433
1025434
1025435
1025436
1025437
1025438
1025439
1025440
1025493
1025494
1025495
1025496
1025497
1025498
1025499
1025500
1025501
1025502
1025503
1025504
1025505
1025506
1025507
1025508
1025509
1025510
1025511
1025512
1025513
1025514
1025515
1025516
1025517
1025518
1025623
1025624
1025625
1025626
1025627
1025628
1025629
1025630
1025631
1025632
1025633
1025634
1025635
1025636
1025637
1025638
1025639
1025640
1025641
1025642
1025643
1025644
1025645
1025646
1025647
1025648
1025675
1025676
1025677
1025678
1025679
1025680
1025681
1025682
1025683
1025684
1025685
1025686
1025687
1025688
1025689
1025690
1025691
1025692
1025693
1025694
1025695
1025696
1025697
1025698
1025699
1025700
1025727
1025728
1025729
1025730
1025731
1025732
1025733
1025734
1025735
1025736
1025737
1025738
1025739
1025740
1025741
1025742
1025743
1025744
1025745
1025746
1025747
1025748
1025749
1025750
1025751
1025752
1025753
1025754
1025755
1025756
1025757
1025758
1025759
1025760
1025761
1025762
1025763
1025764
1025765
1025766
1025767
1025768
1025769
1025770
1025771
1025772
1025773
1025774
1025775
1025776
1025777
1025778
1025779
1025780
1025781
1025782
1025783
1025784
1025785
1025786
1025787
1025788
1025789
1025790
1025791
1025792
1025793
1025794
1025795
1025796
1025797
1025798
1025799
1025800
1025801
1025802
1025803
1025804
1025805
1025806
1025807
1025808
1025809
1025810
1025811
1025812
1025813
1025814
1025815
1025816
1025817
1025818
1025819
1025820
1025821
1025822
1025823
1025824
1025825
1025826
1025827
1025828
1025829
1025830
1025857
1025858
1025859
1025860
1025861
1025862
1025863
1025864
1025865
1025866
1025867
1025868
1025869
1025870
1025871
1025872
1025873
1025874
1025875
1025876
1025877
1025878
1025879
1025880
1025881
1025882
1025935
1025936
1025937
1025938
1025939
1025940
1025941
1025942
1025943
1025944
1025945
1025946
1025947
1025948
1025949
1025950
1025951
1025952
1025953
1025954
1025955
1025956
1025957
1025958
1025959
1025960
1026013
1026014
1026015
1026016
1026017
1026018
1026019
1026020
1026021
1026022
1026023
1026024
1026025
1026026
1026027
1026028
1026029
1026030
1026031
1026032
1026033
1026034
1026035
1026036
1026037
1026038
1026091
1026092
1026093
1026094
1026095
1026096
1026097
1026098
1026099
1026100
1026101
1026102
1026103
1026104
1026105
1026106
1026107
1026108
1026109
1026110
1026111
1026112
1026113
1026114
1026115
1026116
1026143
1026144
1026145
1026146
1026147
1026148
1026149
1026150
1026151
1026152
1026153
1026154
1026155
1026156
1026157
1026158
1026159
1026160
1026161
1026162
1026163
1026164
1026165
1026166
1026167
1026168
1026169
1026170
1026171
1026172
1026173
1026174
1026175
1026176
1026177
1026178
1026179
1026180
1026181
1026182
1026183
1026184
1026185
1026186
1026187
1026188
1026189
1026190
1026191
1026192
1026193
1026194
1026195
1026196
1026197
1026198
1026199
1026200
1026201
1026202
1026203
1026204
1026205
1026206
1026207
1026208
1026209
1026210
1026211
1026212
1026213
1026214
1026215
1026216
1026217
1026218
1026219
1026220
1026247
1026248
1026249
1026250
1026251
1026252
1026253
1026254
1026255
1026256
1026257
1026258
1026259
1026260
1026261
1026262
1026263
1026264
1026265
1026266
1026267
1026268
1026269
1026270
1026271
1026272
1026273
1026274
1026275
1026276
1026277
1026278
1026279
1026280
1026281
1026282
1026283
1026284
1026285
1026286
1026287
1026288
1026289
1026290
1026291
1026292
1026293
1026294
1026295
1026296
1026297
1026298
1026351
1026352
1026353
1026354
1026355
1026356
1026357
1026358
1026359
1026360
1026361
1026362
1026363
1026364
1026365
1026366
1026367
1026368
1026369
1026370
1026371
1026372
1026373
1026374
1026375
1026376
1026403
1026404
1026405
1026406
1026407
1026408
1026409
1026410
1026411
1026412
1026413
1026414
1026415
1026416
1026417
1026418
1026419
1026420
1026421
1026422
1026423
1026424
1026425
1026426
1026427
1026428
1026429
1026430
1026431
1026432
1026433
1026434
1026435
1026436
1026437
1026438
1026439
1026440
1026441
1026442
1026443
1026444
1026445
1026446
1026447
1026448
1026449
1026450
1026451
1026452
1026453
1026454
1026455
1026456
1026457
1026458
1026459
1026460
1026461
1026462
1026463
1026464
1026465
1026466
1026467
1026468
1026469
1026470
1026471
1026472
1026473
1026474
1026475
1026476
1026477
1026478
1026479
1026480
1026481
1026482
1026483
1026484
1026485
1026486
1026487
1026488
1026489
1026490
1026491
1026492
1026493
1026494
1026495
1026496
1026497
1026498
1026499
1026500
1026501
1026502
1026503
1026504
1026505
1026506
1026507
1026508
1026509
1026510
1026511
1026512
1026513
1026514
1026515
1026516
1026517
1026518
1026519
1026520
1026521
1026522
1026523
1026524
1026525
1026526
1026527
1026528
1026529
1026530
1026531
1026532
1026533
1026534
1026535
1026536
1026537
1026538
1026539
1026540
1026541
1026542
1026543
1026544
1026545
1026546
1026547
1026548
1026549
1026550
1026551
1026552
1026553
1026554
1026555
1026556
1026557
1026558
1026559
1026560
1026561
1026562
1026563
1026564
1026565
1026566
1026567
1026568
1026569
1026570
1026571
1026572
1026573
1026574
1026575
1026576
1026577
1026578
1026579
1026580
1026581
1026582
1026583
1026584
1026585
1026586
1026587
1026588
1026589
1026590
1026591
1026592
1026593
1026594
1026595
1026596
1026597
1026598
1026599
1026600
1026601
1026602
1026603
1026604
1026605
1026606
1026607
1026608
1026609
1026610
