1026663
1026664
1026665
1026666
1026667
1026668
1026669
1026670
1026671
1026672
1026673
1026674
1026675
1026676
1026677
1026678
1026679
1026680
1026681
1026682
1026683
1026684
1026686
1026687
1026688
1026793
1026794
1026795
1026796
1026797
1026798
1026799
1026800
1026801
1026802
1026803
1026804
1026805
1026806
1026807
1026808
1026809
1026810
1026811
1026812
1026813
1026814
1026815
1026816
1026817
1026818
1026819
1026820
1026821
1026822
1026823
1026824
1026825
1026826
1026827
1026828
1026829
1026830
1026831
1026832
1026833
1026834
1026835
1026836
1026837
1026838
1026839
1026840
1026841
1026842
1026843
1026844
1026845
1026846
1026847
1026848
1026849
1026850
1026851
1026852
1026853
1026854
1026855
1026856
1026857
1026858
1026859
1026860
1026861
1026862
1026863
1026864
1026865
1026866
1026867
1026868
1026869
1026870
1026923
1026924
1026925
1026926
1026927
1026928
1026929
1026930
1026931
1026932
1026933
1026934
1026935
1026936
1026937
1026938
1026939
1026940
1026941
1026942
1026943
1026944
1026945
1026946
1026947
1026948
1026949
1026950
1026951
1026952
1026953
1026954
1026955
1026956
1026957
1026958
1026959
1026960
1026961
1026962
1026963
1026964
1026965
1026966
1026967
1026968
1026969
1026970
1026971
1026972
1026973
1026974
1026975
1026976
1026977
1026978
1026979
1026980
1026981
1026982
1026983
1026984
1026985
1026986
1026987
1026988
1026989
1026990
1026991
1026992
1026993
1026994
1026995
1026996
1026997
1026998
1026999
1027000
1027001
1027002
1027003
1027004
1027005
1027006
1027007
1027008
1027009
1027010
1027011
1027012
1027013
1027014
1027015
1027016
1027017
1027018
1027019
1027020
1027021
1027022
1027023
1027024
1027025
1027026
1027079
1027080
1027081
1027082
1027083
1027084
1027085
1027086
1027087
1027088
1027089
1027090
1027091
1027092
1027093
1027094
1027095
1027096
1027097
1027098
1027099
1027100
1027101
1027102
1027103
1027104
1027105
1027106
1027107
1027108
1027109
1027110
1027111
1027112
1027113
1027114
1027115
1027116
1027117
1027118
1027119
1027120
1027121
1027122
1027123
1027124
1027125
1027126
1027127
1027128
1027129
1027130
1027131
1027132
1027133
1027134
1027135
1027136
1027137
1027138
1027139
1027140
1027141
1027142
1027143
1027144
1027145
1027146
1027147
1027148
1027149
1027150
1027151
1027152
1027153
1027154
1027155
1027156
1027157
1027158
1027159
1027160
1027161
1027162
1027163
1027164
1027165
1027166
1027167
1027168
1027169
1027170
1027171
1027172
1027173
1027174
1027175
1027176
1027177
1027178
1027179
1027180
1027181
1027182
1027183
1027184
1027185
1027186
1027187
1027188
1027189
1027190
1027191
1027192
1027193
1027194
1027195
1027196
1027197
1027198
1027199
1027200
1027201
1027202
1027203
1027204
1027205
1027206
1027207
1027208
1027209
1027210
1027211
1027212
1027213
1027214
1027215
1027216
1027217
1027218
1027219
1027220
1027221
1027222
1027223
1027224
1027225
1027226
1027227
1027228
1027229
1027230
1027231
1027232
1027233
1027234
1027235
1027236
1027237
1027238
1027239
1027240
1027241
1027242
1027243
1027244
1027245
1027246
1027247
1027248
1027249
1027250
1027251
1027252
1027253
1027254
1027255
1027256
1027257
1027258
1027259
1027260
1027261
1027262
1027263
1027264
1027265
1027266
1027267
1027268
1027269
1027270
1027271
1027272
1027273
1027274
1027275
1027276
1027277
1027278
1027279
1027280
1027281
1027282
1027283
1027284
1027285
1027286
1027313
1027314
1027315
1027316
1027317
1027318
1027319
1027320
1027321
1027322
1027323
1027324
1027325
1027326
1027327
1027328
1027329
1027330
1027331
1027332
1027333
1027334
1027335
1027336
1027337
1027338
1027365
1027366
1027367
1027368
1027369
1027370
1027371
1027372
1027373
1027374
1027375
1027376
1027377
1027378
1027379
1027380
1027381
1027382
1027383
1027384
1027385
1027386
1027387
1027388
1027389
1027390
1027495
1027496
1027497
1027498
1027499
1027500
1027501
1027502
1027503
1027504
1027505
1027506
1027507
1027508
1027509
1027510
1027511
1027512
1027513
1027514
1027515
1027516
1027517
1027518
1027519
1027520
1027521
1027522
1027523
1027524
1027525
1027526
1027527
1027528
1027529
1027530
1027531
1027532
1027533
1027534
1027535
1027536
1027537
1027538
1027539
1027540
1027541
1027542
1027543
1027544
1027545
1027546
1027547
1027548
1027549
1027550
1027551
1027552
1027553
1027554
1027555
1027556
1027557
1027558
1027559
1027560
1027561
1027562
1027563
1027564
1027565
1027566
1027567
1027568
1027569
1027570
1027571
1027572
1027573
1027574
1027575
1027576
1027577
1027578
1027579
1027580
1027581
1027582
1027583
1027584
1027585
1027586
1027587
1027588
1027589
1027590
1027591
1027592
1027593
1027594
1027595
1027596
1027597
1027598
1027599
1027600
1027601
1027602
1027603
1027604
1027605
1027606
1027607
1027608
1027609
1027610
1027611
1027612
1027613
1027614
1027615
1027616
1027617
1027618
1027619
1027620
1027621
1027622
1027623
1027624
1027677
1027678
1027679
1027680
1027681
1027682
1027683
1027684
1027685
1027686
1027687
1027688
1027689
1027690
1027691
1027692
1027693
1027694
1027695
1027696
1027697
1027698
1027699
1027700
1027701
1027702
1027703
1027704
1027705
1027706
1027707
1027708
1027709
1027710
1027711
1027712
1027713
1027714
1027715
1027716
1027717
1027718
1027719
1027720
1027721
1027722
1027723
1027724
1027725
1027726
1027727
1027728
1027755
1027756
1027757
1027758
1027759
1027760
1027761
1027762
1027763
1027764
1027765
1027766
1027767
1027768
1027769
1027770
1027771
1027772
1027773
1027774
1027775
1027776
1027777
1027778
1027779
1027780
1027781
1027782
1027783
1027784
1027785
1027786
1027787
1027788
1027789
1027790
1027791
1027792
1027793
1027794
1027795
1027796
1027797
1027798
1027799
1027800
1027801
1027802
1027803
1027804
1027805
1027806
1027807
1027808
1027809
1027810
1027811
1027812
1027813
1027814
1027815
1027816
1027817
1027818
1027819
1027820
1027821
1027822
1027823
1027824
1027825
1027826
1027827
1027828
1027829
1027830
1027831
1027832
1027859
1027860
1027861
1027862
1027863
1027864
1027865
1027866
1027867
1027868
1027869
1027870
1027871
1027872
1027873
1027874
1027875
1027876
1027877
1027878
1027879
1027880
1027881
1027882
1027883
1027884
1027963
1027964
1027965
1027966
1027967
1027968
1027969
1027970
1027971
1027972
1027973
1027974
1027975
1027976
1027977
1027978
1027979
1027980
1027981
1027982
1027983
1027984
1027985
1027986
1027987
1027988
1028067
1028068
1028069
1028070
1028071
1028072
1028073
1028074
1028075
1028076
1028077
1028078
1028079
1028080
1028081
1028082
1028083
1028084
1028085
1028086
1028087
1028088
1028089
1028090
1028091
1028092
1028093
1028094
1028095
1028096
1028097
1028098
1028099
1028100
1028101
1028102
1028103
1028104
1028105
1028106
1028107
1028108
1028109
1028110
1028111
1028112
1028113
1028114
1028115
1028116
1028117
1028118
1028223
1028224
1028225
1028226
1028227
1028228
1028229
1028230
1028231
1028232
1028233
1028234
1028235
1028236
1028237
1028238
1028239
1028240
1028241
1028242
1028243
1028244
1028245
1028246
1028247
1028248
1028275
1028276
1028277
1028278
1028279
1028280
1028281
1028282
1028283
1028284
1028285
1028286
1028287
1028288
1028289
1028290
1028291
1028292
1028293
1028294
1028295
1028296
1028297
1028298
1028299
1028300
1028301
1028302
1028303
1028304
1028305
1028306
1028307
1028308
1028309
1028310
1028311
1028312
1028313
1028314
1028315
1028316
1028317
1028318
1028319
1028320
1028321
1028322
1028323
1028324
1028325
1028326
1028327
1028328
1028329
1028330
1028331
1028332
1028333
1028334
1028335
1028336
1028337
1028338
1028339
1028340
1028341
1028342
1028343
1028344
1028345
1028346
1028347
1028348
1028349
1028350
1028351
1028352
1028379
1028380
1028381
1028382
1028383
1028384
1028385
1028386
1028387
1028388
1028389
1028390
1028391
1028392
1028393
1028394
1028395
1028396
1028397
1028398
1028399
1028400
1028401
1028402
1028403
1028404
1028405
1028406
1028407
1028408
1028409
1028410
1028411
1028412
1028413
1028414
1028415
1028416
1028417
1028418
1028419
1028420
1028421
1028422
1028423
1028424
1028425
1028426
1028427
1028428
1028429
1028430
1028457
1028458
1028459
1028460
1028461
1028462
1028463
1028464
1028465
1028466
1028467
1028468
1028469
1028470
1028471
1028472
1028473
1028474
1028475
1028476
1028477
1028478
1028479
1028480
1028481
1028482
1028535
1028536
1028537
1028538
1028539
1028540
1028541
1028542
1028543
1028544
1028545
1028546
1028547
1028548
1028549
1028550
1028551
1028552
1028553
1028554
1028555
1028556
1028557
1028558
1028559
1028560
1028561
1028562
1028563
1028564
1028565
1028566
1028567
1028568
1028569
1028570
1028571
1028572
1028573
1028574
1028575
1028576
1028577
1028578
1028579
1028580
1028581
1028582
1028583
1028584
1028585
1028586
1028613
1028614
1028615
1028616
1028617
1028618
1028619
1028620
1028621
1028622
1028623
1028624
1028625
1028626
1028627
1028628
1028629
1028630
1028631
1028632
1028633
1028634
1028635
1028636
1028637
1028638
1028639
1028640
1028641
1028642
1028643
1028644
1028645
1028646
1028647
1028648
1028649
1028650
1028651
1028652
1028653
1028654
1028655
1028656
1028657
1028658
1028659
1028660
1028661
1028662
1028663
1028664
1028691
1028692
1028693
1028694
1028695
1028696
1028697
1028698
1028699
1028700
1028701
1028702
1028703
1028704
1028705
1028706
1028707
1028708
1028709
1028710
1028711
1028712
1028713
1028714
1028715
1028716
1028743
1028744
1028745
1028746
1028747
1028748
1028749
1028750
1028751
1028752
1028753
1028754
1028755
1028756
1028757
1028758
1028759
1028760
1028761
1028762
1028763
1028764
1028765
1028766
1028767
1028768
1028769
1028770
1028771
1028772
1028773
1028774
1028775
1028776
1028777
1028778
1028779
1028780
1028781
1028782
1028783
1028784
1028785
1028786
1028787
1028788
1028789
1028790
1028791
1028792
1028793
1028794
1028821
1028822
1028823
1028824
1028825
1028826
1028827
1028828
1028829
1028830
1028831
1028832
1028833
1028834
1028835
1028836
1028837
1028838
1028839
1028840
1028841
1028842
1028843
1028844
1028845
1028846
1028873
1028874
1028875
1028876
1028877
1028878
1028879
1028880
1028881
1028882
1028883
1028884
1028885
1028886
1028887
1028888
1028889
1028890
1028891
1028892
1028893
1028894
1028895
1028896
1028897
1028898
1028899
1028900
1028901
1028902
1028903
1028904
1028905
1028906
1028907
1028908
1028909
1028910
1028911
1028912
1028913
1028914
1028915
1028916
1028917
1028918
1028919
1028920
1028921
1028922
1028923
1028924
1028925
1028926
1028927
1028928
1028929
1028930
1028931
1028932
1028933
1028934
1028935
1028936
1028937
1028938
1028939
1028940
1028941
1028942
1028943
1028944
1028945
1028946
1028947
1028948
1028949
1028950
1028977
1028978
1028979
1028980
1028981
1028982
1028983
1028984
1028985
1028986
1028987
1028988
1028989
1028990
1028991
1028992
1028993
1028994
1028995
1028996
1028997
1028998
1028999
1029000
1029001
1029002
1029029
1029030
1029031
1029032
1029033
1029034
1029035
1029036
1029037
1029038
1029039
1029040
1029041
1029042
1029043
1029044
1029045
1029046
1029047
1029048
1029049
1029050
1029051
1029052
1029053
1029054
1029081
1029082
1029083
1029084
1029085
1029086
1029087
1029088
1029089
1029090
1029091
1029092
1029093
1029094
1029095
1029096
1029097
1029098
1029099
1029100
1029101
1029102
1029103
1029104
1029105
1029106
1029159
1029160
1029161
1029162
1029163
1029164
1029165
1029166
1029167
1029168
1029169
1029170
1029171
1029172
1029173
1029174
1029175
1029176
1029177
1029178
1029179
1029180
1029181
1029182
1029183
1029184
1029211
1029212
1029213
1029214
1029215
1029216
1029217
1029218
1029219
1029220
1029221
1029222
1029223
1029224
1029225
1029226
1029227
1029228
1029229
1029230
1029231
1029232
1029233
1029234
1029235
1029236
1029237
1029238
1029239
1029240
1029241
1029242
1029243
1029244
1029245
1029246
1029247
1029248
1029249
1029250
1029251
1029252
1029253
1029254
1029255
1029256
1029257
1029258
1029259
1029260
1029261
1029262
1029315
1029316
1029317
1029318
1029319
1029320
1029321
1029322
1029323
1029324
1029325
1029326
1029327
1029328
1029329
1029330
1029331
1029332
1029333
1029334
1029335
1029336
1029337
1029338
1029339
1029340
1029367
1029368
1029369
1029370
1029371
1029372
1029373
1029374
1029375
1029376
1029377
1029378
1029379
1029380
1029381
1029382
1029383
1029384
1029385
1029386
1029387
1029388
1029389
1029390
1029391
1029392
1029419
1029420
1029421
1029422
1029423
1029424
1029425
1029426
1029427
1029428
1029429
1029430
1029431
1029432
1029433
1029434
1029435
1029436
1029437
1029438
1029439
1029440
1029441
1029442
1029443
1029444
1029471
1029472
1029473
1029474
1029475
1029476
1029477
1029478
1029479
1029480
1029481
1029482
1029483
1029484
1029485
1029486
1029487
1029488
1029489
1029490
1029491
1029492
1029493
1029494
1029495
1029496
1029601
1029602
1029603
1029604
1029605
1029606
1029607
1029608
1029609
1029610
1029611
1029612
1029613
1029614
1029615
1029616
1029617
1029618
1029619
1029620
1029621
1029622
1029623
1029624
1029625
1029626
1029627
1029628
1029629
1029630
1029631
1029632
1029633
1029634
1029635
1029636
1029637
1029638
1029639
1029640
1029641
1029642
1029643
1029644
1029645
1029646
1029647
1029648
1029649
1029650
1029651
1029652
1029679
1029680
1029681
1029682
1029683
1029684
1029685
1029686
1029687
1029688
1029689
1029690
1029691
1029692
1029693
1029694
1029695
1029696
1029697
1029698
1029699
1029700
1029701
1029702
1029703
1029704
1029731
1029732
1029733
1029734
1029735
1029736
1029737
1029738
1029739
1029740
1029741
1029742
1029743
1029744
1029745
1029746
1029747
1029748
1029749
1029750
1029751
1029752
1029753
1029754
1029755
1029756
1029757
1029758
1029759
1029760
1029761
1029762
1029763
1029764
1029765
1029766
1029767
1029768
1029769
1029770
1029771
1029772
1029773
1029774
1029775
1029776
1029777
1029778
1029779
1029780
1029781
1029782
1029783
1029784
1029785
1029786
1029787
1029788
1029789
1029790
1029791
1029792
1029793
1029794
1029795
1029796
1029797
1029798
1029799
1029800
1029801
1029802
1029803
1029804
1029805
1029806
1029807
1029808
1029861
1029862
1029863
1029864
1029865
1029866
1029867
1029868
1029869
1029870
1029871
1029872
1029873
1029874
1029875
1029876
1029877
1029878
1029879
1029880
1029881
1029882
1029883
1029884
1029885
1029886
1029887
1029888
1029889
1029890
1029891
1029892
1029893
1029894
1029895
1029896
1029897
1029898
1029899
1029900
1029901
1029902
1029903
1029904
1029905
1029906
1029907
1029908
1029909
1029910
1029911
1029912
1029939
1029940
1029941
1029942
1029943
1029944
1029945
1029946
1029947
1029948
1029949
1029950
1029951
1029952
1029953
1029954
1029955
1029956
1029957
1029958
1029959
1029960
1029961
1029962
1029963
1029964
1029991
1029992
1029993
1029994
1029995
1029996
1029997
1029998
1029999
1030000
1030001
1030002
1030003
1030004
1030005
1030006
1030007
1030008
1030009
1030010
1030011
1030012
1030013
1030014
1030015
1030016
1030043
1030044
1030045
1030046
1030047
1030048
1030049
1030050
1030051
1030052
1030053
1030054
1030055
1030056
1030057
1030058
1030059
1030060
1030061
1030062
1030063
1030064
1030065
1030066
1030067
1030068
1030069
1030070
1030071
1030072
1030073
1030074
1030075
1030076
1030077
1030078
1030079
1030080
1030081
1030082
1030083
1030084
1030085
1030086
1030087
1030088
1030089
1030090
1030091
1030092
1030093
1030094
1030095
1030096
1030097
1030098
1030099
1030100
1030101
1030102
1030103
1030104
1030105
1030106
1030107
1030108
1030109
1030110
1030111
1030112
1030113
1030114
1030115
1030116
1030117
1030118
1030119
1030120
1030121
1030122
1030123
1030124
1030125
1030126
1030127
1030128
1030129
1030130
1030131
1030132
1030133
1030134
1030135
1030136
1030137
1030138
1030139
1030140
1030141
1030142
1030143
1030144
1030145
1030146
1030147
1030148
1030149
1030150
1030151
1030152
1030153
1030154
1030155
1030156
1030157
1030158
1030159
1030160
1030161
1030162
1030163
1030164
1030165
1030166
1030167
1030168
1030169
1030170
1030171
1030172
1030173
1030174
1030175
1030176
1030177
1030178
1030179
1030180
1030181
1030182
1030183
1030184
1030185
1030186
1030187
1030188
1030189
1030190
1030191
1030192
1030193
1030194
1030195
1030196
1030197
1030198
1030199
1030200
1030201
1030202
1030203
1030204
1030205
1030206
1030207
1030208
1030209
1030210
1030211
1030212
1030213
1030214
1030215
1030216
1030217
1030218
1030219
1030220
1030221
1030222
1030223
1030224
1030225
1030226
1030227
1030228
1030229
1030230
1030231
1030232
1030233
1030234
1030235
1030236
1030237
1030238
1030239
1030240
1030241
1030242
1030243
1030244
1030245
1030246
1030247
1030248
1030249
1030250
1030251
1030252
1030253
1030254
1030255
1030256
1030257
1030258
1030259
1030260
1030261
1030262
1030263
1030264
1030265
1030266
1030267
1030268
1030269
1030270
1030271
1030272
1030273
1030274
1030275
1030276
1030277
1030278
1030279
1030280
1030281
1030282
1030283
1030284
1030285
1030286
1030287
1030288
1030289
1030290
1030291
1030292
1030293
1030294
1030295
1030296
1030297
1030298
1030299
1030300
1030301
1030302
1030303
1030304
1030305
1030306
1030307
1030308
1030309
1030310
1030311
1030312
1030313
1030314
1030315
1030316
1030317
1030318
1030319
1030320
1030321
1030322
1030323
1030324
1030325
1030326
1030327
1030328
1030329
1030330
1030331
1030332
1030333
1030334
1030335
1030336
1030337
1030338
1030339
1030340
1030341
1030342
1030343
1030344
1030345
1030346
1030347
1030348
1030349
1030350
1030351
1030352
1030353
1030354
1030381
1030382
1030383
1030384
1030385
1030386
1030387
1030388
1030389
1030390
1030391
1030392
1030393
1030394
1030395
1030396
1030397
1030398
1030399
1030400
1030401
1030402
1030403
1030404
1030405
1030406
1030433
1030434
1030435
1030436
1030437
1030438
1030439
1030440
1030441
1030442
1030443
1030444
1030445
1030446
1030447
1030448
1030449
1030450
1030451
1030452
1030453
1030454
1030455
1030456
1030457
1030458
1030485
1030486
1030487
1030488
1030489
1030490
1030491
1030492
1030493
1030494
1030495
1030496
1030497
1030498
1030499
1030500
1030501
1030502
1030503
1030504
1030505
1030506
1030507
1030508
1030509
1030510
1030537
1030538
1030539
1030540
1030541
1030542
1030543
1030544
1030545
1030546
1030547
1030548
1030549
1030550
1030551
1030552
1030553
1030554
1030555
1030556
1030557
1030558
1030559
1030560
1030561
1030562
1030563
1030564
1030565
1030566
1030567
1030568
1030569
1030570
1030571
1030572
1030573
1030574
1030575
1030576
1030577
1030578
1030579
1030580
1030581
1030582
1030583
1030584
1030585
1030586
1030587
1030588
1030589
1030590
1030591
1030592
1030593
1030594
1030595
1030596
1030597
1030598
1030599
1030600
1030601
1030602
1030603
1030604
1030605
1030606
1030607
1030608
1030609
1030610
1030611
1030612
1030613
1030614
1030667
1030668
1030669
1030670
1030671
1030672
1030673
1030674
1030675
1030676
1030677
1030678
1030679
1030680
1030681
1030682
1030683
1030684
1030685
1030686
1030687
1030688
1030689
1030690
1030691
1030692
1030693
1030694
1030695
1030696
1030697
1030698
1030699
1030700
1030701
1030702
1030703
1030704
1030705
1030706
1030707
1030708
1030709
1030710
1030711
1030712
1030713
1030714
1030715
1030716
1030717
1030718
1030745
1030746
1030747
1030748
1030749
1030750
1030751
1030752
1030753
1030754
1030755
1030756
1030757
1030758
1030759
1030760
1030761
1030762
1030763
1030764
1030765
1030766
1030767
1030768
1030769
1030770
1030823
1030824
1030825
1030826
1030827
1030828
1030829
1030830
1030831
1030832
1030833
1030834
1030835
1030836
1030837
1030838
1030839
1030840
1030841
1030842
1030843
1030844
1030845
1030846
1030847
1030848
1030927
1030928
1030929
1030930
1030931
1030932
1030933
1030934
1030935
1030936
1030937
1030938
1030939
1030940
1030941
1030942
1030943
1030944
1030945
1030946
1030947
1030948
1030949
1030950
1030951
1030952
1030953
1030954
1030955
1030956
1030957
1030958
1030959
1030960
1030961
1030962
1030963
1030964
1030965
1030966
1030967
1030968
1030969
1030970
1030971
1030972
1030973
1030974
1030975
1030976
1030977
1030978
1031005
1031006
1031007
1031008
1031009
1031010
1031011
1031012
1031013
1031014
1031015
1031016
1031017
1031018
1031019
1031020
1031021
1031022
1031023
1031024
1031025
1031026
1031027
1031028
1031029
1031030
1031031
1031032
1031033
1031034
1031035
1031036
1031037
1031038
1031039
1031040
1031041
1031042
1031043
1031044
1031045
1031046
1031047
1031048
1031049
1031050
1031051
1031052
1031053
1031054
1031055
1031056
1031109
1031110
1031111
1031112
1031113
1031114
1031115
1031116
1031117
1031118
1031119
1031120
1031121
1031122
1031123
1031124
1031125
1031126
1031127
1031128
1031129
1031130
1031131
1031132
1031133
1031134
1031161
1031162
1031163
1031164
1031165
1031166
1031167
1031168
1031169
1031170
1031171
1031172
1031173
1031174
1031175
1031176
1031177
1031178
1031179
1031180
1031181
1031182
1031183
1031184
1031185
1031186
1031213
1031214
1031215
1031216
1031217
1031218
1031219
1031220
1031221
1031222
1031223
1031224
1031225
1031226
1031227
1031228
1031229
1031230
1031231
1031232
1031233
1031234
1031235
1031236
1031237
1031238
1031265
1031266
1031267
1031268
1031269
1031270
1031271
1031272
1031273
1031274
1031275
1031276
1031277
1031278
1031279
1031280
1031281
1031282
1031283
1031284
1031285
1031286
1031287
1031288
1031289
1031290
1031291
1031292
1031293
1031294
1031295
1031296
1031297
1031298
1031299
1031300
1031301
1031302
1031303
1031304
1031305
1031306
1031307
1031308
1031309
1031310
1031311
1031312
1031313
1031314
1031315
1031316
1031369
1031370
1031371
1031372
1031373
1031374
1031375
1031376
1031377
1031378
1031379
1031380
1031381
1031382
1031383
1031384
1031385
1031386
1031387
1031388
1031389
1031390
1031391
1031392
1031393
1031394
1031447
1031448
1031449
1031450
1031451
1031452
1031453
1031454
1031455
1031456
1031457
1031458
1031459
1031460
1031461
1031462
1031463
1031464
1031465
1031466
1031467
1031468
1031469
1031470
1031471
1031472
1031525
1031526
1031527
1031528
1031529
1031530
1031531
1031532
1031533
1031534
1031535
1031536
1031537
1031538
1031539
1031540
1031541
1031542
1031543
1031544
1031545
1031546
1031547
1031548
1031549
1031550
1031551
1031552
1031553
1031554
1031555
1031556
1031557
1031558
1031559
1031560
1031561
1031562
1031563
1031564
1031565
1031566
1031567
1031568
1031569
1031570
1031571
1031572
1031573
1031574
1031575
1031576
1031577
1031578
1031579
1031580
1031581
1031582
1031583
1031584
1031585
1031586
1031587
1031588
1031589
1031590
1031591
1031592
1031593
1031594
1031595
1031596
1031597
1031598
1031599
1031600
1031601
1031602
1031603
1031604
1031605
1031606
1031607
1031608
1031609
1031610
1031611
1031612
1031613
1031614
1031615
1031616
1031617
1031618
1031619
1031620
1031621
1031622
1031623
1031624
1031625
1031626
1031627
1031628
1031629
1031630
1031631
1031632
1031633
1031634
1031635
1031636
1031637
1031638
1031639
1031640
1031641
1031642
1031643
1031644
1031645
1031646
1031647
1031648
1031649
1031650
1031651
1031652
1031653
1031654
1031707
1031708
1031709
1031710
1031711
1031712
1031713
1031714
1031715
1031716
1031717
1031718
1031719
1031720
1031721
1031722
1031723
1031724
1031725
1031726
1031727
1031728
1031729
1031730
1031731
1031732
1031733
1031734
1031735
1031736
1031737
1031738
1031739
1031740
1031741
1031742
1031743
1031744
1031745
1031746
1031747
1031748
1031749
1031750
1031751
1031752
1031753
1031754
1031755
1031756
1031757
1031758
1031837
1031838
1031839
1031840
1031841
1031842
1031843
1031844
1031845
1031846
1031847
1031848
1031849
1031850
1031851
1031852
1031853
1031854
1031855
1031856
1031857
1031858
1031859
1031860
1031861
1031862
1031889
1031890
1031891
1031892
1031893
1031894
1031895
1031896
1031897
1031898
1031899
1031900
1031901
1031902
1031903
1031904
1031905
1031906
1031907
1031908
1031909
1031910
1031911
1031912
1031913
1031914
1032045
1032046
1032047
1032048
1032049
1032050
1032051
1032052
1032053
1032054
1032055
1032056
1032057
1032058
1032059
1032060
1032061
1032062
1032063
1032064
1032065
1032066
1032067
1032068
1032069
1032070
1032123
1032124
1032125
1032126
1032127
1032128
1032129
1032130
1032131
1032132
1032133
1032134
1032135
1032136
1032137
1032138
1032139
1032140
1032141
1032142
1032143
1032144
1032145
1032146
1032147
1032148
1032201
1032202
1032203
1032204
1032205
1032206
1032207
1032208
1032209
1032210
1032211
1032212
1032213
1032214
1032215
1032216
1032217
1032218
1032219
1032220
1032221
1032222
1032223
1032224
1032225
1032226
1032227
1032228
1032229
1032230
1032231
1032232
1032233
1032234
1032235
1032236
1032237
1032238
1032239
1032240
1032241
1032242
1032243
1032244
1032245
1032246
1032247
1032248
1032249
1032250
1032251
1032252
1032253
1032254
1032255
1032256
1032257
1032258
1032259
1032260
1032261
1032262
1032263
1032264
1032265
1032266
1032267
1032268
1032269
1032270
1032271
1032272
1032273
1032274
1032275
1032276
1032277
1032278
1032279
1032280
1032281
1032282
1032283
1032284
1032285
1032286
1032287
1032288
1032289
1032290
1032291
1032292
1032293
1032294
1032295
1032296
1032297
1032298
1032299
1032300
1032301
1032302
1032303
1032304
1032305
1032306
1032307
1032308
1032309
1032310
1032311
1032312
1032313
1032314
1032315
1032316
1032317
1032318
1032319
1032320
1032321
1032322
1032323
1032324
1032325
1032326
1032327
1032328
1032329
1032330
1032383
1032384
1032385
1032386
1032387
1032388
1032389
1032390
1032391
1032392
1032393
1032394
1032395
1032396
1032397
1032398
1032399
1032400
1032401
1032402
1032403
1032404
1032405
1032406
1032407
1032408
1032435
1032436
1032437
1032438
1032439
1032440
1032441
1032442
1032443
1032444
1032445
1032446
1032447
1032448
1032449
1032450
1032451
1032452
1032453
1032454
1032455
1032456
1032457
1032458
1032459
1032460
1032461
1032462
1032463
1032464
1032465
1032466
1032467
1032468
1032469
1032470
1032471
1032472
1032473
1032474
1032475
1032476
1032477
1032478
1032479
1032480
1032481
1032482
1032483
1032484
1032485
1032486
1032591
1032592
1032593
1032594
1032595
1032596
1032597
1032598
1032599
1032600
1032601
1032602
1032603
1032604
1032605
1032606
1032607
1032608
1032609
1032610
1032611
1032612
1032613
1032614
1032615
1032616
1032643
1032644
1032645
1032646
1032647
1032648
1032649
1032650
1032651
1032652
1032653
1032654
1032655
1032656
1032657
1032658
1032659
1032660
1032661
1032662
1032663
1032664
1032665
1032666
1032667
1032668
1032695
1032696
1032697
1032698
1032699
1032700
1032701
1032702
1032703
1032704
1032705
1032706
1032707
1032708
1032709
1032710
1032711
1032712
1032713
1032714
1032715
1032716
1032717
1032718
1032719
1032720
1032747
1032748
1032749
1032750
1032751
1032752
1032753
1032754
1032755
1032756
1032757
1032758
1032759
1032760
1032761
1032762
1032763
1032764
1032765
1032766
1032767
1032768
1032769
1032770
1032771
1032772
1032773
1032774
1032775
1032776
1032777
1032778
1032779
1032780
1032781
1032782
1032783
1032784
1032785
1032786
1032787
1032788
1032789
1032790
1032791
1032792
1032793
1032794
1032795
1032796
1032797
1032798
1032825
1032826
1032827
1032828
1032829
1032830
1032831
1032832
1032833
1032834
1032835
1032836
1032837
1032838
1032839
1032840
1032841
1032842
1032843
1032844
1032845
1032846
1032847
1032848
1032849
1032850
1032851
1032852
1032853
1032855
1032856
1032857
1032858
1032859
1032860
1032861
1032862
1032863
1032864
1032865
1032866
1032867
1032868
1032869
1032870
1032871
1032872
1032873
1032874
1032875
1032876
