1032981
1032982
1032983
1032984
1032985
1032986
1032987
1032988
1032989
1032990
1032991
1032992
1032993
1032994
1032995
1032996
1032997
1032998
1032999
1033000
1033001
1033002
1033003
1033004
1033005
1033006
1033007
1033008
1033009
1033010
1033011
1033012
1033013
1033014
1033015
1033016
1033017
1033018
1033019
1033020
1033021
1033022
1033023
1033024
1033025
1033026
1033027
1033028
1033029
1033030
1033031
1033032
1033059
1033060
1033061
1033062
1033063
1033064
1033065
1033066
1033067
1033068
1033069
1033070
1033071
1033072
1033073
1033074
1033075
1033076
1033077
1033078
1033079
1033080
1033081
1033082
1033083
1033084
1033189
1033190
1033191
1033192
1033193
1033194
1033195
1033196
1033197
1033198
1033199
1033200
1033201
1033202
1033203
1033204
1033205
1033206
1033207
1033208
1033209
1033210
1033211
1033212
1033213
1033214
1033215
1033216
1033217
1033218
1033219
1033220
1033221
1033222
1033223
1033224
1033225
1033226
1033227
1033228
1033229
1033230
1033231
1033232
1033233
1033234
1033235
1033236
1033237
1033238
1033239
1033240
1033241
1033242
1033243
1033244
1033245
1033246
1033247
1033248
1033249
1033250
1033251
1033252
1033253
1033254
1033255
1033256
1033257
1033258
1033259
1033260
1033261
1033262
1033263
1033264
1033265
1033266
1033319
1033320
1033321
1033322
1033323
1033324
1033325
1033326
1033327
1033328
1033329
1033330
1033331
1033332
1033333
1033334
1033335
1033336
1033337
1033338
1033339
1033340
1033341
1033342
1033343
1033344
1033371
1033372
1033373
1033374
1033375
1033376
1033377
1033378
1033379
1033380
1033381
1033382
1033383
1033384
1033385
1033386
1033387
1033388
1033389
1033390
1033391
1033392
1033393
1033394
1033395
1033396
1033423
1033424
1033425
1033426
1033427
1033428
1033429
1033430
1033431
1033432
1033433
1033434
1033435
1033436
1033437
1033438
1033439
1033440
1033441
1033442
1033443
1033444
1033445
1033446
1033447
1033448
1033449
1033450
1033451
1033452
1033453
1033454
1033455
1033456
1033457
1033458
1033459
1033460
1033461
1033462
1033463
1033464
1033465
1033466
1033467
1033468
1033469
1033470
1033471
1033472
1033473
1033474
1033527
1033528
1033529
1033530
1033531
1033532
1033533
1033534
1033535
1033536
1033537
1033538
1033539
1033540
1033541
1033542
1033543
1033544
1033545
1033546
1033547
1033548
1033549
1033550
1033551
1033552
1033553
1033554
1033555
1033556
1033557
1033558
1033559
1033560
1033561
1033562
1033563
1033564
1033565
1033566
1033567
1033568
1033569
1033570
1033571
1033572
1033573
1033574
1033575
1033576
1033577
1033578
1033605
1033606
1033607
1033608
1033609
1033610
1033611
1033612
1033613
1033614
1033615
1033616
1033617
1033618
1033619
1033620
1033621
1033622
1033623
1033624
1033625
1033626
1033627
1033628
1033629
1033630
1033709
1033710
1033711
1033712
1033713
1033714
1033715
1033716
1033717
1033718
1033719
1033720
1033721
1033722
1033723
1033724
1033725
1033726
1033727
1033728
1033729
1033730
1033731
1033732
1033733
1033734
1033735
1033736
1033737
1033738
1033739
1033740
1033741
1033742
1033743
1033744
1033745
1033746
1033747
1033748
1033749
1033750
1033751
1033752
1033753
1033754
1033755
1033756
1033757
1033758
1033759
1033760
1033761
1033762
1033763
1033764
1033765
1033766
1033767
1033768
1033769
1033770
1033771
1033772
1033773
1033774
1033775
1033776
1033777
1033778
1033779
1033780
1033781
1033782
1033783
1033784
1033785
1033786
1033787
1033788
1033789
1033790
1033791
1033792
1033793
1033794
1033795
1033796
1033797
1033798
1033799
1033800
1033801
1033802
1033803
1033804
1033805
1033806
1033807
1033808
1033809
1033810
1033811
1033812
1033813
1033814
1033815
1033816
1033817
1033818
1033819
1033820
1033821
1033822
1033823
1033824
1033825
1033826
1033827
1033828
1033829
1033830
1033831
1033832
1033833
1033834
1033835
1033836
1033837
1033838
1033865
1033866
1033867
1033868
1033869
1033870
1033871
1033872
1033873
1033874
1033875
1033876
1033877
1033878
1033879
1033880
1033881
1033882
1033883
1033884
1033885
1033886
1033887
1033888
1033889
1033890
1033943
1033944
1033945
1033946
1033947
1033948
1033949
1033950
1033951
1033952
1033953
1033954
1033955
1033956
1033957
1033958
1033959
1033960
1033961
1033962
1033963
1033964
1033965
1033966
1033967
1033968
1033995
1033996
1033997
1033998
1033999
1034000
1034001
1034002
1034003
1034004
1034005
1034006
1034007
1034008
1034009
1034010
1034011
1034012
1034013
1034014
1034015
1034016
1034017
1034018
1034019
1034020
1034021
1034022
1034023
1034024
1034025
1034026
1034027
1034028
1034029
1034030
1034031
1034032
1034033
1034034
1034035
1034036
1034037
1034038
1034039
1034040
1034041
1034042
1034043
1034044
1034045
1034046
1034047
1034048
1034049
1034050
1034051
1034052
1034053
1034054
1034055
1034056
1034057
1034058
1034059
1034060
1034061
1034062
1034063
1034064
1034065
1034066
1034067
1034068
1034069
1034070
1034071
1034072
1034073
1034074
1034075
1034076
1034077
1034078
1034079
1034080
1034081
1034082
1034083
1034084
1034085
1034086
1034087
1034088
1034089
1034090
1034091
1034092
1034093
1034094
1034095
1034096
1034097
1034098
1034151
1034152
1034153
1034154
1034155
1034156
1034157
1034158
1034159
1034160
1034161
1034162
1034163
1034164
1034165
1034166
1034167
1034168
1034169
1034170
1034171
1034172
1034173
1034174
1034175
1034176
1034177
1034178
1034179
1034180
1034181
1034182
1034183
1034184
1034185
1034186
1034187
1034188
1034189
1034190
1034191
1034192
1034193
1034194
1034195
1034196
1034197
1034198
1034199
1034200
1034201
1034202
1034255
1034256
1034257
1034258
1034259
1034260
1034261
1034262
1034263
1034264
1034265
1034266
1034267
1034268
1034269
1034270
1034271
1034272
1034273
1034274
1034275
1034276
1034277
1034278
1034279
1034280
1034307
1034308
1034309
1034310
1034311
1034312
1034313
1034314
1034315
1034316
1034317
1034318
1034319
1034320
1034321
1034322
1034323
1034324
1034325
1034326
1034327
1034328
1034329
1034330
1034331
1034332
1034359
1034360
1034361
1034362
1034363
1034364
1034365
1034366
1034367
1034368
1034369
1034370
1034371
1034372
1034373
1034374
1034375
1034376
1034377
1034378
1034379
1034380
1034381
1034382
1034383
1034384
1034385
1034386
1034387
1034388
1034389
1034390
1034391
1034392
1034393
1034394
1034395
1034396
1034397
1034398
1034399
1034400
1034401
1034402
1034403
1034404
1034405
1034406
1034407
1034408
1034409
1034410
1034437
1034438
1034439
1034440
1034441
1034442
1034443
1034444
1034445
1034446
1034447
1034448
1034449
1034450
1034451
1034452
1034453
1034454
1034455
1034456
1034457
1034458
1034459
1034460
1034461
1034462
1034541
1034542
1034543
1034544
1034545
1034546
1034547
1034548
1034549
1034550
1034551
1034552
1034553
1034554
1034555
1034556
1034557
1034558
1034559
1034560
1034561
1034562
1034563
1034564
1034565
1034566
1034619
1034620
1034621
1034622
1034623
1034624
1034625
1034626
1034627
1034628
1034629
1034630
1034631
1034632
1034633
1034634
1034635
1034636
1034637
1034638
1034639
1034640
1034641
1034642
1034643
1034644
1034671
1034672
1034673
1034674
1034675
1034676
1034677
1034678
1034679
1034680
1034681
1034682
1034683
1034684
1034685
1034686
1034687
1034688
1034689
1034690
1034691
1034692
1034693
1034694
1034695
1034696
1034697
1034698
1034699
1034700
1034701
1034702
1034703
1034704
1034705
1034706
1034707
1034708
1034709
1034710
1034711
1034712
1034713
1034714
1034715
1034716
1034717
1034718
1034719
1034720
1034721
1034722
1034723
1034724
1034725
1034726
1034727
1034728
1034729
1034730
1034731
1034732
1034733
1034734
1034735
1034736
1034737
1034738
1034739
1034740
1034741
1034742
1034743
1034744
1034745
1034746
1034747
1034748
1034827
1034828
1034829
1034830
1034831
1034832
1034833
1034834
1034835
1034836
1034837
1034838
1034839
1034840
1034841
1034842
1034843
1034844
1034845
1034846
1034847
1034848
1034849
1034850
1034851
1034852
1034853
1034854
1034855
1034856
1034857
1034858
1034859
1034860
1034861
1034862
1034863
1034864
1034865
1034866
1034867
1034868
1034869
1034870
1034871
1034872
1034873
1034874
1034875
1034876
1034877
1034878
1034905
1034906
1034907
1034908
1034909
1034910
1034911
1034912
1034913
1034914
1034915
1034916
1034917
1034918
1034919
1034920
1034921
1034922
1034923
1034924
1034925
1034926
1034927
1034928
1034929
1034930
1034931
1034932
1034933
1034934
1034935
1034936
1034937
1034938
1034939
1034940
1034941
1034942
1034943
1034944
1034945
1034946
1034947
1034948
1034949
1034950
1034951
1034952
1034953
1034954
1034955
1034956
1035087
1035088
1035089
1035090
1035091
1035092
1035093
1035094
1035095
1035096
1035097
1035098
1035099
1035100
1035101
1035102
1035103
1035104
1035105
1035106
1035107
1035108
1035109
1035110
1035111
1035112
1035139
1035140
1035141
1035142
1035143
1035144
1035145
1035146
1035147
1035148
1035149
1035150
1035151
1035152
1035153
1035154
1035155
1035156
1035157
1035158
1035159
1035160
1035161
1035162
1035163
1035164
1035165
1035166
1035167
1035168
1035169
1035170
1035171
1035172
1035173
1035174
1035175
1035176
1035177
1035178
1035180
1035181
1035182
1035183
1035184
1035185
1035186
1035187
1035188
1035189
1035190
1035191
1035192
1035193
1035194
1035195
1035196
1035197
1035198
1035199
1035200
1035201
1035202
1035203
1035204
1035205
1035206
1035207
1035208
1035209
1035210
1035211
1035212
1035213
1035214
1035215
1035216
1035269
1035270
1035271
1035272
1035273
1035274
1035275
1035276
1035277
1035278
1035279
1035280
1035281
1035282
1035283
1035284
1035285
1035286
1035287
1035288
1035289
1035290
1035291
1035292
1035293
1035294
1035295
1035296
1035297
1035298
1035299
1035300
1035301
1035302
1035303
1035304
1035305
1035306
1035307
1035308
1035309
1035310
1035311
1035312
1035313
1035314
1035315
1035316
1035317
1035318
1035319
1035320
1035347
1035348
1035349
1035350
1035351
1035352
1035353
1035354
1035355
1035356
1035357
1035358
1035359
1035360
1035361
1035362
1035363
1035364
1035365
1035366
1035367
1035368
1035369
1035370
1035371
1035372
1035373
1035374
1035375
1035376
1035377
1035378
1035379
1035380
1035381
1035382
1035383
1035384
1035385
1035386
1035387
1035388
1035389
1035390
1035391
1035392
1035393
1035394
1035395
1035396
1035397
1035398
1035425
1035426
1035427
1035428
1035429
1035430
1035431
1035432
1035433
1035434
1035435
1035436
1035437
1035438
1035439
1035440
1035441
1035442
1035443
1035444
1035445
1035446
1035447
1035448
1035449
1035450
1035503
1035504
1035505
1035506
1035507
1035508
1035509
1035510
1035511
1035512
1035513
1035514
1035515
1035516
1035517
1035518
1035519
1035520
1035521
1035522
1035523
1035524
1035525
1035526
1035527
1035528
1035659
1035660
1035661
1035662
1035663
1035664
1035665
1035666
1035667
1035668
1035669
1035670
1035671
1035672
1035673
1035674
1035675
1035676
1035677
1035678
1035679
1035680
1035681
1035682
1035683
1035684
1035711
1035712
1035713
1035714
1035715
1035716
1035717
1035718
1035719
1035720
1035721
1035722
1035723
1035724
1035725
1035726
1035727
1035728
1035729
1035730
1035731
1035732
1035733
1035734
1035735
1035736
1035737
1035738
1035739
1035740
1035741
1035742
1035743
1035744
1035745
1035746
1035747
1035748
1035749
1035750
1035751
1035752
1035753
1035754
1035755
1035756
1035757
1035758
1035759
1035760
1035761
1035762
1035763
1035764
1035765
1035766
1035767
1035768
1035769
1035770
1035771
1035772
1035773
1035774
1035775
1035776
1035777
1035778
1035779
1035780
1035781
1035782
1035783
1035784
1035785
1035786
1035787
1035788
1035815
1035816
1035817
1035818
1035819
1035820
1035821
1035822
1035823
1035824
1035825
1035826
1035827
1035828
1035829
1035830
1035831
1035832
1035833
1035834
1035835
1035836
1035837
1035838
1035839
1035840
1035841
1035842
1035843
1035844
1035845
1035846
1035847
1035848
1035849
1035850
1035851
1035852
1035853
1035854
1035855
1035856
1035857
1035858
1035859
1035860
1035861
1035862
1035863
1035864
1035865
1035866
1035971
1035972
1035973
1035974
1035975
1035976
1035977
1035978
1035979
1035980
1035981
1035982
1035983
1035984
1035985
1035986
1035987
1035988
1035989
1035990
1035991
1035992
1035993
1035994
1035995
1035996
1035997
1035998
1035999
1036000
1036001
1036002
1036003
1036004
1036005
1036006
1036007
1036008
1036009
1036010
1036011
1036012
1036013
1036014
1036015
1036016
1036017
1036018
1036019
1036020
1036021
1036022
1036049
1036050
1036051
1036052
1036053
1036054
1036055
1036056
1036057
1036058
1036059
1036060
1036061
1036062
1036063
1036064
1036065
1036066
1036067
1036068
1036069
1036070
1036071
1036072
1036073
1036074
1036075
1036076
1036077
1036078
1036079
1036080
1036081
1036082
1036083
1036084
1036085
1036086
1036087
1036088
1036089
1036090
1036091
1036092
1036093
1036094
1036095
1036096
1036097
1036098
1036099
1036100
1036127
1036128
1036129
1036130
1036131
1036132
1036133
1036134
1036135
1036136
1036137
1036138
1036139
1036140
1036141
1036142
1036143
1036144
1036145
1036146
1036147
1036148
1036149
1036150
1036151
1036152
1036153
1036154
1036155
1036156
1036157
1036158
1036159
1036160
1036161
1036162
1036163
1036164
1036165
1036166
1036167
1036168
1036169
1036170
1036171
1036172
1036173
1036174
1036175
1036176
1036177
1036178
1036179
1036180
1036181
1036182
1036183
1036184
1036185
1036186
1036187
1036188
1036189
1036190
1036191
1036192
1036193
1036194
1036195
1036196
1036197
1036198
1036199
1036200
1036201
1036202
1036203
1036204
1036257
1036258
1036259
1036260
1036261
1036262
1036263
1036264
1036265
1036266
1036267
1036268
1036269
1036270
1036271
1036272
1036273
1036274
1036275
1036276
1036277
1036278
1036279
1036280
1036281
1036282
1036361
1036362
1036363
1036364
1036365
1036366
1036367
1036368
1036369
1036370
1036371
1036372
1036373
1036374
1036375
1036376
1036377
1036378
1036379
1036380
1036381
1036382
1036383
1036384
1036385
1036386
1036413
1036414
1036415
1036416
1036417
1036418
1036419
1036420
1036421
1036422
1036423
1036424
1036425
1036426
1036427
1036428
1036429
1036430
1036431
1036432
1036433
1036434
1036435
1036436
1036437
1036438
1036465
1036466
1036467
1036468
1036469
1036470
1036471
1036472
1036473
1036474
1036475
1036476
1036477
1036478
1036479
1036480
1036481
1036482
1036483
1036484
1036485
1036486
1036487
1036488
1036489
1036490
1036517
1036518
1036519
1036520
1036521
1036522
1036523
1036524
1036525
1036526
1036527
1036528
1036529
1036530
1036531
1036532
1036533
1036534
1036535
1036536
1036537
1036538
1036539
1036540
1036541
1036542
1036543
1036544
1036545
1036546
1036547
1036548
1036549
1036550
1036551
1036552
1036553
1036554
1036555
1036556
1036557
1036558
1036559
1036560
1036561
1036562
1036563
1036564
1036565
1036566
1036567
1036568
1036569
1036570
1036571
1036572
1036573
1036574
1036575
1036576
1036577
1036578
1036579
1036580
1036581
1036582
1036583
1036584
1036585
1036586
1036587
1036588
1036589
1036590
1036591
1036592
1036593
1036594
1036595
1036596
1036597
1036598
1036599
1036600
1036601
1036602
1036603
1036604
1036605
1036606
1036607
1036608
1036609
1036610
1036611
1036612
1036613
1036614
1036615
1036616
1036617
1036618
1036619
1036620
1036647
1036648
1036649
1036650
1036651
1036652
1036653
1036654
1036655
1036656
1036657
1036658
1036659
1036660
1036661
1036662
1036663
1036664
1036665
1036666
1036667
1036668
1036669
1036670
1036671
1036672
1036725
1036726
1036727
1036728
1036729
1036730
1036731
1036732
1036733
1036734
1036735
1036736
1036737
1036738
1036739
1036740
1036741
1036742
1036743
1036744
1036745
1036746
1036747
1036748
1036749
1036750
1036777
1036778
1036779
1036780
1036781
1036782
1036783
1036784
1036785
1036786
1036787
1036788
1036789
1036790
1036791
1036792
1036793
1036794
1036795
1036796
1036797
1036798
1036799
1036800
1036801
1036802
1036855
1036856
1036857
1036858
1036859
1036860
1036861
1036862
1036863
1036864
1036865
1036866
1036867
1036868
1036869
1036870
1036871
1036872
1036873
1036874
1036875
1036876
1036877
1036878
1036879
1036880
1036881
1036882
1036883
1036884
1036885
1036886
1036887
1036888
1036889
1036890
1036891
1036892
1036893
1036894
1036895
1036896
1036897
1036898
1036899
1036900
1036901
1036902
1036903
1036904
1036905
1036906
1036933
1036934
1036935
1036936
1036937
1036938
1036939
1036940
1036941
1036942
1036943
1036944
1036945
1036946
1036947
1036948
1036949
1036950
1036951
1036952
1036953
1036954
1036955
1036956
1036957
1036958
1036959
1036960
1036961
1036962
1036963
1036964
1036965
1036966
1036967
1036968
1036969
1036970
1036971
1036972
1036973
1036974
1036975
1036976
1036977
1036978
1036979
1036980
1036981
1036982
1036983
1036984
1036985
1036986
1036987
1036988
1036989
1036990
1036991
1036992
1036993
1036994
1036995
1036996
1036997
1036998
1036999
1037000
1037001
1037002
1037003
1037004
1037005
1037006
1037007
1037008
1037009
1037010
1037011
1037012
1037013
1037014
1037015
1037016
1037017
1037018
1037019
1037020
1037021
1037022
1037023
1037024
1037025
1037026
1037027
1037028
1037029
1037030
1037031
1037032
1037033
1037034
1037035
1037036
1037063
1037064
1037065
1037066
1037067
1037068
1037069
1037070
1037071
1037072
1037073
1037074
1037075
1037076
1037077
1037078
1037079
1037080
1037081
1037082
1037083
1037084
1037085
1037086
1037087
1037088
1037089
1037090
1037091
1037092
1037093
1037094
1037095
1037096
1037097
1037098
1037099
1037100
1037101
1037102
1037103
1037104
1037105
1037106
1037107
1037108
1037109
1037110
1037111
1037112
1037113
1037114
1037115
1037116
1037117
1037118
1037119
1037120
1037121
1037122
1037123
1037124
1037125
1037126
1037127
1037128
1037129
1037130
1037131
1037132
1037133
1037134
1037135
1037136
1037137
1037138
1037139
1037140
1037219
1037220
1037221
1037222
1037223
1037224
1037225
1037226
1037227
1037228
1037229
1037230
1037231
1037232
1037233
1037234
1037235
1037236
1037237
1037238
1037239
1037240
1037241
1037242
1037243
1037244
1037245
1037246
1037247
1037248
1037249
1037250
1037251
1037252
1037253
1037254
1037255
1037256
1037257
1037258
1037259
1037260
1037261
1037262
1037263
1037264
1037265
1037266
1037267
1037268
1037269
1037270
1037297
1037298
1037299
1037300
1037301
1037302
1037303
1037304
1037305
1037306
1037307
1037308
1037309
1037310
1037311
1037312
1037313
1037314
1037315
1037316
1037317
1037318
1037319
1037320
1037321
1037322
1037323
1037324
1037325
1037326
1037327
1037328
1037329
1037330
1037331
1037332
1037333
1037334
1037335
1037336
1037337
1037338
1037339
1037340
1037341
1037342
1037343
1037344
1037345
1037346
1037347
1037348
1037375
1037376
1037377
1037378
1037379
1037380
1037381
1037382
1037383
1037384
1037385
1037386
1037387
1037388
1037389
1037390
1037391
1037392
1037393
1037394
1037395
1037396
1037397
1037398
1037399
1037400
1037401
1037402
1037403
1037404
1037405
1037406
1037407
1037408
1037409
1037410
1037411
1037412
1037413
1037414
1037415
1037416
1037417
1037418
1037419
1037420
1037421
1037422
1037423
1037424
1037425
1037426
1037557
1037558
1037559
1037560
1037561
1037562
1037563
1037564
1037565
1037566
1037567
1037568
1037569
1037570
1037571
1037572
1037573
1037574
1037575
1037576
1037577
1037578
1037579
1037580
1037581
1037582
1037843
1037844
1037845
1037846
1037847
1037848
1037849
1037850
1037851
1037852
1037853
1037854
1037855
1037856
1037857
1037858
1037859
1037860
1037861
1037862
1037863
1037864
1037865
1037866
1037867
1037868
1037869
1037870
1037871
1037872
1037873
1037874
1037875
1037876
1037877
1037878
1037879
1037880
1037881
1037882
1037883
1037884
1037885
1037886
1037887
1037888
1037889
1037890
1037891
1037892
1037893
1037894
1037895
1037896
1037897
1037898
1037899
1037900
1037901
1037902
1037903
1037904
1037905
1037906
1037907
1037908
1037909
1037910
1037911
1037912
1037913
1037914
1037915
1037916
1037917
1037918
1037919
1037920
1037999
1038000
1038001
1038002
1038003
1038004
1038005
1038006
1038007
1038008
1038009
1038010
1038011
1038012
1038013
1038014
1038015
1038016
1038017
1038018
1038019
1038020
1038021
1038022
1038023
1038024
1038077
1038078
1038079
1038080
1038081
1038082
1038083
1038084
1038085
1038086
1038087
1038088
1038089
1038090
1038091
1038092
1038093
1038094
1038095
1038096
1038097
1038098
1038099
1038100
1038101
1038102
1038207
1038208
1038209
1038210
1038211
1038212
1038213
1038214
1038215
1038216
1038217
1038218
1038219
1038220
1038221
1038222
1038223
1038224
1038225
1038226
1038227
1038228
1038229
1038230
1038231
1038232
1038259
1038260
1038261
1038262
1038263
1038264
1038265
1038266
1038267
1038268
1038269
1038270
1038271
1038272
1038273
1038274
1038275
1038276
1038277
1038278
1038279
1038280
1038281
1038282
1038283
1038284
1038337
1038338
1038339
1038340
1038341
1038342
1038343
1038344
1038345
1038346
1038347
1038348
1038349
1038350
1038351
1038352
1038353
1038354
1038355
1038356
1038357
1038358
1038359
1038360
1038361
1038362
1038363
1038364
1038365
1038366
1038367
1038368
1038369
1038370
1038371
1038372
1038373
1038374
1038375
1038376
1038377
1038378
1038379
1038380
1038381
1038382
1038383
1038384
1038385
1038386
1038387
1038388
1038441
1038442
1038443
1038444
1038445
1038446
1038447
1038448
1038449
1038450
1038451
1038452
1038453
1038454
1038455
1038456
1038457
1038458
1038459
1038460
1038461
1038462
1038463
1038464
1038465
1038466
1038493
1038494
1038495
1038496
1038497
1038498
1038499
1038500
1038501
1038502
1038503
1038504
1038505
1038506
1038507
1038508
1038509
1038510
1038511
1038512
1038513
1038514
1038515
1038516
1038517
1038518
1038519
1038520
1038521
1038522
1038523
1038524
1038525
1038526
1038527
1038528
1038529
1038530
1038531
1038532
1038533
1038534
1038535
1038536
1038537
1038538
1038539
1038540
1038541
1038542
1038543
1038544
1038545
1038546
1038547
1038548
1038549
1038550
1038551
1038552
1038553
1038554
1038555
1038556
1038557
1038558
1038559
1038560
1038561
1038562
1038563
1038564
1038565
1038566
1038567
1038568
1038569
1038570
1038597
1038598
1038599
1038600
1038601
1038602
1038603
1038604
1038605
1038606
1038607
1038608
1038609
1038610
1038611
1038612
1038613
1038614
1038615
1038616
1038617
1038618
1038619
1038620
1038621
1038622
1038649
1038650
1038651
1038652
1038653
1038654
1038655
1038656
1038657
1038658
1038659
1038660
1038661
1038662
1038663
1038664
1038665
1038666
1038667
1038668
1038669
1038670
1038671
1038672
1038673
1038674
1038675
1038676
1038677
1038678
1038679
1038680
1038681
1038682
1038683
1038684
1038685
1038686
1038687
1038688
1038689
1038690
1038691
1038692
1038693
1038694
1038695
1038696
1038697
1038698
1038699
1038700
1038727
1038728
1038729
1038730
1038731
1038732
1038733
1038734
1038735
1038736
1038737
1038738
1038739
1038740
1038741
1038742
1038743
1038744
1038745
1038746
1038747
1038748
1038749
1038750
1038751
1038752
1038753
1038754
1038755
1038756
1038757
1038758
1038759
1038760
1038761
1038762
1038763
1038764
1038765
1038766
1038767
1038768
1038769
1038770
1038771
1038772
1038773
1038774
1038775
1038776
1038777
1038778
1038883
1038884
1038885
1038886
1038887
1038888
1038889
1038890
1038891
1038892
1038893
1038894
1038895
1038896
1038897
1038898
1038899
1038900
1038901
1038902
1038903
1038904
1038905
1038906
1038907
1038908
1038961
1038962
1038963
1038964
1038965
1038966
1038967
1038968
1038969
1038970
1038971
1038972
1038973
1038974
1038975
1038976
1038977
1038978
1038979
1038980
1038981
1038982
1038983
1038984
1038985
1038986
1039013
1039014
1039015
1039016
1039017
1039018
1039019
1039020
1039021
1039022
1039023
1039024
1039025
1039026
1039027
1039028
1039029
1039030
1039031
1039032
1039033
1039034
1039035
1039036
1039037
1039038
1039065
1039066
1039067
1039068
1039069
1039070
1039071
1039072
1039073
1039074
1039075
1039076
1039077
1039078
1039079
1039080
1039081
1039082
1039083
1039084
1039085
1039086
1039087
1039088
1039089
1039090
1039117
1039118
1039119
1039120
1039121
1039122
1039123
1039124
1039125
1039126
1039127
1039128
1039129
1039130
1039131
1039132
1039133
1039134
1039135
1039136
1039137
1039138
1039139
1039140
1039141
1039142
1039143
1039144
1039145
1039146
1039147
1039148
1039149
1039150
1039151
1039152
1039153
1039154
1039155
1039156
1039157
1039158
1039159
1039160
1039161
1039162
1039163
1039164
1039165
1039166
1039167
1039168
