1039299
1039300
1039301
1039302
1039303
1039304
1039305
1039306
1039307
1039308
1039309
1039310
1039311
1039312
1039313
1039314
1039315
1039316
1039317
1039318
1039319
1039320
1039321
1039322
1039323
1039324
1039325
1039326
1039327
1039328
1039329
1039330
1039331
1039332
1039333
1039334
1039335
1039336
1039337
1039338
1039339
1039340
1039341
1039342
1039343
1039344
1039345
1039346
1039347
1039348
1039349
1039350
1039377
1039378
1039379
1039380
1039381
1039382
1039383
1039384
1039385
1039386
1039387
1039388
1039389
1039390
1039391
1039392
1039393
1039394
1039395
1039396
1039397
1039398
1039399
1039400
1039401
1039402
1039637
1039638
1039639
1039640
1039641
1039642
1039643
1039644
1039645
1039646
1039647
1039648
1039649
1039650
1039651
1039652
1039653
1039654
1039655
1039656
1039657
1039658
1039659
1039660
1039661
1039662
1039663
1039664
1039665
1039666
1039667
1039668
1039669
1039670
1039671
1039672
1039673
1039674
1039675
1039676
1039677
1039678
1039679
1039680
1039681
1039682
1039683
1039684
1039685
1039686
1039687
1039688
1039715
1039716
1039717
1039718
1039719
1039720
1039721
1039722
1039723
1039724
1039725
1039726
1039727
1039728
1039729
1039730
1039731
1039732
1039733
1039734
1039735
1039736
1039737
1039738
1039739
1039740
1039793
1039794
1039795
1039796
1039797
1039798
1039799
1039800
1039801
1039802
1039803
1039804
1039805
1039806
1039807
1039808
1039809
1039810
1039811
1039812
1039813
1039814
1039815
1039816
1039817
1039818
1039897
1039898
1039899
1039900
1039901
1039902
1039903
1039904
1039905
1039906
1039907
1039908
1039909
1039910
1039911
1039912
1039913
1039914
1039915
1039916
1039917
1039918
1039919
1039920
1039921
1039922
1039923
1039924
1039925
1039926
1039927
1039928
1039929
1039930
1039931
1039932
1039933
1039934
1039935
1039936
1039937
1039938
1039939
1039940
1039941
1039942
1039943
1039944
1039945
1039946
1039947
1039948
1039949
1039950
1039951
1039952
1039953
1039954
1039955
1039956
1039957
1039958
1039959
1039960
1039961
1039962
1039963
1039964
1039965
1039966
1039967
1039968
1039969
1039970
1039971
1039972
1039973
1039974
1039975
1039976
1039977
1039978
1039979
1039980
1039981
1039982
1039983
1039984
1039985
1039986
1039987
1039988
1039989
1039990
1039991
1039992
1039993
1039994
1039995
1039996
1039997
1039998
1039999
1040000
1040027
1040028
1040029
1040030
1040031
1040032
1040033
1040034
1040035
1040036
1040037
1040038
1040039
1040040
1040041
1040042
1040043
1040044
1040045
1040046
1040047
1040048
1040049
1040050
1040051
1040052
1040079
1040080
1040081
1040082
1040083
1040084
1040085
1040086
1040087
1040088
1040089
1040090
1040091
1040092
1040093
1040094
1040095
1040096
1040097
1040098
1040099
1040100
1040101
1040102
1040103
1040104
1040131
1040132
1040133
1040134
1040135
1040136
1040137
1040138
1040139
1040140
1040141
1040142
1040143
1040144
1040145
1040146
1040147
1040148
1040149
1040150
1040151
1040152
1040153
1040154
1040155
1040156
1040183
1040184
1040185
1040186
1040187
1040188
1040189
1040190
1040191
1040192
1040193
1040194
1040195
1040196
1040197
1040198
1040199
1040200
1040201
1040202
1040203
1040204
1040205
1040206
1040207
1040208
1040235
1040236
1040237
1040238
1040239
1040240
1040241
1040242
1040243
1040244
1040245
1040246
1040247
1040248
1040249
1040250
1040251
1040252
1040253
1040254
1040255
1040256
1040257
1040258
1040259
1040260
1040287
1040288
1040289
1040290
1040291
1040292
1040293
1040294
1040295
1040296
1040297
1040298
1040299
1040300
1040301
1040302
1040303
1040304
1040305
1040306
1040307
1040308
1040309
1040310
1040311
1040312
1040339
1040340
1040341
1040342
1040343
1040344
1040345
1040346
1040347
1040348
1040349
1040350
1040351
1040352
1040353
1040354
1040355
1040356
1040357
1040358
1040359
1040360
1040361
1040362
1040363
1040364
1040417
1040418
1040419
1040420
1040421
1040422
1040423
1040424
1040425
1040426
1040427
1040428
1040429
1040430
1040431
1040432
1040433
1040434
1040435
1040436
1040437
1040438
1040439
1040440
1040441
1040442
1040443
1040444
1040445
1040446
1040447
1040448
1040449
1040450
1040451
1040452
1040453
1040454
1040455
1040456
1040457
1040458
1040459
1040460
1040461
1040462
1040463
1040464
1040465
1040466
1040467
1040468
1040521
1040522
1040523
1040524
1040525
1040526
1040527
1040528
1040529
1040530
1040531
1040532
1040533
1040534
1040535
1040536
1040537
1040538
1040539
1040540
1040541
1040542
1040543
1040544
1040545
1040546
1040573
1040574
1040575
1040576
1040577
1040578
1040579
1040580
1040581
1040582
1040583
1040584
1040585
1040586
1040587
1040588
1040589
1040590
1040591
1040592
1040593
1040594
1040595
1040596
1040597
1040598
1040625
1040626
1040627
1040628
1040629
1040630
1040631
1040632
1040633
1040634
1040635
1040636
1040637
1040638
1040639
1040640
1040641
1040642
1040643
1040644
1040645
1040646
1040647
1040648
1040649
1040650
1040703
1040704
1040705
1040706
1040707
1040708
1040709
1040710
1040711
1040712
1040713
1040714
1040715
1040716
1040717
1040718
1040719
1040720
1040721
1040722
1040723
1040724
1040725
1040726
1040727
1040728
1040781
1040782
1040783
1040784
1040785
1040786
1040787
1040788
1040789
1040790
1040791
1040792
1040793
1040794
1040795
1040796
1040797
1040798
1040799
1040800
1040801
1040802
1040803
1040804
1040805
1040806
1040807
1040808
1040809
1040810
1040811
1040812
1040813
1040814
1040815
1040816
1040817
1040818
1040819
1040820
1040821
1040822
1040823
1040824
1040825
1040826
1040827
1040828
1040829
1040830
1040831
1040832
1040833
1040834
1040835
1040836
1040837
1040838
1040839
1040840
1040841
1040842
1040843
1040844
1040845
1040846
1040847
1040848
1040849
1040850
1040851
1040852
1040853
1040854
1040855
1040856
1040857
1040858
1040885
1040886
1040887
1040888
1040889
1040890
1040891
1040892
1040893
1040894
1040895
1040896
1040897
1040898
1040899
1040900
1040901
1040902
1040903
1040904
1040905
1040906
1040907
1040908
1040909
1040910
1040963
1040964
1040965
1040966
1040967
1040968
1040969
1040970
1040971
1040972
1040973
1040974
1040975
1040976
1040977
1040978
1040979
1040980
1040981
1040982
1040983
1040984
1040985
1040986
1040987
1040988
1041015
1041016
1041017
1041018
1041019
1041020
1041021
1041022
1041023
1041024
1041025
1041026
1041027
1041028
1041029
1041030
1041031
1041032
1041033
1041034
1041035
1041036
1041037
1041038
1041039
1041040
1041067
1041068
1041069
1041070
1041071
1041072
1041073
1041074
1041075
1041076
1041077
1041078
1041079
1041080
1041081
1041082
1041083
1041084
1041085
1041086
1041087
1041088
1041089
1041090
1041091
1041092
1041119
1041120
1041121
1041122
1041123
1041124
1041125
1041126
1041127
1041128
1041129
1041130
1041131
1041132
1041133
1041134
1041135
1041136
1041137
1041138
1041139
1041140
1041141
1041142
1041143
1041144
1041145
1041146
1041147
1041148
1041149
1041150
1041151
1041152
1041153
1041154
1041155
1041156
1041157
1041158
1041159
1041160
1041161
1041162
1041163
1041164
1041165
1041166
1041167
1041168
1041169
1041170
1041249
1041250
1041251
1041252
1041253
1041254
1041255
1041256
1041257
1041258
1041259
1041260
1041261
1041262
1041263
1041264
1041265
1041266
1041267
1041268
1041269
1041270
1041271
1041272
1041273
1041274
1041275
1041276
1041277
1041278
1041279
1041280
1041281
1041282
1041283
1041284
1041285
1041286
1041287
1041288
1041289
1041290
1041291
1041292
1041293
1041294
1041295
1041296
1041297
1041298
1041299
1041300
1041327
1041328
1041329
1041330
1041331
1041332
1041333
1041334
1041335
1041336
1041337
1041338
1041339
1041340
1041341
1041342
1041343
1041344
1041345
1041346
1041347
1041348
1041349
1041350
1041351
1041352
1041353
1041354
1041355
1041356
1041357
1041358
1041359
1041360
1041361
1041362
1041363
1041364
1041365
1041366
1041367
1041368
1041369
1041370
1041371
1041372
1041373
1041374
1041375
1041376
1041377
1041378
1041457
1041458
1041459
1041460
1041461
1041462
1041463
1041464
1041465
1041466
1041467
1041468
1041469
1041470
1041471
1041472
1041473
1041474
1041475
1041476
1041477
1041478
1041479
1041480
1041481
1041482
1041509
1041510
1041511
1041512
1041513
1041514
1041515
1041516
1041517
1041518
1041519
1041520
1041521
1041522
1041523
1041524
1041525
1041526
1041527
1041528
1041529
1041530
1041531
1041532
1041533
1041534
1041535
1041536
1041537
1041538
1041539
1041540
1041541
1041542
1041543
1041544
1041545
1041546
1041547
1041548
1041549
1041550
1041551
1041552
1041553
1041554
1041555
1041556
1041557
1041558
1041559
1041560
1041613
1041614
1041615
1041616
1041617
1041618
1041619
1041620
1041621
1041622
1041623
1041624
1041625
1041626
1041627
1041628
1041629
1041630
1041631
1041632
1041633
1041634
1041635
1041636
1041637
1041638
1041665
1041666
1041667
1041668
1041669
1041670
1041671
1041672
1041673
1041674
1041675
1041676
1041677
1041678
1041679
1041680
1041681
1041682
1041683
1041684
1041685
1041686
1041687
1041688
1041689
1041690
1041717
1041718
1041719
1041720
1041721
1041722
1041723
1041724
1041725
1041726
1041727
1041728
1041729
1041730
1041731
1041732
1041733
1041734
1041735
1041736
1041737
1041738
1041739
1041740
1041741
1041742
1041743
1041744
1041745
1041746
1041747
1041748
1041749
1041750
1041751
1041752
1041753
1041754
1041755
1041756
1041757
1041758
1041759
1041760
1041761
1041762
1041763
1041764
1041765
1041766
1041767
1041768
1041769
1041770
1041771
1041772
1041773
1041774
1041775
1041776
1041777
1041778
1041779
1041780
1041781
1041782
1041783
1041784
1041785
1041786
1041787
1041788
1041789
1041790
1041791
1041792
1041793
1041794
1041847
1041848
1041849
1041850
1041851
1041852
1041853
1041854
1041855
1041856
1041857
1041858
1041859
1041860
1041861
1041862
1041863
1041864
1041865
1041866
1041867
1041868
1041869
1041870
1041871
1041872
1041873
1041874
1041875
1041876
1041877
1041878
1041879
1041880
1041881
1041882
1041883
1041884
1041885
1041886
1041887
1041888
1041889
1041890
1041891
1041892
1041893
1041894
1041895
1041896
1041897
1041898
1041951
1041952
1041953
1041954
1041955
1041956
1041957
1041958
1041959
1041960
1041961
1041962
1041963
1041964
1041965
1041966
1041967
1041968
1041969
1041970
1041971
1041972
1041973
1041974
1041975
1041976
1042003
1042004
1042005
1042006
1042007
1042008
1042009
1042010
1042011
1042012
1042013
1042014
1042015
1042016
1042017
1042018
1042019
1042020
1042021
1042022
1042023
1042024
1042025
1042026
1042027
1042028
1042055
1042056
1042057
1042058
1042059
1042060
1042061
1042062
1042063
1042064
1042065
1042066
1042067
1042068
1042069
1042070
1042071
1042072
1042073
1042074
1042075
1042076
1042077
1042078
1042079
1042080
1042107
1042108
1042109
1042110
1042111
1042112
1042113
1042114
1042115
1042116
1042117
1042118
1042119
1042120
1042121
1042122
1042123
1042124
1042125
1042126
1042127
1042128
1042129
1042130
1042131
1042132
1042159
1042160
1042161
1042162
1042163
1042164
1042165
1042166
1042167
1042168
1042169
1042170
1042171
1042172
1042173
1042174
1042175
1042176
1042177
1042178
1042179
1042180
1042181
1042182
1042183
1042184
1042185
1042186
1042187
1042188
1042189
1042190
1042191
1042192
1042193
1042194
1042195
1042196
1042197
1042198
1042199
1042200
1042201
1042202
1042203
1042204
1042205
1042206
1042207
1042208
1042209
1042210
1042263
1042264
1042265
1042266
1042267
1042268
1042269
1042270
1042271
1042272
1042273
1042274
1042275
1042276
1042277
1042278
1042279
1042280
1042281
1042282
1042283
1042284
1042285
1042286
1042287
1042288
1042289
1042290
1042291
1042292
1042293
1042294
1042295
1042296
1042297
1042298
1042299
1042300
1042301
1042302
1042303
1042304
1042305
1042306
1042307
1042308
1042309
1042310
1042311
1042312
1042313
1042314
1042367
1042368
1042369
1042370
1042371
1042372
1042373
1042374
1042375
1042376
1042377
1042378
1042379
1042380
1042381
1042382
1042383
1042384
1042385
1042386
1042387
1042388
1042389
1042390
1042391
1042392
1042419
1042420
1042421
1042422
1042423
1042424
1042425
1042426
1042427
1042428
1042429
1042430
1042431
1042432
1042433
1042434
1042435
1042436
1042437
1042438
1042439
1042440
1042441
1042442
1042443
1042444
1042445
1042446
1042447
1042448
1042449
1042450
1042451
1042452
1042453
1042454
1042455
1042456
1042457
1042458
1042459
1042460
1042461
1042462
1042463
1042464
1042465
1042466
1042467
1042468
1042469
1042470
1042497
1042498
1042499
1042500
1042501
1042502
1042503
1042504
1042505
1042506
1042507
1042508
1042509
1042510
1042511
1042512
1042513
1042514
1042515
1042516
1042517
1042518
1042519
1042520
1042521
1042522
1042601
1042602
1042603
1042604
1042605
1042606
1042607
1042608
1042609
1042610
1042611
1042612
1042613
1042614
1042615
1042616
1042617
1042618
1042619
1042620
1042621
1042622
1042623
1042624
1042625
1042626
1042627
1042628
1042629
1042630
1042631
1042632
1042633
1042634
1042635
1042636
1042637
1042638
1042639
1042640
1042641
1042642
1042643
1042644
1042645
1042646
1042647
1042648
1042649
1042650
1042651
1042652
1042705
1042706
1042707
1042708
1042709
1042710
1042711
1042712
1042713
1042714
1042715
1042716
1042717
1042718
1042719
1042720
1042721
1042722
1042723
1042724
1042725
1042726
1042727
1042728
1042729
1042730
1042757
1042758
1042759
1042760
1042761
1042762
1042763
1042764
1042765
1042766
1042767
1042768
1042769
1042770
1042771
1042772
1042773
1042774
1042775
1042776
1042777
1042778
1042779
1042780
1042781
1042782
1042809
1042810
1042811
1042812
1042813
1042814
1042815
1042816
1042817
1042818
1042819
1042820
1042821
1042822
1042823
1042824
1042825
1042826
1042827
1042828
1042829
1042830
1042831
1042832
1042833
1042834
1042861
1042862
1042863
1042864
1042865
1042866
1042867
1042868
1042869
1042870
1042871
1042872
1042873
1042874
1042875
1042876
1042877
1042878
1042879
1042880
1042881
1042882
1042883
1042884
1042885
1042886
1042913
1042914
1042915
1042916
1042917
1042918
1042919
1042920
1042921
1042922
1042923
1042924
1042925
1042926
1042927
1042928
1042929
1042930
1042931
1042932
1042933
1042934
1042935
1042936
1042937
1042938
1042939
1042940
1042941
1042942
1042943
1042944
1042945
1042946
1042947
1042948
1042949
1042950
1042951
1042952
1042953
1042954
1042955
1042956
1042957
1042958
1042959
1042960
1042961
1042962
1042963
1042964
1043017
1043018
1043019
1043020
1043021
1043022
1043023
1043024
1043025
1043026
1043027
1043028
1043029
1043030
1043031
1043032
1043033
1043034
1043035
1043036
1043037
1043038
1043039
1043040
1043041
1043042
1043043
1043044
1043045
1043046
1043047
1043048
1043049
1043050
1043051
1043052
1043053
1043054
1043055
1043056
1043057
1043058
1043059
1043060
1043061
1043062
1043063
1043064
1043065
1043066
1043067
1043068
1043095
1043096
1043097
1043098
1043099
1043100
1043101
1043102
1043103
1043104
1043105
1043106
1043107
1043108
1043109
1043110
1043111
1043112
1043113
1043114
1043115
1043116
1043117
1043118
1043119
1043120
1043147
1043148
1043149
1043150
1043151
1043152
1043153
1043154
1043155
1043156
1043157
1043158
1043159
1043160
1043161
1043162
1043163
1043164
1043165
1043166
1043167
1043168
1043169
1043170
1043171
1043172
1043225
1043226
1043227
1043228
1043229
1043230
1043231
1043232
1043233
1043234
1043235
1043236
1043237
1043238
1043239
1043240
1043241
1043242
1043243
1043244
1043245
1043246
1043247
1043248
1043249
1043250
1043277
1043278
1043279
1043280
1043281
1043282
1043283
1043284
1043285
1043286
1043287
1043288
1043289
1043290
1043291
1043292
1043293
1043294
1043295
1043296
1043297
1043298
1043299
1043300
1043301
1043302
1043303
1043304
1043305
1043306
1043307
1043308
1043309
1043310
1043311
1043312
1043313
1043314
1043315
1043316
1043317
1043318
1043319
1043320
1043321
1043322
1043323
1043324
1043325
1043326
1043327
1043328
1043355
1043356
1043357
1043358
1043359
1043360
1043361
1043362
1043363
1043364
1043365
1043366
1043367
1043368
1043369
1043370
1043371
1043372
1043373
1043374
1043375
1043376
1043377
1043378
1043379
1043380
1043433
1043434
1043435
1043436
1043437
1043438
1043439
1043440
1043441
1043442
1043443
1043444
1043445
1043446
1043447
1043448
1043449
1043450
1043451
1043452
1043453
1043454
1043455
1043456
1043457
1043458
1043485
1043486
1043487
1043488
1043489
1043490
1043491
1043492
1043493
1043494
1043495
1043496
1043497
1043498
1043499
1043500
1043501
1043502
1043503
1043504
1043505
1043506
1043507
1043508
1043509
1043510
1043537
1043538
1043539
1043540
1043541
1043542
1043543
1043544
1043545
1043546
1043547
1043548
1043549
1043550
1043551
1043552
1043553
1043554
1043555
1043556
1043557
1043558
1043559
1043560
1043561
1043562
1043589
1043590
1043591
1043592
1043593
1043594
1043595
1043596
1043597
1043598
1043599
1043600
1043601
1043602
1043603
1043604
1043605
1043606
1043607
1043608
1043609
1043610
1043611
1043612
1043613
1043614
1043615
1043616
1043617
1043618
1043619
1043620
1043621
1043622
1043623
1043624
1043625
1043626
1043627
1043628
1043629
1043630
1043631
1043632
1043633
1043634
1043635
1043636
1043637
1043638
1043639
1043640
1043641
1043642
1043643
1043644
1043645
1043646
1043647
1043648
1043649
1043650
1043651
1043652
1043653
1043654
1043655
1043656
1043657
1043658
1043659
1043660
1043661
1043662
1043663
1043664
1043665
1043666
1043719
1043720
1043721
1043722
1043723
1043724
1043725
1043726
1043727
1043728
1043729
1043730
1043731
1043732
1043733
1043734
1043735
1043736
1043737
1043738
1043739
1043740
1043741
1043742
1043743
1043744
1043771
1043772
1043773
1043774
1043775
1043776
1043777
1043778
1043779
1043780
1043781
1043782
1043783
1043784
1043785
1043786
1043787
1043788
1043789
1043790
1043791
1043792
1043793
1043794
1043795
1043796
1043823
1043824
1043825
1043826
1043827
1043828
1043829
1043830
1043831
1043832
1043833
1043834
1043835
1043836
1043837
1043838
1043839
1043840
1043841
1043842
1043843
1043844
1043845
1043846
1043847
1043848
1043875
1043876
1043877
1043878
1043879
1043880
1043881
1043882
1043883
1043884
1043885
1043886
1043887
1043888
1043889
1043890
1043891
1043892
1043893
1043894
1043895
1043896
1043897
1043898
1043899
1043900
1043927
1043928
1043929
1043930
1043931
1043932
1043933
1043934
1043935
1043936
1043937
1043938
1043939
1043940
1043941
1043942
1043943
1043944
1043945
1043946
1043947
1043948
1043949
1043950
1043951
1043952
1043979
1043980
1043981
1043982
1043983
1043984
1043985
1043986
1043987
1043988
1043989
1043990
1043991
1043992
1043993
1043994
1043995
1043996
1043997
1043998
1043999
1044000
1044001
1044002
1044003
1044004
1044005
1044006
1044007
1044008
1044009
1044010
1044011
1044012
1044013
1044014
1044015
1044016
1044017
1044018
1044019
1044020
1044021
1044022
1044023
1044024
1044025
1044026
1044027
1044028
1044029
1044030
1044057
1044058
1044059
1044060
1044061
1044062
1044063
1044064
1044065
1044066
1044067
1044068
1044069
1044070
1044071
1044072
1044073
1044074
1044075
1044076
1044077
1044078
1044079
1044080
1044081
1044082
1044135
1044136
1044137
1044138
1044139
1044140
1044141
1044142
1044143
1044144
1044145
1044146
1044147
1044148
1044149
1044150
1044151
1044152
1044153
1044154
1044155
1044156
1044157
1044158
1044159
1044160
1044161
1044163
1044164
1044165
1044166
1044167
1044168
1044169
1044170
1044171
1044172
1044173
1044174
1044175
1044176
1044177
1044178
1044179
1044180
1044181
1044182
1044183
1044184
1044185
1044186
1044213
1044214
1044215
1044216
1044217
1044218
1044219
1044220
1044221
1044222
1044223
1044224
1044225
1044226
1044227
1044228
1044229
1044230
1044231
1044232
1044233
1044234
1044235
1044236
1044237
1044238
1044265
1044266
1044267
1044268
1044269
1044270
1044271
1044272
1044273
1044274
1044275
1044276
1044277
1044278
1044279
1044280
1044281
1044282
1044283
1044284
1044285
1044286
1044287
1044288
1044289
1044290
1044343
1044344
1044345
1044346
1044347
1044348
1044349
1044350
1044351
1044352
1044353
1044354
1044355
1044356
1044357
1044358
1044359
1044360
1044361
1044362
1044363
1044364
1044365
1044366
1044367
1044368
1044369
1044370
1044371
1044372
1044373
1044374
1044375
1044376
1044377
1044378
1044379
1044380
1044381
1044382
1044383
1044384
1044385
1044386
1044387
1044388
1044389
1044390
1044391
1044392
1044393
1044394
1044447
1044448
1044449
1044450
1044451
1044452
1044453
1044454
1044455
1044456
1044457
1044458
1044459
1044460
1044461
1044462
1044463
1044464
1044465
1044466
1044467
1044468
1044469
1044470
1044471
1044472
1044499
1044500
1044501
1044502
1044503
1044504
1044505
1044506
1044507
1044508
1044509
1044510
1044511
1044512
1044513
1044514
1044515
1044516
1044517
1044518
1044519
1044520
1044521
1044522
1044523
1044524
1044525
1044526
1044527
1044528
1044529
1044530
1044531
1044532
1044533
1044534
1044535
1044536
1044537
1044538
1044539
1044540
1044541
1044542
1044543
1044544
1044545
1044546
1044547
1044548
1044550
1044603
1044604
1044605
1044606
1044607
1044608
1044609
1044610
1044611
1044612
1044613
1044614
1044615
1044616
1044617
1044618
1044619
1044620
1044621
1044622
1044623
1044624
1044625
1044626
1044627
1044628
1044655
1044656
1044657
1044658
1044659
1044660
1044661
1044662
1044663
1044664
1044665
1044666
1044667
1044668
1044669
1044670
1044671
1044672
1044673
1044674
1044675
1044676
1044677
1044678
1044679
1044680
1044707
1044708
1044709
1044710
1044711
1044712
1044713
1044714
1044715
1044716
1044717
1044718
1044719
1044720
1044721
1044722
1044723
1044724
1044725
1044726
1044727
1044728
1044729
1044730
1044731
1044732
1044759
1044760
1044761
1044762
1044763
1044764
1044765
1044766
1044767
1044768
1044769
1044770
1044771
1044772
1044773
1044774
1044775
1044776
1044777
1044778
1044779
1044780
1044781
1044782
1044783
1044784
1044811
1044812
1044813
1044814
1044815
1044816
1044817
1044818
1044819
1044820
1044821
1044822
1044823
1044824
1044825
1044826
1044827
1044828
1044829
1044830
1044831
1044832
1044833
1044834
1044835
1044836
1044837
1044838
1044839
1044840
1044841
1044842
1044843
1044844
1044845
1044846
1044847
1044848
1044849
1044850
1044851
1044852
1044853
1044854
1044855
1044856
1044857
1044858
1044859
1044860
1044861
1044862
1044915
1044916
1044917
1044918
1044919
1044920
1044921
1044922
1044923
1044924
1044925
1044926
1044927
1044928
1044929
1044930
1044931
1044932
1044933
1044934
1044935
1044936
1044937
1044938
1044939
1044940
1044967
1044968
1044969
1044970
1044971
1044972
1044973
1044974
1044975
1044976
1044977
1044978
1044979
1044980
1044981
1044982
1044983
1044984
1044985
1044986
1044987
1044988
1044989
1044990
1044991
1044992
1044993
1044994
1044995
1044996
1044997
1044998
1044999
1045000
1045001
1045002
1045003
1045004
1045005
1045006
1045007
1045008
1045009
1045010
1045011
1045012
1045013
1045014
1045015
1045016
1045017
1045018
1045071
1045072
1045073
1045074
1045075
1045076
1045077
1045078
1045079
1045080
1045081
1045082
1045083
1045084
1045085
1045086
1045087
1045088
1045089
1045090
1045091
1045092
1045093
1045094
1045095
1045096
1045123
1045124
1045125
1045126
1045127
1045128
1045129
1045130
1045131
1045132
1045133
1045134
1045135
1045136
1045137
1045138
1045139
1045140
1045141
1045142
1045143
1045144
1045145
1045146
1045147
1045148
1045149
1045150
1045151
1045152
1045153
1045154
1045155
1045156
1045157
1045158
1045159
1045160
1045161
1045162
1045163
1045164
1045165
1045166
1045167
1045168
1045169
1045170
1045171
1045172
1045173
1045174
1045227
1045228
1045229
1045230
1045231
1045232
1045233
1045234
1045235
1045236
1045237
1045238
1045239
1045240
1045241
1045242
1045243
1045244
1045245
1045246
1045247
1045248
1045249
1045250
1045251
1045252
1045253
1045254
1045255
1045256
1045257
1045258
1045259
1045260
1045261
1045262
1045263
1045264
1045265
1045266
1045267
1045268
1045269
1045270
1045271
1045272
1045273
1045274
1045275
1045276
1045277
1045278
1045305
1045306
1045307
1045308
