1045309
1045310
1045311
1045312
1045313
1045314
1045315
1045316
1045317
1045318
1045319
1045320
1045321
1045322
1045323
1045324
1045325
1045326
1045327
1045328
1045329
1045330
1045383
1045384
1045385
1045386
1045387
1045388
1045389
1045390
1045391
1045392
1045393
1045394
1045395
1045396
1045397
1045398
1045399
1045400
1045401
1045402
1045403
1045404
1045405
1045406
1045407
1045408
1045435
1045436
1045437
1045438
1045439
1045440
1045441
1045442
1045443
1045444
1045445
1045446
1045447
1045448
1045449
1045450
1045451
1045452
1045453
1045454
1045455
1045456
1045457
1045458
1045459
1045460
1045461
1045462
1045463
1045464
1045465
1045466
1045467
1045468
1045469
1045470
1045471
1045472
1045473
1045474
1045475
1045476
1045477
1045478
1045479
1045480
1045481
1045482
1045483
1045484
1045485
1045486
1045539
1045540
1045541
1045542
1045543
1045544
1045545
1045546
1045547
1045548
1045549
1045550
1045551
1045552
1045553
1045554
1045555
1045556
1045557
1045558
1045559
1045560
1045561
1045562
1045563
1045564
1045591
1045592
1045593
1045594
1045595
1045596
1045597
1045598
1045599
1045600
1045601
1045602
1045603
1045604
1045605
1045606
1045607
1045608
1045609
1045610
1045611
1045612
1045613
1045614
1045615
1045616
1045617
1045618
1045619
1045620
1045621
1045622
1045623
1045624
1045625
1045626
1045627
1045628
1045629
1045630
1045631
1045632
1045633
1045634
1045635
1045636
1045637
1045638
1045639
1045640
1045641
1045642
1045643
1045644
1045645
1045646
1045647
1045648
1045649
1045650
1045651
1045652
1045653
1045654
1045655
1045656
1045657
1045658
1045659
1045660
1045661
1045662
1045663
1045664
1045665
1045666
1045667
1045668
1045721
1045722
1045723
1045724
1045725
1045726
1045727
1045728
1045729
1045730
1045731
1045732
1045733
1045734
1045735
1045736
1045737
1045738
1045739
1045740
1045741
1045742
1045743
1045744
1045745
1045746
1045773
1045774
1045775
1045776
1045777
1045778
1045779
1045780
1045781
1045782
1045783
1045784
1045785
1045786
1045787
1045788
1045789
1045790
1045791
1045792
1045793
1045794
1045795
1045796
1045797
1045798
1045825
1045826
1045827
1045828
1045829
1045830
1045831
1045832
1045833
1045834
1045835
1045836
1045837
1045838
1045839
1045840
1045841
1045842
1045843
1045844
1045845
1045846
1045847
1045848
1045849
1045850
1045877
1045878
1045879
1045880
1045881
1045882
1045883
1045884
1045885
1045886
1045887
1045888
1045889
1045890
1045891
1045892
1045893
1045894
1045895
1045896
1045897
1045898
1045899
1045900
1045901
1045902
1045929
1045930
1045931
1045932
1045933
1045934
1045935
1045936
1045937
1045938
1045939
1045940
1045941
1045942
1045943
1045944
1045945
1045946
1045947
1045948
1045949
1045950
1045951
1045952
1045953
1045954
1045981
1045982
1045983
1045984
1045985
1045986
1045987
1045988
1045989
1045990
1045991
1045992
1045993
1045994
1045995
1045996
1045997
1045998
1045999
1046000
1046001
1046002
1046003
1046004
1046005
1046006
1046033
1046034
1046035
1046036
1046037
1046038
1046039
1046040
1046041
1046042
1046043
1046044
1046045
1046046
1046047
1046048
1046049
1046050
1046051
1046052
1046053
1046054
1046055
1046056
1046057
1046058
1046085
1046086
1046087
1046088
1046089
1046090
1046091
1046092
1046093
1046094
1046095
1046096
1046097
1046098
1046099
1046100
1046101
1046102
1046103
1046104
1046105
1046106
1046107
1046108
1046109
1046110
1046137
1046138
1046139
1046140
1046141
1046142
1046143
1046144
1046145
1046146
1046147
1046148
1046149
1046150
1046151
1046152
1046153
1046154
1046155
1046156
1046157
1046158
1046159
1046160
1046161
1046162
1046163
1046164
1046165
1046166
1046167
1046168
1046169
1046170
1046171
1046172
1046173
1046174
1046175
1046176
1046177
1046178
1046179
1046180
1046181
1046182
1046183
1046184
1046185
1046186
1046187
1046188
1046241
1046242
1046243
1046244
1046245
1046246
1046247
1046248
1046249
1046250
1046251
1046252
1046253
1046254
1046255
1046256
1046257
1046258
1046259
1046260
1046261
1046262
1046263
1046264
1046265
1046266
1046293
1046294
1046295
1046296
1046297
1046298
1046299
1046300
1046301
1046302
1046303
1046304
1046305
1046306
1046307
1046308
1046309
1046310
1046311
1046312
1046313
1046314
1046315
1046316
1046317
1046318
1046345
1046346
1046347
1046348
1046349
1046350
1046351
1046352
1046353
1046354
1046355
1046356
1046357
1046358
1046359
1046360
1046361
1046362
1046363
1046364
1046365
1046366
1046367
1046368
1046369
1046370
1046371
1046372
1046373
1046374
1046375
1046376
1046377
1046378
1046379
1046380
1046381
1046382
1046383
1046384
1046385
1046386
1046387
1046388
1046389
1046390
1046391
1046392
1046393
1046394
1046395
1046396
1046423
1046424
1046425
1046426
1046427
1046428
1046429
1046430
1046431
1046432
1046433
1046434
1046435
1046436
1046437
1046438
1046439
1046440
1046441
1046442
1046443
1046444
1046445
1046446
1046447
1046448
1046475
1046476
1046477
1046478
1046479
1046480
1046481
1046482
1046483
1046484
1046485
1046486
1046487
1046488
1046489
1046490
1046491
1046492
1046493
1046494
1046495
1046496
1046497
1046498
1046499
1046500
1046553
1046554
1046555
1046556
1046557
1046558
1046559
1046560
1046561
1046562
1046563
1046564
1046565
1046566
1046567
1046568
1046569
1046570
1046571
1046572
1046573
1046574
1046575
1046576
1046577
1046578
1046579
1046580
1046581
1046582
1046583
1046584
1046585
1046586
1046587
1046588
1046589
1046590
1046591
1046592
1046593
1046594
1046595
1046596
1046597
1046598
1046599
1046600
1046601
1046602
1046603
1046604
1046631
1046632
1046633
1046634
1046635
1046636
1046637
1046638
1046639
1046640
1046641
1046642
1046643
1046644
1046645
1046646
1046647
1046648
1046649
1046650
1046651
1046652
1046653
1046654
1046655
1046656
1046683
1046684
1046685
1046686
1046687
1046688
1046689
1046690
1046691
1046692
1046693
1046694
1046695
1046696
1046697
1046698
1046699
1046700
1046701
1046702
1046703
1046704
1046705
1046706
1046707
1046708
1046761
1046762
1046763
1046764
1046765
1046766
1046767
1046768
1046769
1046770
1046771
1046772
1046773
1046774
1046775
1046776
1046777
1046778
1046779
1046780
1046781
1046782
1046783
1046784
1046785
1046786
1046813
1046814
1046815
1046816
1046817
1046818
1046819
1046820
1046821
1046822
1046823
1046824
1046825
1046826
1046827
1046828
1046829
1046830
1046831
1046832
1046833
1046834
1046835
1046836
1046837
1046838
1046839
1046840
1046841
1046842
1046843
1046844
1046845
1046846
1046847
1046848
1046849
1046850
1046851
1046852
1046853
1046854
1046855
1046856
1046857
1046858
1046859
1046860
1046861
1046862
1046863
1046864
1046917
1046918
1046919
1046920
1046921
1046922
1046923
1046924
1046925
1046926
1046927
1046928
1046929
1046930
1046931
1046932
1046933
1046934
1046935
1046936
1046937
1046938
1046939
1046940
1046941
1046942
1046969
1046970
1046971
1046972
1046973
1046974
1046975
1046976
1046977
1046978
1046979
1046980
1046981
1046982
1046983
1046984
1046985
1046986
1046987
1046988
1046989
1046990
1046991
1046992
1046993
1046994
1046995
1046996
1046997
1046998
1046999
1047000
1047001
1047002
1047003
1047004
1047005
1047006
1047007
1047008
1047009
1047010
1047011
1047012
1047013
1047014
1047015
1047016
1047017
1047018
1047019
1047020
1047073
1047074
1047075
1047076
1047077
1047078
1047079
1047080
1047081
1047082
1047083
1047084
1047085
1047086
1047087
1047088
1047089
1047090
1047091
1047092
1047093
1047094
1047095
1047096
1047097
1047098
1047125
1047126
1047127
1047128
1047129
1047130
1047131
1047132
1047133
1047134
1047135
1047136
1047137
1047138
1047139
1047140
1047141
1047142
1047143
1047144
1047145
1047146
1047147
1047148
1047149
1047150
1047177
1047178
1047179
1047180
1047181
1047182
1047183
1047184
1047185
1047186
1047187
1047188
1047189
1047190
1047191
1047192
1047193
1047194
1047195
1047196
1047197
1047198
1047199
1047200
1047201
1047202
1047203
1047204
1047205
1047206
1047207
1047208
1047209
1047210
1047211
1047212
1047213
1047214
1047215
1047216
1047217
1047218
1047219
1047220
1047221
1047222
1047223
1047224
1047225
1047226
1047227
1047228
1047255
1047256
1047257
1047258
1047259
1047260
1047261
1047262
1047263
1047264
1047265
1047266
1047267
1047268
1047269
1047270
1047271
1047272
1047273
1047274
1047275
1047276
1047277
1047278
1047279
1047280
1047333
1047334
1047335
1047336
1047337
1047338
1047339
1047340
1047341
1047342
1047343
1047344
1047345
1047346
1047347
1047348
1047349
1047350
1047351
1047352
1047353
1047354
1047355
1047356
1047357
1047358
1047359
1047360
1047361
1047362
1047363
1047364
1047365
1047366
1047367
1047368
1047369
1047370
1047371
1047372
1047373
1047374
1047375
1047376
1047377
1047378
1047379
1047380
1047381
1047382
1047383
1047384
1047411
1047412
1047413
1047414
1047415
1047416
1047417
1047418
1047419
1047420
1047421
1047422
1047423
1047424
1047425
1047426
1047427
1047428
1047429
1047430
1047431
1047432
1047433
1047434
1047435
1047436
1047489
1047490
1047491
1047492
1047493
1047494
1047495
1047496
1047497
1047498
1047499
1047500
1047501
1047502
1047503
1047504
1047505
1047506
1047507
1047508
1047509
1047510
1047511
1047512
1047513
1047514
1047515
1047516
1047517
1047518
1047519
1047520
1047521
1047522
1047523
1047524
1047525
1047526
1047527
1047528
1047529
1047530
1047531
1047532
1047533
1047534
1047535
1047536
1047537
1047538
1047539
1047540
1047593
1047594
1047595
1047596
1047597
1047598
1047599
1047600
1047601
1047602
1047603
1047604
1047605
1047606
1047607
1047608
1047609
1047610
1047611
1047612
1047613
1047614
1047615
1047616
1047617
1047618
1047619
1047620
1047621
1047622
1047623
1047624
1047625
1047626
1047627
1047628
1047629
1047630
1047631
1047632
1047633
1047634
1047635
1047636
1047637
1047638
1047639
1047640
1047641
1047642
1047643
1047644
1047671
1047672
1047673
1047674
1047675
1047676
1047677
1047678
1047679
1047680
1047681
1047682
1047683
1047684
1047685
1047686
1047687
1047688
1047689
1047690
1047691
1047692
1047693
1047694
1047695
1047696
1047749
1047750
1047751
1047752
1047753
1047754
1047755
1047756
1047757
1047758
1047759
1047760
1047761
1047762
1047763
1047764
1047765
1047766
1047767
1047768
1047769
1047770
1047771
1047772
1047773
1047774
1047775
1047776
1047777
1047778
1047779
1047780
1047781
1047782
1047783
1047784
1047785
1047786
1047787
1047788
1047789
1047790
1047791
1047792
1047793
1047794
1047795
1047796
1047797
1047798
1047799
1047800
1047853
1047854
1047855
1047856
1047857
1047858
1047859
1047860
1047861
1047862
1047863
1047864
1047865
1047866
1047867
1047868
1047869
1047870
1047871
1047872
1047873
1047874
1047875
1047876
1047877
1047878
1047905
1047906
1047907
1047908
1047909
1047910
1047911
1047912
1047913
1047914
1047915
1047916
1047917
1047918
1047919
1047920
1047921
1047922
1047923
1047924
1047925
1047926
1047927
1047928
1047929
1047930
1047957
1047958
1047959
1047960
1047961
1047962
1047963
1047964
1047965
1047966
1047967
1047968
1047969
1047970
1047971
1047972
1047973
1047974
1047975
1047976
1047977
1047978
1047979
1047980
1047981
1047982
1048009
1048010
1048011
1048012
1048013
1048014
1048015
1048016
1048017
1048018
1048019
1048020
1048021
1048022
1048023
1048024
1048025
1048026
1048027
1048028
1048029
1048030
1048031
1048032
1048033
1048034
1048061
1048062
1048063
1048064
1048065
1048066
1048067
1048068
1048069
1048070
1048071
1048072
1048073
1048074
1048075
1048076
1048077
1048078
1048079
1048080
1048081
1048082
1048083
1048084
1048085
1048086
1048113
1048114
1048115
1048116
1048117
1048118
1048119
1048120
1048121
1048122
1048123
1048124
1048125
1048126
1048127
1048128
1048129
1048130
1048131
1048132
1048133
1048134
1048135
1048136
1048137
1048138
1048139
1048140
1048141
1048142
1048143
1048144
1048145
1048146
1048147
1048148
1048149
1048150
1048151
1048152
1048153
1048154
1048155
1048156
1048157
1048158
1048159
1048160
1048161
1048162
1048163
1048164
1048191
1048192
1048193
1048194
1048195
1048196
1048197
1048198
1048199
1048200
1048201
1048202
1048203
1048204
1048205
1048206
1048207
1048208
1048209
1048210
1048211
1048212
1048213
1048214
1048215
1048216
1048243
1048244
1048245
1048246
1048247
1048248
1048249
1048250
1048251
1048252
1048253
1048254
1048255
1048256
1048257
1048258
1048259
1048260
1048261
1048262
1048263
1048264
1048265
1048266
1048267
1048268
1048269
1048270
1048271
1048272
1048273
1048274
1048275
1048276
1048277
1048278
1048279
1048280
1048281
1048282
1048283
1048284
1048285
1048286
1048287
1048288
1048289
1048290
1048291
1048292
1048293
1048294
1048347
1048348
1048349
1048350
1048351
1048352
1048353
1048354
1048355
1048356
1048357
1048358
1048359
1048360
1048361
1048362
1048363
1048364
1048365
1048366
1048367
1048368
1048369
1048370
1048371
1048372
1048399
1048400
1048401
1048402
1048403
1048404
1048405
1048406
1048407
1048408
1048409
1048410
1048411
1048412
1048413
1048414
1048415
1048416
1048417
1048418
1048419
1048420
1048421
1048422
1048423
1048424
1048477
1048478
1048479
1048480
1048481
1048482
1048483
1048484
1048485
1048486
1048487
1048488
1048489
1048490
1048491
1048492
1048493
1048494
1048495
1048496
1048497
1048498
1048499
1048500
1048501
1048502
1048529
1048530
1048531
1048532
1048533
1048534
1048535
1048536
1048537
1048538
1048539
1048540
1048541
1048542
1048543
1048544
1048545
1048546
1048547
1048548
1048549
1048550
1048551
1048552
1048553
1048554
1048581
1048582
1048583
1048584
1048585
1048586
1048587
1048588
1048589
1048590
1048591
1048592
1048593
1048594
1048595
1048596
1048597
1048598
1048599
1048600
1048601
1048602
1048603
1048604
1048605
1048606
1048633
1048634
1048635
1048636
1048637
1048638
1048639
1048640
1048641
1048642
1048643
1048644
1048645
1048646
1048647
1048648
1048649
1048650
1048651
1048652
1048653
1048654
1048655
1048656
1048657
1048658
1048685
1048686
1048687
1048688
1048689
1048690
1048691
1048692
1048693
1048694
1048695
1048696
1048697
1048698
1048699
1048700
1048701
1048702
1048703
1048704
1048705
1048706
1048707
1048708
1048709
1048710
1048711
1048712
1048713
1048714
1048715
1048716
1048717
1048718
1048719
1048720
1048721
1048722
1048723
1048724
1048725
1048726
1048727
1048728
1048729
1048730
1048731
1048732
1048733
1048734
1048735
1048736
1048737
1048738
1048739
1048740
1048741
1048742
1048743
1048744
1048745
1048746
1048747
1048748
1048749
1048750
1048751
1048752
1048753
1048754
1048755
1048756
1048757
1048758
1048759
1048760
1048761
1048762
1048763
1048764
1048765
1048766
1048767
1048768
1048769
1048770
1048771
1048772
1048773
1048774
1048775
1048776
1048777
1048778
1048779
1048780
1048781
1048782
1048783
1048784
1048785
1048786
1048787
1048788
1048867
1048868
1048869
1048870
1048871
1048872
1048873
1048874
1048875
1048876
1048877
1048878
1048879
1048880
1048881
1048882
1048883
1048884
1048885
1048886
1048887
1048888
1048889
1048890
1048891
1048892
1048945
1048946
1048947
1048948
1048949
1048950
1048951
1048952
1048953
1048954
1048955
1048956
1048957
1048958
1048959
1048960
1048961
1048962
1048963
1048964
1048965
1048966
1048967
1048968
1048969
1048970
1048971
1048972
1048973
1048974
1048975
1048976
1048977
1048978
1048979
1048980
1048981
1048982
1048983
1048984
1048985
1048986
1048987
1048988
1048989
1048990
1048991
1048992
1048993
1048994
1048995
1048996
1049049
1049050
1049051
1049052
1049054
1049055
1049056
1049057
1049058
1049059
1049060
1049061
1049062
1049063
1049064
1049065
1049066
1049067
1049068
1049069
1049070
1049071
1049072
1049073
1049074
1049101
1049102
1049103
1049104
1049105
1049106
1049107
1049108
1049109
1049110
1049111
1049112
1049113
1049114
1049115
1049116
1049117
1049118
1049119
1049120
1049121
1049122
1049123
1049124
1049125
1049126
1049153
1049154
1049155
1049156
1049157
1049158
1049159
1049160
1049161
1049162
1049163
1049164
1049165
1049166
1049167
1049168
1049169
1049170
1049171
1049172
1049173
1049174
1049175
1049176
1049177
1049178
1049205
1049206
1049207
1049208
1049209
1049210
1049211
1049212
1049213
1049214
1049215
1049216
1049217
1049218
1049219
1049220
1049221
1049222
1049223
1049224
1049225
1049226
1049227
1049228
1049229
1049230
1049283
1049284
1049285
1049286
1049287
1049288
1049289
1049290
1049291
1049292
1049293
1049294
1049295
1049296
1049297
1049298
1049299
1049300
1049301
1049302
1049303
1049304
1049305
1049306
1049307
1049308
1049309
1049310
1049311
1049312
1049313
1049314
1049315
1049316
1049317
1049318
1049319
1049320
1049321
1049322
1049323
1049324
1049325
1049326
1049327
1049328
1049329
1049330
1049331
1049332
1049333
1049334
1049361
1049362
1049363
1049364
1049365
1049366
1049367
1049368
1049369
1049370
1049371
1049372
1049373
1049374
1049375
1049376
1049377
1049378
1049379
1049380
1049381
1049382
1049383
1049384
1049385
1049386
1049413
1049414
1049415
1049416
1049417
1049418
1049419
1049420
1049421
1049422
1049423
1049424
1049425
1049426
1049427
1049428
1049429
1049430
1049431
1049432
1049433
1049434
1049435
1049436
1049437
1049438
1049439
1049440
1049441
1049442
1049443
1049444
1049445
1049446
1049447
1049448
1049449
1049450
1049451
1049452
1049453
1049454
1049455
1049456
1049457
1049458
1049459
1049460
1049461
1049462
1049463
1049464
1049491
1049492
1049493
1049494
1049495
1049496
1049497
1049498
1049499
1049500
1049501
1049502
1049503
1049504
1049505
1049506
1049507
1049508
1049509
1049510
1049511
1049512
1049513
1049514
1049515
1049516
1049569
1049570
1049571
1049572
1049573
1049574
1049575
1049576
1049577
1049578
1049579
1049580
1049581
1049582
1049583
1049584
1049585
1049586
1049587
1049588
1049589
1049590
1049591
1049592
1049593
1049594
1049621
1049622
1049623
1049624
1049625
1049626
1049627
1049628
1049629
1049630
1049631
1049632
1049633
1049634
1049635
1049636
1049637
1049638
1049639
1049640
1049641
1049642
1049643
1049644
1049645
1049646
1049673
1049674
1049675
1049676
1049677
1049678
1049679
1049680
1049681
1049682
1049683
1049684
1049685
1049686
1049687
1049688
1049689
1049690
1049691
1049692
1049693
1049694
1049695
1049696
1049697
1049698
1049725
1049726
1049727
1049728
1049729
1049730
1049731
1049732
1049733
1049734
1049735
1049736
1049737
1049738
1049739
1049740
1049741
1049742
1049743
1049744
1049745
1049746
1049747
1049748
1049749
1049750
1049803
1049804
1049805
1049806
1049807
1049808
1049809
1049810
1049811
1049812
1049813
1049814
1049815
1049816
1049817
1049818
1049819
1049820
1049821
1049822
1049823
1049824
1049825
1049826
1049827
1049828
1049829
1049830
1049831
1049832
1049833
1049834
1049835
1049836
1049837
1049838
1049839
1049840
1049841
1049842
1049843
1049844
1049845
1049846
1049847
1049848
1049849
1049850
1049851
1049852
1049853
1049854
1049881
1049882
1049883
1049884
1049885
1049886
1049887
1049888
1049889
1049890
1049891
1049892
1049893
1049894
1049895
1049896
1049897
1049898
1049899
1049900
1049901
1049902
1049903
1049904
1049905
1049906
1049933
1049934
1049935
1049936
1049937
1049938
1049939
1049940
1049941
1049942
1049943
1049944
1049945
1049946
1049947
1049948
1049949
1049950
1049951
1049952
1049953
1049954
1049955
1049956
1049957
1049958
1049985
1049986
1049987
1049988
1049989
1049990
1049991
1049992
1049993
1049994
1049995
1049996
1049997
1049998
1049999
1050000
1050001
1050002
1050003
1050004
1050005
1050006
1050007
1050008
1050009
1050010
1050037
1050038
1050039
1050040
1050041
1050042
1050043
1050044
1050045
1050046
1050047
1050048
1050049
1050050
1050051
1050052
1050053
1050054
1050055
1050056
1050057
1050058
1050059
1050060
1050061
1050062
1050063
1050064
1050065
1050066
1050067
1050068
1050069
1050070
1050071
1050072
1050073
1050074
1050075
1050076
1050077
1050078
1050079
1050080
1050081
1050082
1050083
1050084
1050085
1050086
1050087
1050088
1050089
1050090
1050091
1050092
1050093
1050094
1050095
1050096
1050097
1050098
1050099
1050100
1050101
1050102
1050103
1050104
1050105
1050106
1050107
1050108
1050109
1050110
1050111
1050112
1050113
1050114
1050141
1050142
1050143
1050144
1050145
1050146
1050147
1050148
1050149
1050150
1050151
1050152
1050153
1050154
1050155
1050156
1050157
1050158
1050159
1050160
1050161
1050162
1050163
1050164
1050165
1050166
1050193
1050194
1050195
1050196
1050197
1050198
1050199
1050200
1050201
1050202
1050203
1050204
1050205
1050206
1050207
1050208
1050209
1050210
1050211
1050212
1050213
1050214
1050215
1050216
1050217
1050218
1050245
1050246
1050247
1050248
1050249
1050250
1050251
1050252
1050253
1050254
1050255
1050256
1050257
1050258
1050259
1050260
1050261
1050262
1050263
1050264
1050265
1050266
1050267
1050268
1050269
1050270
1050271
1050272
1050273
1050274
1050275
1050276
1050277
1050278
1050279
1050280
1050281
1050282
1050283
1050284
1050285
1050286
1050287
1050288
1050289
1050290
1050291
1050292
1050293
1050294
1050295
1050296
1050323
1050324
1050325
1050326
1050327
1050328
1050329
1050330
1050331
1050332
1050333
1050334
1050335
1050336
1050337
1050338
1050339
1050340
1050341
1050342
1050343
1050344
1050345
1050346
1050347
1050348
1050375
1050376
1050377
1050378
1050379
1050380
1050381
1050382
1050383
1050384
1050385
1050386
1050387
1050388
1050389
1050390
1050391
1050392
1050393
1050394
1050395
1050396
1050397
1050398
1050399
1050400
1050401
1050402
1050403
1050404
1050405
1050406
1050407
1050408
1050409
1050410
1050411
1050412
1050413
1050414
1050415
1050416
1050417
1050418
1050419
1050420
1050421
1050422
1050423
1050424
1050425
1050426
1050453
1050454
1050455
1050456
1050457
1050458
1050459
1050460
1050461
1050462
1050463
1050464
1050465
1050466
1050467
1050468
1050469
1050470
1050471
1050472
1050473
1050474
1050475
1050476
1050477
1050478
1050531
1050532
1050533
1050534
1050535
1050536
1050537
1050538
1050539
1050540
1050541
1050542
1050543
1050544
1050545
1050546
1050547
1050548
1050549
1050550
1050551
1050552
1050553
1050554
1050555
1050556
1050583
1050584
1050585
1050586
1050587
1050588
1050589
1050590
1050591
1050592
1050593
1050594
1050595
1050596
1050597
1050598
1050599
1050600
1050601
1050602
1050603
1050604
1050605
1050606
1050607
1050608
1050609
1050610
1050611
1050612
1050613
1050614
1050615
1050616
1050617
1050618
1050619
1050620
1050621
1050622
1050623
1050624
1050625
1050626
1050627
1050628
1050629
1050630
1050631
1050632
1050633
1050634
1050661
1050662
1050663
1050664
1050665
1050666
1050667
1050668
1050669
1050670
1050671
1050672
1050673
1050674
1050675
1050676
1050677
1050678
1050679
1050680
1050681
1050682
1050683
1050684
1050685
1050686
1050765
1050766
1050767
1050768
1050769
1050770
1050771
1050772
1050773
1050774
1050775
1050776
1050777
1050778
1050779
1050780
1050781
1050782
1050783
1050784
1050785
1050786
1050787
1050788
1050789
1050790
1050791
1050792
1050793
1050794
1050795
1050796
1050797
1050798
1050799
1050800
1050801
1050802
1050803
1050804
1050805
1050806
1050807
1050808
1050809
1050810
1050811
1050812
1050813
1050814
1050815
1050816
1050843
1050844
1050845
1050846
1050847
1050848
1050849
1050850
1050851
1050852
1050853
1050854
1050855
1050856
1050857
1050858
1050859
1050860
1050861
1050862
1050863
1050864
1050865
1050866
1050867
1050868
1050921
1050922
1050923
1050924
1050925
1050926
1050927
1050928
1050929
1050930
1050931
1050932
1050933
1050934
1050935
1050936
1050937
1050938
1050939
1050940
1050941
1050942
1050943
1050944
1050945
1050946
1050947
1050948
1050949
1050950
1050951
1050952
1050953
1050954
1050955
1050956
1050957
1050958
1050959
1050960
1050961
1050962
1050963
1050964
1050965
1050966
1050967
1050968
1050969
1050970
1050971
1050972
1050973
1050974
1050975
1050976
1050977
1050978
1050979
1050980
1050981
1050982
1050983
1050984
1050985
1050986
1050987
1050988
1050989
1050990
1050991
1050992
1050993
1050994
1050995
1050996
1050997
1050998
1051025
1051026
1051027
1051028
1051029
1051030
1051031
1051032
1051033
1051034
1051035
1051036
1051037
1051038
1051039
1051040
1051041
1051042
1051043
1051044
1051045
1051046
1051047
1051048
1051049
1051050
1051077
1051078
1051079
1051080
1051081
1051082
1051083
1051084
1051085
1051086
1051087
1051088
1051089
1051090
1051091
1051092
1051093
1051094
1051095
1051096
1051097
1051098
1051099
1051100
1051101
1051102
1051129
1051130
1051131
1051132
1051133
1051134
1051135
1051136
1051137
1051138
1051139
1051140
1051141
1051142
1051143
1051144
1051145
1051146
1051147
1051148
1051149
1051150
1051151
1051152
1051153
1051154
1051155
1051156
1051157
1051158
1051159
1051160
1051161
1051162
1051163
1051164
1051165
1051166
1051167
1051168
1051169
1051170
1051171
1051172
1051173
1051174
1051175
1051176
1051177
1051178
1051179
1051180
1051233
1051234
1051235
1051236
1051237
1051238
1051239
1051240
1051241
1051242
1051243
1051244
1051245
1051246
1051247
1051248
1051249
1051250
1051251
1051252
1051253
1051254
1051255
1051256
1051257
1051258
1051259
1051260
1051261
1051262
1051263
1051264
1051265
1051266
1051267
1051268
1051269
1051270
1051271
1051272
1051273
1051274
1051275
1051276
1051277
1051278
1051279
1051280
1051281
1051282
1051283
1051284
1051311
1051312
1051313
1051314
1051315
1051316
1051317
1051318
1051319
1051320
1051321
1051322
1051323
1051324
1051325
1051326
1051327
1051328
1051329
1051330
1051331
1051332
1051333
1051334
1051335
1051336
1051337
1051338
1051339
1051340
1051341
1051342
1051343
1051344
1051345
1051346
1051347
1051348
1051349
1051350
1051351
1051352
1051353
1051354
1051355
1051356
1051357
1051358
1051359
1051360
1051361
1051362
1051389
1051390
1051391
1051392
1051393
1051394
1051395
1051396
1051397
1051398
1051399
1051400
1051401
1051402
1051403
1051404
1051405
1051406
1051407
1051408
1051409
1051410
1051411
1051412
1051413
1051414
1051415
1051416
1051417
1051418
1051419
1051420
1051421
1051422
1051423
1051424
1051425
1051426
1051427
1051428
1051429
1051430
1051431
1051432
1051433
1051434
1051435
1051436
1051437
1051438
1051439
1051440
1051467
1051468
1051469
1051470
1051471
1051472
1051473
1051474
1051475
1051476
1051477
1051478
1051479
1051480
1051481
1051482
1051483
1051484
1051485
1051486
1051487
1051488
1051489
1051490
1051491
1051492
1051493
1051494
1051495
1051496
1051497
1051498
1051499
1051500
1051501
1051502
1051503
1051504
1051505
1051506
1051507
1051508
1051509
1051510
1051511
1051512
1051513
1051514
1051515
1051516
1051517
1051518
1051623
1051624
1051625
1051626
1051627
1051628
1051629
1051630
1051631
1051632
1051633
1051634
1051635
1051636
1051637
1051638
1051639
1051640
1051641
1051642
1051643
1051644
1051645
1051646
1051647
1051648
