1051701
1051702
1051703
1051704
1051705
1051706
1051707
1051708
1051709
1051710
1051711
1051712
1051713
1051714
1051715
1051716
1051717
1051718
1051719
1051720
1051721
1051722
1051723
1051724
1051725
1051726
1051753
1051754
1051755
1051756
1051757
1051758
1051759
1051760
1051761
1051762
1051763
1051764
1051765
1051766
1051767
1051768
1051769
1051770
1051771
1051772
1051773
1051774
1051775
1051776
1051777
1051778
1051805
1051806
1051807
1051808
1051809
1051810
1051811
1051812
1051813
1051814
1051815
1051816
1051817
1051818
1051819
1051820
1051821
1051822
1051823
1051824
1051825
1051826
1051827
1051828
1051829
1051830
1051857
1051858
1051859
1051860
1051861
1051862
1051863
1051864
1051865
1051866
1051867
1051868
1051869
1051870
1051871
1051872
1051873
1051874
1051875
1051876
1051877
1051878
1051879
1051880
1051881
1051882
1051883
1051884
1051885
1051886
1051887
1051888
1051889
1051890
1051891
1051892
1051893
1051894
1051895
1051896
1051897
1051898
1051899
1051900
1051901
1051902
1051903
1051904
1051905
1051906
1051907
1051908
1051961
1051962
1051963
1051964
1051965
1051966
1051967
1051968
1051969
1051970
1051971
1051972
1051973
1051974
1051975
1051976
1051977
1051978
1051979
1051980
1051981
1051982
1051983
1051984
1051985
1051986
1052013
1052014
1052015
1052016
1052017
1052018
1052019
1052020
1052021
1052022
1052023
1052024
1052025
1052026
1052027
1052028
1052029
1052030
1052031
1052032
1052033
1052034
1052035
1052036
1052037
1052038
1052039
1052040
1052041
1052042
1052043
1052044
1052045
1052046
1052047
1052048
1052049
1052050
1052051
1052052
1052053
1052054
1052055
1052056
1052057
1052058
1052059
1052060
1052061
1052062
1052063
1052064
1052117
1052118
1052119
1052120
1052121
1052122
1052123
1052124
1052125
1052126
1052127
1052128
1052129
1052130
1052131
1052132
1052133
1052134
1052135
1052136
1052137
1052138
1052139
1052140
1052141
1052142
1052169
1052170
1052171
1052172
1052173
1052174
1052175
1052176
1052177
1052178
1052179
1052180
1052181
1052182
1052183
1052184
1052185
1052186
1052187
1052188
1052189
1052190
1052191
1052192
1052193
1052194
1052221
1052222
1052223
1052224
1052225
1052226
1052227
1052228
1052229
1052230
1052231
1052232
1052233
1052234
1052235
1052236
1052237
1052238
1052239
1052240
1052241
1052242
1052243
1052244
1052245
1052246
1052247
1052248
1052249
1052250
1052251
1052252
1052253
1052254
1052255
1052256
1052257
1052258
1052259
1052260
1052261
1052262
1052263
1052264
1052265
1052266
1052267
1052268
1052269
1052270
1052271
1052272
1052299
1052300
1052301
1052302
1052303
1052304
1052305
1052306
1052307
1052308
1052309
1052310
1052311
1052312
1052313
1052314
1052315
1052316
1052317
1052318
1052319
1052320
1052321
1052322
1052323
1052324
1052325
1052326
1052327
1052328
1052329
1052330
1052331
1052332
1052333
1052334
1052335
1052336
1052337
1052338
1052339
1052340
1052341
1052342
1052343
1052344
1052345
1052346
1052347
1052348
1052349
1052350
1052351
1052352
1052353
1052354
1052355
1052356
1052357
1052358
1052359
1052360
1052361
1052362
1052363
1052364
1052365
1052366
1052367
1052368
1052369
1052370
1052371
1052372
1052373
1052374
1052375
1052376
1052403
1052404
1052405
1052406
1052407
1052408
1052409
1052410
1052411
1052412
1052413
1052414
1052415
1052416
1052417
1052418
1052419
1052420
1052421
1052422
1052423
1052424
1052425
1052426
1052427
1052428
1052455
1052456
1052457
1052458
1052459
1052460
1052461
1052462
1052463
1052464
1052465
1052466
1052467
1052468
1052469
1052470
1052471
1052472
1052473
1052474
1052475
1052476
1052477
1052478
1052479
1052480
1052481
1052482
1052483
1052484
1052485
1052486
1052487
1052488
1052489
1052490
1052491
1052492
1052493
1052494
1052495
1052496
1052497
1052498
1052499
1052500
1052501
1052502
1052503
1052504
1052505
1052506
1052507
1052508
1052509
1052510
1052511
1052512
1052513
1052514
1052515
1052516
1052517
1052518
1052519
1052520
1052521
1052522
1052523
1052524
1052525
1052526
1052527
1052528
1052529
1052530
1052531
1052532
1052533
1052534
1052535
1052536
1052537
1052538
1052539
1052540
1052541
1052542
1052543
1052544
1052545
1052546
1052547
1052548
1052549
1052550
1052551
1052552
1052553
1052554
1052555
1052556
1052557
1052558
1052559
1052560
1052561
1052562
1052563
1052564
1052565
1052566
1052567
1052568
1052569
1052570
1052571
1052572
1052573
1052574
1052575
1052576
1052577
1052578
1052579
1052580
1052581
1052582
1052583
1052584
1052585
1052586
1052587
1052588
1052589
1052590
1052591
1052592
1052593
1052594
1052595
1052596
1052597
1052598
1052599
1052600
1052601
1052602
1052603
1052604
1052605
1052606
1052607
1052608
1052609
1052610
1052637
1052638
1052639
1052640
1052641
1052642
1052643
1052644
1052645
1052646
1052647
1052648
1052649
1052650
1052651
1052652
1052653
1052654
1052655
1052656
1052657
1052658
1052659
1052660
1052661
1052662
1052689
1052690
1052691
1052692
1052693
1052694
1052695
1052696
1052697
1052698
1052699
1052700
1052701
1052702
1052703
1052704
1052705
1052706
1052707
1052708
1052709
1052710
1052711
1052712
1052713
1052714
1052845
1052846
1052847
1052848
1052849
1052850
1052851
1052852
1052853
1052854
1052855
1052856
1052857
1052858
1052859
1052860
1052861
1052862
1052863
1052864
1052865
1052866
1052867
1052868
1052869
1052870
1052871
1052872
1052873
1052874
1052875
1052876
1052877
1052878
1052879
1052880
1052881
1052882
1052883
1052884
1052885
1052886
1052887
1052888
1052889
1052890
1052891
1052892
1052893
1052894
1052895
1052896
1052923
1052924
1052925
1052926
1052927
1052928
1052929
1052930
1052931
1052932
1052933
1052934
1052935
1052936
1052937
1052938
1052939
1052940
1052941
1052942
1052943
1052944
1052945
1052946
1052947
1052948
1052949
1052950
1052951
1052952
1052953
1052954
1052955
1052956
1052957
1052958
1052959
1052960
1052961
1052962
1052963
1052964
1052965
1052966
1052967
1052968
1052969
1052970
1052971
1052972
1052973
1052974
1053001
1053002
1053003
1053004
1053005
1053006
1053007
1053008
1053009
1053010
1053011
1053012
1053013
1053014
1053015
1053016
1053017
1053018
1053019
1053020
1053021
1053022
1053023
1053024
1053025
1053026
1053027
1053028
1053029
1053030
1053031
1053032
1053033
1053034
1053035
1053036
1053037
1053038
1053039
1053040
1053041
1053042
1053043
1053044
1053045
1053046
1053047
1053048
1053049
1053050
1053051
1053052
1053079
1053080
1053081
1053082
1053083
1053084
1053085
1053086
1053087
1053088
1053089
1053090
1053091
1053092
1053093
1053094
1053095
1053096
1053097
1053098
1053099
1053100
1053101
1053102
1053103
1053104
1053209
1053210
1053211
1053212
1053213
1053214
1053215
1053216
1053217
1053218
1053219
1053220
1053221
1053222
1053223
1053224
1053225
1053226
1053227
1053228
1053229
1053230
1053231
1053232
1053233
1053234
1053287
1053288
1053289
1053290
1053291
1053292
1053293
1053294
1053295
1053296
1053297
1053298
1053299
1053300
1053301
1053302
1053303
1053304
1053305
1053306
1053307
1053308
1053309
1053310
1053311
1053312
1053313
1053314
1053315
1053316
1053317
1053318
1053319
1053320
1053321
1053322
1053323
1053324
1053325
1053326
1053327
1053328
1053329
1053330
1053331
1053332
1053333
1053334
1053335
1053336
1053337
1053338
1053339
1053340
1053341
1053342
1053343
1053344
1053345
1053346
1053347
1053348
1053349
1053350
1053351
1053352
1053353
1053354
1053355
1053356
1053357
1053358
1053359
1053360
1053361
1053362
1053363
1053364
1053469
1053470
1053471
1053472
1053473
1053474
1053475
1053476
1053477
1053478
1053479
1053480
1053481
1053482
1053483
1053484
1053485
1053486
1053487
1053488
1053489
1053490
1053491
1053492
1053493
1053494
1053495
1053496
1053497
1053498
1053499
1053500
1053501
1053502
1053503
1053504
1053505
1053506
1053507
1053508
1053509
1053510
1053511
1053512
1053513
1053514
1053515
1053516
1053517
1053518
1053519
1053520
1053521
1053522
1053523
1053524
1053525
1053526
1053527
1053528
1053529
1053530
1053531
1053532
1053533
1053535
1053536
1053537
1053538
1053539
1053540
1053541
1053542
1053543
1053544
1053545
1053546
1053547
1053548
1053549
1053550
1053551
1053552
1053553
1053554
1053555
1053556
1053557
1053558
1053559
1053560
1053561
1053562
1053563
1053564
1053565
1053566
1053567
1053568
1053569
1053570
1053571
1053572
1053573
1053574
1053575
1053576
1053577
1053578
1053579
1053580
1053581
1053582
1053583
1053584
1053585
1053586
1053587
1053588
1053589
1053590
1053591
1053592
1053593
1053594
1053595
1053596
1053597
1053598
1053599
1053600
1053601
1053602
1053603
1053604
1053605
1053606
1053607
1053608
1053609
1053610
1053611
1053612
1053613
1053614
1053615
1053616
1053617
1053618
1053619
1053620
1053621
1053622
1053623
1053624
1053677
1053678
1053679
1053680
1053681
1053682
1053683
1053684
1053685
1053686
1053687
1053688
1053689
1053690
1053691
1053692
1053693
1053694
1053695
1053696
1053697
1053698
1053699
1053700
1053701
1053702
1053703
1053704
1053705
1053706
1053707
1053708
1053709
1053710
1053711
1053712
1053713
1053714
1053715
1053716
1053717
1053718
1053719
1053720
1053721
1053722
1053723
1053724
1053725
1053726
1053727
1053728
1053781
1053782
1053783
1053784
1053785
1053786
1053787
1053788
1053789
1053790
1053791
1053792
1053793
1053794
1053795
1053796
1053797
1053798
1053800
1053801
1053802
1053803
1053804
1053805
1053806
1053833
1053834
1053835
1053836
1053837
1053838
1053839
1053840
1053841
1053842
1053843
1053844
1053845
1053846
1053847
1053848
1053849
1053850
1053851
1053852
1053853
1053854
1053855
1053856
1053857
1053858
1053859
1053860
1053861
1053862
1053863
1053864
1053865
1053866
1053867
1053868
1053869
1053870
1053871
1053872
1053873
1053874
1053875
1053876
1053877
1053878
1053879
1053880
1053881
1053882
1053883
1053884
1053911
1053912
1053913
1053914
1053915
1053916
1053917
1053918
1053919
1053920
1053921
1053922
1053923
1053924
1053925
1053926
1053927
1053928
1053929
1053930
1053931
1053932
1053933
1053934
1053935
1053936
1054015
1054016
1054017
1054018
1054019
1054020
1054021
1054022
1054023
1054024
1054025
1054026
1054027
1054028
1054029
1054030
1054031
1054032
1054033
1054034
1054035
1054036
1054037
1054038
1054039
1054040
1054041
1054042
1054043
1054044
1054045
1054046
1054047
1054048
1054049
1054050
1054051
1054052
1054053
1054054
1054055
1054056
1054057
1054058
1054059
1054060
1054061
1054062
1054063
1054064
1054065
1054066
1054145
1054146
1054147
1054148
1054149
1054150
1054151
1054152
1054153
1054154
1054155
1054156
1054157
1054158
1054159
1054160
1054161
1054162
1054163
1054164
1054165
1054166
1054167
1054168
1054169
1054170
1054171
1054172
1054173
1054174
1054175
1054176
1054177
1054178
1054179
1054180
1054181
1054182
1054183
1054184
1054185
1054186
1054187
1054188
1054189
1054190
1054191
1054192
1054193
1054194
1054195
1054196
1054197
1054198
1054199
1054200
1054201
1054202
1054203
1054204
1054205
1054206
1054207
1054208
1054209
1054210
1054211
1054212
1054213
1054214
1054215
1054216
1054217
1054218
1054219
1054220
1054221
1054222
1054249
1054250
1054251
1054252
1054253
1054254
1054255
1054256
1054257
1054258
1054259
1054260
1054261
1054262
1054263
1054264
1054265
1054266
1054267
1054268
1054269
1054270
1054271
1054272
1054273
1054274
1054275
1054276
1054277
1054278
1054279
1054280
1054281
1054282
1054283
1054284
1054285
1054286
1054287
1054288
1054289
1054290
1054291
1054292
1054293
1054294
1054295
1054296
1054297
1054298
1054299
1054300
1054327
1054328
1054329
1054330
1054331
1054332
1054333
1054334
1054335
1054336
1054337
1054338
1054339
1054340
1054341
1054342
1054343
1054344
1054345
1054346
1054347
1054348
1054349
1054350
1054351
1054352
1054483
1054484
1054485
1054486
1054487
1054488
1054489
1054490
1054491
1054492
1054493
1054494
1054495
1054496
1054497
1054498
1054499
1054500
1054501
1054502
1054503
1054504
1054505
1054506
1054507
1054508
1054509
1054510
1054511
1054512
1054513
1054514
1054515
1054516
1054517
1054518
1054519
1054520
1054521
1054522
1054523
1054524
1054525
1054526
1054527
1054528
1054529
1054530
1054531
1054532
1054533
1054534
1054535
1054536
1054537
1054538
1054539
1054540
1054541
1054542
1054543
1054544
1054545
1054546
1054547
1054548
1054549
1054550
1054551
1054552
1054553
1054554
1054555
1054556
1054557
1054558
1054559
1054560
1054587
1054588
1054589
1054590
1054591
1054592
1054593
1054594
1054595
1054596
1054597
1054598
1054599
1054600
1054601
1054602
1054603
1054604
1054605
1054606
1054607
1054608
1054609
1054610
1054611
1054612
1054639
1054640
1054641
1054642
1054643
1054644
1054645
1054646
1054647
1054648
1054649
1054650
1054651
1054652
1054653
1054654
1054655
1054656
1054657
1054658
1054659
1054660
1054661
1054662
1054663
1054664
1054691
1054692
1054693
1054694
1054695
1054696
1054697
1054698
1054699
1054700
1054701
1054702
1054703
1054704
1054705
1054706
1054707
1054708
1054709
1054710
1054711
1054712
1054713
1054714
1054715
1054716
1054743
1054744
1054745
1054746
1054747
1054748
1054749
1054750
1054751
1054752
1054753
1054754
1054755
1054756
1054757
1054758
1054759
1054760
1054761
1054762
1054763
1054764
1054765
1054766
1054767
1054768
1054821
1054822
1054823
1054824
1054825
1054826
1054827
1054828
1054829
1054830
1054831
1054832
1054833
1054834
1054835
1054836
1054837
1054838
1054839
1054840
1054841
1054842
1054843
1054844
1054845
1054846
1054899
1054900
1054901
1054902
1054903
1054904
1054905
1054906
1054907
1054908
1054909
1054910
1054911
1054912
1054913
1054914
1054915
1054916
1054917
1054918
1054919
1054920
1054921
1054922
1054923
1054924
1054925
1054926
1054927
1054928
1054929
1054930
1054931
1054932
1054933
1054934
1054935
1054936
1054937
1054938
1054939
1054940
1054941
1054942
1054943
1054944
1054945
1054946
1054947
1054948
1054949
1054950
1054951
1054952
1054953
1054954
1054955
1054956
1054957
1054958
1054959
1054960
1054961
1054962
1054963
1054964
1054965
1054966
1054967
1054968
1054969
1054970
1054971
1054972
1054973
1054974
1054975
1054976
1055003
1055004
1055005
1055006
1055007
1055008
1055009
1055010
1055011
1055012
1055013
1055014
1055015
1055016
1055017
1055018
1055019
1055020
1055021
1055022
1055023
1055024
1055025
1055026
1055027
1055028
1055029
1055030
1055031
1055032
1055033
1055034
1055035
1055036
1055037
1055038
1055039
1055040
1055041
1055042
1055043
1055044
1055045
1055046
1055047
1055048
1055049
1055050
1055051
1055052
1055053
1055054
1055107
1055108
1055109
1055110
1055111
1055112
1055113
1055114
1055115
1055116
1055117
1055118
1055119
1055120
1055121
1055122
1055123
1055124
1055125
1055126
1055127
1055128
1055129
1055130
1055131
1055132
1055133
1055134
1055135
1055136
1055137
1055138
1055139
1055140
1055141
1055142
1055143
1055144
1055145
1055146
1055147
1055148
1055149
1055150
1055151
1055152
1055153
1055154
1055155
1055156
1055157
1055158
1055185
1055186
1055187
1055188
1055189
1055190
1055191
1055192
1055193
1055194
1055195
1055196
1055197
1055198
1055199
1055200
1055201
1055202
1055203
1055204
1055205
1055206
1055207
1055208
1055209
1055210
1055237
1055238
1055239
1055240
1055241
1055242
1055243
1055244
1055245
1055246
1055247
1055248
1055249
1055250
1055251
1055252
1055253
1055254
1055255
1055256
1055257
1055258
1055259
1055260
1055261
1055262
1055367
1055368
1055369
1055370
1055371
1055372
1055373
1055374
1055375
1055376
1055377
1055378
1055379
1055380
1055381
1055382
1055383
1055384
1055385
1055386
1055387
1055388
1055389
1055390
1055391
1055392
1055393
1055394
1055395
1055396
1055397
1055398
1055399
1055400
1055401
1055402
1055403
1055404
1055405
1055406
1055407
1055408
1055409
1055410
1055411
1055412
1055413
1055414
1055415
1055416
1055417
1055418
1055445
1055446
1055447
1055448
1055449
1055450
1055451
1055452
1055453
1055454
1055455
1055456
1055457
1055458
1055459
1055460
1055461
1055462
1055463
1055464
1055465
1055466
1055467
1055468
1055469
1055470
1055471
1055472
1055473
1055474
1055475
1055476
1055477
1055478
1055479
1055480
1055481
1055482
1055483
1055484
1055485
1055486
1055487
1055488
1055489
1055490
1055491
1055492
1055493
1055494
1055495
1055496
1055497
1055498
1055499
1055500
1055501
1055502
1055503
1055504
1055505
1055506
1055507
1055508
1055509
1055510
1055511
1055512
1055513
1055514
1055515
1055516
1055517
1055518
1055519
1055520
1055521
1055522
1055523
1055524
1055525
1055526
1055527
1055528
1055529
1055530
1055531
1055532
1055533
1055534
1055535
1055536
1055537
1055538
1055539
1055540
1055541
1055542
1055543
1055544
1055545
1055546
1055547
1055548
1055601
1055602
1055603
1055604
1055605
1055606
1055607
1055608
1055609
1055610
1055611
1055612
1055613
1055614
1055615
1055616
1055617
1055618
1055619
1055620
1055621
1055622
1055623
1055624
1055625
1055626
1055653
1055654
1055655
1055656
1055657
1055658
1055659
1055660
1055661
1055662
1055663
1055664
1055665
1055666
1055667
1055668
1055669
1055670
1055671
1055672
1055674
1055675
1055676
1055677
1055678
1055679
1055680
1055681
1055682
1055683
1055684
1055685
1055686
1055687
1055688
1055689
1055690
1055691
1055692
1055693
1055694
1055695
1055696
1055697
1055698
1055699
1055700
1055701
1055702
1055703
1055704
1055757
1055758
1055759
1055760
1055761
1055762
1055763
1055764
1055765
1055766
1055767
1055768
1055769
1055770
1055772
1055773
1055774
1055775
1055776
1055777
1055778
1055779
1055780
1055781
1055782
1055809
1055810
1055811
1055812
1055813
1055814
1055815
1055816
1055817
1055818
1055819
1055820
1055821
1055822
1055823
1055824
1055825
1055826
1055827
1055828
1055829
1055830
1055831
1055832
1055833
1055834
1055835
1055836
1055837
1055838
1055839
1055840
1055841
1055842
1055843
1055844
1055845
1055846
1055847
1055848
1055849
1055850
1055851
1055852
1055853
1055854
1055855
1055856
1055857
1055858
1055859
1055860
1055861
1055862
1055863
1055864
1055865
1055866
1055867
1055868
1055869
1055870
1055871
1055872
1055873
1055874
1055875
1055876
1055877
1055878
1055879
1055880
1055881
1055882
1055883
1055884
1055885
1055886
1055887
1055888
1055889
1055890
1055891
1055892
1055893
1055894
1055895
1055896
1055897
1055898
1055899
1055900
1055901
1055902
1055903
1055904
1055905
1055906
1055907
1055908
1055909
1055910
1055911
1055912
1056069
1056070
1056071
1056072
1056073
1056074
1056075
1056076
1056077
1056078
1056079
1056080
1056081
1056082
1056083
1056084
1056085
1056086
1056087
1056088
1056089
1056090
1056091
1056092
1056093
1056094
1056095
1056096
1056097
1056098
1056099
1056100
1056101
1056102
1056103
1056104
1056105
1056106
1056107
1056108
1056109
1056110
1056111
1056112
1056113
1056114
1056115
1056116
1056117
1056118
1056119
1056120
1056147
1056148
1056149
1056150
1056151
1056152
1056153
1056154
1056155
1056156
1056157
1056158
1056159
1056160
1056161
1056162
1056163
1056164
1056165
1056166
1056167
1056168
1056169
1056170
1056171
1056172
1056199
1056200
1056201
1056202
1056203
1056204
1056205
1056206
1056207
1056208
1056209
1056210
1056211
1056212
1056213
1056214
1056215
1056216
1056217
1056218
1056219
1056220
1056221
1056222
1056223
1056224
1056225
1056226
1056227
1056228
1056229
1056230
1056231
1056232
1056233
1056234
1056235
1056236
1056237
1056238
1056239
1056240
1056241
1056242
1056243
1056244
1056245
1056246
1056247
1056248
1056249
1056250
1056303
1056304
1056305
1056306
1056307
1056308
1056309
1056310
1056311
1056312
1056313
1056314
1056315
1056316
1056317
1056318
1056319
1056320
1056321
1056322
1056323
1056324
1056325
1056326
1056327
1056328
1056407
1056408
1056409
1056410
1056411
1056412
1056413
1056414
1056415
1056416
1056417
1056418
1056419
1056420
1056421
1056422
1056423
1056424
1056425
1056426
1056427
1056428
1056429
1056430
1056431
1056432
1056511
1056512
1056513
1056514
1056515
1056516
1056517
1056518
1056519
1056520
1056521
1056522
1056523
1056524
1056525
1056526
1056527
1056528
1056529
1056530
1056531
1056532
1056533
1056534
1056535
1056536
1056537
1056538
1056539
1056540
1056541
1056542
1056543
1056544
1056545
1056546
1056547
1056548
1056549
1056550
1056551
1056552
1056553
1056554
1056555
1056556
1056557
1056558
1056559
1056560
1056561
1056562
1056563
1056564
1056565
1056566
1056567
1056568
1056569
1056570
1056571
1056572
1056573
1056574
1056575
1056576
1056577
1056578
1056579
1056580
1056581
1056582
1056583
1056584
1056585
1056586
1056587
1056588
1056615
1056616
1056617
1056618
1056619
1056620
1056621
1056622
1056623
1056624
1056625
1056626
1056627
1056628
1056629
1056630
1056631
1056632
1056633
1056634
1056635
1056636
1056637
1056638
1056639
1056640
1056693
1056694
1056695
1056696
1056697
1056698
1056699
1056700
1056701
1056702
1056703
1056704
1056705
1056706
1056707
1056708
1056709
1056710
1056711
1056712
1056713
1056714
1056715
1056716
1056717
1056718
1056719
1056720
1056721
1056722
1056723
1056724
1056725
1056726
1056727
1056728
1056729
1056730
1056731
1056732
1056733
1056734
1056735
1056736
1056737
1056738
1056739
1056740
1056741
1056742
1056743
1056744
1056745
1056746
1056747
1056748
1056749
1056750
1056751
1056752
1056753
1056754
1056755
1056756
1056757
1056758
1056759
1056760
1056761
1056762
1056763
1056764
1056765
1056766
1056767
1056768
1056769
1056770
1056771
1056772
1056773
1056774
1056775
1056776
1056777
1056778
1056779
1056780
1056781
1056782
1056783
1056784
1056785
1056786
1056787
1056788
1056789
1056790
1056791
1056792
1056793
1056794
1056795
1056796
1056849
1056850
1056851
1056852
1056853
1056854
1056855
1056856
1056857
1056858
1056859
1056860
1056861
1056862
1056863
1056864
1056865
1056866
1056867
1056868
1056869
1056870
1056871
1056872
1056873
1056874
1056927
1056928
1056929
1056930
1056931
1056932
1056933
1056934
1056935
1056936
1056937
1056938
1056939
1056940
1056941
1056942
1056943
1056944
1056945
1056946
1056947
1056948
1056949
1056950
1056951
1056952
1056979
1056980
1056981
1056982
1056983
1056984
1056985
1056986
1056987
1056988
1056989
1056990
1056991
1056992
1056993
1056994
1056995
1056996
1056997
1056998
1056999
1057000
1057001
1057002
1057003
1057004
1057005
1057006
1057007
1057008
1057009
1057010
1057011
1057012
1057013
1057014
1057015
1057016
1057017
1057018
1057019
1057020
1057021
1057022
1057023
1057024
1057025
1057026
1057027
1057028
1057029
1057030
1057031
1057032
1057033
1057034
1057035
1057036
1057037
1057038
1057039
1057040
1057041
1057042
1057043
1057044
1057045
1057046
1057047
1057048
1057049
1057050
1057051
1057052
1057053
1057054
1057055
1057056
1057109
1057110
1057111
1057112
1057113
1057114
1057115
1057116
1057117
1057118
1057119
1057120
1057121
1057122
1057123
1057124
1057125
1057126
1057127
1057128
1057129
1057130
1057131
1057132
1057133
1057134
1057135
1057136
1057137
1057138
1057139
1057140
1057141
1057142
1057143
1057144
1057145
1057146
1057147
1057148
1057149
1057150
1057151
1057152
1057153
1057154
1057155
1057156
1057157
1057158
1057159
1057160
1057161
1057162
1057163
1057164
1057165
1057166
1057167
1057168
1057169
1057170
1057171
1057172
1057173
1057174
1057175
1057176
1057177
1057178
1057179
1057180
1057181
1057182
1057183
1057184
1057185
1057186
1057187
1057188
1057189
1057190
1057191
1057192
1057193
1057194
1057195
1057196
1057197
1057198
1057199
1057200
1057201
1057202
1057203
1057204
1057205
1057206
1057207
1057208
1057209
1057210
1057211
1057212
1057265
1057266
1057267
1057268
1057269
1057270
1057271
1057272
1057273
1057274
1057275
1057276
1057277
1057278
1057279
1057280
1057281
1057282
1057283
1057284
1057285
1057286
1057287
1057288
1057289
1057290
1057291
1057292
1057293
1057294
1057295
1057296
1057297
1057298
1057299
1057300
1057301
1057302
1057303
1057304
1057305
1057306
1057307
1057308
1057309
1057310
1057311
1057312
1057313
1057314
1057315
1057316
1057343
1057344
1057345
1057346
1057347
1057348
1057349
1057350
1057351
1057352
1057353
1057354
1057355
1057356
1057357
1057358
1057359
1057360
1057361
1057362
1057363
1057364
1057365
1057366
1057367
1057368
1057421
1057422
1057423
1057424
1057425
1057426
1057427
1057428
1057429
1057430
1057431
1057432
1057433
1057434
1057435
1057436
1057437
1057438
1057439
1057440
1057441
1057442
1057443
1057444
1057445
1057446
