1057577
1057578
1057579
1057580
1057581
1057582
1057583
1057584
1057585
1057586
1057587
1057588
1057589
1057590
1057591
1057592
1057593
1057594
1057595
1057596
1057597
1057598
1057599
1057600
1057601
1057602
1057603
1057604
1057605
1057606
1057607
1057608
1057609
1057610
1057611
1057612
1057613
1057614
1057615
1057616
1057617
1057618
1057619
1057620
1057621
1057622
1057623
1057624
1057625
1057626
1057627
1057628
1057629
1057630
1057631
1057632
1057633
1057634
1057635
1057636
1057637
1057638
1057639
1057640
1057641
1057642
1057643
1057644
1057645
1057646
1057647
1057648
1057649
1057650
1057651
1057652
1057653
1057654
1057681
1057682
1057683
1057684
1057685
1057686
1057687
1057688
1057689
1057690
1057691
1057692
1057693
1057694
1057695
1057696
1057697
1057698
1057699
1057700
1057701
1057702
1057703
1057704
1057705
1057706
1057733
1057734
1057735
1057736
1057737
1057738
1057739
1057740
1057741
1057742
1057743
1057744
1057745
1057746
1057747
1057748
1057749
1057750
1057751
1057752
1057753
1057754
1057755
1057756
1057757
1057758
1057837
1057838
1057839
1057840
1057841
1057842
1057843
1057844
1057845
1057846
1057847
1057848
1057849
1057850
1057851
1057852
1057853
1057854
1057855
1057856
1057857
1057858
1057859
1057860
1057861
1057862
1057967
1057968
1057969
1057970
1057971
1057972
1057973
1057974
1057975
1057976
1057977
1057978
1057979
1057980
1057981
1057982
1057983
1057984
1057985
1057986
1057987
1057988
1057989
1057990
1057991
1057992
1058019
1058020
1058021
1058022
1058023
1058024
1058025
1058026
1058027
1058028
1058029
1058030
1058031
1058032
1058033
1058034
1058035
1058036
1058037
1058038
1058039
1058040
1058041
1058042
1058043
1058044
1058097
1058098
1058099
1058100
1058101
1058102
1058103
1058104
1058105
1058106
1058107
1058108
1058109
1058110
1058111
1058112
1058113
1058114
1058115
1058116
1058117
1058118
1058119
1058120
1058121
1058122
1058123
1058124
1058125
1058126
1058127
1058128
1058129
1058130
1058131
1058132
1058133
1058134
1058135
1058136
1058137
1058138
1058139
1058140
1058141
1058142
1058143
1058144
1058145
1058146
1058147
1058148
1058175
1058176
1058177
1058178
1058179
1058180
1058181
1058182
1058183
1058184
1058185
1058186
1058187
1058188
1058189
1058190
1058191
1058192
1058193
1058194
1058195
1058196
1058197
1058198
1058199
1058200
1058253
1058254
1058255
1058256
1058257
1058258
1058259
1058260
1058261
1058262
1058263
1058264
1058265
1058266
1058267
1058268
1058269
1058270
1058271
1058272
1058273
1058274
1058275
1058276
1058277
1058278
1058305
1058306
1058307
1058308
1058309
1058310
1058311
1058312
1058313
1058314
1058315
1058316
1058317
1058318
1058319
1058320
1058321
1058322
1058323
1058324
1058325
1058326
1058327
1058328
1058329
1058330
1058357
1058358
1058359
1058360
1058361
1058362
1058363
1058364
1058365
1058366
1058367
1058368
1058369
1058370
1058371
1058372
1058373
1058374
1058375
1058376
1058377
1058378
1058379
1058380
1058381
1058382
1058409
1058410
1058411
1058412
1058413
1058414
1058415
1058416
1058417
1058418
1058419
1058420
1058421
1058422
1058423
1058424
1058425
1058426
1058427
1058428
1058429
1058430
1058431
1058432
1058433
1058434
1058435
1058436
1058437
1058438
1058439
1058440
1058441
1058442
1058443
1058444
1058445
1058446
1058447
1058448
1058449
1058450
1058451
1058452
1058453
1058454
1058455
1058456
1058457
1058458
1058459
1058460
1058461
1058462
1058463
1058464
1058465
1058466
1058467
1058468
1058469
1058470
1058471
1058472
1058473
1058474
1058475
1058476
1058477
1058478
1058479
1058480
1058481
1058482
1058483
1058484
1058485
1058486
1058487
1058488
1058489
1058490
1058491
1058492
1058493
1058494
1058495
1058496
1058497
1058498
1058499
1058500
1058501
1058502
1058503
1058504
1058505
1058506
1058507
1058508
1058509
1058510
1058511
1058512
1058539
1058540
1058541
1058542
1058543
1058544
1058545
1058546
1058547
1058548
1058549
1058550
1058551
1058552
1058553
1058554
1058555
1058556
1058557
1058558
1058559
1058560
1058561
1058562
1058563
1058564
