1058591
1058592
1058593
1058594
1058595
1058596
1058597
1058598
1058599
1058600
1058601
1058602
1058603
1058604
1058605
1058606
1058607
1058608
1058609
1058610
1058611
1058612
1058613
1058614
1058615
1058616
1058669
1058670
1058671
1058672
1058673
1058674
1058675
1058676
1058677
1058678
1058679
1058680
1058681
1058682
1058683
1058684
1058685
1058686
1058687
1058688
1058689
1058690
1058691
1058692
1058693
1058694
1058721
1058722
1058723
1058724
1058725
1058726
1058727
1058728
1058729
1058730
1058732
1058733
1058734
1058735
1058736
1058737
1058738
1058739
1058740
1058741
1058742
1058743
1058744
1058745
1058746
1058825
1058826
1058827
1058828
1058829
1058830
1058831
1058832
1058833
1058834
1058835
1058836
1058837
1058838
1058839
1058840
1058841
1058842
1058843
1058844
1058845
1058846
1058847
1058848
1058849
1058850
1058851
1058852
1058853
1058854
1058855
1058856
1058857
1058858
1058859
1058860
1058861
1058862
1058863
1058864
1058865
1058866
1058867
1058868
1058869
1058870
1058871
1058872
1058873
1058874
1058875
1058876
1058903
1058904
1058905
1058906
1058907
1058908
1058909
1058910
1058911
1058912
1058913
1058914
1058915
1058916
1058917
1058918
1058919
1058920
1058921
1058922
1058923
1058924
1058925
1058926
1058927
1058928
1058929
1058930
1058931
1058932
1058933
1058934
1058935
1058936
1058937
1058938
1058939
1058940
1058941
1058942
1058943
1058944
1058945
1058946
1058947
1058948
1058949
1058950
1058951
1058952
1058953
1058954
1058955
1058956
1058957
1058958
1058959
1058960
1058961
1058962
1058963
1058964
1058965
1058966
1058967
1058968
1058969
1058970
1058971
1058972
1058973
1058974
1058975
1058976
1058977
1058978
1058979
1058980
1058981
1058982
1058983
1058984
1058985
1058986
1058987
1058988
1058989
1058990
1058991
1058992
1058993
1058994
1058995
1058996
1058997
1058998
1058999
1059000
1059001
1059002
1059003
1059004
1059005
1059006
1059085
1059086
1059087
1059088
1059089
1059090
1059091
1059092
1059093
1059094
1059095
1059096
1059097
1059098
1059099
1059100
1059101
1059102
1059103
1059104
1059105
1059106
1059107
1059108
1059109
1059110
1059111
1059112
1059113
1059114
1059115
1059116
1059117
1059118
1059119
1059120
1059121
1059122
1059123
1059124
1059125
1059126
1059127
1059128
1059129
1059130
1059131
1059132
1059133
1059134
1059135
1059136
1059241
1059242
1059243
1059244
1059245
1059246
1059247
1059248
1059249
1059250
1059251
1059252
1059253
1059254
1059255
1059256
1059257
1059258
1059259
1059260
1059261
1059262
1059263
1059264
1059265
1059266
1059267
1059268
1059269
1059270
1059271
1059272
1059273
1059274
1059275
1059276
1059277
1059278
1059279
1059280
1059281
1059282
1059283
1059284
1059285
1059286
1059287
1059288
1059289
1059290
1059291
1059292
1059319
1059320
1059321
1059322
1059323
1059324
1059325
1059326
1059327
1059328
1059329
1059330
1059331
1059332
1059333
1059334
1059335
1059336
1059337
1059338
1059339
1059340
1059341
1059342
1059343
1059344
1059345
1059346
1059347
1059348
1059349
1059350
1059351
1059352
1059353
1059354
1059355
1059356
1059357
1059358
1059359
1059360
1059361
1059362
1059363
1059364
1059365
1059366
1059367
1059368
1059369
1059370
1059371
1059372
1059373
1059374
1059375
1059376
1059377
1059378
1059379
1059380
1059381
1059382
1059383
1059384
1059385
1059386
1059387
1059388
1059389
1059390
1059391
1059392
1059393
1059394
1059395
1059396
1059423
1059424
1059425
1059426
1059427
1059428
1059429
1059430
1059431
1059432
1059433
1059434
1059435
1059436
1059437
1059438
1059439
1059440
1059441
1059442
1059443
1059444
1059445
1059446
1059447
1059448
1059527
1059528
1059529
1059530
1059531
1059532
1059533
1059534
1059535
1059536
1059537
1059538
1059539
1059540
1059541
1059542
1059543
1059544
1059545
1059546
1059547
1059548
1059549
1059550
1059551
1059552
1059579
1059580
1059581
1059582
1059583
1059584
1059585
1059586
1059587
1059588
1059589
1059590
1059591
1059592
1059593
1059594
1059595
1059596
1059597
1059598
1059599
1059600
1059601
1059602
1059603
1059604
1059735
1059736
1059737
1059738
1059739
1059740
1059741
1059742
1059743
1059744
1059745
1059746
1059747
1059748
1059749
1059750
1059751
1059752
1059753
1059754
1059755
1059756
1059757
1059758
1059759
1059760
1059865
1059866
1059867
1059868
1059869
1059870
1059871
1059872
1059873
1059874
1059875
1059876
1059877
1059878
1059879
1059880
1059881
1059882
1059883
1059884
1059885
1059886
1059887
1059888
1059889
1059890
1059917
1059918
1059919
1059920
1059921
1059922
1059923
1059924
1059925
1059926
1059927
1059928
1059929
1059930
1059931
1059932
1059933
1059934
1059935
1059936
1059937
1059938
1059939
1059940
1059941
1059942
1059969
1059970
1059971
1059972
1059973
1059974
1059975
1059976
1059977
1059978
1059979
1059980
1059981
1059982
1059983
1059984
1059985
1059986
1059987
1059988
1059989
1059990
1059991
1059992
1059993
1059994
1060073
1060074
1060075
1060076
1060077
1060078
1060079
1060080
1060081
1060082
1060083
1060084
1060085
1060086
1060087
1060088
1060089
1060090
1060091
1060092
1060093
1060094
1060095
1060096
1060097
1060098
1060125
1060126
1060127
1060128
1060129
1060130
1060131
1060132
1060133
1060134
1060135
1060136
1060137
1060138
1060139
1060140
1060141
1060142
1060143
1060144
1060145
1060146
1060147
1060148
1060149
1060150
1060151
1060152
1060153
1060154
1060155
1060156
1060157
1060158
1060159
1060160
1060161
1060162
1060163
1060164
1060165
1060166
1060167
1060168
1060169
1060170
1060171
1060172
1060173
1060174
1060175
1060176
1060203
1060204
1060205
1060206
1060207
1060208
1060209
1060210
1060211
1060212
1060213
1060214
1060215
1060216
1060217
1060218
1060219
1060220
1060221
1060222
1060223
1060224
1060225
1060226
1060227
1060228
1060255
1060256
1060257
1060258
1060259
1060260
1060261
1060262
1060263
1060264
1060265
1060266
1060267
1060268
1060269
1060270
1060271
1060272
1060273
1060274
1060275
1060276
1060277
1060278
1060279
1060280
1060307
1060308
1060309
1060310
1060311
1060312
1060313
1060314
1060315
1060316
1060317
1060318
1060319
1060320
1060321
1060322
1060323
1060324
1060325
1060326
1060327
1060328
1060329
1060330
1060331
1060332
1060333
1060334
1060335
1060336
1060337
1060338
1060339
1060340
1060341
1060342
1060343
1060344
1060345
1060346
1060347
1060348
1060349
1060350
1060351
1060352
1060353
1060354
1060355
1060356
1060357
1060358
1060385
