1060386
1060387
1060388
1060389
1060390
1060391
1060392
1060393
1060394
1060395
1060396
1060397
1060398
1060399
1060400
1060401
1060402
1060403
1060404
1060405
1060406
1060407
1060408
1060409
1060410
1060411
1060412
1060413
1060414
1060415
1060416
1060417
1060418
1060419
1060420
1060421
1060422
1060423
1060424
1060425
1060426
1060427
1060428
1060429
1060430
1060431
1060432
1060433
1060434
1060435
1060436
1060515
1060516
1060517
1060518
1060519
1060520
1060521
1060522
1060523
1060524
1060525
1060526
1060527
1060528
1060529
1060530
1060531
1060532
1060533
1060534
1060535
1060536
1060537
1060538
1060539
1060540
1060541
1060542
1060543
1060544
1060545
1060546
1060547
1060548
1060549
1060550
1060551
1060552
1060553
1060554
1060555
1060556
1060557
1060558
1060559
1060560
1060561
1060562
1060563
1060564
1060565
1060566
1060593
1060594
1060595
1060596
1060597
1060598
1060599
1060600
1060601
1060602
1060603
1060604
1060605
1060606
1060607
1060608
1060609
1060610
1060611
1060612
1060613
1060614
1060615
1060616
1060617
1060618
1060645
1060646
1060647
1060648
1060649
1060650
1060651
1060652
1060653
1060654
1060655
1060656
1060657
1060658
1060659
1060660
1060661
1060662
1060663
1060664
1060665
1060666
1060667
1060668
1060669
1060670
1060671
1060672
1060673
1060674
1060675
1060676
1060677
1060678
1060679
1060680
1060681
1060682
1060683
1060684
1060685
1060686
1060687
1060688
1060689
1060690
1060691
1060692
1060693
1060694
1060695
1060696
1060749
1060750
1060751
1060752
1060753
1060754
1060755
1060756
1060757
1060758
1060759
1060760
1060761
1060762
1060763
1060764
1060765
1060766
1060767
1060768
1060769
1060770
1060771
1060772
1060773
1060774
1060775
1060776
1060777
1060778
1060779
1060780
1060781
1060782
1060783
1060784
1060785
1060786
1060787
1060788
1060789
1060790
1060791
1060792
1060793
1060794
1060795
1060796
1060797
1060798
1060799
1060800
1060853
1060854
1060855
1060856
1060857
1060858
1060859
1060860
1060861
1060862
1060863
1060864
1060865
1060866
1060867
1060868
1060869
1060870
1060871
1060872
1060873
1060874
1060875
1060876
1060877
1060878
1060879
1060880
1060881
1060882
1060883
1060884
1060885
1060886
1060887
1060888
1060889
1060890
1060891
1060892
1060893
1060894
1060895
1060896
1060897
1060898
1060899
1060900
1060901
1060902
1060903
1060904
1060931
1060932
1060933
1060934
1060935
1060936
1060937
1060938
1060939
1060940
1060941
1060942
1060943
1060944
1060945
1060946
1060947
1060948
1060949
1060950
1060951
1060952
1060953
1060954
1060955
1060956
1060983
1060984
1060985
1060986
1060987
1060988
1060989
1060990
1060991
1060992
1060993
1060994
1060995
1060996
1060997
1060998
1060999
1061000
1061001
1061002
1061003
1061004
1061005
1061006
1061007
1061008
1061087
1061088
1061089
1061090
1061091
1061092
1061093
1061094
1061095
1061096
1061097
1061098
1061099
1061100
1061101
1061102
1061103
1061104
1061105
1061106
1061107
1061108
1061109
1061110
1061111
1061112
1061113
1061114
1061115
1061116
1061117
1061118
1061119
1061120
1061121
1061122
1061123
1061124
1061125
1061126
1061127
1061128
1061129
1061130
1061131
1061132
1061133
1061134
1061135
1061136
1061137
1061138
1061191
1061192
1061193
1061194
1061195
1061196
1061197
1061198
1061199
1061200
1061201
1061202
1061203
1061204
1061205
1061206
1061207
1061208
1061209
1061210
1061211
1061212
1061213
1061214
1061215
1061216
1061243
1061244
1061245
1061246
1061247
1061248
1061249
1061250
1061251
1061252
1061253
1061254
1061255
1061256
1061257
1061258
1061259
1061260
1061261
1061262
1061263
1061264
1061265
1061266
1061267
1061268
1061269
1061270
1061271
1061272
1061273
1061274
1061275
1061276
1061277
1061278
1061279
1061280
1061281
1061282
1061283
1061284
1061285
1061286
1061287
1061288
1061289
1061290
1061291
1061292
1061293
1061294
1061321
1061322
1061323
1061324
1061325
1061326
1061327
1061328
1061329
1061330
1061331
1061332
1061333
1061334
1061335
1061336
1061337
1061338
1061339
1061340
1061341
1061342
1061343
1061344
1061345
1061346
1061373
1061374
1061375
1061376
1061377
1061378
1061379
1061380
1061381
1061382
1061383
1061384
1061385
1061386
1061387
1061388
1061389
1061390
1061391
1061392
1061393
1061394
1061395
1061396
1061397
1061398
1061425
1061426
1061427
1061428
1061429
1061430
1061431
1061432
1061433
1061434
1061435
1061436
1061437
1061438
1061439
1061440
1061441
1061442
1061443
1061444
1061445
1061446
1061447
1061448
1061449
1061450
1061477
1061478
1061479
1061480
1061481
1061482
1061483
1061484
1061485
1061486
1061487
1061488
1061489
1061490
1061491
1061492
1061493
1061494
1061495
1061496
1061497
1061498
1061499
1061500
1061501
1061502
1061581
1061582
1061583
1061584
1061585
1061586
1061587
1061588
1061589
1061590
1061591
1061592
1061593
1061594
1061595
1061596
1061597
1061598
1061599
1061600
1061601
1061602
1061603
1061604
1061605
1061606
1061607
1061608
1061609
1061610
1061611
1061612
1061613
1061614
1061615
1061616
1061617
1061618
1061619
1061620
1061621
1061622
1061623
1061624
1061625
1061626
1061627
1061628
1061629
1061630
1061631
1061632
1061685
1061686
1061687
1061688
1061689
1061690
1061691
1061692
1061693
1061694
1061695
1061696
1061697
1061698
1061699
1061700
1061701
1061702
1061703
1061704
1061705
1061706
1061707
1061708
1061709
1061710
1061789
1061790
1061791
1061792
1061793
1061794
1061795
1061796
1061797
1061798
1061799
1061800
1061801
1061802
1061803
1061804
1061805
1061806
1061807
1061808
1061809
1061810
1061811
1061812
1061813
1061814
1061815
1061816
1061817
1061818
1061819
1061820
1061821
1061822
1061823
1061824
1061825
1061826
1061827
1061828
1061829
1061830
1061831
1061832
1061833
1061834
1061835
1061836
1061837
1061838
1061839
1061840
1061867
1061868
1061869
1061870
1061871
1061872
1061873
1061874
1061875
1061876
1061877
1061878
1061879
1061880
1061881
1061882
1061883
1061884
1061885
1061886
1061887
1061888
1061889
1061890
1061891
1061892
1061893
1061894
1061895
1061896
1061897
1061898
1061899
1061900
1061901
1061902
1061903
1061904
1061905
1061906
1061907
1061908
1061909
1061910
1061911
1061912
1061913
1061914
1061915
1061916
1061917
1061918
1061945
1061946
1061947
1061948
1061949
1061950
1061951
1061952
1061953
1061954
1061955
1061956
1061957
1061958
1061959
1061960
1061961
1061962
1061963
1061964
1061965
1061966
1061967
1061968
1061969
1061970
1062023
1062024
1062025
1062026
1062027
1062028
1062029
1062030
1062031
1062032
1062033
1062034
1062035
1062036
1062037
1062038
1062039
1062040
1062041
1062042
1062043
1062044
1062045
1062046
1062047
1062048
1062049
1062050
1062051
1062052
1062053
1062054
1062055
1062056
1062057
1062058
1062059
1062060
1062061
1062062
1062063
1062064
1062065
1062066
1062067
1062068
1062069
1062070
1062071
1062072
1062073
1062074
1062101
1062102
1062103
1062104
1062105
1062106
1062107
1062108
1062109
1062110
1062111
1062112
1062113
1062114
1062115
1062116
1062117
1062118
1062119
1062120
1062121
1062122
1062123
1062124
1062125
1062126
1062153
1062154
1062155
1062156
1062157
1062158
1062159
1062160
1062161
1062162
1062163
1062164
1062165
1062166
1062167
1062168
1062169
1062170
1062171
1062172
1062173
1062174
1062175
1062176
1062177
1062178
1062179
1062180
1062181
1062182
1062183
1062184
1062185
1062186
1062187
1062188
1062189
1062190
1062191
1062192
1062193
1062194
1062195
1062196
1062197
1062198
1062199
1062200
1062201
1062202
1062203
1062204
1062257
1062258
1062259
1062260
1062261
1062262
1062263
1062264
1062265
1062266
1062267
1062268
1062269
1062270
1062271
1062272
1062273
1062274
1062275
1062276
1062277
1062278
1062279
1062280
1062281
1062282
1062309
1062310
1062311
1062312
1062313
1062314
1062315
1062316
1062317
1062318
1062319
1062320
1062321
1062322
1062323
1062324
1062325
1062326
1062327
1062328
1062329
1062330
1062331
1062332
1062333
1062334
1062361
1062362
1062363
1062364
1062365
1062366
1062367
1062368
1062369
1062370
1062371
1062372
1062373
1062374
1062375
1062376
1062377
1062378
1062379
1062380
1062381
1062382
1062383
1062384
1062385
1062386
1062439
1062440
1062441
1062442
1062443
1062444
1062445
1062446
1062447
1062448
1062449
1062450
1062451
1062452
1062453
1062454
1062455
1062456
1062457
1062458
1062459
1062460
1062461
1062462
1062463
1062464
1062491
1062492
1062493
1062494
1062495
1062496
1062497
1062498
1062499
1062500
1062501
1062502
1062503
1062504
1062505
1062506
1062507
1062508
1062509
1062510
1062511
1062512
1062513
1062514
1062515
1062516
1062517
1062518
1062519
1062520
1062521
1062522
1062523
1062524
1062525
1062526
1062527
1062528
1062529
1062530
1062531
1062532
1062533
1062534
1062535
1062536
1062537
1062538
1062539
1062540
1062541
1062542
1062569
1062570
1062571
1062572
1062573
1062574
1062575
1062576
1062577
1062578
1062579
1062580
1062581
1062582
1062583
1062584
1062585
1062586
1062587
1062588
1062589
1062590
1062591
1062592
1062593
1062594
1062621
1062622
1062623
1062624
1062625
1062626
1062627
1062628
1062629
1062630
1062631
1062632
1062633
1062634
1062635
1062636
1062637
1062638
1062639
1062640
1062641
1062642
1062643
1062644
1062645
1062646
1062673
1062674
1062675
1062676
1062677
1062678
1062679
1062680
1062681
1062682
1062683
1062684
1062685
1062686
1062687
1062688
1062689
1062690
1062691
1062692
1062693
1062694
1062695
1062696
1062697
1062698
1062725
1062726
1062727
1062728
1062729
1062730
1062731
1062732
1062733
1062734
1062735
1062736
1062737
1062738
1062739
1062740
1062741
1062742
1062743
1062744
1062745
1062746
1062747
1062748
1062749
1062750
1062751
1062752
1062753
1062754
1062755
1062756
1062757
1062758
1062759
1062760
1062761
1062762
1062763
1062764
1062765
1062766
1062767
1062768
1062769
1062770
1062771
1062772
1062773
1062774
1062775
1062776
1062829
1062830
1062831
1062832
1062833
1062834
1062835
1062836
1062837
1062838
1062839
1062840
1062841
1062842
1062843
1062844
1062845
1062846
1062847
1062848
1062849
1062850
1062851
1062852
1062853
1062854
1062855
1062856
1062857
1062858
1062859
1062860
1062861
1062862
1062863
1062864
1062865
1062866
1062867
1062868
1062869
1062870
1062871
1062872
1062873
1062874
1062875
1062876
1062877
1062878
1062879
1062880
1062881
1062882
1062883
1062884
1062885
1062886
1062887
1062888
1062889
1062890
1062891
1062892
1062893
1062894
1062895
1062896
1062897
1062898
1062899
1062900
1062901
1062902
1062903
1062904
1062905
1062906
1062933
1062934
1062935
1062936
1062937
1062938
1062939
1062940
1062941
1062942
1062943
1062944
1062945
1062946
1062947
1062948
1062949
1062950
1062951
1062952
1062953
1062954
1062955
1062956
1062957
1062958
1063063
1063064
1063065
1063066
1063067
1063068
1063069
1063070
1063071
1063072
1063073
1063074
1063075
1063076
1063077
1063078
1063079
1063080
1063081
1063082
1063083
1063084
1063085
1063086
1063087
1063088
1063115
1063116
1063117
1063118
1063119
1063120
1063121
1063122
1063123
1063124
1063125
1063126
1063127
1063128
1063129
1063130
1063131
1063132
1063133
1063134
1063135
1063136
1063137
1063138
1063139
1063140
1063167
1063168
1063169
1063170
1063171
1063172
1063173
1063174
1063175
1063176
1063177
1063178
1063179
1063180
1063181
1063182
1063183
1063184
1063185
1063186
1063187
1063188
1063189
1063190
1063191
1063192
1063219
1063220
1063221
1063222
1063223
1063224
1063225
1063226
1063227
1063228
1063229
1063230
1063231
1063232
1063233
1063234
1063235
1063236
1063237
1063238
1063239
1063240
1063241
1063242
1063243
1063244
1063349
1063350
1063351
1063352
1063353
1063354
1063355
1063356
1063357
1063358
1063359
1063360
1063361
1063362
1063363
1063364
1063365
1063366
1063367
1063368
1063369
1063370
1063371
1063372
1063373
1063374
1063375
1063376
1063377
1063378
1063379
1063380
1063381
1063382
1063383
1063384
1063385
1063386
1063387
1063388
1063389
1063390
1063391
1063392
1063393
1063394
1063395
1063396
1063397
1063398
1063399
1063400
1063427
1063428
1063429
1063430
1063431
1063432
1063433
1063434
1063435
1063436
1063437
1063438
1063439
1063440
1063441
1063442
1063443
1063444
1063445
1063446
1063447
1063448
1063449
1063450
1063451
1063452
1063453
1063454
1063455
1063456
1063457
1063458
1063459
1063460
1063461
1063462
1063463
1063464
1063465
1063466
1063467
1063468
1063469
1063470
1063471
1063472
1063473
1063474
1063475
1063476
1063477
1063478
1063505
1063506
1063507
1063508
1063509
1063510
1063511
1063512
1063513
1063514
1063515
1063516
1063517
1063518
1063519
1063520
1063521
1063522
1063523
1063524
1063525
1063526
1063527
1063528
1063529
1063530
1063531
1063532
1063533
1063534
1063535
1063536
1063537
1063538
1063539
1063540
1063541
1063542
1063543
1063544
1063545
1063546
1063547
1063548
1063549
1063550
1063551
1063552
1063553
1063554
1063555
1063556
1063583
1063584
1063585
1063586
1063587
1063588
1063589
1063590
1063591
1063592
1063593
1063594
1063595
1063596
1063597
1063598
1063599
1063600
1063601
1063602
1063603
1063604
1063605
1063606
1063607
1063608
1063635
1063636
1063637
1063638
1063639
1063640
1063641
1063642
1063643
1063644
1063645
1063646
1063647
1063648
1063649
1063650
1063651
1063652
1063653
1063654
1063655
1063656
1063657
1063658
1063659
1063660
1063713
1063714
1063715
1063716
1063717
1063718
1063719
1063720
1063721
1063722
1063723
1063724
1063725
1063726
1063727
1063728
1063729
1063730
1063731
1063732
1063733
1063734
1063735
1063736
1063737
1063738
1063765
1063766
1063767
1063768
1063769
1063770
1063771
1063772
1063773
1063774
1063775
1063776
1063777
1063778
1063779
1063780
1063781
1063782
1063783
1063784
1063785
1063786
1063787
1063788
1063789
1063790
1063817
1063818
1063819
1063820
1063821
1063822
1063823
1063824
1063825
1063826
1063827
1063828
1063829
1063830
1063831
1063832
1063833
1063834
1063835
1063836
1063837
1063838
1063839
1063840
1063841
1063842
1063843
1063844
1063845
1063846
1063847
1063848
1063849
1063850
1063851
1063852
1063853
1063854
1063855
1063856
1063857
1063858
1063859
1063860
1063861
1063862
1063863
1063864
1063865
1063866
1063867
1063868
1063947
1063948
1063949
1063950
1063951
1063952
1063953
1063954
1063955
1063956
1063957
1063958
1063959
1063960
1063961
1063962
1063963
1063964
1063965
1063966
1063967
1063968
1063969
1063970
1063971
1063972
1063999
1064000
1064001
1064002
1064003
1064004
1064005
1064006
1064007
1064008
1064009
1064010
1064011
1064012
1064013
1064014
1064015
1064016
1064017
1064018
1064019
1064020
1064021
1064022
1064023
1064024
1064077
1064078
1064079
1064080
1064081
1064082
1064083
1064084
1064085
1064086
1064087
1064088
1064089
1064090
1064091
1064092
1064093
1064094
1064095
1064096
1064097
1064098
1064099
1064100
1064101
1064102
1064129
1064130
1064131
1064132
1064133
1064134
1064135
1064136
1064137
1064138
1064139
1064140
1064141
1064142
1064143
1064144
1064145
1064146
1064147
1064148
1064149
1064150
1064151
1064152
1064153
1064154
1064155
1064156
1064157
1064158
1064159
1064160
1064161
1064162
1064163
1064164
1064165
1064166
1064167
1064168
1064169
1064170
1064171
1064172
1064173
1064174
1064175
1064176
1064177
1064178
1064179
1064180
1064207
1064208
1064209
1064210
1064211
1064212
1064213
1064214
1064215
1064216
1064217
1064218
1064219
1064220
1064221
1064222
1064223
1064224
1064225
1064226
1064227
1064228
1064229
1064230
1064231
1064232
1064259
1064260
1064261
1064262
1064263
1064264
1064265
1064266
1064267
1064268
1064269
1064270
1064271
1064272
1064273
1064274
1064275
1064276
1064277
1064278
1064279
1064280
1064281
1064282
1064283
1064284
1064311
1064312
1064313
1064314
1064315
1064316
1064317
1064318
1064319
1064320
1064321
1064322
1064323
1064324
1064325
1064326
1064327
1064328
1064329
1064330
1064331
1064332
1064333
1064334
1064335
1064336
1064337
1064338
1064339
1064340
1064341
1064342
1064343
1064344
1064345
1064346
1064347
1064348
1064349
1064350
1064351
1064352
1064353
1064354
1064355
1064356
1064357
1064358
1064359
1064360
1064361
1064362
1064389
1064390
1064391
1064392
1064393
1064394
1064395
1064396
1064397
1064398
1064399
1064400
1064401
1064402
1064403
1064404
1064405
1064406
1064407
1064408
1064409
1064410
1064411
1064412
1064413
1064414
1064441
1064442
1064443
1064444
1064445
1064446
1064447
1064448
1064449
1064450
1064451
1064452
1064453
1064454
1064455
1064456
1064457
1064458
1064459
1064460
1064461
1064462
1064463
1064464
1064465
1064466
1064493
1064494
1064495
1064496
1064497
1064498
1064499
1064500
1064501
1064502
1064503
1064504
1064505
1064506
1064507
1064508
1064509
1064510
1064511
1064512
1064513
1064514
1064515
1064516
1064517
1064518
1064519
1064520
1064521
1064522
1064523
1064524
1064525
1064526
1064527
1064528
1064529
1064530
1064531
1064532
1064533
1064534
1064535
1064536
1064537
1064538
1064539
1064540
1064541
1064542
1064543
1064544
1064649
1064650
1064651
1064652
1064653
1064654
1064655
1064656
1064657
1064658
1064659
1064660
1064661
1064662
1064663
1064664
1064665
1064666
1064667
1064668
1064669
1064670
1064671
1064672
1064673
1064674
1064779
1064780
1064781
1064782
1064783
1064784
1064785
1064786
1064787
1064788
1064789
1064790
1064791
1064792
1064793
1064794
1064795
1064796
1064797
1064798
1064799
1064800
1064801
1064802
1064803
1064804
1064883
1064884
1064885
1064886
1064887
1064888
1064889
1064890
1064891
1064892
1064893
1064894
1064895
1064896
1064897
1064898
1064899
1064900
1064901
1064902
1064903
1064904
1064905
1064906
1064907
1064908
1064909
1064910
1064911
1064912
1064913
1064914
1064915
1064916
1064917
1064918
1064919
1064920
1064921
1064922
1064923
1064924
1064925
1064926
1064927
1064928
1064929
1064930
1064931
1064932
1064933
1064934
1064961
1064962
1064963
1064964
1064965
1064966
1064967
1064968
1064969
1064970
1064971
1064972
1064973
1064974
1064975
1064976
1064977
1064978
1064979
1064980
1064981
1064982
1064983
1064984
1064985
1064986
1065117
1065118
1065119
1065120
1065121
1065122
1065123
1065124
1065125
1065126
1065127
1065128
1065129
1065130
1065131
1065132
1065133
1065134
1065135
1065136
1065137
1065138
1065139
1065140
1065141
1065142
1065169
1065170
1065171
1065172
1065173
1065174
1065175
1065176
1065177
1065178
1065179
1065180
1065181
1065182
1065183
1065184
1065185
1065186
1065187
1065188
1065189
1065190
1065191
1065192
1065193
1065194
1065299
1065300
1065301
1065302
1065303
1065304
1065305
1065306
1065307
1065308
1065309
1065310
1065311
1065312
1065313
1065314
1065315
1065316
1065317
1065318
1065319
1065320
1065321
1065322
1065323
1065324
1065351
1065352
1065353
1065354
1065355
1065356
1065357
1065358
1065359
1065360
1065361
1065362
1065363
1065364
1065365
1065366
1065367
1065368
1065369
1065370
1065371
1065372
1065373
1065374
1065375
1065376
1065377
1065378
1065379
1065380
1065381
1065382
1065383
1065384
1065385
1065386
1065387
1065388
1065389
1065390
1065391
1065392
1065393
1065394
1065395
1065396
1065397
1065398
1065399
1065400
1065401
1065402
1065403
1065404
1065405
1065406
1065407
1065408
1065409
1065410
1065411
1065412
1065413
1065414
1065415
1065416
1065417
1065418
1065419
1065420
1065421
1065422
1065423
1065424
1065425
1065426
1065427
1065428
1065455
1065456
1065457
1065458
1065459
1065460
1065461
1065462
1065463
1065464
1065465
1065466
1065467
1065468
1065469
1065470
1065471
1065472
1065473
1065474
1065475
1065476
1065477
1065478
1065479
1065480
1065481
1065482
1065483
1065484
1065485
1065486
1065487
1065488
1065489
1065490
1065491
1065492
1065493
1065494
1065495
1065496
1065497
1065498
1065499
1065500
1065501
1065502
1065503
1065504
1065505
1065506
1065533
1065534
1065535
1065536
1065537
1065538
1065539
1065540
1065541
1065542
1065543
1065544
1065545
1065546
1065547
1065548
1065549
1065550
1065551
1065552
1065553
1065554
1065555
1065556
1065557
1065558
1065559
1065560
1065561
1065562
1065563
1065564
1065565
1065566
1065567
1065568
1065569
1065570
1065571
1065572
1065573
1065574
1065575
1065576
1065577
1065578
1065579
1065580
1065581
1065582
1065583
1065584
1065585
1065586
1065587
1065588
1065589
1065590
1065591
1065592
1065593
1065594
1065595
1065596
1065597
1065598
1065599
1065600
1065601
1065602
1065603
1065604
1065605
1065606
1065607
1065608
1065609
1065610
1065611
1065612
1065613
1065614
1065615
1065616
1065617
1065618
1065619
1065620
1065621
1065622
1065623
1065624
1065625
1065626
1065627
1065628
1065629
1065630
1065631
1065632
1065633
1065634
1065635
1065636
1065663
1065664
1065665
1065666
1065667
1065668
1065669
1065670
1065671
1065672
1065673
1065674
1065675
1065676
1065677
1065678
1065679
1065680
1065681
1065682
1065683
1065684
1065685
1065686
1065687
1065688
1065689
1065690
1065691
1065692
1065693
1065694
1065695
1065696
1065697
1065698
1065699
1065700
1065701
1065702
1065703
1065704
1065705
1065706
1065707
1065708
1065709
1065710
1065711
1065712
1065713
1065714
1065741
1065742
1065743
1065744
1065745
1065746
1065747
1065748
1065749
1065750
1065751
1065752
1065753
1065754
1065755
1065756
1065757
1065758
1065759
1065760
1065761
1065762
1065763
1065764
1065765
1065766
1065767
1065768
1065769
1065770
1065771
1065772
1065773
1065774
1065775
1065776
1065777
1065778
1065779
1065780
1065781
1065782
1065783
1065784
1065785
1065786
1065787
1065788
1065789
1065790
1065791
1065792
1065819
1065820
1065821
1065822
1065823
1065824
1065825
1065826
1065827
1065828
1065829
1065830
1065831
1065832
1065833
1065834
1065835
1065836
1065837
1065838
1065839
1065840
1065841
1065842
1065843
1065844
1065871
1065872
1065873
1065874
1065875
1065876
1065877
1065878
1065879
1065880
1065881
1065882
1065883
1065884
1065885
1065886
1065887
1065888
1065889
1065890
1065891
1065892
1065893
1065894
1065895
1065896
1065949
1065950
1065951
1065952
1065953
1065954
1065955
1065956
1065957
1065958
1065959
1065960
1065961
1065962
1065963
1065964
1065965
1065966
1065967
1065968
1065969
1065970
1065971
1065972
1065973
1065974
1066105
1066106
1066107
1066108
1066109
1066110
1066111
1066112
1066113
1066114
1066115
1066116
1066117
1066118
1066119
1066120
1066121
1066122
1066123
1066124
1066125
1066126
1066127
1066128
1066129
1066130
1066131
1066132
1066133
1066134
1066135
1066136
1066137
1066138
1066139
1066140
1066141
1066142
1066143
1066144
1066145
1066146
1066147
1066148
1066149
1066150
1066151
1066152
1066153
1066154
1066155
1066156
1066209
1066210
1066211
1066212
1066213
1066214
1066215
1066216
1066217
1066218
1066219
1066220
1066221
1066222
1066223
1066224
1066225
1066226
1066227
1066228
1066229
1066230
1066231
1066232
1066233
1066234
1066261
1066262
1066263
1066264
1066265
1066266
1066267
1066268
1066269
1066270
1066271
1066272
1066273
1066274
1066275
1066276
1066277
1066278
1066279
1066280
1066281
1066282
1066283
1066284
1066285
1066286
1066313
1066314
1066315
1066316
1066317
1066318
1066319
1066320
1066321
1066322
1066323
1066324
1066325
1066326
1066327
1066328
1066329
1066330
1066331
1066332
1066333
1066334
1066335
1066336
1066337
1066338
1066339
1066340
1066341
1066342
1066343
1066344
1066345
1066346
1066347
1066348
1066349
1066350
1066351
1066352
1066353
1066354
1066355
1066356
1066357
1066358
1066359
1066360
1066361
1066362
1066363
1066364
1066495
1066496
1066497
1066498
1066499
1066500
1066501
1066502
1066503
1066504
1066505
1066506
1066507
1066508
1066509
1066510
1066511
1066512
1066513
1066514
1066515
1066516
1066517
1066518
1066519
1066520
1066521
1066522
1066523
1066524
1066525
1066526
1066527
1066528
1066529
1066530
1066531
1066532
1066533
1066534
1066535
1066536
1066537
1066538
1066539
1066540
1066541
1066542
1066543
1066544
1066545
1066546
1066547
1066548
1066549
1066550
1066551
1066552
1066553
1066554
1066555
1066556
1066557
1066558
1066559
1066560
1066561
1066562
1066563
1066564
1066565
1066566
1066567
1066568
1066569
1066570
1066571
1066572
1066599
1066600
1066601
1066602
1066603
1066604
1066605
1066606
1066607
1066608
1066609
1066610
1066611
1066612
1066613
1066614
1066615
1066616
1066617
1066618
1066619
1066620
1066621
1066622
1066623
1066624
1066625
1066626
1066627
1066628
1066629
1066630
1066631
1066632
1066633
1066634
1066635
1066636
1066637
1066638
1066639
1066640
1066641
1066642
1066643
1066644
1066645
1066646
1066647
1066648
1066649
1066650
1066651
1066652
1066653
1066654
1066655
1066656
1066657
1066658
1066659
1066660
1066661
1066662
1066663
1066664
1066665
1066666
1066667
1066668
1066669
1066670
1066671
1066672
1066673
1066674
1066675
1066676
1066677
1066678
1066679
1066680
1066681
1066682
1066683
1066684
1066685
1066686
1066687
1066688
1066689
1066690
1066691
1066692
1066693
1066694
1066695
1066696
1066697
1066698
1066699
1066700
1066701
1066702
1066703
1066704
1066705
1066706
1066707
1066708
1066709
1066710
1066711
1066712
1066713
1066714
1066715
1066716
1066717
1066718
1066719
1066720
1066721
1066722
1066723
1066724
1066725
1066726
1066727
1066728
1066729
1066730
1066731
1066732
1066733
1066734
1066735
1066736
1066737
1066738
1066739
1066740
1066741
1066742
1066743
1066744
1066745
1066746
1066747
1066748
1066749
1066750
1066751
1066752
1066753
1066754
1066781
1066782
1066783
1066784
1066785
1066786
1066787
1066788
1066789
1066790
1066791
1066792
1066793
1066794
1066795
1066796
1066797
1066798
1066799
1066800
1066801
1066802
1066803
1066804
1066805
1066806
1066833
1066834
1066835
1066836
1066837
1066838
1066839
1066840
1066841
1066842
1066843
1066844
1066845
1066846
1066847
1066848
1066849
1066850
1066851
1066852
1066853
1066854
1066855
1066856
1066857
1066858
1066859
1066860
1066861
1066862
1066863
1066864
1066865
1066866
1066867
1066868
1066869
1066870
1066871
1066872
1066873
1066874
1066875
1066876
1066877
1066878
1066879
1066880
1066881
1066882
1066883
1066884
1066963
1066964
1066965
1066966
1066967
1066968
1066969
1066970
1066971
1066972
1066973
1066974
1066975
1066976
1066977
1066978
1066979
1066980
1066981
1066982
1066983
1066984
1066985
1066986
1066987
1066988
1067041
1067042
1067043
1067044
1067045
1067046
1067047
1067048
1067049
1067050
1067051
1067052
1067053
1067054
1067055
1067056
1067057
1067058
1067059
1067060
1067061
1067062
1067063
1067064
1067065
1067066
1067067
1067068
1067069
1067070
1067071
1067072
1067073
1067074
1067075
1067076
1067077
1067078
1067079
1067080
1067081
1067082
1067083
1067084
1067085
1067086
1067087
1067088
1067089
1067090
1067091
1067092
1067093
1067094
1067095
1067096
1067097
1067098
1067099
1067100
1067101
1067102
1067103
1067104
1067105
1067106
1067107
1067108
1067109
1067110
1067111
1067112
1067113
1067114
1067115
1067116
1067117
1067118
1067145
1067146
1067147
1067148
1067149
1067150
1067151
1067152
1067153
1067154
1067155
1067156
1067157
1067158
1067159
1067160
1067161
1067162
1067163
1067164
1067165
1067166
1067167
1067168
1067169
1067170
1067197
1067198
1067199
1067200
1067201
1067202
1067203
1067204
1067205
1067206
1067207
1067208
1067209
1067210
1067211
1067212
1067213
1067214
1067215
1067216
1067217
1067218
1067219
1067220
1067221
1067222
1067275
1067276
1067277
1067278
1067279
1067280
1067281
1067282
1067283
1067284
1067285
1067286
1067287
1067288
1067289
1067290
1067291
1067292
1067293
