1073957
1073958
1073959
1073960
1073961
1073962
1073963
1073964
1073965
1073966
1073967
1073968
1073969
1073970
1073971
1073972
1073973
1073974
1073975
1073976
1073977
1073978
1073979
1073980
1073981
1073982
1074009
1074010
1074011
1074012
1074013
1074014
1074015
1074016
1074017
1074018
1074019
1074020
1074021
1074022
1074023
1074024
1074025
1074026
1074027
1074028
1074029
1074030
1074031
1074032
1074033
1074034
1074035
1074036
1074037
1074038
1074039
1074040
1074041
1074042
1074043
1074044
1074045
1074046
1074047
1074048
1074049
1074050
1074051
1074052
1074053
1074054
1074055
1074056
1074057
1074058
1074059
1074060
1074087
1074088
1074089
1074090
1074091
1074092
1074093
1074094
1074095
1074096
1074097
1074098
1074099
1074100
1074101
1074102
1074103
1074104
1074105
1074106
1074107
1074108
1074109
1074110
1074111
1074112
1074165
1074166
1074167
1074168
1074169
1074170
1074171
1074172
1074173
1074174
1074175
1074176
1074177
1074178
1074179
1074180
1074181
1074182
1074183
1074184
1074185
1074186
1074187
1074188
1074189
1074190
1074191
1074192
1074193
1074194
1074195
1074196
1074197
1074198
1074199
1074200
1074201
1074202
1074203
1074204
1074205
1074206
1074207
1074208
1074209
1074210
1074211
1074212
1074213
1074214
1074215
1074216
1074243
1074244
1074245
1074246
1074247
1074248
1074249
1074250
1074251
1074252
1074253
1074254
1074255
1074256
1074257
1074258
1074259
1074260
1074261
1074262
1074263
1074264
1074265
1074266
1074267
1074268
1074295
1074296
1074297
1074298
1074299
1074300
1074301
1074302
1074303
1074304
1074305
1074306
1074307
1074308
1074309
1074310
1074311
1074312
1074313
1074314
1074315
1074316
1074317
1074318
1074319
1074320
1074373
1074374
1074375
1074376
1074377
1074378
1074379
1074380
1074381
1074382
1074383
1074384
1074385
1074386
1074387
1074388
1074389
1074390
1074391
1074392
1074393
1074394
1074395
1074396
1074397
1074398
1074503
1074504
1074505
1074506
1074507
1074508
1074509
1074510
1074511
1074512
1074513
1074514
1074515
1074516
1074517
1074518
1074519
1074520
1074521
1074522
1074523
1074524
1074525
1074526
1074527
1074528
1074555
1074556
1074557
1074558
1074559
1074560
1074561
1074562
1074563
1074564
1074565
1074566
1074567
1074568
1074569
1074570
1074571
1074572
1074573
1074574
1074575
1074576
1074577
1074578
1074579
1074580
1074581
1074582
1074583
1074584
1074585
1074586
1074587
1074588
1074589
1074590
1074591
1074592
1074593
1074594
1074595
1074596
1074597
1074598
1074599
1074600
1074601
1074602
1074603
1074604
1074605
1074606
1074607
1074608
1074609
1074610
1074611
1074612
1074613
1074614
1074615
1074616
1074617
1074618
1074619
1074620
1074621
1074622
1074623
1074624
1074625
1074626
1074627
1074628
1074629
1074630
1074631
1074632
1074659
1074660
1074661
1074662
1074663
1074664
1074665
1074666
1074667
1074668
1074669
1074670
1074671
1074672
1074673
1074674
1074675
1074676
1074677
1074678
1074679
1074680
1074681
1074682
1074683
1074684
1074685
1074686
1074687
1074688
1074689
1074690
1074691
1074692
1074693
1074694
1074695
1074696
1074697
1074698
1074699
1074700
1074701
1074702
1074703
1074704
1074705
1074706
1074707
1074708
1074709
1074710
1074737
1074738
1074739
1074740
1074741
1074742
1074743
1074744
1074745
1074746
1074747
1074748
1074749
1074750
1074751
1074752
1074753
1074754
1074755
1074756
1074757
1074758
1074759
1074760
1074761
1074762
1074789
1074790
1074791
1074792
1074793
1074794
1074795
1074796
1074797
1074798
1074799
1074800
1074801
1074802
1074803
1074804
1074805
1074806
1074807
1074808
1074809
1074810
1074811
1074812
1074813
1074814
1074841
1074842
1074843
1074844
1074845
1074846
1074847
1074848
1074849
1074850
1074851
1074852
1074853
1074854
1074855
1074856
1074857
1074858
1074859
1074860
1074861
1074862
1074863
1074864
1074865
1074866
1074867
1074868
1074869
1074870
1074871
1074872
1074873
1074874
1074875
1074876
1074877
1074878
1074879
1074880
1074881
1074882
1074883
1074884
1074885
1074886
1074887
1074888
1074889
1074890
1074891
1074892
1074919
1074920
1074921
1074922
1074923
1074924
1074925
1074926
1074927
1074928
1074929
1074930
1074931
1074932
1074933
1074934
1074935
1074936
1074937
1074938
1074939
1074940
1074941
1074942
1074943
1074944
1074945
1074946
1074947
1074948
1074949
1074950
1074951
1074952
1074953
1074954
1074955
1074956
1074957
1074958
1074959
1074960
1074961
1074962
1074963
1074964
1074965
1074966
1074967
1074968
1074969
1074970
1075049
1075050
1075051
1075052
1075053
1075054
1075055
1075056
1075057
1075058
1075059
1075060
1075061
1075062
1075063
1075064
1075065
1075066
1075067
1075068
1075069
1075070
1075071
1075072
1075073
1075074
1075075
1075076
1075077
1075078
1075079
1075080
1075081
1075082
1075083
1075084
1075085
1075086
1075087
1075088
1075089
1075090
1075091
1075092
1075093
1075094
1075095
1075096
1075097
1075098
1075099
1075100
1075127
1075128
1075129
1075130
1075131
1075132
1075133
1075134
1075135
1075136
1075137
1075138
1075139
1075140
1075141
1075142
1075143
1075144
1075145
1075146
1075147
1075148
1075149
1075150
1075151
1075152
1075205
1075206
1075207
1075208
1075209
1075210
1075211
1075212
1075213
1075214
1075215
1075216
1075217
1075218
1075219
1075220
1075221
1075222
1075223
1075224
1075225
1075226
1075227
1075228
1075229
1075230
1075231
1075232
1075233
1075234
1075235
1075236
1075237
1075238
1075239
1075240
1075241
1075242
1075243
1075244
1075245
1075246
1075247
1075248
1075249
1075250
1075251
1075252
1075253
1075254
1075255
1075256
1075283
1075284
1075285
1075286
1075287
1075288
1075289
1075290
1075291
1075292
1075293
1075294
1075295
1075296
1075297
1075298
1075299
1075300
1075301
1075302
1075303
1075304
1075305
1075306
1075307
1075308
1075309
1075310
1075311
1075312
1075313
1075314
1075315
1075316
1075317
1075318
1075319
1075320
1075321
1075322
1075323
1075324
1075325
1075326
1075327
1075328
1075329
1075330
1075331
1075332
1075333
1075334
1075387
1075388
1075389
1075390
1075391
1075392
1075393
1075394
1075395
1075396
1075397
1075398
1075399
1075400
1075401
1075402
1075403
1075404
1075405
1075406
1075407
1075408
1075409
1075410
1075411
1075412
1075413
1075414
1075415
1075416
1075417
1075418
1075419
1075420
1075421
1075422
1075423
1075424
1075425
1075426
1075427
1075428
1075429
1075430
1075431
1075432
1075433
1075434
1075435
1075436
1075437
1075438
1075491
1075492
1075493
1075494
1075495
1075496
1075497
1075498
1075499
1075500
1075501
1075502
1075503
1075504
1075505
1075506
1075507
1075508
1075509
1075510
1075511
1075512
1075513
1075514
1075515
1075516
1075517
1075518
1075519
1075520
1075521
1075522
1075523
1075524
1075525
1075526
1075527
1075528
1075529
1075530
1075531
1075532
1075533
1075534
1075535
1075536
1075537
1075538
1075539
1075540
1075541
1075542
1075569
1075570
1075571
1075572
1075573
1075574
1075575
1075576
1075577
1075578
1075579
1075580
1075581
1075582
1075583
1075584
1075585
1075586
1075587
1075588
1075589
1075590
1075591
1075592
1075593
1075594
1075621
1075622
1075623
1075624
1075625
1075626
1075627
1075628
1075629
1075630
1075631
1075632
1075633
1075634
1075635
1075636
1075637
1075638
1075639
1075640
1075641
1075642
1075643
1075644
1075645
1075646
1075673
1075674
1075675
1075676
1075677
1075678
1075679
1075680
1075681
1075682
1075683
1075684
1075685
1075686
1075687
1075688
1075689
1075690
1075691
1075692
1075693
1075694
1075695
1075696
1075697
1075698
1075725
1075726
1075727
1075728
1075729
1075730
1075731
1075732
1075733
1075734
1075735
1075736
1075737
1075738
1075739
1075740
1075741
1075742
1075743
1075744
1075745
1075746
1075747
1075748
1075749
1075750
1075751
1075752
1075753
1075754
1075755
1075756
1075757
1075758
1075759
1075760
1075761
1075762
1075763
1075764
1075765
1075766
1075767
1075768
1075769
1075770
1075771
1075772
1075773
1075774
1075775
1075776
1075829
1075830
1075831
1075832
1075833
1075834
1075835
1075836
1075837
1075838
1075839
1075840
1075841
1075842
1075843
1075844
1075845
1075846
1075847
1075848
1075849
1075850
1075851
1075852
1075853
1075854
1075855
1075856
1075857
1075858
1075859
1075860
1075861
1075862
1075863
1075864
1075865
1075866
1075867
1075868
1075869
1075870
1075871
1075872
1075873
1075874
1075875
1075876
1075877
1075878
1075879
1075880
1075907
1075908
1075909
1075910
1075911
1075912
1075913
1075914
1075915
1075916
1075917
1075918
1075919
1075920
1075921
1075922
1075923
1075924
1075925
1075926
1075927
1075928
1075929
1075930
1075931
1075932
1075985
1075986
1075987
1075988
1075989
1075990
1075991
1075992
1075993
1075994
1075995
1075996
1075997
1075998
1075999
1076000
1076001
1076002
1076003
1076004
1076005
1076006
1076007
1076008
1076009
1076010
1076011
1076012
1076013
1076014
1076015
1076016
1076017
1076018
1076019
1076020
1076021
1076022
1076023
1076024
1076025
1076026
1076027
1076028
1076029
1076030
1076031
1076032
1076033
1076034
1076035
1076036
1076063
1076064
1076065
1076066
1076067
1076068
1076069
1076070
1076071
1076072
1076073
1076074
1076075
1076076
1076077
1076078
1076079
1076080
1076081
1076082
1076083
1076084
1076085
1076086
1076087
1076088
1076141
1076142
1076143
1076144
1076145
1076146
1076147
1076148
1076149
1076150
1076151
1076152
1076153
1076154
1076155
1076156
1076157
1076158
1076159
1076160
1076161
1076162
1076163
1076164
1076165
1076166
1076167
1076168
1076169
1076170
1076171
1076172
1076173
1076174
1076175
1076176
1076177
1076178
1076179
1076180
1076181
1076182
1076183
1076184
1076185
1076186
1076187
1076188
1076189
1076190
1076191
1076192
1076193
1076194
1076195
1076196
1076197
1076198
1076199
1076200
1076201
1076202
1076203
1076204
1076205
1076206
1076207
1076208
1076209
1076210
1076211
1076212
1076213
1076214
1076215
1076216
1076217
1076218
1076271
1076272
1076273
1076274
1076275
1076276
1076277
1076278
1076279
1076280
1076281
1076282
1076283
1076284
1076285
1076286
1076287
1076288
1076289
1076290
1076291
1076292
1076293
1076294
1076295
1076296
1076349
1076350
1076351
1076352
1076353
1076354
1076355
1076356
1076357
1076358
1076359
1076360
1076361
1076362
1076363
1076364
1076365
1076366
1076367
1076368
1076369
1076370
1076371
1076372
1076373
1076374
1076375
1076376
1076377
1076378
1076379
1076380
1076381
1076382
1076383
1076384
1076385
1076386
1076387
1076388
1076389
1076390
1076391
1076392
1076393
1076394
1076395
1076396
1076397
1076398
1076399
1076400
1076427
1076428
1076429
1076430
1076431
1076432
1076433
1076434
1076435
1076436
1076437
1076438
1076439
1076440
1076441
1076442
1076443
1076444
1076445
1076446
1076447
1076448
1076449
1076450
1076451
1076452
1076479
1076480
1076481
1076482
1076483
1076484
1076485
1076486
1076487
1076488
1076489
1076490
1076491
1076492
1076493
1076494
1076495
1076496
1076497
1076498
1076499
1076500
1076501
1076502
1076503
1076504
1076531
1076532
1076533
1076534
1076535
1076536
1076537
1076538
1076539
1076540
1076541
1076542
1076543
1076544
1076545
1076546
1076547
1076548
1076549
1076550
1076551
1076552
1076553
1076554
1076555
1076556
1076583
1076584
1076585
1076586
1076587
1076588
1076589
1076590
1076591
1076592
1076593
1076594
1076595
1076596
1076597
1076598
1076599
1076600
1076601
1076602
1076603
1076604
1076605
1076606
1076607
1076608
1076635
1076636
1076637
1076638
1076639
1076640
1076641
1076642
1076643
1076644
1076645
1076646
1076647
1076648
1076649
1076650
1076651
1076652
1076653
1076654
1076655
1076656
1076657
1076658
1076659
1076660
1076687
1076688
1076689
1076690
1076691
1076692
1076693
1076694
1076695
1076696
1076697
1076698
1076699
1076700
1076701
1076702
1076703
1076704
1076705
1076706
1076707
1076708
1076709
1076710
1076711
1076712
1076817
1076818
1076819
1076820
1076821
1076822
1076823
1076824
1076825
1076826
1076827
1076828
1076829
1076830
1076831
1076832
1076833
1076834
1076835
1076836
1076837
1076838
1076839
1076840
1076841
1076842
1076869
1076870
1076871
1076872
1076873
1076874
1076875
1076876
1076877
1076878
1076879
1076880
1076881
1076882
1076883
1076884
1076885
1076886
1076887
1076888
1076889
1076890
1076891
1076892
1076893
1076894
1076921
1076922
1076923
1076924
1076925
1076926
1076927
1076928
1076929
1076930
1076931
1076932
1076933
1076934
1076935
1076936
1076937
1076938
1076939
1076940
1076941
1076942
1076943
1076944
1076945
1076946
1076999
1077000
1077001
1077002
1077003
1077004
1077005
1077006
1077007
1077008
1077009
1077010
1077011
1077012
1077013
1077014
1077015
1077016
1077017
1077018
1077019
1077020
1077021
1077022
1077023
1077024
1077051
1077052
1077053
1077054
1077055
1077056
1077057
1077058
1077059
1077060
1077061
1077062
1077063
1077064
1077065
1077066
1077067
1077068
1077069
1077070
1077071
1077072
1077073
1077074
1077075
1077076
1077103
1077104
1077105
1077106
1077107
1077108
1077109
1077110
1077111
1077112
1077113
1077114
1077115
1077116
1077117
1077118
1077119
1077120
1077121
1077122
1077123
1077124
1077125
1077126
1077127
1077128
1077129
1077130
1077131
1077132
1077133
1077134
1077135
1077136
1077137
1077138
1077139
1077140
1077141
1077142
1077143
1077144
1077145
1077146
1077147
1077148
1077149
1077150
1077151
1077152
1077153
1077154
1077207
1077208
1077209
1077210
1077211
1077212
1077213
1077214
1077215
1077216
1077217
1077218
1077219
1077220
1077221
1077222
1077223
1077224
1077225
1077226
1077227
1077228
1077229
1077230
1077231
1077232
1077259
1077260
1077261
1077262
1077263
1077264
1077265
1077266
1077267
1077268
1077269
1077270
1077271
1077272
1077273
1077274
1077275
1077276
1077277
1077278
1077279
1077280
1077281
1077282
1077283
1077284
1077337
1077338
1077339
1077340
1077341
1077342
1077343
1077344
1077345
1077346
1077347
1077348
1077349
1077350
1077351
1077352
1077353
1077354
1077355
1077356
1077357
1077358
1077359
1077360
1077361
1077362
1077389
1077390
1077391
1077392
1077393
1077394
1077395
1077396
1077397
1077398
1077399
1077400
1077401
1077402
1077403
1077404
1077405
1077406
1077407
1077408
1077409
1077410
1077411
1077412
1077413
1077414
1077415
1077416
1077417
1077418
1077419
1077420
1077421
1077422
1077423
1077424
1077425
1077426
1077427
1077428
1077429
1077430
1077431
1077432
1077433
1077434
1077435
1077436
1077437
1077438
1077439
1077440
1077467
1077468
1077469
1077470
1077471
1077472
1077473
1077474
1077475
1077476
1077477
1077478
1077479
1077480
1077481
1077482
1077483
1077484
1077485
1077486
1077487
1077488
1077489
1077490
1077491
1077492
1077519
1077520
1077521
1077522
1077523
1077524
1077525
1077526
1077527
1077528
1077529
1077530
1077531
1077532
1077533
1077534
1077535
1077536
1077537
1077538
1077539
1077540
1077541
1077542
1077543
1077544
1077597
1077598
1077599
1077600
1077601
1077602
1077603
1077604
1077605
1077606
1077607
1077608
1077609
1077610
1077611
1077612
1077613
1077614
1077615
1077616
1077617
1077618
1077619
1077620
1077621
1077622
1077649
1077650
1077651
1077652
1077653
1077654
1077655
1077656
1077657
1077658
1077659
1077660
1077661
1077662
1077663
1077664
1077665
1077666
1077667
1077668
1077669
1077670
1077671
1077672
1077673
1077674
1077701
1077702
1077703
1077704
1077705
1077706
1077707
1077708
1077709
1077710
1077711
1077712
1077713
1077714
1077715
1077716
1077717
1077718
1077719
1077720
1077721
1077722
1077723
1077724
1077725
1077726
1077727
1077728
1077729
1077730
1077731
1077732
1077733
1077734
1077735
1077736
1077737
1077738
1077739
1077740
1077741
1077742
1077743
1077744
1077745
1077746
1077747
1077748
1077749
1077750
1077751
1077752
1077779
1077780
1077781
1077782
1077783
1077784
1077785
1077786
1077787
1077788
1077789
1077790
1077791
1077792
1077793
1077794
1077795
1077797
1077798
1077799
1077800
1077801
1077802
1077803
1077804
1077831
1077832
1077833
1077834
1077835
1077836
1077837
1077838
1077839
1077840
1077841
1077842
1077843
1077844
1077845
1077846
1077847
1077848
1077849
1077850
1077851
1077852
1077853
1077854
1077855
1077856
1077883
1077884
1077885
1077886
1077887
1077888
1077889
1077890
1077891
1077892
1077893
1077894
1077895
1077896
1077897
1077898
1077899
1077900
1077901
1077902
1077903
1077904
1077905
1077906
1077907
1077908
1077935
1077936
1077937
1077938
1077939
1077940
1077941
1077942
1077943
1077944
1077945
1077946
1077947
1077948
1077949
1077950
1077951
1077952
1077953
1077954
1077955
1077956
1077957
1077958
1077959
1077960
1077987
1077988
1077989
1077990
1077991
1077992
1077993
1077994
1077995
1077996
1077997
1077998
1077999
1078000
1078001
1078002
1078003
1078004
1078005
1078006
1078007
1078008
1078009
1078010
1078011
1078012
1078065
1078066
1078067
1078068
1078069
1078070
1078071
1078072
1078073
1078074
1078075
1078076
1078077
1078078
1078079
1078080
1078081
1078082
1078083
1078084
1078085
1078086
1078087
1078088
1078089
1078090
1078091
1078092
1078093
1078094
1078095
1078096
1078097
1078098
1078099
1078100
1078101
1078102
1078103
1078104
1078105
1078106
1078107
1078108
1078109
1078110
1078111
1078112
1078113
1078114
1078115
1078116
1078169
1078170
1078171
1078172
1078173
1078174
1078175
1078176
1078177
1078178
1078179
1078180
1078181
1078182
1078183
1078184
1078185
1078186
1078187
1078188
1078189
1078190
1078191
1078192
1078193
1078194
1078195
1078196
1078197
1078198
1078199
1078200
1078201
1078202
1078203
1078204
1078205
1078206
1078207
1078208
1078209
1078210
1078211
1078212
1078213
1078214
1078215
1078216
1078217
1078218
1078219
1078220
1078247
1078248
1078249
1078250
1078251
1078252
1078253
1078254
1078255
1078256
1078257
1078258
1078259
1078260
1078261
1078262
1078263
1078264
1078265
1078266
1078267
1078268
1078269
1078270
1078271
1078272
1078273
1078274
1078275
1078276
1078277
1078278
1078279
1078280
1078281
1078282
1078283
1078284
1078285
1078286
1078287
1078288
1078289
1078290
1078291
1078292
1078293
1078294
1078295
1078296
1078297
1078298
1078325
1078326
1078327
1078328
1078329
1078330
1078331
1078332
1078333
1078334
1078335
1078336
1078337
1078338
1078339
1078340
1078341
1078342
1078343
1078344
1078345
1078346
1078347
1078348
1078349
1078350
1078377
1078378
1078379
1078380
1078381
1078382
1078383
1078384
1078385
1078386
1078387
1078388
1078389
1078390
1078391
1078392
1078393
1078394
1078395
1078396
1078397
1078398
1078399
1078400
1078401
1078402
1078429
1078430
1078431
1078432
1078433
1078434
1078435
1078436
1078437
1078438
1078439
1078440
1078441
1078442
1078443
1078444
1078445
1078446
1078447
1078448
1078449
1078450
1078451
1078452
1078453
1078454
1078507
1078508
1078509
1078510
1078511
1078512
1078513
1078514
1078515
1078516
1078517
1078518
1078519
1078520
1078521
1078522
1078523
1078524
1078525
1078526
1078527
1078528
1078529
1078530
1078531
1078532
1078559
1078560
1078561
1078562
1078563
1078564
1078565
1078566
1078567
1078568
1078569
1078570
1078571
1078572
1078573
1078574
1078575
1078576
1078577
1078578
1078579
1078580
1078581
1078582
1078583
1078584
1078611
1078612
1078613
1078614
1078615
1078616
1078617
1078618
1078619
1078620
1078621
1078622
1078623
1078624
1078625
1078626
1078627
1078628
1078629
1078630
1078631
1078632
1078633
1078634
1078635
1078636
1078637
1078638
1078639
1078640
1078641
1078642
1078643
1078644
1078645
1078646
1078647
1078648
1078649
1078650
1078651
1078652
1078653
1078654
1078655
1078656
1078657
1078658
1078659
1078660
1078661
1078662
1078715
1078716
1078717
1078719
1078720
1078721
1078722
1078723
1078724
1078725
1078726
1078727
1078728
1078729
1078730
1078731
1078732
1078733
1078734
1078735
1078736
1078737
1078738
1078739
1078740
1078767
1078768
1078769
1078770
1078771
1078772
1078773
1078774
1078775
1078776
1078777
1078778
1078779
1078780
1078781
1078782
1078783
1078784
1078785
1078786
1078787
1078788
1078789
1078790
1078791
1078792
1078819
1078820
1078821
1078822
1078823
1078824
1078825
1078826
1078827
1078828
1078829
1078830
1078831
1078832
1078833
1078834
1078835
1078836
1078837
1078838
1078839
1078840
1078841
1078842
1078843
1078844
1078845
1078846
1078847
1078848
1078849
1078850
1078851
1078852
1078853
1078854
1078855
1078856
1078857
1078858
1078859
1078860
1078861
1078862
1078863
1078864
1078865
1078866
1078867
1078868
1078869
1078870
1079001
1079002
1079003
1079004
1079005
1079006
1079007
1079008
1079009
1079010
1079011
1079012
1079013
1079014
1079015
1079016
1079017
1079018
1079019
1079020
1079021
1079022
1079023
1079024
1079025
1079026
1079053
1079054
1079055
1079056
1079057
1079058
1079059
1079060
1079061
1079062
1079063
1079064
1079065
1079066
1079067
1079068
1079069
1079070
1079071
1079072
1079073
1079074
1079075
1079076
1079077
1079078
1079105
1079106
1079107
1079108
1079109
1079110
1079111
1079112
1079113
1079114
1079115
1079116
1079117
1079118
1079119
1079120
1079121
1079122
1079123
1079124
1079125
1079126
1079127
1079128
1079129
1079130
1079131
1079132
1079133
1079134
1079135
1079136
1079137
1079138
1079139
1079140
1079141
1079142
1079143
1079144
1079145
1079146
1079147
1079148
1079149
1079150
1079151
1079152
1079153
1079154
1079155
1079156
1079209
1079210
1079211
1079212
1079213
1079214
1079215
1079216
1079217
1079218
1079219
1079220
1079221
1079222
1079223
1079224
1079225
1079226
1079227
1079228
1079229
1079230
1079231
1079232
1079233
1079234
1079261
1079262
1079263
1079264
1079265
1079266
1079267
1079268
1079269
1079270
1079271
1079272
1079273
1079274
1079275
1079276
1079277
1079278
1079279
1079280
1079281
1079282
1079283
1079284
1079285
1079286
1079313
1079314
1079315
1079316
1079317
1079318
1079319
1079320
1079321
1079322
1079323
1079324
1079325
1079326
1079327
1079328
1079329
1079330
1079331
1079332
1079333
1079334
1079335
1079336
1079337
1079338
1079339
1079340
1079341
1079342
1079343
1079344
1079345
1079346
1079347
1079348
1079349
1079350
1079351
1079352
1079353
1079354
1079355
1079356
1079357
1079358
1079359
1079360
1079361
1079362
1079363
1079364
1079391
1079392
1079393
1079394
1079395
1079396
1079397
1079398
1079399
1079400
1079401
1079402
1079403
1079404
1079405
1079406
1079407
1079408
1079409
1079410
1079411
1079412
1079413
1079414
1079415
1079416
1079469
1079470
1079471
1079472
1079473
1079474
1079475
1079476
1079477
1079478
1079479
1079480
1079481
1079482
1079483
1079484
1079485
1079486
1079487
1079488
1079489
1079490
1079491
1079492
1079493
1079494
1079495
1079496
1079497
1079498
1079499
1079500
1079501
1079502
1079503
1079504
1079505
1079506
1079507
1079508
1079509
1079510
1079511
1079512
1079513
1079514
1079515
1079516
1079517
1079518
1079519
1079520
1079573
1079574
1079575
1079576
1079577
1079578
1079579
1079580
1079581
1079582
1079583
1079584
1079585
1079586
1079587
1079588
1079589
1079590
1079591
1079592
1079593
1079594
1079595
1079596
1079597
1079598
1079599
1079600
1079601
1079602
1079603
1079604
1079605
1079606
1079607
1079608
1079609
1079610
1079611
1079612
1079613
1079614
1079615
1079616
1079617
1079618
1079619
1079620
1079621
1079622
1079623
1079624
1079651
1079652
1079653
1079654
1079655
1079656
1079657
1079658
1079659
1079660
1079661
1079662
1079663
1079664
1079665
1079666
1079667
1079668
1079669
1079670
1079671
1079672
1079673
1079674
1079675
1079676
1079703
1079704
1079705
1079706
1079707
1079708
1079709
1079710
1079711
1079712
1079713
1079714
1079715
1079716
1079717
1079718
1079719
1079720
1079721
1079722
1079723
1079724
1079725
1079726
1079727
1079728
1079729
1079730
1079731
1079732
1079733
1079734
1079735
1079736
1079737
1079738
1079739
1079740
1079741
1079742
1079743
1079744
1079745
1079746
1079747
1079748
1079749
1079750
1079751
1079752
1079753
1079754
1079781
1079782
1079783
1079784
1079785
1079786
1079787
1079788
1079789
1079790
1079791
1079792
1079793
1079794
1079795
1079796
1079797
1079798
1079799
1079800
1079801
1079802
1079803
1079804
1079805
1079806
1079833
1079834
1079835
1079836
1079837
1079838
1079839
1079840
1079841
1079842
1079843
1079844
1079845
1079846
1079847
1079848
1079849
1079850
1079851
1079852
1079853
1079854
1079855
1079856
1079857
1079858
1079885
1079886
1079887
1079888
1079889
1079890
1079891
1079892
1079893
1079894
1079895
1079896
1079897
1079898
1079899
1079900
1079901
1079902
1079903
1079904
1079905
1079906
1079907
1079908
1079909
1079910
1079937
1079938
1079939
1079940
1079941
1079942
1079943
1079944
1079945
1079946
1079947
1079948
1079949
1079950
1079951
1079952
1079953
1079954
1079955
1079956
1079957
1079958
1079959
1079960
1079961
1079962
1079963
1079964
1079965
1079966
1079967
1079968
1079969
1079970
1079971
1079972
1079973
1079974
1079975
1079976
1079977
1079978
1079979
1079980
1079981
1079982
1079983
1079984
1079985
1079986
1079987
1079988
1079989
1079990
1079991
1079992
1079993
1079994
1079995
1079996
1079997
1079998
1079999
1080000
1080001
1080002
1080003
1080004
1080005
1080006
1080007
1080008
1080009
1080010
1080011
1080012
1080013
1080014
1080015
1080016
1080017
1080018
1080019
1080020
1080021
1080022
1080023
1080024
1080025
1080026
1080027
1080028
1080029
1080030
1080031
1080032
1080033
1080034
