1080035
1080036
1080037
1080038
1080039
1080040
1080093
1080094
1080095
1080096
1080097
1080098
1080099
1080100
1080101
1080102
1080103
1080104
1080105
1080106
1080107
1080108
1080109
1080110
1080111
1080112
1080113
1080114
1080115
1080116
1080117
1080118
1080145
1080146
1080147
1080148
1080149
1080150
1080151
1080152
1080153
1080154
1080155
1080156
1080157
1080158
1080159
1080160
1080161
1080162
1080163
1080164
1080165
1080166
1080167
1080168
1080169
1080170
1080223
1080224
1080225
1080226
1080227
1080228
1080229
1080230
1080231
1080232
1080233
1080234
1080235
1080236
1080237
1080238
1080239
1080240
1080241
1080242
1080243
1080244
1080245
1080246
1080247
1080248
1080249
1080250
1080251
1080252
1080253
1080254
1080255
1080256
1080257
1080258
1080259
1080260
1080261
1080262
1080263
1080264
1080265
1080266
1080267
1080268
1080269
1080270
1080271
1080272
1080273
1080274
1080301
1080302
1080303
1080304
1080305
1080306
1080307
1080308
1080309
1080310
1080311
1080312
1080313
1080314
1080315
1080316
1080317
1080318
1080319
1080320
1080321
1080322
1080323
1080324
1080325
1080326
1080353
1080354
1080355
1080356
1080357
1080358
1080359
1080360
1080361
1080362
1080363
1080364
1080365
1080366
1080367
1080368
1080369
1080370
1080371
1080372
1080373
1080374
1080375
1080376
1080377
1080378
1080405
1080406
1080407
1080408
1080409
1080410
1080411
1080412
1080413
1080414
1080415
1080416
1080417
1080418
1080419
1080420
1080421
1080422
1080423
1080424
1080425
1080426
1080427
1080428
1080429
1080430
1080457
1080458
1080459
1080460
1080461
1080462
1080463
1080464
1080465
1080466
1080467
1080468
1080469
1080470
1080471
1080472
1080473
1080474
1080475
1080476
1080477
1080478
1080479
1080480
1080481
1080482
1080509
1080510
1080511
1080512
1080513
1080514
1080515
1080516
1080517
1080518
1080519
1080520
1080521
1080522
1080523
1080524
1080525
1080526
1080527
1080528
1080529
1080530
1080531
1080532
1080533
1080534
1080587
1080588
1080589
1080590
1080591
1080592
1080593
1080594
1080595
1080596
1080597
1080598
1080599
1080600
1080601
1080602
1080603
1080604
1080605
1080606
1080607
1080608
1080609
1080610
1080611
1080612
1080639
1080640
1080641
1080642
1080643
1080644
1080645
1080646
1080647
1080648
1080649
1080650
1080651
1080652
1080653
1080654
1080655
1080656
1080657
1080658
1080659
1080660
1080661
1080662
1080663
1080664
1080691
1080692
1080693
1080694
1080695
1080696
1080697
1080698
1080699
1080700
1080701
1080702
1080703
1080704
1080705
1080706
1080707
1080708
1080709
1080710
1080711
1080712
1080713
1080714
1080715
1080716
1080769
1080770
1080771
1080772
1080773
1080774
1080775
1080776
1080777
1080778
1080779
1080780
1080781
1080782
1080783
1080784
1080785
1080786
1080787
1080788
1080789
1080790
1080791
1080792
1080793
1080794
1080821
1080822
1080823
1080824
1080825
1080826
1080827
1080828
1080829
1080830
1080831
1080832
1080833
1080834
1080835
1080836
1080837
1080838
1080839
1080840
1080841
1080842
1080843
1080844
1080845
1080846
1080977
1080978
1080979
1080980
1080981
1080982
1080983
1080984
1080985
1080986
1080987
1080988
1080989
1080990
1080991
1080992
1080993
1080994
1080995
1080996
1080997
1080998
1080999
1081000
1081001
1081002
1081003
1081004
1081005
1081006
1081007
1081008
1081009
1081010
1081011
1081012
1081013
1081014
1081015
1081016
1081017
1081018
1081019
1081020
1081021
1081022
1081023
1081024
1081025
1081026
1081027
1081028
1081055
1081056
1081057
1081058
1081059
1081060
1081061
1081062
1081063
1081064
1081065
1081066
1081067
1081068
1081069
1081070
1081071
1081072
1081073
1081074
1081075
1081076
1081077
1081078
1081079
1081080
1081107
1081108
1081109
1081110
1081111
1081112
1081113
1081114
1081115
1081116
1081117
1081118
1081119
1081120
1081121
1081122
1081123
1081124
1081125
1081126
1081127
1081128
1081129
1081130
1081131
1081132
1081185
1081186
1081187
1081188
1081189
1081190
1081191
1081192
1081193
1081194
1081195
1081196
1081197
1081198
1081199
1081200
1081201
1081202
1081203
1081204
1081205
1081206
1081207
1081208
1081209
1081210
1081237
1081238
1081239
1081240
1081241
1081242
1081243
1081244
1081245
1081246
1081247
1081248
1081249
1081250
1081251
1081252
1081253
1081254
1081255
1081256
1081257
1081258
1081259
1081260
1081261
1081262
1081289
1081290
1081291
1081292
1081293
1081294
1081295
1081296
1081297
1081298
1081299
1081300
1081301
1081302
1081303
1081304
1081305
1081306
1081307
1081308
1081309
1081310
1081311
1081312
1081313
1081314
1081315
1081316
1081317
1081318
1081319
1081320
1081321
1081322
1081323
1081324
1081325
1081326
1081327
1081328
1081329
1081330
1081331
1081332
1081333
1081334
1081335
1081336
1081337
1081338
1081339
1081340
1081393
1081394
1081395
1081396
1081397
1081398
1081399
1081400
1081401
1081402
1081403
1081404
1081405
1081406
1081407
1081408
1081409
1081410
1081411
1081412
1081413
1081414
1081415
1081416
1081417
1081418
1081419
1081420
1081421
1081422
1081423
1081424
1081425
1081426
1081427
1081428
1081429
1081430
1081431
1081432
1081433
1081434
1081435
1081436
1081437
1081438
1081439
1081440
1081441
1081442
1081443
1081444
1081497
1081498
1081499
1081500
1081501
1081502
1081503
1081504
1081505
1081506
1081507
1081508
1081509
1081510
1081511
1081512
1081513
1081514
1081515
1081516
1081517
1081518
1081519
1081520
1081521
1081522
1081523
1081524
1081525
1081526
1081527
1081528
1081529
1081530
1081531
1081532
1081533
1081534
1081535
1081536
1081537
1081538
1081539
1081540
1081541
1081542
1081543
1081544
1081545
1081546
1081547
1081548
1081601
1081602
1081603
1081604
1081605
1081606
1081607
1081608
1081609
1081610
1081611
1081612
1081613
1081614
1081615
1081616
1081617
1081618
1081619
1081620
1081621
1081622
1081623
1081624
1081625
1081626
1081679
1081680
1081681
1081682
1081683
1081684
1081685
1081686
1081687
1081688
1081689
1081690
1081691
1081692
1081693
1081694
1081695
1081696
1081697
1081698
1081699
1081700
1081701
1081702
1081703
1081704
1081757
1081758
1081759
1081760
1081761
1081762
1081763
1081764
1081765
1081766
1081767
1081768
1081769
1081770
1081771
1081772
1081773
1081774
1081775
1081776
1081777
1081778
1081779
1081780
1081781
1081782
1081809
1081810
1081811
1081812
1081813
1081814
1081815
1081816
1081817
1081818
1081819
1081820
1081821
1081822
1081823
1081824
1081825
1081826
1081827
1081828
1081829
1081830
1081831
1081832
1081833
1081834
1081861
1081862
1081863
1081864
1081865
1081866
1081867
1081868
1081869
1081870
1081871
1081872
1081873
1081874
1081875
1081876
1081877
1081878
1081879
1081880
1081881
1081882
1081883
1081884
1081885
1081886
1081939
1081940
1081941
1081942
1081943
1081944
1081945
1081946
1081947
1081948
1081949
1081950
1081951
1081952
1081953
1081954
1081955
1081956
1081957
1081958
1081959
1081960
1081961
1081962
1081963
1081964
1082043
1082044
1082045
1082046
1082047
1082048
1082049
1082050
1082051
1082052
1082053
1082054
1082055
1082056
1082057
1082058
1082059
1082060
1082061
1082062
1082063
1082064
1082065
1082066
1082067
1082068
1082069
1082070
1082071
1082072
1082073
1082074
1082075
1082076
1082077
1082078
1082079
1082080
1082081
1082082
1082083
1082084
1082085
1082086
1082087
1082088
1082089
1082090
1082091
1082092
1082093
1082094
1082147
1082148
1082149
1082150
1082151
1082152
1082153
1082154
1082155
1082156
1082157
1082158
1082159
1082160
1082161
1082162
1082163
1082164
1082165
1082166
1082167
1082168
1082169
1082170
1082171
1082172
1082173
1082174
1082175
1082176
1082177
1082178
1082179
1082180
1082181
1082182
1082183
1082184
1082185
1082186
1082187
1082188
1082189
1082190
1082191
1082192
1082193
1082194
1082195
1082196
1082197
1082198
1082251
1082252
1082253
1082254
1082255
1082256
1082257
1082258
1082259
1082260
1082261
1082262
1082263
1082264
1082265
1082266
1082267
1082268
1082269
1082270
1082271
1082272
1082273
1082274
1082275
1082276
1082277
1082278
1082279
1082280
1082281
1082282
1082283
1082284
1082285
1082286
1082287
1082288
1082289
1082290
1082291
1082292
1082293
1082294
1082295
1082296
1082297
1082298
1082299
1082300
1082301
1082302
1082355
1082356
1082357
1082358
1082359
1082360
1082361
1082362
1082363
1082364
1082365
1082366
1082367
1082368
1082369
1082370
1082371
1082372
1082373
1082374
1082375
1082376
1082377
1082378
1082379
1082380
1082407
1082408
1082409
1082410
1082411
1082412
1082413
1082414
1082415
1082416
1082417
1082418
1082419
1082420
1082421
1082422
1082423
1082424
1082425
1082426
1082427
1082428
1082429
1082430
1082431
1082432
1082433
1082434
1082435
1082436
1082437
1082438
1082439
1082440
1082441
1082442
1082443
1082444
1082445
1082446
1082447
1082448
1082449
1082450
1082451
1082452
1082453
1082454
1082455
1082456
1082457
1082458
1082485
1082486
1082487
1082488
1082489
1082490
1082491
1082492
1082493
1082494
1082495
1082496
1082497
1082498
1082499
1082500
1082501
1082502
1082503
1082504
1082505
1082506
1082507
1082508
1082509
1082510
1082563
1082564
1082565
1082566
1082567
1082568
1082569
1082570
1082571
1082572
1082573
1082574
1082575
1082576
1082577
1082578
1082579
1082580
1082581
1082582
1082583
1082584
1082585
1082586
1082587
1082588
1082589
1082590
1082591
1082592
1082593
1082594
1082595
1082596
1082597
1082598
1082599
1082600
1082601
1082602
1082603
1082604
1082605
1082606
1082607
1082608
1082609
1082610
1082611
1082612
1082613
1082614
1082693
1082694
1082695
1082696
1082697
1082698
1082699
1082700
1082701
1082702
1082703
1082704
1082705
1082706
1082707
1082708
1082709
1082710
1082711
1082712
1082713
1082714
1082715
1082716
1082717
1082718
1082745
1082746
1082747
1082748
1082749
1082750
1082751
1082752
1082753
1082754
1082755
1082756
1082757
1082758
1082759
1082760
1082761
1082762
1082763
1082764
1082765
1082766
1082767
1082768
1082769
1082770
1082797
1082798
1082799
1082800
1082801
1082802
1082803
1082804
1082805
1082806
1082807
1082808
1082809
1082810
1082811
1082812
1082813
1082814
1082815
1082816
1082817
1082818
1082819
1082820
1082821
1082822
1082823
1082824
1082825
1082826
1082827
1082828
1082829
1082830
1082831
1082832
1082833
1082834
1082835
1082836
1082837
1082838
1082839
1082840
1082841
1082842
1082843
1082844
1082845
1082846
1082847
1082848
1082901
1082902
1082903
1082904
1082905
1082906
1082907
1082908
1082909
1082910
1082911
1082912
1082913
1082914
1082915
1082916
1082917
1082918
1082919
1082920
1082921
1082922
1082923
1082924
1082925
1082926
1082953
1082954
1082955
1082956
1082957
1082958
1082959
1082960
1082961
1082962
1082963
1082964
1082965
1082966
1082967
1082968
1082969
1082970
1082971
1082972
1082973
1082974
1082975
1082976
1082977
1082978
1083005
1083006
1083007
1083008
1083009
1083010
1083011
1083012
1083013
1083014
1083015
1083016
1083017
1083018
1083019
1083020
1083021
1083022
1083023
1083024
1083025
1083026
1083027
1083028
1083029
1083030
1083031
1083032
1083033
1083034
1083035
1083036
1083037
1083038
1083039
1083040
1083041
1083042
1083043
1083044
1083045
1083046
1083047
1083048
1083049
1083050
1083051
1083052
1083053
1083054
1083055
1083056
1083057
1083058
1083059
1083060
1083061
1083062
1083063
1083064
1083065
1083066
1083067
1083068
1083069
1083070
1083071
1083072
1083073
1083074
1083075
1083076
1083077
1083078
1083079
1083080
1083081
1083082
1083109
1083110
1083111
1083112
1083113
1083114
1083115
1083116
1083117
1083118
1083119
1083120
1083121
1083122
1083123
1083124
1083125
1083126
1083127
1083128
1083129
1083130
1083131
1083132
1083133
1083134
1083161
1083162
1083163
1083164
1083165
1083166
1083167
1083168
1083169
1083170
1083171
1083172
1083173
1083174
1083175
1083176
1083177
1083178
1083179
1083180
1083181
1083182
1083183
1083184
1083185
1083186
1083213
1083214
1083215
1083216
1083217
1083218
1083219
1083220
1083221
1083222
1083223
1083224
1083225
1083226
1083227
1083228
1083229
1083230
1083231
1083232
1083233
1083234
1083235
1083236
1083237
1083238
1083239
1083240
1083241
1083242
1083243
1083244
1083245
1083246
1083247
1083248
1083249
1083250
1083251
1083252
1083253
1083254
1083255
1083256
1083257
1083258
1083259
1083260
1083261
1083262
1083263
1083264
1083291
1083292
1083293
1083294
1083295
1083296
1083297
1083298
1083299
1083300
1083301
1083302
1083303
1083304
1083305
1083306
1083307
1083308
1083309
1083310
1083311
1083312
1083313
1083314
1083315
1083316
1083343
1083344
1083345
1083346
1083347
1083348
1083349
1083350
1083351
1083352
1083353
1083354
1083355
1083356
1083357
1083358
1083359
1083360
1083361
1083362
1083363
1083364
1083365
1083366
1083367
1083368
1083395
1083396
1083397
1083398
1083399
1083400
1083401
1083402
1083403
1083404
1083405
1083406
1083407
1083408
1083409
1083410
1083411
1083412
1083413
1083414
1083415
1083416
1083417
1083418
1083419
1083420
1083421
1083422
1083423
1083424
1083425
1083426
1083427
1083428
1083429
1083430
1083431
1083432
1083433
1083434
1083435
1083436
1083437
1083438
1083439
1083440
1083441
1083442
1083443
1083444
1083445
1083446
1083525
1083526
1083527
1083528
1083529
1083530
1083531
1083532
1083533
1083534
1083535
1083536
1083537
1083538
1083539
1083540
1083541
1083542
1083543
1083544
1083545
1083546
1083547
1083548
1083549
1083550
1083577
1083578
1083579
1083580
1083581
1083582
1083583
1083584
1083585
1083586
1083587
1083588
1083589
1083590
1083591
1083592
1083593
1083594
1083595
1083596
1083597
1083598
1083599
1083600
1083601
1083602
1083655
1083656
1083657
1083658
1083659
1083660
1083661
1083662
1083663
1083664
1083665
1083666
1083667
1083668
1083669
1083670
1083671
1083672
1083673
1083674
1083675
1083676
1083677
1083678
1083679
1083680
1083681
1083682
1083683
1083684
1083685
1083686
1083687
1083688
1083689
1083690
1083691
1083692
1083693
1083694
1083695
1083696
1083697
1083698
1083699
1083700
1083701
1083702
1083703
1083704
1083705
1083706
1083733
1083734
1083735
1083736
1083737
1083738
1083739
1083740
1083741
1083742
1083743
1083744
1083745
1083746
1083747
1083748
1083749
1083750
1083751
1083752
1083753
1083754
1083755
1083756
1083757
1083758
1083785
1083786
1083787
1083788
1083789
1083790
1083791
1083792
1083793
1083794
1083795
1083796
1083797
1083798
1083799
1083800
1083801
1083802
1083803
1083804
1083805
1083806
1083807
1083808
1083809
1083810
1083863
1083864
1083865
1083866
1083867
1083868
1083869
1083870
1083871
1083872
1083873
1083874
1083875
1083876
1083877
1083878
1083879
1083880
1083881
1083882
1083883
1083884
1083885
1083886
1083887
1083888
1083889
1083890
1083891
1083892
1083893
1083894
1083895
1083896
1083897
1083898
1083899
1083900
1083901
1083902
1083903
1083904
1083905
1083906
1083907
1083908
1083909
1083910
1083911
1083912
1083913
1083914
1083941
1083942
1083943
1083944
1083945
1083946
1083947
1083948
1083949
1083950
1083951
1083952
1083953
1083954
1083955
1083956
1083957
1083958
1083959
1083960
1083961
1083962
1083963
1083964
1083965
1083966
1084019
1084020
1084021
1084022
1084023
1084024
1084025
1084026
1084027
1084028
1084029
1084030
1084031
1084032
1084033
1084034
1084035
1084036
1084037
1084038
1084039
1084040
1084041
1084042
1084043
1084044
1084045
1084046
1084047
1084048
1084049
1084050
1084051
1084052
1084053
1084054
1084055
1084056
1084057
1084058
1084059
1084060
1084061
1084062
1084063
1084064
1084065
1084066
1084067
1084068
1084069
1084070
1084097
1084098
1084099
1084100
1084101
1084102
1084103
1084104
1084105
1084106
1084107
1084108
1084109
1084110
1084111
1084112
1084113
1084114
1084115
1084116
1084117
1084118
1084119
1084120
1084121
1084122
1084149
1084150
1084151
1084152
1084153
1084154
1084155
1084156
1084157
1084158
1084159
1084160
1084161
1084162
1084163
1084164
1084165
1084166
1084167
1084168
1084169
1084170
1084171
1084172
1084173
1084174
1084227
1084228
1084229
1084230
1084231
1084232
1084233
1084234
1084235
1084236
1084237
1084238
1084239
1084240
1084241
1084242
1084243
1084244
1084245
1084246
1084247
1084248
1084249
1084250
1084251
1084252
1084253
1084254
1084255
1084256
1084257
1084258
1084259
1084260
1084261
1084262
1084263
1084264
1084265
1084266
1084267
1084268
1084269
1084270
1084271
1084272
1084273
1084274
1084275
1084276
1084277
1084278
1084279
1084280
1084281
1084282
1084283
1084284
1084285
1084286
1084287
1084288
1084289
1084290
1084291
1084292
1084293
1084294
1084295
1084296
1084297
1084298
1084299
1084300
1084301
1084302
1084303
1084304
1084331
1084332
1084333
1084334
1084335
1084336
1084337
1084338
1084339
1084340
1084341
1084342
1084343
1084344
1084345
1084346
1084347
1084348
1084349
1084350
1084351
1084352
1084353
1084354
1084355
1084356
1084383
1084384
1084385
1084386
1084387
1084388
1084389
1084390
1084391
1084392
1084393
1084394
1084395
1084396
1084397
1084398
1084399
1084400
1084401
1084402
1084403
1084404
1084405
1084406
1084407
1084408
1084435
1084436
1084437
1084438
1084439
1084440
1084441
1084442
1084443
1084444
1084445
1084446
1084447
1084448
1084449
1084450
1084451
1084452
1084453
1084454
1084455
1084456
1084457
1084458
1084459
1084460
1084513
1084514
1084515
1084516
1084517
1084518
1084519
1084520
1084521
1084522
1084523
1084524
1084525
1084526
1084527
1084528
1084529
1084530
1084531
1084532
1084533
1084534
1084535
1084536
1084537
1084538
1084565
1084566
1084567
1084568
1084569
1084570
1084571
1084572
1084573
1084574
1084575
1084576
1084577
1084578
1084579
1084580
1084581
1084582
1084583
1084584
1084585
1084586
1084587
1084588
1084589
1084590
1084617
1084618
1084619
1084620
1084621
1084622
1084623
1084624
1084625
1084626
1084627
1084628
1084629
1084630
1084631
1084632
1084633
1084634
1084635
1084636
1084637
1084638
1084639
1084640
1084641
1084642
1084669
1084670
1084671
1084672
1084673
1084674
1084675
1084676
1084677
1084678
1084679
1084680
1084681
1084682
1084683
1084684
1084685
1084686
1084687
1084688
1084689
1084690
1084691
1084692
1084693
1084694
1084695
1084696
1084697
1084698
1084699
1084700
1084701
1084702
1084703
1084704
1084705
1084706
1084707
1084708
1084709
1084710
1084711
1084712
1084713
1084714
1084715
1084716
1084717
1084718
1084719
1084720
1084747
1084748
1084749
1084750
1084751
1084752
1084753
1084754
1084755
1084756
1084757
1084758
1084759
1084760
1084761
1084762
1084763
1084764
1084765
1084766
1084767
1084768
1084769
1084770
1084771
1084772
1084799
1084800
1084801
1084802
1084803
1084804
1084805
1084806
1084807
1084808
1084809
1084810
1084811
1084812
1084813
1084814
1084815
1084816
1084817
1084818
1084819
1084820
1084821
1084822
1084823
1084824
1084877
1084878
1084879
1084880
1084881
1084882
1084883
1084884
1084885
1084886
1084887
1084888
1084889
1084890
1084891
1084892
1084893
1084894
1084895
1084896
1084897
1084898
1084899
1084900
1084901
1084902
1084903
1084904
1084905
1084906
1084907
1084908
1084909
1084910
1084911
1084912
1084913
1084914
1084915
1084916
1084917
1084918
1084919
1084920
1084921
1084922
1084923
1084924
1084925
1084926
1084927
1084928
1084981
1084982
1084983
1084984
1084985
1084986
1084987
1084988
1084989
1084990
1084991
1084992
1084993
1084994
1084995
1084996
1084997
1084998
1084999
1085000
1085001
1085002
1085003
1085004
1085005
1085006
1085059
1085060
1085061
1085062
1085063
1085064
1085065
1085066
1085067
1085068
1085069
1085070
1085071
1085072
1085073
1085074
1085075
1085076
1085077
1085078
1085079
1085080
1085081
1085082
1085083
1085084
1085085
1085086
1085087
1085088
1085089
1085090
1085091
1085092
1085093
1085094
1085095
1085096
1085097
1085098
1085099
1085100
1085101
1085102
1085103
1085104
1085105
1085106
1085107
1085108
1085109
1085110
1085137
1085138
1085139
1085140
1085141
1085142
1085143
1085144
1085145
1085146
1085147
1085148
1085149
1085150
1085151
1085152
1085153
1085154
1085155
1085156
1085157
1085158
1085159
1085160
1085161
1085162
1085163
1085164
1085165
1085166
1085167
1085168
1085169
1085170
1085171
1085172
1085173
1085174
1085175
1085176
1085177
1085178
1085179
1085180
1085181
1085182
1085183
1085184
1085185
1085186
1085187
1085188
1085215
1085216
1085217
1085218
1085219
1085220
1085221
1085222
1085223
1085224
1085225
1085226
1085227
1085228
1085229
1085230
1085231
1085232
1085233
1085234
1085235
1085236
1085237
1085238
1085239
1085240
1085267
1085268
1085269
1085270
1085271
1085272
1085273
1085274
1085275
1085276
1085277
1085278
1085279
1085280
1085281
1085282
1085283
1085284
1085285
1085286
1085287
1085288
1085289
1085290
1085291
1085292
1085293
1085294
1085295
1085296
1085297
1085298
1085299
1085300
1085301
1085302
1085303
1085304
1085305
1085306
1085307
1085308
1085309
1085310
1085311
1085312
1085313
1085314
1085315
1085316
1085317
1085318
1085371
1085372
1085373
1085374
1085375
1085376
1085377
1085378
1085379
1085380
1085381
1085382
1085383
1085384
1085385
1085386
1085387
1085388
1085389
1085390
1085391
1085392
1085393
1085394
1085395
1085396
1085423
1085424
1085425
1085426
1085427
1085428
1085429
1085430
1085431
1085432
1085433
1085434
1085435
1085436
1085437
1085438
1085439
1085440
1085441
1085442
1085443
1085444
1085445
1085446
1085447
1085448
1085501
1085502
1085503
1085504
1085505
1085506
1085507
1085508
1085509
1085510
1085511
1085512
1085513
1085514
1085515
1085516
1085517
1085518
1085519
1085520
1085521
1085522
1085523
1085524
1085525
1085526
1085527
1085528
1085529
1085530
1085531
1085532
1085533
1085534
1085535
1085536
1085537
1085538
1085539
1085540
1085541
1085542
1085543
1085544
1085545
1085546
1085547
1085548
1085549
1085550
1085551
1085552
1085579
1085580
1085581
1085582
1085583
1085584
1085585
1085586
1085587
1085588
1085589
1085590
1085591
1085592
1085593
1085594
1085595
1085596
1085597
1085598
1085599
1085600
1085601
1085602
1085603
1085604
1085631
1085632
1085633
1085634
1085635
1085636
1085637
1085638
1085639
1085640
1085641
1085642
1085643
1085644
1085645
1085646
1085647
1085648
1085649
1085650
1085651
1085652
1085653
1085654
1085655
1085656
1085709
1085710
1085711
1085712
1085713
1085714
1085715
1085716
1085717
1085718
1085719
1085720
1085721
1085722
1085723
1085724
1085725
1085726
1085727
1085728
1085729
1085730
1085731
1085732
1085733
1085734
1085735
1085736
1085737
1085738
1085739
1085740
1085741
1085742
1085743
1085744
1085745
1085746
1085747
1085748
1085749
1085750
1085751
1085752
1085753
1085754
1085755
1085756
1085757
1085758
1085759
1085760
1085813
1085814
1085815
1085816
1085817
1085818
1085819
1085820
1085821
1085822
1085823
1085824
1085825
1085826
1085827
1085828
1085829
1085830
1085831
1085832
1085833
1085834
1085835
1085836
1085837
1085838
1085865
1085866
1085867
1085868
1085869
1085870
1085871
1085872
1085873
1085874
1085875
1085876
1085877
1085878
1085879
1085880
1085881
1085882
1085883
1085884
1085885
1085886
1085887
1085888
1085889
1085890
1085891
1085892
1085893
1085894
1085895
1085896
1085897
1085898
1085899
1085900
1085901
1085902
1085903
1085904
1085905
1085906
1085907
1085908
1085909
1085910
1085911
1085912
1085913
1085914
1085915
1085916
1085943
1085944
1085945
1085946
1085947
1085948
1085949
1085950
1085951
1085952
1085953
1085954
1085955
1085956
1085957
1085958
1085959
1085960
1085961
1085962
1085963
1085964
1085965
1085966
1085967
1085968
1085995
1085996
1085997
1085998
1085999
1086000
1086001
1086002
1086003
1086004
1086005
1086006
1086007
1086008
1086009
1086010
1086011
1086012
1086013
1086014
1086015
1086016
1086017
1086018
1086019
1086020
1086073
1086074
1086075
1086076
1086077
1086078
1086079
1086080
1086081
1086082
1086083
1086084
1086085
1086086
1086087
1086088
1086089
1086090
1086091
1086092
1086093
1086094
1086095
1086096
1086097
1086098
1086099
1086100
1086101
1086102
1086103
1086104
1086105
1086106
1086107
1086108
1086109
1086110
1086111
1086112
1086113
1086114
1086115
1086116
1086117
1086118
1086119
1086120
1086121
1086122
1086123
1086124
1086151
1086152
1086153
1086154
1086155
1086156
1086157
1086158
1086159
1086160
1086161
1086162
1086163
1086164
1086165
1086166
1086167
1086168
1086169
1086170
1086171
1086172
1086173
1086174
1086175
1086176
1086229
1086230
1086231
1086232
1086233
1086234
1086235
1086236
1086237
1086238
1086239
1086240
1086241
1086242
1086243
1086244
1086245
1086246
1086247
1086248
1086249
1086250
1086251
1086252
1086253
1086254
1086255
1086256
1086257
1086258
1086259
1086260
1086261
1086262
1086263
1086264
1086265
1086266
1086267
1086268
1086269
1086270
1086271
1086272
1086273
1086274
1086275
1086276
1086277
1086278
1086279
1086280
1086307
1086308
1086309
1086310
1086311
1086312
1086313
1086314
1086315
1086316
1086317
1086318
1086319
1086320
1086321
1086322
1086323
1086324
1086325
1086326
1086327
1086328
1086329
1086330
1086331
1086332
1086359
1086360
1086361
1086362
1086363
1086364
1086365
1086366
1086367
1086368
1086369
1086370
1086371
1086372
1086373
1086374
1086375
1086376
1086377
1086378
1086379
1086380
1086381
1086382
1086383
1086384
1086385
1086386
1086387
1086388
1086389
1086390
1086391
1086392
1086393
1086394
1086395
1086396
1086397
1086398
1086399
1086400
1086401
1086402
1086403
1086404
1086405
1086406
1086407
1086408
1086409
1086410
1086411
1086412
1086413
1086414
1086415
1086416
1086417
1086418
1086419
1086420
1086421
1086422
1086423
1086424
1086425
1086426
1086427
1086428
1086429
1086430
1086431
1086432
1086433
1086434
1086435
1086436
1086489
1086490
1086491
1086492
1086493
1086494
1086495
1086496
1086497
1086498
1086499
1086500
1086501
1086502
1086503
1086504
1086505
1086506
1086507
1086508
1086509
1086510
1086511
1086512
1086513
1086514
1086515
1086516
1086517
1086518
1086519
1086520
1086521
1086522
1086523
1086524
1086525
1086526
1086527
1086528
1086529
1086530
1086531
1086532
1086533
1086534
1086535
1086536
1086537
1086538
1086539
1086540
1086541
1086542
1086543
1086544
1086545
1086546
1086547
1086548
1086549
1086550
1086551
1086552
1086553
1086554
1086555
1086556
1086557
1086558
1086559
1086560
1086561
1086562
1086563
1086564
1086565
1086566
1086567
1086568
1086569
1086570
1086571
1086572
1086573
1086574
1086575
1086576
1086577
1086578
1086579
1086580
1086581
1086582
1086583
1086584
1086585
1086586
1086587
1086588
1086589
1086590
1086591
1086592
1086593
1086594
1086595
1086596
1086597
1086598
1086599
1086600
1086601
1086602
1086603
1086604
1086605
1086606
1086607
1086608
1086609
1086610
1086611
1086612
1086613
1086614
1086615
1086616
1086617
1086618
