1092600
1092601
1092602
1092603
1092604
1092605
1092606
1092607
1092608
1092609
1092610
1092611
1092612
1092613
1092614
1092615
1092616
1092617
1092618
1092619
1092620
1092621
1092622
1092623
1092624
1092651
1092652
1092653
1092654
1092655
1092656
1092657
1092659
1092660
1092661
1092662
1092663
1092664
1092665
1092666
1092667
1092668
1092669
1092670
1092671
1092672
1092673
1092674
1092675
1092676
1092703
1092704
1092705
1092706
1092707
1092708
1092709
1092710
1092711
1092712
1092713
1092714
1092715
1092716
1092717
1092718
1092719
1092720
1092721
1092722
1092723
1092724
1092725
1092726
1092727
1092728
1092755
1092756
1092757
1092758
1092759
1092760
1092761
1092762
1092763
1092764
1092765
1092766
1092767
1092768
1092769
1092770
1092771
1092772
1092773
1092774
1092775
1092776
1092777
1092778
1092779
1092780
1092807
1092808
1092809
1092810
1092811
1092812
1092813
1092814
1092815
1092816
1092817
1092818
1092819
1092820
1092821
1092822
1092823
1092824
1092825
1092826
1092827
1092828
1092829
1092830
1092831
1092832
1092833
1092834
1092835
1092836
1092837
1092838
1092839
1092840
1092841
1092842
1092843
1092844
1092845
1092846
1092847
1092848
1092849
1092850
1092851
1092852
1092853
1092854
1092855
1092856
1092857
1092858
1092911
1092912
1092913
1092914
1092915
1092916
1092917
1092918
1092919
1092920
1092921
1092922
1092923
1092924
1092925
1092926
1092927
1092928
1092929
1092930
1092931
1092932
1092933
1092934
1092935
1092936
1092963
1092964
1092965
1092966
1092967
1092968
1092969
1092970
1092971
1092972
1092973
1092974
1092975
1092976
1092977
1092978
1092979
1092980
1092981
1092982
1092983
1092984
1092985
1092986
1092987
1092988
1093041
1093042
1093043
1093044
1093045
1093046
1093047
1093048
1093049
1093050
1093051
1093052
1093053
1093054
1093055
1093056
1093057
1093058
1093059
1093060
1093061
1093062
1093063
1093064
1093065
1093066
1093093
1093094
1093095
1093096
1093097
1093098
1093099
1093100
1093101
1093102
1093103
1093104
1093105
1093106
1093107
1093108
1093109
1093110
1093111
1093112
1093113
1093114
1093115
1093116
1093117
1093118
1093119
1093120
1093121
1093122
1093123
1093124
1093125
1093126
1093127
1093128
1093129
1093130
1093131
1093132
1093133
1093134
1093135
1093136
1093137
1093138
1093139
1093140
1093141
1093142
1093143
1093144
1093197
1093198
1093199
1093200
1093201
1093202
1093203
1093204
1093205
1093206
1093207
1093208
1093209
1093210
1093211
1093212
1093213
1093214
1093215
1093216
1093217
1093218
1093219
1093220
1093221
1093222
1093223
1093224
1093225
1093226
1093227
1093228
1093229
1093230
1093231
1093232
1093233
1093234
1093235
1093236
1093237
1093238
1093239
1093240
1093241
1093242
1093243
1093244
1093245
1093246
1093247
1093248
1093275
1093276
1093277
1093278
1093279
1093280
1093281
1093282
1093283
1093284
1093285
1093286
1093287
1093288
1093289
1093290
1093291
1093292
1093293
1093294
1093295
1093296
1093297
1093298
1093299
1093300
1093327
1093328
1093329
1093330
1093331
1093332
1093333
1093334
1093335
1093336
1093337
1093338
1093339
1093340
1093341
1093342
1093343
1093344
1093345
1093346
1093347
1093348
1093349
1093350
1093351
1093352
1093379
1093380
1093381
1093382
1093383
1093384
1093385
1093386
1093387
1093388
1093389
1093390
1093391
1093392
1093393
1093394
1093395
1093396
1093397
1093398
1093399
1093400
1093401
1093402
1093403
1093404
1093483
