1093484
1093485
1093486
1093487
1093488
1093489
1093490
1093491
1093492
1093493
1093494
1093495
1093496
1093497
1093498
1093499
1093500
1093501
1093502
1093503
1093504
1093505
1093506
1093507
1093508
1093509
1093510
1093511
1093512
1093513
1093514
1093515
1093516
1093517
1093518
1093519
1093520
1093521
1093522
1093523
1093524
1093525
1093526
1093527
1093528
1093529
1093530
1093531
1093532
1093533
1093534
1093561
1093562
1093563
1093564
1093565
1093566
1093567
1093568
1093569
1093570
1093571
1093572
1093573
1093574
1093575
1093576
1093577
1093578
1093579
1093580
1093581
1093582
1093583
1093584
1093585
1093586
1093587
1093588
1093589
1093590
1093591
1093592
1093593
1093594
1093595
1093596
1093597
1093598
1093599
1093600
1093601
1093602
1093603
1093604
1093605
1093606
1093607
1093608
1093609
1093610
1093611
1093612
1093665
1093666
1093667
1093668
1093669
1093670
1093671
1093672
1093673
1093674
1093675
1093676
1093677
1093678
1093679
1093680
1093681
1093682
1093683
1093684
1093685
1093686
1093687
1093688
1093689
1093690
1093717
1093718
1093719
1093720
1093721
1093722
1093723
1093724
1093725
1093726
1093727
1093728
1093729
1093730
1093731
1093732
1093733
1093734
1093735
1093736
1093737
1093738
1093739
1093740
1093741
1093742
1093743
1093744
1093745
1093746
1093747
1093748
1093749
1093750
1093751
1093752
1093753
1093754
1093755
1093756
1093757
1093758
1093759
1093760
1093761
1093762
1093763
1093764
1093765
1093766
1093767
1093768
1093795
1093796
1093797
1093798
1093799
1093800
1093801
1093802
1093803
1093804
1093805
1093806
1093807
1093808
1093809
1093810
1093811
1093812
1093813
1093814
1093815
1093816
1093817
1093818
1093819
1093820
1093873
1093874
1093875
1093876
1093877
1093878
1093879
1093880
1093881
1093882
1093883
1093884
1093885
1093886
1093887
1093888
1093889
1093890
1093891
1093892
1093893
1093894
1093895
1093896
1093897
1093898
1093925
1093926
1093927
1093928
1093929
1093930
1093931
1093932
1093933
1093934
1093935
1093936
1093937
1093938
1093939
1093940
1093941
1093942
1093943
1093944
1093945
1093946
1093947
1093948
1093949
1093950
1093951
1093952
1093953
1093954
1093955
1093956
1093957
1093958
1093959
1093960
1093961
1093962
1093963
1093964
1093965
1093966
1093967
1093968
1093969
1093970
1093971
1093972
1093973
1093974
1093975
1093976
1094003
1094004
1094005
1094006
1094007
1094008
1094009
1094010
1094011
1094012
1094013
1094014
1094016
1094017
1094018
1094019
1094020
1094021
1094022
1094023
1094024
1094025
1094026
1094027
1094028
1094081
1094082
1094083
1094084
1094085
1094086
1094087
1094088
1094089
1094090
1094091
1094092
1094093
1094094
1094095
1094096
1094097
1094098
1094099
1094100
1094101
1094102
1094103
1094104
1094105
1094106
1094107
1094108
1094109
1094110
1094111
1094112
1094113
1094114
1094115
1094116
1094117
1094118
1094119
1094120
1094121
1094122
1094123
1094124
1094125
1094126
1094127
1094128
1094129
1094130
1094131
1094132
1094185
1094186
1094187
1094188
1094189
1094190
1094191
1094192
1094193
1094194
1094195
1094196
1094197
1094198
1094199
1094200
1094201
1094202
1094203
1094204
1094205
1094206
1094207
1094208
1094209
1094210
1094211
1094212
1094213
1094214
1094215
1094216
1094217
1094218
1094219
1094220
1094221
1094222
1094223
1094224
1094225
1094226
1094227
1094228
1094229
1094230
1094231
1094232
1094233
1094234
1094235
1094236
1094263
1094264
1094265
1094266
1094267
1094268
1094269
1094270
1094271
1094272
1094273
1094274
1094275
1094276
1094277
1094278
1094279
1094280
1094281
1094282
1094283
1094284
1094285
1094286
1094287
1094288
1094341
1094342
1094343
1094344
1094345
1094346
1094347
1094348
1094349
1094350
1094351
1094352
1094353
1094354
1094355
1094356
1094357
1094358
1094359
1094360
1094361
1094362
1094363
1094364
1094365
1094366
1094393
1094394
1094395
1094396
1094397
1094398
1094399
1094400
1094401
1094402
1094403
1094404
1094405
1094406
1094407
1094408
1094409
1094410
1094411
1094412
1094413
1094414
1094415
1094416
1094417
1094418
1094445
1094446
1094447
1094448
1094449
1094450
1094451
1094452
1094453
1094454
1094455
1094456
1094457
1094458
1094459
1094460
1094461
1094462
1094463
1094464
1094465
1094466
1094467
1094468
1094469
1094470
1094471
1094472
1094473
1094474
1094475
1094476
1094477
1094478
1094479
1094480
1094481
1094482
1094483
1094484
1094485
1094486
1094487
1094488
1094489
1094490
1094491
1094492
1094493
1094494
1094495
1094496
1094549
1094550
1094551
1094552
1094553
1094554
1094555
1094556
1094557
1094558
1094559
1094560
1094561
1094562
1094563
1094564
1094565
1094566
1094567
1094568
1094569
1094570
1094571
1094572
1094573
1094574
1094575
1094576
1094577
1094578
1094579
1094580
1094581
1094582
1094583
1094584
1094585
1094586
1094587
1094588
1094589
1094590
1094591
1094592
1094593
1094594
1094595
1094596
1094597
1094598
1094599
1094600
1094653
1094654
1094655
1094656
1094657
1094658
1094659
1094660
1094661
1094662
1094663
1094664
1094665
1094666
1094667
1094668
1094669
1094670
1094671
1094672
1094673
1094674
1094675
1094676
1094677
1094678
1094705
1094706
1094707
1094708
1094709
1094710
1094711
1094712
1094713
1094714
1094715
1094716
1094717
1094718
1094719
1094720
1094721
1094722
1094723
1094724
1094725
1094726
1094727
1094728
1094729
1094730
1094757
1094758
1094759
1094760
1094761
1094762
1094763
1094764
1094765
1094766
1094767
1094768
1094769
1094770
1094771
1094772
1094773
1094774
1094775
1094776
1094777
1094778
1094779
1094780
1094781
1094782
1094809
1094810
1094811
1094812
1094813
1094814
1094815
1094816
1094817
1094818
1094819
1094820
1094821
1094822
1094823
1094824
1094825
1094826
1094827
1094828
1094829
1094830
1094831
1094832
1094833
1094834
1094835
1094836
1094837
1094838
1094839
1094840
1094841
1094842
1094843
1094844
1094845
1094846
1094847
1094848
1094849
1094850
1094851
1094852
1094853
1094854
1094855
1094856
1094857
1094858
1094859
1094860
1094913
1094914
1094915
1094916
1094917
1094918
1094919
1094920
1094921
1094922
1094923
1094924
1094925
1094926
1094927
1094928
1094929
1094930
1094931
1094932
1094933
1094934
1094935
1094936
1094937
1094938
1094939
1094940
1094941
1094942
1094943
1094944
1094945
1094946
1094947
1094948
1094949
1094950
1094951
1094952
1094953
1094954
1094955
1094956
1094957
1094958
1094959
1094960
1094961
1094962
1094963
1094964
1095017
1095018
1095019
1095020
1095021
1095022
1095023
1095024
1095025
1095026
1095027
1095028
1095029
1095030
1095031
1095032
1095033
1095034
1095035
1095036
1095037
1095038
1095039
1095040
1095041
1095042
1095069
1095070
1095071
1095072
1095073
1095074
1095075
1095076
1095077
1095078
1095079
1095080
1095081
1095082
1095083
1095084
1095085
1095086
1095087
1095088
1095089
1095090
1095091
1095092
1095093
1095094
1095095
1095096
1095097
1095098
1095099
1095100
1095101
1095102
1095103
1095104
1095105
1095106
1095107
1095108
1095109
1095110
1095111
1095112
1095113
1095114
1095115
1095116
1095117
1095118
1095119
1095120
1095147
1095148
1095149
1095150
1095151
1095152
1095153
1095154
1095155
1095156
1095157
1095158
1095159
1095160
1095161
1095162
1095163
1095164
1095165
1095166
1095167
1095168
1095169
1095170
1095171
1095172
1095199
1095200
1095201
1095202
1095203
1095204
1095205
1095206
1095207
1095208
1095209
1095210
1095211
1095212
1095213
1095214
1095215
1095216
1095217
1095218
1095219
1095220
1095221
1095222
1095223
1095224
1095277
1095278
1095279
1095280
1095281
1095282
1095283
1095284
1095285
1095286
1095287
1095288
1095289
1095290
1095291
1095292
1095293
1095294
1095295
1095296
1095297
1095298
1095299
1095300
1095301
1095302
1095303
1095304
1095305
1095306
1095307
1095308
1095309
1095310
1095311
1095312
1095313
1095314
1095315
1095316
1095317
1095318
1095319
1095320
1095321
1095322
1095323
1095324
1095325
1095326
1095327
1095328
