1095381
1095382
1095383
1095384
1095385
1095386
1095387
1095388
1095389
1095390
1095391
1095392
1095393
1095394
1095395
1095396
1095397
1095398
1095399
1095400
1095401
1095402
1095403
1095404
1095405
1095406
1095433
1095434
1095435
1095436
1095437
1095438
1095439
1095440
1095441
1095442
1095443
1095444
1095445
1095446
1095447
1095448
1095449
1095450
1095451
1095452
1095453
1095454
1095455
1095456
1095457
1095458
1095485
1095486
1095487
1095488
1095489
1095490
1095491
1095492
1095493
1095494
1095495
1095496
1095497
1095498
1095499
1095500
1095501
1095502
1095503
1095504
1095505
1095506
1095507
1095508
1095509
1095510
1095511
1095512
1095513
1095514
1095515
1095516
1095517
1095518
1095519
1095520
1095521
1095522
1095523
1095524
1095525
1095526
1095527
1095528
1095529
1095530
1095531
1095532
1095533
1095534
1095535
1095536
1095563
1095564
1095565
1095566
1095567
1095568
1095569
1095570
1095571
1095572
1095573
1095574
1095575
1095576
1095577
1095578
1095579
1095580
1095581
1095582
1095583
1095584
1095585
1095586
1095587
1095588
1095641
1095642
1095643
1095644
1095645
1095646
1095647
1095648
1095649
1095650
1095651
1095652
1095653
1095654
1095655
1095656
1095657
1095658
1095659
1095660
1095661
1095662
1095663
1095664
1095665
1095666
1095667
1095668
1095669
1095670
1095671
1095672
1095673
1095674
1095675
1095676
1095677
1095678
1095679
1095680
1095681
1095682
1095683
1095684
1095685
1095686
1095687
1095688
1095689
1095690
1095691
1095692
1095745
1095746
1095747
1095748
1095749
1095750
1095751
1095752
1095753
1095754
1095755
1095756
1095757
1095758
1095759
1095760
1095761
1095762
1095763
1095764
1095765
1095766
1095767
1095768
1095769
1095770
1095797
1095798
1095799
1095800
1095801
1095802
1095803
1095804
1095805
1095806
1095807
1095808
1095809
1095810
1095811
1095812
1095813
1095814
1095815
1095816
1095817
1095818
1095819
1095820
1095821
1095822
1095849
1095850
1095851
1095852
1095853
1095854
1095855
1095856
1095857
1095858
1095859
1095860
1095861
1095862
1095863
1095864
1095865
1095866
1095867
1095868
1095869
1095870
1095871
1095872
1095873
1095874
1095901
1095902
1095903
1095904
1095905
1095906
1095907
1095908
1095909
1095910
1095911
1095912
1095913
1095914
1095915
1095916
1095917
1095918
1095919
1095920
1095921
1095922
1095923
1095924
1095925
1095926
1095953
1095954
1095955
1095956
1095957
1095958
1095959
1095960
1095961
1095962
1095963
1095964
1095965
1095966
1095967
1095968
1095969
1095970
1095971
1095972
1095973
1095974
1095975
1095976
1095977
1095978
1096005
1096006
1096007
1096008
1096009
1096010
1096011
1096012
1096013
1096014
1096015
1096016
1096017
1096018
1096019
1096020
1096021
1096022
1096023
1096024
1096025
1096026
1096027
1096028
1096029
1096030
1096057
1096058
1096059
1096060
1096061
1096062
1096063
1096064
1096065
1096066
1096067
1096068
1096069
1096070
1096071
1096072
1096073
1096074
1096075
1096076
1096077
1096078
1096079
1096080
1096081
1096082
1096109
1096110
1096111
1096112
1096113
1096114
1096115
1096116
1096117
1096118
1096119
1096120
1096121
1096122
1096123
1096124
1096125
1096126
1096127
1096128
1096129
1096130
1096131
1096132
1096133
1096134
1096161
1096162
1096163
1096164
1096165
1096166
1096167
1096168
1096169
1096170
1096171
1096172
1096173
1096174
1096175
1096176
1096177
1096178
1096179
1096180
1096181
1096182
1096183
1096184
1096185
1096186
1096187
1096188
1096189
1096190
1096191
1096192
1096193
1096194
1096195
1096196
1096197
1096198
1096199
1096200
1096201
1096202
1096203
1096204
1096205
1096206
1096207
1096208
1096209
1096210
1096211
1096212
1096265
1096266
1096267
1096268
1096269
1096270
1096271
1096272
1096273
1096274
1096275
1096276
1096277
1096278
1096279
1096280
1096281
1096282
1096283
1096284
1096285
1096286
1096287
1096288
1096289
1096290
1096317
1096318
1096319
1096320
1096321
1096322
1096323
1096324
1096325
1096326
1096327
1096328
1096329
1096330
1096331
1096332
1096333
1096334
1096335
1096336
1096337
1096338
1096339
1096340
1096341
1096342
1096343
1096344
1096345
1096346
1096347
1096348
1096349
1096350
1096351
1096352
1096353
1096354
1096355
1096356
1096357
1096358
1096359
1096360
1096361
1096362
1096363
1096364
1096365
1096366
1096367
1096368
1096369
1096370
1096371
1096372
1096373
1096374
1096375
1096376
1096377
1096378
1096379
1096380
1096381
1096382
1096383
1096384
1096385
1096386
1096387
1096388
1096389
1096390
1096391
1096392
1096393
1096394
1096421
1096422
1096423
1096424
1096425
1096426
1096427
1096428
1096429
1096430
1096431
1096432
1096433
1096434
1096435
1096436
1096437
1096438
1096439
1096440
1096441
1096442
1096443
1096444
1096445
1096446
1096473
1096474
1096475
1096476
1096477
1096478
1096479
1096480
1096481
1096482
1096483
1096484
1096485
1096486
1096487
1096488
1096489
1096490
1096491
1096492
1096493
1096494
1096495
1096496
1096497
1096498
1096525
1096526
1096527
1096528
1096529
1096530
1096531
1096532
1096533
1096534
1096535
1096536
1096537
1096538
1096539
1096540
1096541
1096542
1096543
1096544
1096545
1096546
1096547
1096548
1096549
1096550
1096577
1096578
1096579
1096580
1096581
1096582
1096583
1096584
1096585
1096586
1096587
1096588
1096589
1096590
1096591
1096592
1096593
1096594
1096595
1096596
1096597
1096598
1096599
1096600
1096601
1096602
1096603
1096604
1096605
1096606
1096607
1096608
1096609
1096610
1096611
1096612
1096613
1096614
1096615
1096616
1096617
1096618
1096619
1096620
1096621
1096622
1096623
1096624
1096625
1096626
1096627
1096628
1096655
1096656
1096657
1096658
1096659
1096660
1096661
1096662
1096663
1096664
1096665
1096666
1096667
1096668
1096669
1096670
1096671
1096672
1096673
1096674
1096675
1096676
1096677
1096678
1096679
1096680
1096733
1096734
1096735
1096736
1096737
1096738
1096739
1096740
1096741
1096742
1096743
1096744
1096745
1096746
1096747
1096748
1096749
1096750
1096751
1096752
1096753
1096754
1096755
1096756
1096757
1096758
1096785
1096786
1096787
1096788
1096789
1096790
1096791
1096792
1096793
1096794
1096795
1096796
1096797
1096798
1096799
1096800
1096801
1096802
1096803
1096804
1096805
1096806
1096807
1096808
1096809
1096810
1096811
1096812
1096813
1096814
1096815
1096816
1096817
1096818
1096819
1096820
1096821
1096822
1096823
1096824
1096825
1096826
1096827
1096828
1096829
1096830
1096831
1096832
1096833
1096834
1096835
1096836
1096889
1096890
1096891
1096892
1096893
1096894
1096895
1096896
1096897
1096898
1096899
1096900
1096901
1096902
1096903
1096904
1096905
1096906
1096907
1096908
1096909
1096910
1096911
1096912
1096913
1096914
1096915
1096916
1096917
1096918
1096919
1096920
1096921
1096922
1096923
1096924
1096925
1096926
1096927
1096928
1096929
1096930
1096931
1096932
1096933
1096934
1096935
1096936
1096937
1096938
1096939
1096940
1096967
1096968
1096969
1096970
1096971
1096972
1096973
1096974
1096975
1096976
1096977
1096978
1096979
1096980
1096981
1096982
1096983
1096984
1096985
1096986
1096987
1096988
1096989
1096990
1096991
1096992
1097045
1097046
1097047
1097048
1097049
1097050
1097051
1097052
1097053
1097054
1097055
1097056
1097057
1097058
1097059
1097060
1097061
1097062
1097063
1097064
1097065
1097066
1097067
1097068
1097069
1097070
1097071
1097072
1097073
1097074
1097075
1097076
1097077
1097078
1097079
1097080
1097081
1097082
1097083
1097084
1097085
1097086
1097087
1097088
1097089
1097090
1097091
1097092
1097093
1097094
1097095
1097096
1097123
1097124
1097125
1097126
1097127
1097128
1097129
1097130
1097131
1097132
1097133
1097134
1097135
1097136
1097137
1097138
1097139
1097140
1097141
1097142
1097143
1097144
1097145
1097146
1097147
1097148
1097201
1097202
1097203
1097204
1097205
1097206
1097207
1097208
1097209
1097210
1097211
1097212
1097213
1097214
1097215
1097216
1097217
1097218
1097219
1097220
1097221
1097222
1097223
1097224
1097225
1097226
1097253
1097254
1097255
1097256
1097257
1097258
1097259
1097260
1097261
1097262
1097263
1097264
1097265
1097266
1097267
1097268
1097269
1097270
1097271
1097272
1097273
1097274
1097275
1097276
1097277
1097278
1097305
1097306
1097307
1097308
1097309
1097310
1097311
1097312
1097313
1097314
1097315
1097316
1097317
1097318
1097319
1097320
1097321
1097322
1097323
1097324
1097325
1097326
1097327
1097328
1097329
1097330
1097331
1097332
1097333
1097334
1097335
1097336
1097337
1097338
1097339
1097340
1097341
1097342
1097343
1097344
1097345
1097346
1097347
1097348
1097349
1097350
1097351
1097352
1097353
1097354
1097355
1097356
1097357
1097358
1097359
1097360
1097361
1097362
1097363
1097364
1097365
1097366
1097367
1097368
1097369
1097370
1097371
1097372
1097373
1097374
1097375
1097376
1097377
1097378
1097379
1097380
1097381
1097382
1097435
1097436
1097437
1097438
1097439
1097440
1097441
1097442
1097443
1097444
1097445
1097446
1097447
1097448
1097449
1097450
1097451
1097452
1097453
1097454
1097455
1097456
1097457
1097458
1097459
1097460
1097487
1097488
1097489
1097490
1097491
1097492
1097493
1097494
1097495
1097496
1097497
1097498
1097499
1097500
1097501
1097502
1097503
1097504
1097505
1097506
1097507
1097508
1097509
1097510
1097511
1097512
1097513
1097514
1097515
1097516
1097517
1097518
1097519
1097520
1097521
1097522
1097523
1097524
1097525
1097526
1097527
1097528
1097529
1097530
1097531
1097532
1097533
1097534
1097535
1097536
1097537
1097538
1097591
1097592
1097593
1097594
1097595
1097596
1097597
1097598
1097599
1097600
1097601
1097602
1097603
1097604
1097605
1097606
1097607
1097608
1097609
1097610
1097611
1097612
1097613
1097614
1097615
1097616
1097617
1097618
1097619
1097620
1097621
1097622
1097623
1097624
1097625
1097626
1097627
1097628
1097629
1097630
1097631
1097632
1097633
1097634
1097635
1097636
1097637
1097638
1097639
1097640
1097641
1097642
1097721
1097722
1097723
1097724
1097725
1097726
1097727
1097728
1097729
1097730
1097731
1097732
1097733
1097734
1097735
1097736
1097737
1097738
1097739
1097740
1097741
1097742
1097743
1097744
1097745
1097746
1097773
1097774
1097775
1097776
1097777
1097778
1097779
1097780
1097781
1097782
1097783
1097784
1097785
1097786
1097787
1097788
1097789
1097790
1097791
1097792
1097793
1097795
1097796
1097797
1097798
1097799
1097800
1097801
1097802
1097803
1097804
1097805
1097806
1097807
1097808
1097809
1097810
1097811
1097812
1097813
1097814
1097815
1097816
1097817
1097818
1097819
1097820
1097821
1097822
1097823
1097824
1097903
1097904
1097905
1097906
1097907
1097908
1097909
1097910
1097911
1097912
1097913
1097914
1097915
1097916
1097917
1097918
1097919
1097920
1097921
1097922
1097923
1097924
1097925
1097926
1097927
1097928
1097929
1097930
1097931
1097932
1097933
1097934
1097935
1097936
1097937
1097938
1097939
1097940
1097941
1097942
1097943
1097944
1097945
1097946
1097947
1097948
1097949
1097950
1097951
1097952
1097953
1097954
1097981
1097982
1097983
1097984
1097985
1097986
1097987
1097988
1097989
1097990
1097991
1097992
1097993
1097994
1097995
1097996
1097997
1097998
1097999
1098000
1098001
1098002
1098003
1098004
1098005
1098006
1098033
1098034
1098035
1098036
1098037
1098038
1098039
1098040
1098041
1098042
1098043
1098044
1098045
1098046
1098047
1098048
1098049
1098050
1098051
1098052
1098053
1098054
1098055
1098056
1098057
1098058
1098111
1098112
1098113
1098114
1098115
1098116
1098117
1098118
1098119
1098120
1098121
1098122
1098123
1098124
1098125
1098126
1098127
1098128
1098129
1098130
1098131
1098132
1098133
1098134
1098135
1098136
1098163
1098164
1098165
1098166
1098167
1098168
1098169
1098170
1098171
1098172
1098173
1098174
1098175
1098176
1098177
1098178
1098179
1098180
1098181
1098182
1098183
1098184
1098185
1098186
1098187
1098188
1098189
1098190
1098191
1098192
1098193
1098194
1098195
1098196
1098197
1098198
1098199
1098200
1098201
1098202
1098203
1098204
1098205
1098206
1098207
1098208
1098209
1098210
1098211
1098212
1098213
1098214
1098267
1098268
1098269
1098270
1098271
1098272
1098273
1098274
1098275
1098276
1098277
1098278
1098279
1098280
1098281
1098282
1098283
1098284
1098285
1098286
1098287
1098288
1098289
1098290
1098291
1098292
1098293
1098294
1098295
1098296
1098297
1098298
1098299
1098300
1098301
1098302
1098303
1098304
1098305
1098306
1098307
1098308
1098309
1098310
1098311
1098312
1098313
1098314
1098315
1098316
1098317
1098318
1098319
1098320
1098321
1098322
1098323
1098324
1098325
1098326
1098327
1098328
1098329
1098330
1098331
1098332
1098333
1098334
1098335
1098336
1098337
1098338
1098339
1098340
1098341
1098342
1098343
1098344
1098397
1098398
1098399
1098400
1098401
1098402
1098403
1098404
1098405
1098406
1098407
1098408
1098409
1098410
1098411
1098412
1098413
1098414
1098415
1098416
1098417
1098418
1098419
1098420
1098421
1098422
1098423
1098424
1098425
1098426
1098427
1098428
1098429
1098430
1098431
1098432
1098433
1098434
1098435
1098436
1098437
1098438
1098439
1098440
1098441
1098442
1098443
1098444
1098445
1098446
1098447
1098448
1098449
1098450
1098451
1098452
1098453
1098454
1098455
1098456
1098457
1098458
1098459
1098460
1098461
1098462
1098463
1098464
1098465
1098466
1098467
1098468
1098469
1098470
1098471
1098472
1098473
1098474
1098475
1098476
1098477
1098478
1098479
1098480
1098481
1098482
1098483
1098484
1098485
1098486
1098487
1098488
1098489
1098490
1098491
1098492
1098493
1098494
1098495
1098496
1098497
1098498
1098499
1098500
1098553
1098554
1098555
1098556
1098557
1098558
1098559
1098560
1098561
1098562
1098563
1098564
1098565
1098566
1098567
1098568
1098569
1098570
1098571
1098572
1098573
1098574
1098575
1098576
1098577
1098578
1098605
1098606
1098607
1098608
1098609
1098610
1098611
1098612
1098613
1098614
1098615
1098616
1098617
1098618
1098619
1098620
1098621
1098622
1098623
1098624
1098625
1098626
1098627
1098628
1098629
1098630
1098657
1098658
1098659
1098660
1098661
1098662
1098663
1098664
1098665
1098666
1098667
1098668
1098669
1098670
1098671
1098672
1098673
1098674
1098675
1098676
1098677
1098678
1098679
1098680
1098681
1098682
1098735
1098736
1098737
1098738
1098739
1098740
1098741
1098742
1098743
1098744
1098745
1098746
1098747
1098748
1098749
1098750
1098751
1098752
1098753
1098754
1098755
1098756
1098757
1098758
1098759
1098760
1098761
1098762
1098763
1098764
1098765
1098766
1098767
1098768
1098769
1098770
1098771
1098772
1098773
1098774
1098775
1098776
1098777
1098778
1098779
1098780
1098781
1098782
1098783
1098784
1098785
1098786
1098813
1098814
1098815
1098816
1098817
1098818
1098819
1098820
1098821
1098822
1098823
1098824
1098825
1098826
1098827
1098828
1098829
1098830
1098831
1098832
1098833
1098834
1098835
1098836
1098837
1098838
1098917
1098918
1098919
1098920
1098921
1098922
1098923
1098924
1098925
1098926
1098927
1098928
1098929
1098930
1098931
1098932
1098933
1098934
1098935
1098936
1098937
1098938
1098939
1098940
1098941
1098942
1098969
1098970
1098971
1098972
1098973
1098974
1098975
1098976
1098977
1098978
1098979
1098980
1098981
1098982
1098983
1098984
1098985
1098986
1098987
1098988
1098989
1098990
1098991
1098992
1098993
1098994
1099047
1099048
1099049
1099050
1099051
1099052
1099053
1099054
1099055
1099056
1099057
1099058
1099059
1099060
1099061
1099062
1099063
1099064
1099065
1099066
1099067
1099068
1099069
1099070
1099071
1099072
1099099
1099100
1099101
1099102
1099103
1099104
1099105
1099106
1099107
1099108
1099109
1099110
1099111
1099112
1099113
1099114
1099115
1099116
1099117
1099118
1099119
1099120
1099121
1099122
1099123
1099124
1099151
1099152
1099153
1099154
1099155
1099156
1099157
1099158
1099159
1099160
1099161
1099162
1099163
1099164
1099165
1099166
1099167
1099168
1099169
1099170
1099171
1099172
1099173
1099174
1099175
1099176
1099177
1099178
1099179
1099180
1099181
1099182
1099183
1099184
1099185
1099186
1099187
1099188
1099189
1099190
1099191
1099192
1099193
1099194
1099195
1099196
1099197
1099198
1099199
1099200
1099201
1099202
1099255
1099256
1099257
1099258
1099259
1099260
1099261
1099262
1099263
1099264
1099265
1099266
1099267
1099268
1099269
1099270
1099271
1099272
1099273
1099274
1099275
1099276
1099277
1099278
1099279
1099280
1099281
1099282
1099283
1099284
1099285
1099286
1099287
1099288
1099289
1099290
1099291
1099292
1099293
1099294
1099295
1099296
1099297
1099298
1099299
1099300
1099301
1099302
1099303
1099304
1099305
1099306
1099333
1099334
1099335
1099336
1099337
1099338
1099339
1099340
1099341
1099342
1099343
1099344
1099345
1099346
1099347
1099348
1099349
1099350
1099351
1099352
1099353
1099354
1099355
1099356
1099357
1099358
1099385
1099386
1099387
1099388
1099389
1099390
1099391
1099392
1099393
1099394
1099395
1099396
1099397
1099398
1099399
1099400
1099401
1099402
1099403
1099404
1099405
1099406
1099407
1099408
1099409
1099410
1099463
1099464
1099465
1099466
1099467
1099468
1099469
1099470
1099471
1099472
1099473
1099474
1099475
1099476
1099477
1099478
1099479
1099480
1099481
1099482
1099483
1099484
1099485
1099486
1099487
1099488
1099489
1099490
1099491
1099492
1099493
1099494
1099495
1099496
1099497
1099498
1099499
1099500
1099501
1099502
1099503
1099504
1099505
1099506
1099507
1099508
1099509
1099510
1099511
1099512
1099513
1099514
1099567
1099568
1099569
1099570
1099571
1099572
1099573
1099574
1099575
1099576
1099577
1099578
1099579
1099580
1099581
1099582
1099583
1099584
1099585
1099586
1099587
1099588
1099589
1099590
1099591
1099592
1099593
1099594
1099595
1099596
1099597
1099598
1099599
1099600
1099601
1099602
1099603
1099604
1099605
1099606
1099607
1099608
1099609
1099610
1099611
1099612
1099613
1099614
1099615
1099616
1099617
1099618
1099645
1099646
1099647
1099648
1099649
1099650
1099651
1099652
1099653
1099654
1099655
1099656
1099657
1099658
1099659
1099660
1099661
1099662
1099663
1099664
1099665
1099666
1099667
1099668
1099669
1099670
1099723
1099724
1099725
1099726
1099727
1099728
1099729
1099730
1099731
1099732
1099733
1099734
1099735
1099736
1099737
1099738
1099739
1099740
1099741
1099742
1099743
1099744
1099745
1099746
1099747
1099748
1099749
1099750
1099751
1099752
1099753
1099754
1099755
1099756
1099757
1099758
1099759
1099760
1099761
1099762
1099763
1099764
1099765
1099766
1099767
1099768
1099769
1099770
1099771
1099772
1099773
1099774
1099801
1099802
1099803
1099804
1099805
1099806
1099807
1099808
1099809
1099810
1099811
1099812
1099813
1099814
1099815
1099816
1099817
1099818
1099819
1099820
1099821
1099822
1099823
1099824
1099825
1099826
1099879
1099880
1099881
1099882
1099883
1099884
1099885
1099886
1099887
1099888
1099889
1099890
1099891
1099892
1099893
1099894
1099895
1099896
1099897
1099898
1099899
1099900
1099901
1099902
1099903
1099904
1099905
1099906
1099907
1099908
1099909
1099910
1099911
1099912
1099913
1099914
1099915
1099916
1099917
1099918
1099919
1099920
1099921
1099922
1099923
1099924
1099925
1099926
1099927
1099928
1099929
1099930
1099931
1099932
1099933
1099934
1099935
1099936
1099937
1099938
1099939
1099940
1099941
1099942
1099943
1099944
1099945
1099946
1099947
1099948
1099949
1099950
1099951
1099952
1099953
1099954
1099955
1099956
1099983
1099984
1099985
1099986
1099987
1099988
1099989
1099990
1099991
1099992
1099993
1099994
1099995
1099996
1099997
1099998
1099999
1100000
1100001
1100002
1100003
1100004
1100005
1100006
1100007
1100008
1100061
1100062
1100063
1100064
1100065
1100066
1100067
1100068
1100069
1100070
1100071
1100072
1100073
1100074
1100075
1100076
1100077
1100078
1100079
1100080
1100081
1100082
1100083
1100084
1100085
1100086
1100087
1100088
1100089
1100090
1100091
1100092
1100093
1100094
1100095
1100096
1100097
1100098
1100099
1100100
1100101
1100102
1100103
1100104
1100105
1100106
1100107
1100108
1100109
1100110
1100111
1100112
1100139
1100140
1100141
1100142
1100143
1100144
1100145
1100146
1100147
1100148
1100149
1100150
1100151
1100152
1100153
1100154
1100155
1100156
1100157
1100158
1100159
1100160
1100161
1100162
1100163
1100164
1100165
1100166
1100167
1100168
1100169
1100170
1100171
1100172
1100173
1100174
1100175
1100176
1100177
1100178
1100179
1100180
1100181
1100182
1100183
1100184
1100185
1100186
1100187
1100188
1100189
1100190
1100217
1100218
1100219
1100220
1100221
1100222
1100223
1100224
1100225
1100226
1100227
1100228
1100229
1100230
1100231
1100232
1100233
1100234
1100235
1100236
1100237
1100238
1100239
1100240
1100241
1100242
1100321
1100322
1100323
1100324
1100325
1100326
1100327
1100328
1100329
1100330
1100331
1100332
1100333
1100334
1100335
1100336
1100337
1100338
1100339
1100340
1100341
1100342
1100343
1100344
1100345
1100346
1100399
1100400
1100401
1100402
1100403
1100404
1100405
1100406
1100407
1100408
1100409
1100410
1100411
1100412
1100413
1100414
1100415
1100416
1100417
1100418
1100419
1100420
1100421
1100422
1100423
1100424
1100425
1100426
1100427
1100428
1100429
1100430
1100431
1100432
1100433
1100434
1100435
1100436
1100437
1100438
1100439
1100440
1100441
1100442
1100443
1100444
1100445
1100446
1100447
1100448
1100449
1100450
1100477
1100478
1100479
1100480
1100481
1100482
1100483
1100484
1100486
1100487
1100488
1100489
1100490
1100491
1100492
1100493
1100494
1100495
1100496
1100497
1100498
1100499
1100500
1100501
1100502
1100555
1100556
1100557
1100558
1100559
1100560
1100561
1100562
1100563
1100564
1100565
1100566
1100567
1100568
1100569
1100570
1100571
1100572
1100573
1100574
1100575
1100576
1100577
1100578
1100579
1100580
1100607
1100608
1100609
1100610
1100611
1100612
1100613
1100614
1100615
1100616
1100617
1100618
1100619
1100620
1100621
1100622
1100623
1100624
1100625
1100626
1100627
1100628
1100629
1100630
1100631
1100632
1100633
1100634
1100635
1100636
1100637
1100638
1100639
1100640
1100641
1100642
1100643
1100644
1100645
1100646
1100647
1100648
1100649
1100650
1100651
1100652
1100653
1100654
1100655
1100656
1100657
1100658
1100711
1100712
1100713
1100714
1100715
1100716
1100717
1100718
1100719
1100720
1100721
1100722
1100723
1100724
1100725
1100726
1100727
1100728
1100729
1100730
1100731
1100732
1100733
1100734
1100735
1100736
1100763
1100764
1100765
1100766
1100767
1100768
1100769
1100770
1100771
1100772
1100773
1100774
1100775
1100776
1100777
1100778
1100779
1100780
1100781
1100782
1100783
1100784
1100785
1100786
1100787
1100788
1100789
1100790
1100791
1100792
1100793
1100794
1100795
1100796
1100797
1100798
1100799
1100800
1100801
1100802
1100803
1100804
1100805
1100806
1100807
1100808
1100809
1100810
1100811
1100812
1100813
1100814
1100841
1100842
1100843
1100844
1100845
1100846
1100847
1100848
1100849
1100850
1100851
1100852
1100853
1100854
1100855
1100856
1100857
1100858
1100859
1100860
1100861
1100862
1100863
1100864
1100865
1100866
1100919
1100920
1100921
1100922
1100923
1100924
1100925
1100926
1100927
1100928
1100929
1100930
1100931
1100932
1100933
1100934
1100935
1100936
1100937
1100938
1100939
1100940
1100941
1100942
1100943
1100944
1100945
1100946
1100947
1100948
1100949
1100950
1100951
1100952
1100953
1100954
1100955
1100956
1100957
1100958
1100959
1100960
1100961
1100962
1100963
1100964
1100965
1100966
1100967
1100968
1100969
1100970
1101023
1101024
1101025
1101026
1101027
1101028
1101029
1101030
1101031
1101032
1101033
1101034
1101035
1101036
1101037
1101038
1101039
1101040
1101041
1101042
1101043
1101044
1101045
1101046
1101047
1101048
1101049
1101050
1101051
1101052
1101053
1101054
1101055
1101056
1101057
1101058
1101059
1101060
1101061
1101062
1101063
1101064
1101065
1101066
1101067
1101068
1101069
1101070
1101071
1101072
1101073
1101074
1101179
1101180
1101181
1101182
1101183
1101184
1101185
1101186
1101187
1101188
1101189
1101190
1101191
1101192
1101193
1101194
1101195
1101196
1101197
1101198
1101199
1101200
1101201
1101202
1101203
1101204
1101257
1101258
1101259
1101260
1101261
1101262
1101263
1101264
1101265
1101266
1101267
1101268
1101269
1101270
1101271
1101272
1101273
1101274
1101275
1101276
1101277
1101278
1101279
1101280
1101281
1101282
1101283
1101284
1101285
1101286
1101287
1101288
1101289
1101290
1101291
1101292
1101293
1101294
1101295
1101296
1101297
1101298
1101299
1101300
1101301
1101302
1101303
1101304
1101305
1101306
1101307
1101308
1101335
1101336
1101337
1101338
1101339
1101340
1101341
1101342
1101343
1101344
1101345
1101346
1101347
1101348
1101349
1101350
1101351
1101352
1101353
1101354
1101355
1101356
1101357
1101358
1101359
1101360
1101361
1101362
1101363
1101364
1101365
1101366
1101367
1101368
1101369
1101370
1101371
1101372
1101373
1101374
1101375
1101376
1101377
1101378
1101379
1101380
1101381
1101382
1101383
1101384
1101385
1101386
1101439
1101440
1101441
1101442
1101443
1101444
1101445
1101446
1101447
1101448
1101449
1101450
1101451
1101452
1101453
1101454
1101455
1101456
1101457
1101458
1101459
1101460
1101461
1101462
1101463
1101464
1101491
1101492
1101493
1101494
1101495
1101496
1101497
1101498
1101499
1101500
1101501
1101502
1101503
1101504
1101505
1101506
1101507
1101508
1101509
1101510
1101511
1101512
1101513
1101514
1101515
1101516
1101517
1101518
1101519
1101520
1101521
1101522
1101523
1101524
1101525
1101526
1101527
1101528
1101529
1101530
1101531
1101532
1101533
1101534
1101535
1101536
1101537
1101538
1101539
1101540
1101541
1101542
1101595
1101596
1101597
1101598
1101599
1101600
1101601
1101602
1101603
1101604
1101605
1101606
1101607
1101608
1101609
1101610
1101611
1101612
1101613
1101614
1101615
1101616
1101617
1101618
1101619
1101620
