1101673
1101674
1101675
1101676
1101677
1101678
1101679
1101680
1101681
1101682
1101683
1101684
1101685
1101686
1101687
1101688
1101689
1101690
1101691
1101692
1101693
1101694
1101695
1101696
1101697
1101698
1101725
1101726
1101727
1101728
1101729
1101730
1101731
1101732
1101733
1101734
1101735
1101736
1101737
1101738
1101739
1101740
1101741
1101742
1101743
1101744
1101745
1101746
1101747
1101748
1101749
1101750
1101777
1101778
1101779
1101780
1101781
1101782
1101783
1101784
1101785
1101786
1101787
1101788
1101789
1101790
1101791
1101792
1101793
1101794
1101795
1101796
1101797
1101798
1101799
1101800
1101801
1101802
1101829
1101830
1101831
1101832
1101833
1101834
1101835
1101836
1101837
1101838
1101839
1101840
1101841
1101842
1101843
1101844
1101845
1101846
1101847
1101848
1101849
1101850
1101851
1101852
1101853
1101854
1101933
1101934
1101935
1101936
1101937
1101938
1101939
1101940
1101941
1101942
1101943
1101944
1101945
1101946
1101947
1101948
1101949
1101950
1101951
1101952
1101953
1101954
1101955
1101956
1101957
1101958
1101985
1101986
1101987
1101988
1101989
1101990
1101991
1101992
1101993
1101994
1101995
1101996
1101997
1101998
1101999
1102000
1102001
1102002
1102003
1102004
1102005
1102006
1102007
1102008
1102009
1102010
1102037
1102038
1102039
1102040
1102041
1102042
1102043
1102044
1102045
1102046
1102047
1102048
1102049
1102050
1102051
1102052
1102053
1102054
1102055
1102056
1102057
1102058
1102059
1102060
1102061
1102062
1102063
1102064
1102065
1102066
1102067
1102068
1102069
1102070
1102071
1102072
1102073
1102074
1102075
1102076
1102077
1102078
1102079
1102080
1102081
1102082
1102083
1102084
1102085
1102086
1102087
1102088
1102115
1102116
1102117
1102118
1102119
1102120
1102121
1102122
1102123
1102124
1102125
1102126
1102127
1102128
1102129
1102130
1102131
1102132
1102133
1102134
1102135
1102136
1102137
1102138
1102139
1102140
1102167
1102168
1102169
1102170
1102171
1102172
1102173
1102174
1102175
1102176
1102177
1102178
1102179
1102180
1102181
1102182
1102183
1102184
1102185
1102186
1102187
1102188
1102189
1102190
1102191
1102192
1102219
1102220
1102221
1102222
1102223
1102224
1102225
1102226
1102227
1102228
1102229
1102230
1102231
1102232
1102233
1102234
1102235
1102236
1102237
1102238
1102239
1102240
1102241
1102242
1102243
1102244
1102297
1102298
1102299
1102300
1102301
1102302
1102303
1102304
1102305
1102306
1102307
1102308
1102309
1102310
1102311
1102312
1102313
1102314
1102315
1102316
1102317
1102318
1102319
1102320
1102321
1102322
1102323
1102324
1102325
1102326
1102327
1102328
1102329
1102330
1102331
1102332
1102333
1102334
1102335
1102336
1102337
1102338
1102339
1102340
1102341
1102342
1102343
1102344
1102345
1102346
1102347
1102348
1102349
1102350
1102351
1102352
1102353
1102354
1102355
1102356
1102357
1102358
1102359
1102360
1102361
1102362
1102363
1102364
1102365
1102366
1102367
1102368
1102369
1102370
1102371
1102372
1102373
1102374
1102427
1102428
1102429
1102430
1102431
1102432
1102433
1102434
1102435
1102436
1102437
1102438
1102439
1102440
1102441
1102442
1102443
1102444
1102445
1102446
1102447
1102448
1102449
1102450
1102451
1102452
1102453
1102454
1102455
1102456
1102457
1102458
1102459
1102460
1102461
1102462
1102463
1102464
1102465
1102466
1102467
1102468
1102469
1102470
1102471
1102472
1102473
1102474
1102475
1102476
1102477
1102478
1102505
1102506
1102507
1102508
1102509
1102510
1102511
1102512
1102513
1102514
1102515
1102516
1102517
1102518
1102519
1102520
1102521
1102522
1102523
1102524
1102525
1102526
1102527
1102528
1102529
1102530
1102635
1102636
1102637
1102638
1102639
1102640
1102641
1102642
1102643
1102644
1102645
1102646
1102647
1102648
1102649
1102650
1102651
1102652
1102653
1102654
1102655
1102656
1102657
1102658
1102659
1102660
1102661
1102662
1102663
1102664
1102665
1102666
1102667
1102668
1102669
1102670
1102671
1102672
1102673
1102674
1102675
1102676
1102677
1102678
1102679
1102680
1102681
1102682
1102683
1102684
1102685
1102686
1102713
1102714
1102715
1102716
1102717
1102718
1102719
1102720
1102721
1102722
1102723
1102724
1102725
1102726
1102727
1102728
1102729
1102730
1102731
1102732
1102733
1102734
1102735
1102736
1102737
1102738
1102765
1102766
1102767
1102768
1102769
1102770
1102771
1102772
1102773
1102774
1102775
1102776
1102777
1102778
1102779
1102780
1102781
1102782
1102783
1102784
1102785
1102786
1102787
1102788
1102789
1102790
1102843
1102844
1102845
1102846
1102847
1102848
1102849
1102850
1102851
1102852
1102853
1102854
1102855
1102856
1102857
1102858
1102859
1102860
1102861
1102862
1102863
1102864
1102865
1102866
1102867
1102868
1102895
1102896
1102897
1102898
1102899
1102900
1102901
1102902
1102903
1102904
1102905
1102906
1102907
1102908
1102909
1102910
1102911
1102912
1102913
1102914
1102915
1102916
1102917
1102918
1102919
1102920
1102973
1102974
1102975
1102976
1102977
1102978
1102979
1102980
1102981
1102982
1102983
1102984
1102985
1102986
1102987
1102988
1102989
1102990
1102991
1102992
1102993
1102994
1102995
1102996
1102997
1102998
1103025
1103026
1103027
1103028
1103029
1103030
1103031
1103032
1103033
1103034
1103035
1103036
1103037
1103038
1103039
1103040
1103041
1103042
1103043
1103044
1103045
1103046
1103047
1103048
1103049
1103050
1103051
1103052
1103053
1103054
1103055
1103056
1103057
1103058
1103059
1103060
1103061
1103062
1103063
1103064
1103065
1103066
1103067
1103068
1103069
1103070
1103071
1103072
1103073
1103074
1103075
1103076
1103129
1103130
1103131
1103132
1103133
1103134
1103135
1103136
1103137
1103138
1103139
1103140
1103141
1103142
1103143
1103144
1103145
1103146
1103147
1103148
1103149
1103150
1103151
1103152
1103153
1103154
1103181
1103182
1103183
1103184
1103185
1103186
1103187
1103188
1103189
1103190
1103191
1103192
1103193
1103194
1103195
1103196
1103197
1103198
1103199
1103200
1103201
1103202
1103203
1103204
1103205
1103206
1103311
1103312
1103313
1103314
1103315
1103316
1103317
1103318
1103319
1103320
1103321
1103322
1103323
1103324
1103325
1103326
1103327
1103328
1103329
1103330
1103331
1103332
1103333
1103334
1103335
1103336
1103337
1103338
1103339
1103340
1103341
1103342
1103343
1103344
1103345
1103346
1103347
1103348
1103349
1103350
1103351
1103352
1103353
1103354
1103355
1103356
1103357
1103358
1103359
1103360
1103361
1103362
1103363
1103364
1103365
1103366
1103367
1103368
1103369
1103370
1103371
1103372
1103373
1103374
1103375
1103376
1103377
1103378
1103379
1103380
1103381
1103382
1103383
1103384
1103385
1103386
1103387
1103388
1103441
1103442
1103443
1103444
1103445
1103446
1103447
1103448
1103449
1103450
1103451
1103452
1103453
1103454
1103455
1103456
1103457
1103458
1103459
1103460
1103461
1103462
1103463
1103464
1103465
1103466
1103519
1103520
1103521
1103522
1103523
1103524
1103525
1103526
1103527
1103528
1103529
1103530
1103531
1103532
1103533
1103534
1103535
1103536
1103537
1103538
1103539
1103540
1103541
1103542
1103543
1103544
1103545
1103546
1103547
1103548
1103549
1103550
1103551
1103552
1103553
1103554
1103555
1103556
1103557
1103558
1103559
1103560
1103561
1103562
1103563
1103564
1103565
1103566
1103567
1103568
1103569
1103570
1103571
1103572
1103573
1103574
1103575
1103576
1103577
1103578
1103579
1103580
1103581
1103582
1103583
1103584
1103585
1103586
1103587
1103588
1103589
1103590
1103591
1103592
1103593
1103594
1103595
1103596
1103623
1103624
1103625
1103626
1103627
1103628
1103629
1103630
1103631
1103632
1103633
1103634
1103635
1103636
1103637
1103638
1103639
1103640
1103641
1103642
1103643
1103644
1103645
1103646
1103647
1103648
1103649
1103650
1103651
1103652
1103653
1103654
1103655
1103656
1103657
1103658
1103659
1103660
1103661
1103662
1103663
1103664
1103665
1103666
1103667
1103668
1103669
1103670
1103671
1103672
1103673
1103674
1103701
1103702
1103703
1103704
1103705
1103706
1103707
1103708
1103709
1103710
1103711
1103712
1103713
1103714
1103715
1103716
1103717
1103718
1103719
1103720
1103721
1103722
1103723
1103724
1103725
1103726
1103727
1103728
1103729
1103730
1103731
1103732
1103733
1103734
1103735
1103736
1103737
1103738
1103739
1103740
1103741
1103742
1103743
1103744
1103745
1103746
1103747
1103748
1103749
1103750
1103751
1103752
1103753
1103754
1103755
1103756
1103757
1103758
1103759
1103760
1103761
1103762
1103763
1103764
1103765
1103766
1103767
1103768
1103769
1103770
1103771
1103772
1103773
1103774
1103775
1103776
1103777
1103778
1103831
1103832
1103833
1103834
1103835
1103836
1103837
1103838
1103839
1103840
1103841
1103842
1103843
1103844
1103845
1103846
1103847
1103848
1103849
1103850
1103851
1103852
1103853
1103854
1103855
1103856
1103857
1103858
1103859
1103860
1103861
1103862
1103863
1103864
1103865
1103866
1103867
1103868
1103869
1103870
1103871
1103872
1103873
1103874
1103875
1103876
1103877
1103878
1103879
1103880
1103881
1103882
1103883
1103884
1103885
1103886
1103887
1103888
1103889
1103890
1103891
1103892
1103893
1103894
1103895
1103896
1103897
1103898
1103899
1103900
1103901
1103902
1103903
1103904
1103905
1103906
1103907
1103908
1103909
1103910
1103911
1103912
1103913
1103914
1103915
1103916
1103917
1103918
1103919
1103920
1103921
1103922
1103923
1103924
1103925
1103926
1103927
1103928
1103929
1103930
1103931
1103932
1103933
1103934
1103961
1103962
1103963
1103964
1103965
1103966
1103967
1103968
1103969
1103970
1103971
1103972
1103973
1103974
1103975
1103976
1103977
1103978
1103979
1103980
1103981
1103982
1103983
1103984
1103985
1103986
1104013
1104014
1104015
1104016
1104017
1104018
1104019
1104020
1104021
1104022
1104023
1104024
1104025
1104026
1104027
1104028
1104029
1104030
1104031
1104032
1104033
1104034
1104035
1104036
1104037
1104038
1104065
1104066
1104067
1104068
1104069
1104070
1104071
1104072
1104073
1104074
1104075
1104076
1104077
1104078
1104079
1104080
1104081
1104082
1104083
1104084
1104085
1104086
1104087
1104088
1104089
1104090
1104091
1104092
1104093
1104094
1104095
1104096
1104097
1104098
1104099
1104100
1104101
1104102
1104103
1104104
1104105
1104106
1104107
1104108
1104109
1104110
1104111
1104112
1104113
1104114
1104115
1104116
1104117
1104118
1104119
1104120
1104121
1104122
1104123
1104124
1104125
1104126
1104127
1104128
1104129
1104130
1104131
1104132
1104133
1104134
1104135
1104136
1104137
1104138
1104139
1104140
1104141
1104142
1104143
1104144
1104145
1104146
1104147
1104148
1104149
1104150
1104151
1104152
1104153
1104154
1104155
1104156
1104157
1104158
1104159
1104160
1104161
1104162
1104163
1104164
1104165
1104166
1104167
1104168
1104169
1104170
1104171
1104172
1104173
1104174
1104175
1104176
1104177
1104178
1104179
1104180
1104181
1104182
1104183
1104184
1104185
1104186
1104187
1104188
1104189
1104190
1104191
1104192
1104193
1104194
1104221
1104222
1104223
1104224
1104225
1104226
1104227
1104228
1104229
1104230
1104231
1104232
1104233
1104234
1104235
1104236
1104237
1104238
1104239
1104240
1104241
1104242
1104243
1104244
1104245
1104246
1104325
1104326
1104327
1104328
1104329
1104330
1104331
1104332
1104333
1104334
1104335
1104336
1104337
1104338
1104339
1104340
1104341
1104342
1104343
1104344
1104345
1104346
1104347
1104348
1104349
1104350
1104351
1104352
1104353
1104354
1104355
1104356
1104357
1104358
1104359
1104360
1104361
1104362
1104363
1104364
1104365
1104366
1104367
1104368
1104369
1104370
1104371
1104372
1104373
1104374
1104375
1104376
1104377
1104378
1104379
1104380
1104381
1104382
1104383
1104384
1104385
1104386
1104387
1104388
1104389
1104390
1104391
1104392
1104393
1104394
1104395
1104396
1104397
1104398
1104399
1104400
1104401
1104402
1104455
1104456
1104457
1104458
1104459
1104460
1104461
1104462
1104463
1104464
1104465
1104466
1104467
1104468
1104469
1104470
1104471
1104472
1104473
1104474
1104475
1104476
1104477
1104478
1104479
1104480
1104507
1104508
1104509
1104510
1104511
1104512
1104513
1104514
1104515
1104516
1104517
1104518
1104519
1104520
1104521
1104522
1104523
1104524
1104525
1104526
1104527
1104528
1104529
1104530
1104531
1104532
1104533
1104534
1104535
1104536
1104537
1104538
1104539
1104540
1104541
1104542
1104543
1104544
1104545
1104546
1104547
1104548
1104549
1104550
1104551
1104552
1104553
1104554
1104555
1104556
1104557
1104558
1104611
1104612
1104613
1104614
1104615
1104616
1104617
1104618
1104619
1104620
1104621
1104622
1104623
1104624
1104625
1104626
1104627
1104628
1104629
1104630
1104631
1104632
1104633
1104634
1104635
1104636
1104637
1104638
1104639
1104640
1104641
1104642
1104643
1104644
1104645
1104646
1104647
1104648
1104649
1104650
1104651
1104652
1104653
1104654
1104655
1104656
1104657
1104658
1104659
1104660
1104661
1104662
1104741
1104742
1104743
1104744
1104745
1104746
1104747
1104748
1104749
1104750
1104751
1104752
1104753
1104754
1104755
1104756
1104757
1104758
1104759
1104760
1104761
1104762
1104763
1104764
1104765
1104766
1104793
1104794
1104795
1104796
1104797
1104798
1104799
1104800
1104801
1104802
1104803
1104804
1104805
1104806
1104807
1104808
1104809
1104810
1104811
1104812
1104813
1104814
1104815
1104816
1104817
1104818
1104819
1104820
1104821
1104822
1104823
1104824
1104825
1104826
1104827
1104828
1104829
1104830
1104831
1104832
1104833
1104834
1104835
1104836
1104837
1104838
1104839
1104840
1104841
1104842
1104843
1104844
1104845
1104846
1104847
1104848
1104849
1104850
1104851
1104852
1104853
1104854
1104855
1104856
1104857
1104858
1104859
1104860
1104861
1104862
1104863
1104864
1104865
1104866
1104867
1104868
1104869
1104870
1104871
1104872
1104873
1104874
1104875
1104876
1104877
1104878
1104879
1104880
1104881
1104882
1104883
1104884
1104885
1104886
1104887
1104888
1104889
1104890
1104891
1104892
1104893
1104894
1104895
1104896
1104949
1104950
1104951
1104952
1104953
1104954
1104955
1104956
1104957
1104958
1104959
1104960
1104961
1104962
1104963
1104964
1104965
1104966
1104967
1104968
1104969
1104970
1104971
1104972
1104973
1104974
1105001
1105002
1105003
1105004
1105005
1105006
1105007
1105008
1105009
1105010
1105011
1105012
1105013
1105014
1105015
1105016
1105017
1105018
1105019
1105020
1105021
1105022
1105023
1105024
1105025
1105026
1105027
1105028
1105029
1105030
1105031
1105032
1105033
1105034
1105035
1105036
1105037
1105038
1105039
1105040
1105041
1105042
1105043
1105044
1105045
1105046
1105047
1105048
1105049
1105050
1105051
1105052
1105105
1105106
1105107
1105108
1105109
1105110
1105111
1105112
1105113
1105114
1105115
1105116
1105117
1105118
1105119
1105120
1105121
1105122
1105123
1105124
1105125
1105126
1105127
1105128
1105129
1105130
1105131
1105132
1105133
1105134
1105135
1105136
1105137
1105138
1105139
1105140
1105141
1105142
1105143
1105144
1105145
1105146
1105147
1105148
1105149
1105150
1105151
1105152
1105153
1105154
1105155
1105156
1105157
1105158
1105159
1105160
1105161
1105162
1105163
1105164
1105165
1105166
1105167
1105168
1105169
1105170
1105171
1105172
1105173
1105174
1105175
1105176
1105177
1105178
1105179
1105180
1105181
1105182
1105183
1105184
1105185
1105186
1105187
1105188
1105189
1105190
1105191
1105192
1105193
1105194
1105195
1105196
1105197
1105198
1105199
1105200
1105201
1105202
1105203
1105204
1105205
1105206
1105207
1105208
1105209
1105210
1105211
1105212
1105213
1105214
1105215
1105216
1105217
1105218
1105219
1105220
1105221
1105222
1105223
1105224
1105225
1105226
1105227
1105228
1105229
1105230
1105231
1105232
1105233
1105234
1105261
1105262
1105263
1105264
1105265
1105266
1105267
1105268
1105269
1105270
1105271
1105272
1105273
1105274
1105275
1105276
1105277
1105278
1105279
1105280
1105281
1105282
1105283
1105284
1105285
1105286
1105339
1105340
1105341
1105342
1105343
1105344
1105345
1105346
1105347
1105348
1105349
1105350
1105351
1105352
1105353
1105354
1105355
1105356
1105357
1105358
1105359
1105360
1105361
1105362
1105363
1105364
1105365
1105366
1105367
1105368
1105369
1105370
1105371
1105372
1105373
1105374
1105375
1105376
1105377
1105378
1105379
1105380
1105381
1105382
1105383
1105384
1105385
1105386
1105387
1105388
1105389
1105390
1105417
1105418
1105419
1105420
1105421
1105422
1105423
1105424
1105425
1105426
1105427
1105428
1105429
1105430
1105431
1105432
1105433
1105434
1105435
1105436
1105437
1105438
1105439
1105440
1105441
1105442
1105443
1105444
1105445
1105446
1105447
1105448
1105449
1105450
1105451
1105452
1105453
1105454
1105455
1105456
1105457
1105458
1105459
1105460
1105461
1105462
1105463
1105464
1105465
1105466
1105467
1105468
1105469
1105470
1105471
1105472
1105473
1105474
1105475
1105476
1105477
1105478
1105479
1105480
1105481
1105482
1105483
1105484
1105485
1105486
1105487
1105488
1105489
1105490
1105491
1105492
1105493
1105494
1105521
1105522
1105523
1105524
1105525
1105526
1105527
1105528
1105529
1105530
1105531
1105532
1105533
1105534
1105535
1105536
1105537
1105538
1105539
1105540
1105541
1105542
1105543
1105544
1105545
1105546
1105599
1105600
1105601
1105602
1105603
1105604
1105605
1105606
1105607
1105608
1105609
1105610
1105611
1105612
1105613
1105614
1105615
1105616
1105617
1105618
1105619
1105620
1105621
1105622
1105623
1105624
1105625
1105626
1105627
1105628
1105629
1105630
1105631
1105632
1105633
1105634
1105635
1105636
1105637
1105638
1105639
1105640
1105641
1105642
1105643
1105644
1105645
1105646
1105647
1105648
1105649
1105650
1105677
1105678
1105679
1105680
1105681
1105682
1105683
1105684
1105685
1105686
1105687
1105688
1105689
1105690
1105691
1105692
1105693
1105694
1105695
1105696
1105697
1105698
1105699
1105700
1105701
1105702
1105755
1105756
1105757
1105758
1105759
1105760
1105761
1105762
1105763
1105764
1105765
1105766
1105767
1105768
1105769
1105770
1105771
1105772
1105773
1105774
1105775
1105776
1105777
1105778
1105779
1105780
1105833
1105834
1105835
1105836
1105837
1105838
1105839
1105840
1105841
1105842
1105843
1105844
1105845
1105846
1105847
1105848
1105849
1105850
1105851
1105852
1105853
1105854
1105855
1105856
1105857
1105858
1105911
1105912
1105913
1105914
1105915
1105916
1105917
1105918
1105919
1105920
1105921
1105922
1105923
1105924
1105925
1105926
1105927
1105928
1105929
1105930
1105931
1105932
1105933
1105934
1105935
1105936
1105963
1105964
1105965
1105966
1105967
1105968
1105969
1105970
1105971
1105972
1105973
1105974
1105975
1105976
1105977
1105978
1105979
1105980
1105981
1105982
1105983
1105984
1105985
1105986
1105987
1105988
1105989
1105990
1105991
1105992
1105993
1105994
1105995
1105996
1105997
1105998
1105999
1106000
1106001
1106002
1106003
1106004
1106005
1106006
1106007
1106008
1106009
1106010
1106011
1106012
1106013
1106014
1106015
1106016
1106017
1106018
1106019
1106020
1106021
1106022
1106023
1106024
1106025
1106026
1106027
1106028
1106029
1106030
1106031
1106032
1106033
1106034
1106035
1106036
1106037
1106038
1106039
1106040
1106041
1106042
1106043
1106044
1106045
1106046
1106047
1106048
1106049
1106050
1106051
1106052
1106053
1106054
1106055
1106056
1106057
1106058
1106059
1106060
1106061
1106062
1106063
1106064
1106065
1106066
1106119
1106120
1106121
1106122
1106123
1106124
1106125
1106126
1106127
1106128
1106129
1106130
1106131
1106132
1106133
1106134
1106135
1106136
1106137
1106138
1106139
1106140
1106141
1106142
1106143
1106144
1106145
1106146
1106147
1106148
1106149
1106150
1106151
1106152
1106153
1106154
1106155
1106156
1106157
1106158
1106159
1106160
1106161
1106162
1106163
1106164
1106165
1106166
1106167
1106168
1106169
1106170
1106197
1106198
1106199
1106200
1106201
1106202
1106203
1106204
1106205
1106206
1106207
1106208
1106209
1106210
1106211
1106212
1106213
1106214
1106215
1106216
1106217
1106218
1106219
1106220
1106221
1106222
1106301
1106302
1106303
1106304
1106305
1106306
1106307
1106308
1106309
1106310
1106311
1106312
1106313
1106314
1106315
1106316
1106317
1106318
1106319
1106320
1106321
1106322
1106323
1106324
1106325
1106326
1106327
1106328
1106329
1106330
1106331
1106332
1106333
1106334
1106335
1106336
1106337
1106338
1106339
1106340
1106341
1106342
1106343
1106344
1106345
1106346
1106347
1106348
1106349
1106350
1106351
1106352
1106353
1106354
1106355
1106356
1106357
1106358
1106359
1106360
1106361
1106362
1106363
1106364
1106365
1106366
1106367
1106368
1106369
1106370
1106371
1106372
1106373
1106374
1106375
1106376
1106377
1106378
1106405
1106406
1106407
1106408
1106409
1106410
1106411
1106412
1106413
1106414
1106415
1106416
1106417
1106418
1106419
1106420
1106421
1106422
1106423
1106424
1106425
1106426
1106427
1106428
1106429
1106430
1106483
1106484
1106485
1106486
1106487
1106488
1106489
1106490
1106491
1106492
1106493
1106494
1106495
1106496
1106497
1106498
1106499
1106500
1106501
1106502
1106503
1106504
1106505
1106506
1106507
1106508
1106561
1106562
1106563
1106564
1106565
1106566
1106567
1106568
1106569
1106570
1106571
1106572
1106573
1106574
1106575
1106576
1106577
1106578
1106579
1106580
1106581
1106582
1106583
1106584
1106585
1106586
1106587
1106588
1106589
1106590
1106591
1106592
1106593
1106594
1106595
1106596
1106597
1106598
1106599
1106600
1106601
1106602
1106603
1106604
1106605
1106606
1106607
1106608
1106609
1106610
1106611
1106612
1106665
1106666
1106667
1106668
1106669
1106670
1106671
1106672
1106673
1106674
1106675
1106676
1106677
1106678
1106679
1106680
1106681
1106682
1106683
1106684
1106685
1106686
1106687
1106688
1106689
1106690
1106691
1106692
1106693
1106694
1106695
1106696
1106697
1106698
1106699
1106700
1106701
1106702
1106703
1106704
1106705
1106706
1106707
1106708
1106709
1106710
1106711
1106712
1106713
1106714
1106715
1106716
1106717
1106718
1106719
1106720
1106721
1106722
1106723
1106724
1106725
1106726
1106727
1106728
1106729
1106730
1106731
1106732
1106733
1106734
1106735
1106736
1106737
1106738
1106739
1106740
1106741
1106742
1106795
1106796
1106797
1106798
1106799
1106800
1106801
1106802
1106803
1106804
1106805
1106806
1106807
1106808
1106809
1106810
1106811
1106812
1106813
1106814
1106815
1106816
1106817
1106818
1106819
1106820
1106821
1106822
1106823
1106824
1106825
1106826
1106827
1106828
1106829
1106830
1106831
1106832
1106833
1106834
1106835
1106836
1106837
1106838
1106839
1106840
1106841
1106842
1106843
1106844
1106845
1106846
1106873
1106874
1106875
1106876
1106877
1106878
1106879
1106880
1106881
1106882
1106883
1106884
1106885
1106886
1106887
1106888
1106889
1106890
1106891
1106892
1106893
1106894
1106895
1106896
1106897
1106898
1106899
1106900
1106901
1106902
1106903
1106904
1106905
1106906
1106907
1106908
1106909
1106910
1106911
1106912
1106913
1106914
1106915
1106916
1106917
1106918
1106919
1106920
1106921
1106922
1106923
1106924
1106925
1106926
1106927
1106928
1106929
1106930
1106932
1106933
1106934
1106935
1106936
1106937
1106938
1106939
1106940
1106941
1106942
1106943
1106944
1106945
1106946
1106947
1106948
1106949
1106950
1107003
1107004
1107005
1107006
1107007
1107008
1107009
1107010
1107011
1107012
1107013
1107014
1107015
1107016
1107017
1107018
1107019
1107020
1107021
1107022
1107023
1107024
1107025
1107026
1107027
1107028
1107029
1107030
1107031
1107032
1107033
1107034
1107035
1107036
1107037
1107038
1107039
1107040
1107041
1107042
1107043
1107044
1107045
1107046
1107047
1107048
1107049
1107050
1107051
1107052
1107053
1107054
1107081
1107082
1107083
1107084
1107085
1107086
1107087
1107088
1107089
1107090
1107091
1107092
1107093
1107094
1107095
1107096
1107097
1107098
1107099
1107100
1107101
1107102
1107103
1107104
1107105
1107106
1107107
1107108
1107109
1107110
1107111
1107112
1107113
1107114
1107115
1107116
1107117
1107118
1107119
1107120
1107121
1107122
1107123
1107124
1107125
1107126
1107127
1107128
1107129
1107130
1107131
1107132
1107133
1107134
1107135
1107136
1107137
1107138
1107139
1107140
1107141
1107142
1107143
1107144
1107145
1107146
1107147
1107148
1107149
1107150
1107151
1107152
1107153
1107154
1107155
1107156
1107157
1107158
1107185
1107186
1107187
1107188
1107189
1107190
1107191
1107192
1107193
1107194
1107195
1107196
1107197
1107198
1107199
1107200
1107201
1107202
1107203
1107204
1107205
1107206
1107207
1107208
1107209
1107210
1107263
1107264
1107265
1107266
1107267
1107268
1107269
1107270
1107271
1107272
1107273
1107274
1107275
1107276
1107277
1107278
1107279
1107280
1107281
1107282
1107283
1107284
1107285
1107286
1107287
1107288
1107315
1107316
1107317
1107318
1107319
1107320
1107321
1107322
1107323
1107324
1107325
1107326
1107327
1107328
1107329
1107330
1107331
1107332
1107333
1107334
1107335
1107336
1107337
1107338
1107339
1107340
1107367
1107368
1107369
1107370
1107371
1107372
1107373
1107374
1107375
1107376
1107377
1107378
1107379
1107380
1107381
1107382
1107383
1107384
1107385
1107386
1107387
1107388
1107389
1107390
1107391
1107392
1107419
1107420
1107421
1107422
1107423
1107424
1107425
1107426
1107427
1107428
1107429
1107430
1107431
1107432
1107433
1107434
1107435
1107436
1107437
1107438
1107439
1107440
1107441
1107442
1107443
1107444
1107445
1107446
1107447
1107448
1107449
1107450
1107451
1107452
1107453
1107454
1107455
1107456
1107457
1107458
1107459
1107460
1107461
1107462
1107463
1107464
1107465
1107466
1107467
1107468
1107469
1107470
1107471
1107472
1107473
1107474
1107475
1107476
1107477
1107478
1107479
1107480
1107481
1107482
1107483
1107484
1107485
1107486
1107487
1107488
1107489
1107490
1107491
1107492
1107493
1107494
1107495
1107496
1107523
1107524
1107525
1107526
1107527
1107528
1107529
1107530
1107531
1107532
1107533
1107534
1107535
1107536
1107537
1107538
1107539
1107540
1107541
1107542
1107543
1107544
1107545
1107546
1107547
1107548
1107549
1107550
1107551
1107552
1107553
1107554
1107555
1107556
1107557
1107558
1107559
1107560
1107561
1107562
1107563
1107564
1107565
1107566
1107567
1107568
1107569
1107570
1107571
1107572
1107573
1107574
1107601
1107602
1107603
1107604
1107605
1107606
1107607
1107608
1107609
1107610
1107611
1107612
1107613
1107614
1107615
1107616
1107617
1107618
1107619
1107620
1107621
1107622
1107623
1107624
1107625
1107626
1107627
1107628
1107629
1107630
1107631
1107632
1107633
1107634
1107635
1107636
1107637
1107638
1107639
1107640
1107641
1107642
1107643
1107644
1107645
1107646
1107647
1107648
1107649
1107650
1107651
1107652
1107653
1107654
1107655
1107656
1107657
1107658
1107659
1107660
1107661
1107662
1107663
1107664
1107665
1107666
1107667
1107668
1107669
1107670
1107671
1107672
1107673
1107674
1107675
1107676
1107677
1107678
1107731
1107732
1107733
1107734
1107735
1107736
1107737
1107738
1107739
1107740
1107741
1107742
1107743
1107744
1107745
1107746
1107747
1107748
1107749
1107750
1107751
1107752
1107753
1107754
1107755
1107756
1107757
1107758
1107759
1107760
1107761
1107762
1107763
1107764
1107765
1107766
1107767
1107768
1107769
1107770
1107771
1107772
1107773
1107774
1107775
1107776
1107777
1107778
1107779
1107780
1107781
1107782
1107783
1107784
1107785
1107786
1107787
1107788
1107789
1107790
1107791
1107792
1107793
1107794
1107795
1107796
1107797
1107798
1107799
1107800
1107801
1107802
1107803
1107804
1107805
1107806
1107807
1107808
1107887
1107888
1107889
1107890
1107891
1107892
1107893
1107894
1107895
1107896
