1107897
1107898
1107899
1107900
1107901
1107902
1107903
1107904
1107905
1107906
1107907
1107908
1107909
1107910
1107911
1107912
1107939
1107940
1107941
1107942
1107943
1107944
1107945
1107946
1107947
1107948
1107949
1107950
1107951
1107952
1107953
1107954
1107955
1107956
1107957
1107958
1107959
1107960
1107961
1107962
1107963
1107964
1107965
1107966
1107967
1107968
1107969
1107970
1107971
1107972
1107973
1107974
1107975
1107976
1107977
1107978
1107979
1107980
1107981
1107982
1107983
1107984
1107985
1107986
1107987
1107988
1107989
1107990
1108043
1108044
1108045
1108046
1108047
1108048
1108049
1108050
1108051
1108052
1108053
1108054
1108055
1108056
1108057
1108058
1108059
1108060
1108061
1108062
1108063
1108064
1108065
1108066
1108067
1108068
1108069
1108070
1108071
1108072
1108073
1108074
1108075
1108076
1108077
1108078
1108079
1108080
1108081
1108082
1108083
1108084
1108085
1108086
1108087
1108088
1108089
1108090
1108091
1108092
1108093
1108094
1108121
1108122
1108123
1108124
1108125
1108126
1108127
1108128
1108129
1108130
1108131
1108132
1108133
1108134
1108135
1108136
1108137
1108138
1108139
1108140
1108141
1108142
1108143
1108144
1108145
1108146
1108173
1108174
1108175
1108176
1108177
1108178
1108179
1108180
1108181
1108182
1108183
1108184
1108185
1108186
1108187
1108188
1108189
1108190
1108191
1108192
1108193
1108194
1108195
1108196
1108197
1108198
1108225
1108226
1108227
1108228
1108229
1108230
1108231
1108232
1108233
1108234
1108235
1108236
1108237
1108238
1108239
1108240
1108241
1108242
1108243
1108244
1108245
1108246
1108247
1108248
1108249
1108250
1108277
1108278
1108279
1108280
1108281
1108282
1108283
1108284
1108285
1108286
1108287
1108288
1108289
1108290
1108291
1108292
1108293
1108294
1108295
1108296
1108297
1108298
1108299
1108300
1108301
1108302
1108303
1108304
1108305
1108306
1108307
1108308
1108309
1108310
1108311
1108312
1108313
1108314
1108315
1108316
1108317
1108318
1108319
1108320
1108321
1108322
1108323
1108324
1108325
1108326
1108327
1108328
1108381
1108382
1108383
1108384
1108385
1108386
1108387
1108388
1108389
1108390
1108391
1108392
1108393
1108394
1108395
1108396
1108397
1108398
1108399
1108400
1108401
1108402
1108403
1108404
1108405
1108406
1108433
1108434
1108435
1108436
1108437
1108438
1108439
1108440
1108441
1108442
1108443
1108444
1108445
1108446
1108447
1108448
1108449
1108450
1108451
1108452
1108453
1108454
1108455
1108456
1108457
1108458
1108537
1108538
1108539
1108540
1108541
1108542
1108543
1108544
1108545
1108546
1108547
1108548
1108549
1108550
1108551
1108552
1108553
1108554
1108555
1108556
1108557
1108558
1108559
1108560
1108561
1108562
1108563
1108564
1108565
1108566
1108567
1108568
1108569
1108570
1108571
1108572
1108573
1108574
1108575
1108576
1108577
1108578
1108579
1108580
1108581
1108582
1108583
1108584
1108585
1108586
1108587
1108588
1108589
1108590
1108591
1108592
1108593
1108594
1108595
1108596
1108597
1108598
1108599
1108600
1108601
1108602
1108603
1108604
1108605
1108606
1108607
1108608
1108609
1108610
1108611
1108612
1108613
1108614
1108641
1108642
1108643
1108644
1108645
1108646
1108647
1108648
1108649
1108650
1108651
1108652
1108653
1108654
1108655
1108656
1108657
1108658
1108659
1108660
1108661
1108662
1108663
1108664
1108665
1108666
1108693
1108694
1108695
1108696
1108697
1108698
1108699
1108700
1108701
1108702
1108703
1108704
1108705
1108706
1108707
1108708
1108709
1108710
1108711
1108712
1108713
1108714
1108715
1108716
1108717
1108718
1108771
1108772
1108773
1108774
1108775
1108776
1108777
1108778
1108779
1108780
1108781
1108782
1108783
1108784
1108785
1108786
1108787
1108788
1108789
1108790
1108791
1108792
1108793
1108794
1108795
1108796
1108823
1108824
1108825
1108826
1108827
1108828
1108829
1108830
1108831
1108832
1108833
1108834
1108835
1108836
1108837
1108838
1108839
1108840
1108841
1108842
1108843
1108844
1108845
1108846
1108847
1108848
1108875
1108876
1108877
1108878
1108879
1108880
1108881
1108882
1108883
1108884
1108885
1108886
1108887
1108888
1108889
1108890
1108891
1108892
1108893
1108894
1108895
1108896
1108897
1108898
1108899
1108900
1108927
1108928
1108929
1108930
1108931
1108932
1108933
1108934
1108935
1108936
1108937
1108938
1108939
1108940
1108941
1108942
1108943
1108944
1108945
1108946
1108947
1108948
1108949
1108950
1108951
1108952
1108979
1108980
1108981
1108982
1108983
1108984
1108985
1108986
1108987
1108988
1108989
1108990
1108991
1108992
1108993
1108994
1108995
1108996
1108997
1108998
1108999
1109000
1109001
1109002
1109003
1109004
1109005
1109006
1109007
1109008
1109009
1109010
1109011
1109012
1109013
1109014
1109015
1109016
1109017
1109018
1109019
1109020
1109021
1109022
1109023
1109024
1109025
1109026
1109027
1109028
1109029
1109030
1109057
1109058
1109059
1109060
1109061
1109062
1109063
1109064
1109065
1109066
1109067
1109068
1109069
1109070
1109071
1109072
1109073
1109074
1109075
1109076
1109077
1109078
1109079
1109080
1109081
1109082
1109083
1109084
1109085
1109086
1109087
1109088
1109089
1109090
1109091
1109092
1109093
1109094
1109095
1109096
1109097
1109098
1109099
1109100
1109101
1109102
1109103
1109104
1109105
1109106
1109107
1109108
1109109
1109110
1109111
1109112
1109113
1109114
1109115
1109116
1109117
1109118
1109119
1109120
1109121
1109122
1109123
1109124
1109125
1109126
1109127
1109128
1109129
1109130
1109131
1109132
1109133
1109134
1109161
1109162
1109163
1109164
1109165
1109166
1109167
1109168
1109169
1109170
1109171
1109172
1109173
1109174
1109175
1109176
1109177
1109178
1109179
1109180
1109181
1109182
1109183
1109184
1109185
1109186
1109187
1109188
1109189
1109190
1109191
1109192
1109193
1109194
1109195
1109196
1109197
1109198
1109199
1109200
1109201
1109202
1109203
1109204
1109205
1109206
1109207
1109208
1109209
1109210
1109211
1109212
1109265
1109266
1109267
1109268
1109269
1109270
1109271
1109272
1109273
1109274
1109275
1109276
1109277
1109278
1109279
1109280
1109281
1109282
1109283
1109284
1109285
1109286
1109287
1109288
1109289
1109290
1109317
1109318
1109319
1109320
1109321
1109322
1109323
1109324
1109325
1109326
1109327
1109328
1109329
1109330
1109331
1109332
1109333
1109334
1109335
1109336
1109337
1109338
1109339
1109340
1109341
1109342
1109343
1109344
1109345
1109346
1109347
1109348
1109349
1109350
1109351
1109352
1109353
1109354
1109355
1109356
1109357
1109358
1109359
1109360
1109361
1109362
1109363
1109364
1109365
1109366
1109367
1109368
1109369
1109370
1109371
1109372
1109373
1109374
1109375
1109376
1109377
1109378
1109379
1109380
1109381
1109382
1109383
1109384
1109385
1109386
1109387
1109388
1109389
1109390
1109391
1109392
1109393
1109394
1109421
1109422
1109423
1109424
1109426
1109427
1109428
1109429
1109430
1109431
1109432
1109433
1109434
1109435
1109436
1109437
1109438
1109439
1109440
1109441
1109442
1109443
1109444
1109445
1109446
1109447
1109448
1109449
1109450
1109451
1109452
1109453
1109454
1109455
1109456
1109457
1109458
1109459
1109460
1109461
1109462
1109463
1109464
1109465
1109466
1109467
1109468
1109469
1109470
1109471
1109472
1109473
1109474
1109475
1109476
1109477
1109478
1109479
1109480
1109481
1109482
1109483
1109484
1109485
1109486
1109487
1109488
1109489
1109490
1109491
1109492
1109493
1109494
1109495
1109496
1109497
1109498
1109525
1109526
1109527
1109528
1109529
1109530
1109531
1109532
1109533
1109534
1109535
1109536
1109537
1109538
1109539
1109540
1109541
1109542
1109543
1109544
1109545
1109546
1109547
1109548
1109549
1109550
1109577
1109578
1109579
1109580
1109581
1109582
1109583
1109584
1109585
1109586
1109587
1109588
1109589
1109590
1109591
1109592
1109593
1109594
1109595
1109596
1109597
1109598
1109599
1109600
1109601
1109602
1109603
1109604
1109605
1109606
1109607
1109608
1109609
1109610
1109611
1109612
1109613
1109614
1109615
1109616
1109617
1109618
1109619
1109620
1109621
1109622
1109623
1109624
1109625
1109626
1109627
1109628
1109655
1109656
1109657
1109658
1109659
1109660
1109661
1109662
1109663
1109664
1109665
1109666
1109667
1109668
1109669
1109670
1109671
1109672
1109673
1109674
1109675
1109676
1109677
1109678
1109679
1109680
1109681
1109682
1109683
1109684
1109685
1109686
1109687
1109688
1109689
1109690
1109691
1109692
1109693
1109694
1109695
1109696
1109697
1109698
1109699
1109700
1109701
1109702
1109703
1109704
1109705
1109706
1109733
1109734
1109735
1109736
1109737
1109738
1109739
1109740
1109741
1109742
1109743
1109744
1109745
1109746
1109747
1109748
1109749
1109750
1109751
1109752
1109753
1109754
1109755
1109756
1109757
1109758
1109759
1109760
1109761
1109762
1109763
1109764
1109765
1109766
1109767
1109768
1109769
1109770
1109771
1109772
1109773
1109774
1109775
1109776
1109777
1109778
1109779
1109780
1109781
1109782
1109783
1109784
1109889
1109890
1109891
1109892
1109893
1109894
1109895
1109896
1109897
1109898
1109899
1109900
1109901
1109902
1109903
1109904
1109905
1109906
1109907
1109908
1109909
1109910
1109911
1109912
1109913
1109914
1109915
1109916
1109917
1109918
1109919
1109920
1109921
1109922
1109923
1109924
1109925
1109926
1109927
1109928
1109929
1109930
1109931
1109932
1109933
1109934
1109935
1109936
1109937
1109938
1109939
1109940
1109967
1109968
1109969
1109970
1109971
1109972
1109973
1109974
1109975
1109976
1109977
1109978
1109979
1109980
1109981
1109982
1109983
1109984
1109985
1109986
1109987
1109988
1109989
1109990
1109991
1109992
1110045
1110046
1110047
1110048
1110049
1110050
1110051
1110052
1110053
1110054
1110055
1110056
1110057
1110058
1110059
1110060
1110061
1110062
1110063
1110064
1110065
1110066
1110067
1110068
1110069
1110070
1110071
1110072
1110073
1110074
1110075
1110076
1110077
1110078
1110079
1110080
1110081
1110082
1110083
1110084
1110085
1110086
1110087
1110088
1110089
1110090
1110091
1110092
1110093
1110094
1110095
1110096
1110097
1110098
1110099
1110100
1110101
1110102
1110103
1110104
1110105
1110106
1110107
1110108
1110109
1110110
1110111
1110112
1110113
1110114
1110115
1110116
1110117
1110118
1110119
1110120
1110121
1110122
1110123
1110124
1110125
1110126
1110127
1110128
1110129
1110130
1110131
1110132
1110133
1110134
1110135
1110136
1110137
1110138
1110139
1110140
1110141
1110142
1110143
1110144
1110145
1110146
1110147
1110148
1110201
1110202
1110203
1110204
1110205
1110206
1110207
1110208
1110209
1110210
1110211
1110212
1110213
1110214
1110215
1110216
1110217
1110218
1110219
1110220
1110221
1110222
1110223
1110224
1110225
1110226
1110305
1110306
1110307
1110308
1110309
1110310
1110311
1110312
1110313
1110314
1110315
1110316
1110317
1110318
1110319
1110320
1110321
1110322
1110323
1110324
1110325
1110326
1110327
1110328
1110329
1110330
1110331
1110332
1110333
1110334
1110335
1110336
1110337
1110338
1110339
1110340
1110341
1110342
1110343
1110344
1110345
1110346
1110347
1110348
1110349
1110350
1110351
1110352
1110353
1110354
1110355
1110356
1110357
1110358
1110359
1110360
1110361
1110362
1110363
1110364
1110365
1110366
1110367
1110368
1110369
1110370
1110371
1110372
1110373
1110374
1110375
1110376
1110377
1110378
1110379
1110380
1110381
1110382
1110487
1110488
1110489
1110490
1110491
1110492
1110493
1110494
1110495
1110496
1110497
1110498
1110499
1110500
1110501
1110502
1110503
1110504
1110505
1110506
1110507
1110508
1110509
1110510
1110511
1110512
1110539
1110540
1110541
1110542
1110543
1110544
1110545
1110546
1110547
1110548
1110549
1110550
1110551
1110552
1110553
1110554
1110555
1110556
1110557
1110558
1110559
1110560
1110561
1110562
1110563
1110564
1110617
1110618
1110619
1110620
1110621
1110622
1110623
1110624
1110625
1110626
1110627
1110628
1110629
1110630
1110631
1110632
1110633
1110634
1110635
1110636
1110637
1110638
1110639
1110640
1110641
1110642
1110669
1110670
1110671
1110672
1110673
1110674
1110675
1110676
1110677
1110678
1110679
1110680
1110681
1110682
1110683
1110684
1110685
1110686
1110687
1110688
1110689
1110690
1110691
1110692
1110693
1110694
1110721
1110722
1110723
1110724
1110725
1110726
1110727
1110728
1110729
1110730
1110731
1110732
1110733
1110734
1110735
1110736
1110737
1110738
1110739
1110740
1110741
1110742
1110743
1110744
1110745
1110746
1110747
1110748
1110749
1110750
1110751
1110752
1110753
1110754
1110755
1110756
1110757
1110758
1110759
1110760
1110761
1110762
1110763
1110764
1110765
1110766
1110767
1110768
1110769
1110770
1110771
1110772
1110773
1110774
1110775
1110776
1110777
1110778
1110779
1110780
1110781
1110782
1110783
1110784
1110785
1110786
1110787
1110788
1110789
1110790
1110791
1110792
1110793
1110794
1110795
1110796
1110797
1110798
1110825
1110826
1110827
1110828
1110829
1110830
1110831
1110832
1110833
1110834
1110835
1110836
1110837
1110838
1110839
1110840
1110841
1110842
1110843
1110844
1110845
1110846
1110847
1110848
1110849
1110850
1110877
1110878
1110879
1110880
1110881
1110882
1110883
1110884
1110885
1110886
1110887
1110888
1110889
1110890
1110891
1110892
1110893
1110894
1110895
1110896
1110897
1110898
1110899
1110900
1110901
1110902
1110929
1110930
1110931
1110932
1110933
1110934
1110935
1110936
1110937
1110938
1110939
1110940
1110941
1110942
1110943
1110944
1110945
1110946
1110947
1110948
1110949
1110950
1110951
1110952
1110953
1110954
1110955
1110956
1110957
1110958
1110959
1110960
1110961
1110962
1110963
1110964
1110965
1110966
1110967
1110968
1110969
1110970
1110971
1110972
1110973
1110974
1110975
1110976
1110977
1110978
1110979
1110980
1111007
1111008
1111009
1111010
1111011
1111012
1111013
1111014
1111015
1111016
1111017
1111018
1111019
1111020
1111021
1111022
1111023
1111024
1111025
1111026
1111027
1111028
1111029
1111030
1111031
1111032
1111059
1111060
1111061
1111062
1111063
1111064
1111065
1111066
1111067
1111068
1111069
1111070
1111071
1111072
1111073
1111074
1111075
1111076
1111077
1111078
1111079
1111080
1111081
1111082
1111083
1111084
1111111
1111112
1111113
1111114
1111115
1111116
1111117
1111118
1111119
1111120
1111121
1111122
1111123
1111124
1111125
1111126
1111127
1111128
1111129
1111130
1111131
1111132
1111133
1111134
1111135
1111136
1111163
1111164
1111165
1111166
1111167
1111168
1111169
1111170
1111171
1111172
1111173
1111174
1111175
1111176
1111177
1111178
1111179
1111180
1111181
1111182
1111183
1111184
1111185
1111186
1111187
1111188
1111189
1111190
1111191
1111192
1111193
1111194
1111195
1111196
1111197
1111198
1111199
1111200
1111201
1111202
1111203
1111204
1111205
1111206
1111207
1111208
1111209
1111210
1111211
1111212
1111213
1111214
1111241
1111242
1111243
1111244
1111245
1111246
1111247
1111248
1111249
1111250
1111251
1111252
1111253
1111254
1111255
1111256
1111257
1111258
1111259
1111260
1111261
1111262
1111263
1111264
1111265
1111266
1111345
1111346
1111347
1111348
1111349
1111350
1111351
1111352
1111353
1111354
1111355
1111356
1111357
1111358
1111359
1111360
1111361
1111362
1111363
1111364
1111365
1111366
1111367
1111368
1111369
1111370
1111397
1111398
1111399
1111400
1111401
1111402
1111403
1111404
1111405
1111406
1111407
1111408
1111409
1111410
1111411
1111412
1111413
1111414
1111415
1111416
1111417
1111418
1111419
1111420
1111421
1111422
1111475
1111476
1111477
1111478
1111479
1111480
1111481
1111482
1111483
1111484
1111485
1111486
1111487
1111488
1111489
1111490
1111491
1111492
1111493
1111494
1111495
1111496
1111497
1111498
1111499
1111500
1111527
1111528
1111529
1111530
1111531
1111532
1111533
1111534
1111535
1111536
1111537
1111538
1111539
1111540
1111541
1111542
1111543
1111544
1111545
1111546
1111547
1111548
1111549
1111550
1111551
1111552
1111579
1111580
1111581
1111582
1111583
1111584
1111585
1111586
1111587
1111588
1111589
1111590
1111591
1111592
1111593
1111594
1111595
1111596
1111597
1111598
1111599
1111600
1111601
1111602
1111603
1111604
1111631
1111632
1111633
1111634
1111635
1111636
1111637
1111638
1111639
1111640
1111641
1111642
1111643
1111644
1111645
1111646
1111647
1111648
1111649
1111650
1111651
1111652
1111653
1111654
1111655
1111656
1111735
1111736
1111737
1111738
1111739
1111740
1111741
1111742
1111743
1111744
1111745
1111746
1111747
1111748
1111749
1111750
1111751
1111752
1111753
1111754
1111755
1111756
1111757
1111758
1111759
1111760
1111787
1111788
1111789
1111790
1111791
1111792
1111793
1111794
1111795
1111796
1111797
1111798
1111799
1111800
1111801
1111802
1111803
1111804
1111805
1111806
1111807
1111808
1111809
1111810
1111811
1111812
1111865
1111866
1111867
1111868
1111869
1111870
1111871
1111872
1111873
1111874
1111875
1111876
1111877
1111878
1111879
1111880
1111881
1111882
1111883
1111884
1111885
1111886
1111887
1111888
1111889
1111890
1111943
1111944
1111945
1111946
1111947
1111948
1111949
1111950
1111951
1111952
1111953
1111954
1111955
1111956
1111957
1111958
1111959
1111960
1111961
1111962
1111963
1111964
1111965
1111966
1111967
1111968
1111995
1111996
1111997
1111998
1111999
1112000
1112001
1112002
1112003
1112004
1112005
1112006
1112007
1112008
1112009
1112010
1112011
1112012
1112013
1112014
1112015
1112016
1112017
1112018
1112019
1112020
1112073
1112074
1112075
1112076
1112077
1112078
1112079
1112080
1112081
1112082
1112083
1112084
1112085
1112086
1112087
1112088
1112089
1112090
1112091
1112092
1112093
1112094
1112095
1112096
1112097
1112098
1112099
1112100
1112101
1112102
1112103
1112104
1112105
1112106
1112107
1112108
1112109
1112110
1112111
1112112
1112113
1112114
1112115
1112116
1112117
1112118
1112119
1112120
1112121
1112122
1112123
1112124
1112151
1112152
1112153
1112154
1112155
1112156
1112157
1112158
1112159
1112160
1112161
1112162
1112163
1112164
1112165
1112166
1112167
1112168
1112169
1112170
1112171
1112172
1112173
1112174
1112175
1112176
1112203
1112204
1112205
1112206
1112207
1112208
1112209
1112210
1112211
1112212
1112213
1112214
1112215
1112216
1112217
1112218
1112219
1112220
1112221
1112222
1112223
1112224
1112225
1112226
1112227
1112228
1112229
1112230
1112231
1112232
1112233
1112234
1112235
1112236
1112237
1112238
1112239
1112240
1112241
1112242
1112243
1112244
1112245
1112246
1112247
1112248
1112249
1112250
1112251
1112252
1112253
1112254
1112255
1112256
1112257
1112258
1112259
1112260
1112261
1112262
1112263
1112264
1112265
1112266
1112267
1112268
1112269
1112270
1112271
1112272
1112273
1112274
1112275
1112276
1112277
1112278
1112279
1112280
1112333
1112334
1112335
1112336
1112337
1112338
1112339
1112340
1112341
1112342
1112343
1112344
1112345
1112346
1112347
1112348
1112349
1112350
1112351
1112352
1112353
1112354
1112355
1112356
1112357
1112358
1112359
1112360
1112361
1112362
1112363
1112364
1112365
1112366
1112367
1112368
1112369
1112370
1112371
1112372
1112373
1112374
1112375
1112376
1112377
1112378
1112379
1112380
1112381
1112382
1112383
1112384
1112437
1112438
1112439
1112440
1112441
1112442
1112443
1112444
1112445
1112446
1112447
1112448
1112449
1112450
1112451
1112452
1112453
1112454
1112455
1112456
1112457
1112458
1112459
1112460
1112461
1112462
1112463
1112464
1112465
1112466
1112467
1112468
1112469
1112470
1112471
1112472
1112473
1112474
1112475
1112476
1112477
1112478
1112479
1112480
1112481
1112482
1112483
1112484
1112485
1112486
1112487
1112488
1112515
1112516
1112517
1112518
1112519
1112520
1112521
1112522
1112523
1112524
1112525
1112526
1112527
1112528
1112529
1112530
1112531
1112532
1112533
1112534
1112535
1112536
1112537
1112538
1112539
1112540
1112567
1112568
1112569
1112570
1112571
1112572
1112573
1112574
1112575
1112576
1112577
1112578
1112579
1112580
1112581
1112582
1112583
1112584
1112585
1112586
1112587
1112588
1112589
1112590
1112591
1112592
1112645
1112646
1112647
1112648
1112649
1112650
1112651
1112652
1112653
1112654
1112655
1112656
1112657
1112658
1112659
1112660
1112661
1112662
1112663
1112664
1112665
1112666
1112667
1112668
1112669
1112670
1112697
1112698
1112699
1112700
1112701
1112702
1112703
1112704
1112705
1112706
1112707
1112708
1112709
1112710
1112711
1112712
1112713
1112714
1112715
1112716
1112717
1112718
1112719
1112720
1112721
1112722
1112723
1112724
1112725
1112726
1112727
1112728
1112729
1112730
1112731
1112732
1112733
1112734
1112735
1112736
1112737
1112738
1112739
1112740
1112741
1112742
1112743
1112744
1112745
1112746
1112747
1112748
1112775
1112776
1112777
1112778
1112779
1112780
1112781
1112782
1112783
1112784
1112785
1112786
1112787
1112788
1112789
1112790
1112791
1112792
1112793
1112794
1112795
1112796
1112797
1112798
1112799
1112800
1112801
1112802
1112803
1112804
1112805
1112806
1112807
1112808
1112809
1112810
1112811
1112812
1112813
1112814
1112815
1112816
1112817
1112818
1112819
1112820
1112821
1112822
1112823
1112824
1112825
1112826
1112905
1112906
1112907
1112908
1112909
1112910
1112911
1112912
1112913
1112914
1112915
1112916
1112917
1112918
1112919
1112920
1112921
1112922
1112923
1112924
1112925
1112926
1112927
1112928
1112929
1112930
1112931
1112932
1112933
1112934
1112935
1112936
1112937
1112938
1112939
1112940
1112941
1112942
1112943
1112944
1112945
1112946
1112947
1112948
1112949
1112950
1112951
1112952
1112953
1112954
1112955
1112956
1113009
1113010
1113011
1113012
1113013
1113014
1113015
1113016
1113017
1113018
1113019
1113020
1113021
1113022
1113023
1113024
1113025
1113026
1113027
1113028
1113029
1113030
1113031
1113032
1113033
1113034
1113035
1113036
1113037
1113038
1113039
1113040
1113041
1113042
1113043
1113044
1113045
1113046
1113047
1113048
1113049
1113050
1113051
1113052
1113053
1113054
1113055
1113056
1113057
1113058
1113059
1113060
1113113
1113114
1113115
1113116
1113117
1113118
1113119
1113120
1113121
1113122
1113123
1113124
1113125
1113126
1113127
1113128
1113129
1113130
1113131
1113132
1113133
1113134
1113135
1113136
1113137
1113138
1113165
1113166
1113167
1113168
1113169
1113170
1113171
1113172
1113173
1113174
1113175
1113176
1113177
1113178
1113179
1113180
1113181
1113182
1113183
1113184
1113185
1113186
1113187
1113188
1113189
1113190
1113217
1113218
1113219
1113220
1113221
1113222
1113223
1113224
1113225
1113226
1113227
1113228
1113229
1113230
1113231
1113232
1113233
1113234
1113235
1113236
1113237
1113238
1113239
1113240
1113241
1113242
1113269
1113270
1113271
1113272
1113273
1113274
1113275
1113276
1113277
1113278
1113279
1113280
1113281
1113282
1113283
1113284
1113285
1113286
1113287
1113288
1113289
1113290
1113291
1113292
1113293
1113294
1113295
1113296
1113297
1113298
1113299
1113300
1113301
1113302
1113303
1113304
1113305
1113306
1113307
1113308
1113309
1113310
1113311
1113312
1113313
1113314
1113315
1113316
1113317
1113318
1113319
1113320
1113347
1113348
1113349
1113350
1113351
1113352
1113353
1113354
1113355
1113356
1113357
1113358
1113359
1113360
1113361
1113362
1113363
1113364
1113365
1113366
1113367
1113368
1113369
1113370
1113371
1113372
1113425
1113426
1113427
1113428
1113429
1113430
1113431
1113432
1113433
1113434
1113435
1113436
1113437
1113438
1113439
1113440
1113441
1113442
1113443
1113444
1113445
1113446
1113447
1113448
1113449
1113450
1113477
1113479
1113480
1113481
1113482
1113483
1113484
1113485
1113486
1113487
1113488
1113489
1113490
1113491
1113492
1113493
1113494
1113495
1113496
1113497
1113498
1113499
1113500
1113501
1113502
1113503
1113504
1113505
1113506
1113507
1113508
1113509
1113510
1113511
1113512
1113513
1113514
1113515
1113516
1113517
1113518
1113519
1113520
1113521
1113522
1113523
1113524
1113525
1113526
1113527
1113528
1113581
1113582
1113583
1113584
1113585
1113586
1113587
1113588
1113589
1113590
1113591
1113592
1113593
1113594
1113595
1113596
1113597
1113598
1113599
1113600
1113601
1113602
1113603
1113604
1113605
1113606
1113607
1113608
1113609
1113610
1113611
1113612
1113613
1113614
1113615
1113616
1113617
1113618
1113619
1113620
1113621
1113622
1113623
1113624
1113625
1113626
1113627
1113628
1113629
1113630
1113631
1113632
1113685
1113686
1113687
1113688
1113689
1113690
1113691
1113692
1113693
1113694
1113695
1113696
1113697
1113698
1113699
1113700
1113701
1113702
1113703
1113704
1113705
1113706
1113707
1113708
1113709
1113710
1113737
1113738
1113739
1113740
1113741
1113742
1113743
1113744
1113745
1113746
1113747
1113748
1113749
1113750
1113751
1113752
1113753
1113754
1113755
1113756
1113757
1113758
1113759
1113760
1113761
1113762
1113789
1113790
1113791
1113792
1113793
1113794
1113795
1113796
1113797
1113798
1113799
1113800
1113801
1113802
1113803
1113804
1113805
1113806
1113807
1113808
1113809
1113810
1113811
1113812
1113813
1113814
1113815
1113816
1113817
1113818
1113819
1113820
1113821
1113822
1113823
1113824
1113825
1113826
1113827
1113828
1113829
1113830
1113831
1113832
1113833
1113834
1113835
1113836
1113837
1113838
1113839
1113840
1113893
1113894
1113895
1113896
1113897
1113898
1113899
1113900
1113901
1113902
1113903
1113904
1113905
1113906
1113907
1113908
1113909
1113910
1113911
1113912
1113913
1113914
1113915
1113916
1113917
1113918
1113919
1113920
1113921
1113922
1113923
1113924
1113925
1113926
1113927
1113928
1113929
1113930
1113931
1113932
1113933
1113934
1113935
1113936
1113937
1113938
1113939
1113940
1113941
1113942
1113943
1113944
1113971
1113972
1113973
1113974
1113975
1113976
1113977
1113978
1113979
1113980
1113981
1113982
1113983
1113984
1113985
1113986
1113987
1113988
1113989
1113990
1113991
1113992
1113993
1113994
1113995
1113996
1114049
1114050
1114051
1114052
1114053
1114054
1114055
1114056
1114057
1114058
1114059
1114060
1114061
1114062
1114063
1114064
1114065
1114066
1114067
1114068
1114069
1114070
1114071
1114072
1114073
1114074
1114075
1114076
1114077
1114078
1114079
1114080
1114081
1114082
1114083
1114084
1114085
1114086
1114087
1114088
1114089
1114090
1114091
1114092
1114093
1114094
1114095
1114096
1114097
1114098
1114099
1114100
1114127
1114128
1114129
1114130
1114131
1114132
1114133
1114134
1114135
1114136
1114137
1114138
1114139
1114140
1114141
1114142
1114143
1114144
1114145
1114146
1114147
1114148
1114149
1114150
1114151
1114152
1114205
1114206
1114207
1114208
1114209
1114210
1114211
1114212
1114213
1114214
1114215
1114216
1114217
1114218
1114219
1114220
1114221
1114222
1114223
1114224
1114225
1114226
1114227
1114228
1114229
1114230
1114257
1114258
1114259
1114260
1114261
1114262
1114263
1114264
1114265
1114266
1114267
1114268
1114269
1114270
1114271
1114272
1114273
1114274
1114275
1114276
1114277
1114278
1114279
1114280
1114281
1114282
1114309
1114310
1114311
1114312
1114313
1114314
1114315
1114316
1114317
1114318
1114319
1114320
1114321
1114322
1114323
1114324
1114325
1114326
1114327
1114328
1114329
1114330
1114331
1114332
1114333
1114334
