1114361
1114362
1114363
1114364
1114365
1114366
1114367
1114368
1114369
1114370
1114371
1114372
1114373
1114374
1114375
1114376
1114377
1114378
1114379
1114380
1114381
1114382
1114383
1114384
1114385
1114386
1114413
1114414
1114415
1114416
1114417
1114418
1114419
1114420
1114421
1114422
1114423
1114424
1114425
1114426
1114427
1114428
1114429
1114430
1114431
1114432
1114433
1114434
1114435
1114436
1114437
1114438
1114439
1114440
1114441
1114442
1114443
1114444
1114445
1114446
1114447
1114448
1114449
1114450
1114451
1114452
1114453
1114454
1114455
1114456
1114457
1114458
1114459
1114460
1114461
1114462
1114463
1114464
1114517
1114518
1114519
1114520
1114521
1114522
1114523
1114524
1114525
1114526
1114527
1114528
1114529
1114530
1114531
1114532
1114533
1114534
1114535
1114536
1114537
1114538
1114539
1114540
1114541
1114542
1114569
1114570
1114571
1114572
1114573
1114574
1114575
1114576
1114577
1114578
1114579
1114580
1114581
1114582
1114583
1114584
1114585
1114586
1114587
1114588
1114589
1114590
1114591
1114592
1114593
1114594
1114595
1114596
1114597
1114598
1114599
1114600
1114601
1114602
1114603
1114604
1114605
1114606
1114607
1114608
1114609
1114610
1114611
1114612
1114613
1114614
1114615
1114616
1114617
1114618
1114619
1114620
1114647
1114648
1114649
1114650
1114651
1114652
1114653
1114654
1114655
1114656
1114657
1114658
1114659
1114660
1114661
1114662
1114663
1114664
1114665
1114666
1114667
1114668
1114669
1114670
1114671
1114672
1114725
1114726
1114727
1114728
1114729
1114730
1114731
1114732
1114733
1114734
1114735
1114736
1114737
1114738
1114739
1114740
1114741
1114742
1114743
1114744
1114745
1114746
1114747
1114748
1114749
1114750
1114751
1114752
1114753
1114754
1114755
1114756
1114757
1114758
1114759
1114760
1114761
1114762
1114763
1114764
1114765
1114766
1114767
1114768
1114769
1114770
1114771
1114772
1114773
1114774
1114775
1114776
1114829
1114830
1114831
1114832
1114833
1114834
1114835
1114836
1114837
1114838
1114839
1114840
1114841
1114842
1114843
1114844
1114845
1114846
1114847
1114848
1114849
1114850
1114851
1114852
1114853
1114854
1114881
1114882
1114883
1114884
1114885
1114886
1114887
1114888
1114889
1114890
1114891
1114892
1114893
1114894
1114895
1114896
1114897
1114898
1114899
1114900
1114901
1114902
1114903
1114904
1114905
1114906
1114933
1114934
1114935
1114936
1114937
1114938
1114939
1114940
1114941
1114942
1114943
1114944
1114945
1114946
1114947
1114948
1114949
1114950
1114951
1114952
1114953
1114954
1114955
1114956
1114957
1114958
1114985
1114986
1114987
1114988
1114989
1114990
1114991
1114992
1114993
1114994
1114995
1114996
1114997
1114998
1114999
1115000
1115001
1115002
1115003
1115004
1115005
1115006
1115007
1115008
1115009
1115010
1115011
1115012
1115013
1115014
1115015
1115016
1115017
1115018
1115019
1115020
1115021
1115022
1115023
1115024
1115025
1115026
1115027
1115028
1115029
1115030
1115031
1115032
1115033
1115034
1115035
1115036
1115063
1115064
1115065
1115066
1115067
1115068
1115069
1115070
1115071
1115072
1115073
1115074
1115075
1115076
1115077
1115078
1115079
1115080
1115081
1115082
1115083
1115084
1115085
1115086
1115087
1115088
1115141
1115142
1115143
1115144
1115145
1115146
1115147
1115148
1115149
1115150
1115151
1115152
1115153
1115154
1115155
1115156
1115157
1115158
1115159
1115160
1115161
1115162
1115163
1115164
1115165
1115166
1115219
1115220
1115221
1115222
1115223
1115224
1115225
1115226
1115227
1115228
1115229
1115230
1115231
1115232
1115233
1115234
1115235
1115236
1115237
1115238
1115239
1115240
1115241
1115242
1115243
1115244
1115245
1115246
1115247
1115248
1115249
1115250
1115251
1115252
1115253
1115254
1115255
1115256
1115257
1115258
1115259
1115260
1115261
1115262
1115263
1115264
1115265
1115266
1115267
1115268
1115269
1115270
1115323
1115324
1115325
1115326
1115327
1115328
1115329
1115330
1115331
1115332
1115333
1115334
1115335
1115336
1115337
1115338
1115339
1115340
1115341
1115342
1115343
1115344
1115345
1115346
1115347
1115348
1115349
1115350
1115351
1115352
1115353
1115354
1115355
1115356
1115357
1115358
1115359
1115360
1115361
1115362
1115363
1115364
1115365
1115366
1115367
1115368
1115369
1115370
1115371
1115372
1115373
1115374
1115427
1115428
1115429
1115430
1115431
1115432
1115433
1115434
1115435
1115436
1115437
1115438
1115439
1115440
1115441
1115442
1115443
1115444
1115445
1115446
1115447
1115448
1115449
1115450
1115451
1115452
1115453
1115454
1115455
1115456
1115457
1115458
1115459
1115460
1115461
1115462
1115463
1115464
1115465
1115466
1115467
1115468
1115469
1115470
1115471
1115472
1115473
1115474
1115475
1115476
1115477
1115478
1115531
1115532
1115533
1115534
1115535
1115536
1115537
1115538
1115539
1115540
1115541
1115542
1115543
1115544
1115545
1115546
1115547
1115548
1115549
1115550
1115551
1115552
1115553
1115554
1115555
1115556
1115557
1115558
1115559
1115560
1115561
1115562
1115563
1115564
1115565
1115566
1115567
1115568
1115569
1115570
1115571
1115572
1115573
1115574
1115575
1115576
1115577
1115578
1115579
1115580
1115581
1115582
1115661
1115662
1115663
1115664
1115665
1115666
1115667
1115668
1115669
1115670
1115671
1115672
1115673
1115674
1115675
1115676
1115677
1115678
1115679
1115680
1115681
1115682
1115683
1115684
1115685
1115686
1115713
1115714
1115715
1115716
1115717
1115718
1115719
1115720
1115721
1115722
1115723
1115724
1115725
1115726
1115727
1115728
1115729
1115730
1115731
1115732
1115733
1115734
1115735
1115736
1115737
1115738
1115791
1115792
1115793
1115794
1115795
1115796
1115797
1115798
1115799
1115800
1115801
1115802
1115803
1115804
1115805
1115806
1115807
1115808
1115809
1115810
1115811
1115812
1115813
1115814
1115815
1115816
1115843
1115844
1115845
1115846
1115847
1115848
1115849
1115850
1115851
1115852
1115853
1115854
1115855
1115856
1115857
1115858
1115859
1115860
1115861
1115862
1115863
1115864
1115865
1115866
1115867
1115868
1115895
1115896
1115897
1115898
1115899
1115900
1115901
1115902
1115903
1115904
1115905
1115906
1115907
1115908
1115909
1115910
1115911
1115912
1115913
1115914
1115915
1115916
1115917
1115918
1115919
1115920
1115973
1115974
1115975
1115976
1115977
1115978
1115979
1115980
1115981
1115982
1115983
1115984
1115985
1115986
1115987
1115988
1115989
1115990
1115991
1115992
1115993
1115994
1115995
1115996
1115997
1115998
1116025
1116026
1116027
1116028
1116029
1116030
1116031
1116032
1116033
1116034
1116035
1116036
1116037
1116038
1116039
1116040
1116041
1116042
1116043
1116044
1116045
1116046
1116047
1116048
1116049
1116050
1116051
1116052
1116053
1116054
1116055
1116056
1116057
1116058
1116059
1116060
1116061
1116062
1116063
1116064
1116065
1116066
1116067
1116068
1116069
1116070
1116071
1116072
1116073
1116074
1116075
1116076
1116129
1116130
1116131
1116132
1116133
1116134
1116135
1116136
1116137
1116138
1116139
1116140
1116141
1116142
1116143
1116144
1116145
1116146
1116147
1116148
1116149
1116150
1116151
1116152
1116153
1116154
1116155
1116156
1116157
1116158
1116159
1116160
1116161
1116162
1116163
1116164
1116165
1116166
1116167
1116168
1116169
1116170
1116171
1116172
1116173
1116174
1116175
1116176
1116177
1116178
1116179
1116180
1116207
1116208
1116209
1116210
1116211
1116212
1116213
1116214
1116215
1116216
1116217
1116218
1116219
1116220
1116221
1116222
1116223
1116224
1116225
1116226
1116227
1116228
1116229
1116230
1116231
1116232
1116233
1116234
1116235
1116236
1116237
1116238
1116239
1116240
1116241
1116242
1116243
1116244
1116245
1116246
1116247
1116248
1116249
1116250
1116251
1116252
1116253
1116254
1116255
1116256
1116257
1116258
1116285
1116286
1116287
1116288
1116289
1116290
1116291
1116292
1116293
1116294
1116295
1116296
1116297
1116298
1116299
1116300
1116301
1116302
1116303
1116304
1116305
1116306
1116307
1116308
1116309
1116310
1116337
1116338
1116339
1116340
1116341
1116342
1116343
1116344
1116345
1116346
1116347
1116348
1116349
1116350
1116351
1116352
1116353
1116354
1116355
1116356
1116357
1116358
1116359
1116360
1116361
1116362
1116389
1116390
1116391
1116392
1116393
1116394
1116395
1116396
1116397
1116398
1116399
1116400
1116401
1116402
1116403
1116404
1116405
1116406
1116407
1116408
1116409
1116410
1116411
1116412
1116413
1116414
1116467
1116468
1116469
1116470
1116471
1116472
1116473
1116474
1116475
1116476
1116477
1116478
1116479
1116480
1116481
1116482
1116483
1116484
1116485
1116486
1116487
1116488
1116489
1116490
1116491
1116492
1116493
1116494
1116495
1116496
1116497
1116498
1116499
1116500
1116501
1116502
1116503
1116504
1116505
1116506
1116507
1116508
1116509
1116510
1116511
1116512
1116513
1116514
1116515
1116516
1116517
1116518
1116571
1116572
1116573
1116574
1116575
1116576
1116577
1116578
1116579
1116580
1116581
1116582
1116583
1116584
1116585
1116586
1116587
1116588
1116589
1116590
1116591
1116592
1116593
1116594
1116595
1116596
1116597
1116598
1116599
1116600
1116601
1116602
1116603
1116604
1116605
1116606
1116607
1116608
1116609
1116610
1116611
1116612
1116613
1116614
1116615
1116616
1116617
1116618
1116619
1116620
1116621
1116622
1116649
1116650
1116651
1116652
1116653
1116654
1116655
1116656
1116657
1116658
1116659
1116660
1116661
1116662
1116663
1116664
1116665
1116666
1116667
1116668
1116669
1116670
1116671
1116672
1116673
1116674
1116675
1116676
1116677
1116678
1116679
1116680
1116681
1116682
1116683
1116684
1116685
1116686
1116687
1116688
1116689
1116690
1116691
1116692
1116693
1116694
1116695
1116696
1116697
1116698
1116699
1116700
1116727
1116728
1116729
1116730
1116731
1116732
1116733
1116734
1116735
1116736
1116737
1116738
1116739
1116740
1116741
1116742
1116743
1116744
1116745
1116746
1116747
1116748
1116749
1116750
1116751
1116752
1116805
1116806
1116807
1116808
1116809
1116810
1116811
1116812
1116813
1116814
1116815
1116816
1116817
1116818
1116819
1116820
1116821
1116822
1116823
1116824
1116825
1116826
1116827
1116828
1116829
1116830
1116857
1116858
1116859
1116860
1116861
1116862
1116863
1116864
1116865
1116866
1116867
1116868
1116869
1116870
1116871
1116872
1116873
1116874
1116875
1116876
1116877
1116878
1116879
1116880
1116881
1116882
1116909
1116910
1116911
1116912
1116913
1116914
1116915
1116916
1116917
1116918
1116919
1116920
1116921
1116922
1116923
1116924
1116925
1116926
1116927
1116928
1116929
1116930
1116931
1116932
1116933
1116934
1116961
1116962
1116963
1116964
1116965
1116966
1116967
1116968
1116969
1116970
1116971
1116972
1116973
1116974
1116975
1116976
1116977
1116978
1116979
1116980
1116981
1116982
1116983
1116984
1116985
1116986
1117013
1117014
1117015
1117016
1117017
1117018
1117019
1117020
1117021
1117022
1117023
1117024
1117025
1117026
1117027
1117028
1117029
1117030
1117031
1117032
1117033
1117034
1117035
1117036
1117037
1117038
1117039
1117040
1117041
1117042
1117043
1117044
1117045
1117046
1117047
1117048
1117049
1117050
1117051
1117052
1117053
1117054
1117055
1117056
1117057
1117058
1117059
1117060
1117061
1117062
1117063
1117064
1117117
1117118
1117119
1117120
1117121
1117122
1117123
1117124
1117125
1117126
1117127
1117128
1117129
1117130
1117131
1117132
1117133
1117134
1117135
1117136
1117137
1117138
1117139
1117140
1117141
1117142
1117169
1117170
1117171
1117172
1117173
1117174
1117175
1117176
1117177
1117178
1117179
1117180
1117181
1117182
1117183
1117184
1117185
1117186
1117187
1117188
1117189
1117190
1117191
1117192
1117193
1117194
1117247
1117248
1117249
1117250
1117251
1117252
1117253
1117254
1117255
1117256
1117257
1117258
1117259
1117260
1117261
1117262
1117263
1117264
1117265
1117266
1117267
1117268
1117269
1117270
1117271
1117272
1117273
1117274
1117275
1117276
1117277
1117278
1117279
1117280
1117281
1117282
1117283
1117284
1117285
1117286
1117287
1117288
1117289
1117290
1117291
1117292
1117293
1117294
1117295
1117296
1117297
1117298
1117325
1117326
1117327
1117328
1117329
1117330
1117331
1117332
1117333
1117334
1117335
1117336
1117337
1117338
1117339
1117340
1117341
1117342
1117343
1117344
1117345
1117346
1117347
1117348
1117349
1117350
1117403
1117404
1117405
1117406
1117407
1117408
1117409
1117410
1117411
1117412
1117413
1117414
1117415
1117416
1117417
1117418
1117419
1117420
1117421
1117422
1117423
1117424
1117425
1117426
1117427
1117428
1117455
1117456
1117457
1117458
1117459
1117460
1117461
1117462
1117463
1117464
1117465
1117466
1117467
1117468
1117469
1117470
1117471
1117472
1117473
1117474
1117475
1117476
1117477
1117478
1117479
1117480
1117481
1117482
1117483
1117484
1117485
1117486
1117487
1117488
1117489
1117490
1117491
1117492
1117493
1117494
1117495
1117496
1117497
1117498
1117499
1117500
1117501
1117502
1117503
1117504
1117505
1117506
1117611
1117612
1117613
1117614
1117615
1117616
1117617
1117618
1117619
1117620
1117621
1117622
1117623
1117624
1117625
1117626
1117627
1117628
1117629
1117630
1117631
1117632
1117633
1117634
1117635
1117636
1117663
1117664
1117665
1117666
1117667
1117668
1117669
1117670
1117671
1117672
1117673
1117674
1117675
1117676
1117677
1117678
1117679
1117680
1117681
1117682
1117683
1117684
1117685
1117686
1117687
1117688
1117715
1117716
1117717
1117718
1117719
1117720
1117721
1117722
1117723
1117724
1117725
1117726
1117727
1117728
1117729
1117730
1117731
1117732
1117733
1117734
1117735
1117736
1117737
1117738
1117739
1117740
1117741
1117742
1117743
1117744
1117745
1117746
1117747
1117748
1117749
1117750
1117751
1117752
1117753
1117754
1117755
1117756
1117757
1117758
1117759
1117760
1117761
1117762
1117763
1117764
1117765
1117766
1117793
1117794
1117795
1117796
1117797
1117798
1117799
1117800
1117801
1117802
1117803
1117804
1117805
1117806
1117807
1117808
1117809
1117810
1117811
1117812
1117813
1117814
1117815
1117816
1117817
1117818
1117871
1117872
1117873
1117874
1117875
1117876
1117877
1117878
1117879
1117880
1117881
1117882
1117883
1117884
1117885
1117886
1117887
1117888
1117889
1117890
1117891
1117892
1117893
1117894
1117895
1117896
1117897
1117898
1117899
1117900
1117901
1117902
1117903
1117904
1117905
1117906
1117907
1117908
1117909
1117910
1117911
1117912
1117913
1117914
1117915
1117916
1117917
1117918
1117919
1117920
1117921
1117922
1117949
1117950
1117951
1117952
1117953
1117954
1117955
1117956
1117957
1117958
1117959
1117960
1117961
1117962
1117963
1117964
1117965
1117966
1117967
1117968
1117969
1117970
1117971
1117972
1117973
1117974
1118027
1118028
1118029
1118030
1118031
1118032
1118033
1118034
1118035
1118036
1118037
1118038
1118039
1118040
1118041
1118042
1118043
1118044
1118045
1118046
1118047
1118048
1118049
1118050
1118051
1118052
1118053
1118054
1118055
1118056
1118057
1118058
1118059
1118060
1118061
1118062
1118063
1118064
1118065
1118066
1118067
1118068
1118069
1118070
1118071
1118072
1118073
1118074
1118075
1118076
1118077
1118078
1118079
1118080
1118081
1118082
1118083
1118084
1118085
1118086
1118087
1118088
1118089
1118090
1118091
1118092
1118093
1118094
1118095
1118096
1118097
1118098
1118099
1118100
1118101
1118102
1118103
1118104
1118131
1118132
1118133
1118134
1118135
1118136
1118137
1118138
1118139
1118140
1118141
1118142
1118143
1118144
1118145
1118146
1118147
1118148
1118149
1118150
1118151
1118152
1118153
1118154
1118155
1118156
1118157
1118158
1118159
1118160
1118161
1118162
1118163
1118164
1118165
1118166
1118167
1118168
1118169
1118170
1118171
1118172
1118173
1118174
1118175
1118176
1118177
1118178
1118179
1118180
1118181
1118182
1118235
1118236
1118237
1118238
1118239
1118240
1118241
1118242
1118243
1118244
1118245
1118246
1118247
1118248
1118249
1118250
1118251
1118252
1118253
1118254
1118255
1118256
1118257
1118258
1118259
1118260
1118313
1118314
1118315
1118316
1118317
1118318
1118319
1118320
1118321
1118322
1118323
1118324
1118325
1118326
1118327
1118328
1118329
1118330
1118331
1118332
1118333
1118334
1118335
1118336
1118337
1118338
1118365
1118366
1118367
1118368
1118369
1118370
1118371
1118372
1118373
1118374
1118375
1118376
1118377
1118378
1118379
1118380
1118381
1118382
1118383
1118384
1118385
1118386
1118387
1118388
1118389
1118390
1118417
1118418
1118419
1118420
1118421
1118422
1118423
1118424
1118425
1118426
1118427
1118428
1118429
1118430
1118431
1118432
1118433
1118434
1118435
1118436
1118437
1118438
1118439
1118440
1118441
1118442
1118443
1118444
1118445
1118446
1118447
1118448
1118449
1118450
1118451
1118452
1118453
1118454
1118455
1118456
1118457
1118458
1118459
1118460
1118461
1118462
1118463
1118464
1118465
1118466
1118467
1118468
1118495
1118496
1118497
1118498
1118499
1118500
1118501
1118502
1118503
1118504
1118505
1118506
1118507
1118508
1118509
1118510
1118511
1118512
1118513
1118514
1118515
1118516
1118517
1118518
1118519
1118520
1118547
1118548
1118549
1118550
1118551
1118552
1118553
1118554
1118555
1118556
1118557
1118558
1118559
1118560
1118561
1118562
1118563
1118564
1118565
1118566
1118567
1118568
1118569
1118570
1118571
1118572
1118599
1118600
1118601
1118602
1118603
1118604
1118605
1118606
1118607
1118608
1118609
1118610
1118611
1118612
1118613
1118614
1118615
1118616
1118617
1118618
1118619
1118620
1118621
1118622
1118623
1118624
1118651
1118652
1118653
1118654
1118655
1118656
1118657
1118658
1118659
1118660
1118661
1118662
1118663
1118664
1118665
1118666
1118667
1118668
1118669
1118670
1118671
1118672
1118673
1118674
1118675
1118676
1118729
1118730
1118731
1118732
1118733
1118734
1118735
1118736
1118737
1118738
1118739
1118740
1118741
1118742
1118743
1118744
1118745
1118746
1118747
1118748
1118749
1118750
1118751
1118752
1118753
1118754
1118755
1118756
1118757
1118758
1118759
1118760
1118761
1118762
1118763
1118764
1118765
1118766
1118767
1118768
1118769
1118770
1118771
1118772
1118773
1118774
1118775
1118776
1118777
1118778
1118779
1118780
1118859
1118860
1118861
1118862
1118863
1118864
1118865
1118866
1118867
1118868
1118869
1118870
1118871
1118872
1118873
1118874
1118875
1118876
1118877
1118878
1118879
1118880
1118881
1118882
1118883
1118884
1118911
1118912
1118913
1118914
1118915
1118916
1118917
1118918
1118919
1118920
1118921
1118922
1118923
1118924
1118925
1118926
1118927
1118928
1118929
1118930
1118931
1118932
1118933
1118934
1118935
1118936
1118963
1118964
1118965
1118966
1118967
1118968
1118969
1118970
1118971
1118972
1118973
1118974
1118975
1118976
1118977
1118978
1118979
1118980
1118981
1118982
1118983
1118984
1118985
1118986
1118987
1118988
1119015
1119016
1119017
1119018
1119019
1119020
1119021
1119022
1119023
1119024
1119025
1119026
1119027
1119028
1119029
1119030
1119031
1119032
1119033
1119034
1119035
1119036
1119037
1119038
1119039
1119040
1119067
1119068
1119069
1119070
1119071
1119072
1119073
1119074
1119075
1119076
1119077
1119078
1119079
1119080
1119081
1119082
1119083
1119084
1119085
1119086
1119087
1119088
1119089
1119090
1119091
1119092
1119119
1119120
1119121
1119122
1119123
1119124
1119125
1119126
1119127
1119128
1119129
1119130
1119131
1119132
1119133
1119134
1119135
1119136
1119137
1119138
1119139
1119140
1119141
1119142
1119143
1119144
1119171
1119172
1119173
1119174
1119175
1119176
1119177
1119178
1119179
1119180
1119181
1119182
1119183
1119184
1119185
1119186
1119187
1119188
1119189
1119190
1119191
1119192
1119193
1119194
1119195
1119196
1119223
1119224
1119225
1119226
1119227
1119228
1119229
1119230
1119231
1119232
1119233
1119234
1119235
1119236
1119237
1119238
1119239
1119240
1119241
1119242
1119243
1119244
1119245
1119246
1119247
1119248
1119249
1119250
1119251
1119252
1119253
1119254
1119255
1119256
1119257
1119258
1119259
1119260
1119261
1119262
1119263
1119264
1119265
1119266
1119267
1119268
1119269
1119270
1119271
1119272
1119273
1119274
1119301
1119302
1119303
1119304
1119305
1119306
1119307
1119308
1119309
1119310
1119311
1119312
1119313
1119314
1119316
1119317
1119318
1119319
1119320
1119321
1119322
1119323
1119324
1119325
1119326
1119379
1119380
1119381
1119382
1119383
1119384
1119385
1119386
1119387
1119388
1119389
1119390
1119391
1119392
1119393
1119394
1119395
1119396
1119397
1119398
1119399
1119400
1119401
1119402
1119403
1119404
1119405
1119406
1119407
1119408
1119409
1119410
1119411
1119412
1119413
1119414
1119415
1119416
1119417
1119418
1119419
1119420
1119421
1119422
1119423
1119424
1119425
1119426
1119427
1119428
1119429
1119430
1119483
1119484
1119485
1119486
1119487
1119488
1119489
1119490
1119491
1119492
1119493
1119494
1119495
1119496
1119497
1119498
1119499
1119500
1119501
1119502
1119503
1119504
1119505
1119506
1119507
1119508
1119509
1119510
1119511
1119512
1119513
1119514
1119515
1119516
1119517
1119518
1119519
1119520
1119521
1119522
1119523
1119524
1119525
1119526
1119527
1119528
1119529
1119530
1119531
1119532
1119533
1119534
1119535
1119536
1119537
1119538
1119539
1119540
1119541
1119542
1119543
1119544
1119545
1119546
1119547
1119548
1119549
1119550
1119551
1119552
1119553
1119554
1119555
1119556
1119557
1119558
1119559
1119560
1119561
1119562
1119563
1119564
1119565
1119566
1119567
1119568
1119569
1119570
1119571
1119572
1119573
1119574
1119575
1119576
1119577
1119578
1119579
1119580
1119581
1119582
1119583
1119584
1119585
1119586
1119665
1119666
1119667
1119668
1119669
1119670
1119671
1119672
1119673
1119674
1119675
1119676
1119677
1119678
1119679
1119680
1119681
1119682
1119683
1119684
1119685
1119686
1119687
1119688
1119689
1119690
1119691
1119692
1119693
1119694
1119695
1119696
1119697
1119698
1119699
1119700
1119701
1119702
1119703
1119704
1119705
1119706
1119707
1119708
1119709
1119710
1119711
1119712
1119713
1119714
1119715
1119716
1119769
1119770
1119771
1119772
1119773
1119774
1119775
1119776
1119777
1119778
1119779
1119780
1119781
1119782
1119783
1119784
1119785
1119786
1119787
1119788
1119789
1119790
1119791
1119792
1119793
1119794
1119795
1119796
1119797
1119798
1119799
1119800
1119801
1119802
1119803
1119804
1119805
1119806
1119807
1119808
1119809
1119810
1119811
1119812
1119813
1119814
1119815
1119816
1119817
1119818
1119819
1119820
1119873
1119874
1119875
1119876
1119877
1119878
1119879
1119880
1119881
1119882
1119883
1119884
1119885
1119886
1119887
1119888
1119889
1119890
1119891
1119892
1119893
1119894
1119895
1119896
1119897
1119898
1119899
1119900
1119901
1119902
1119903
1119904
1119905
1119906
1119907
1119908
1119909
1119910
1119911
1119912
1119913
1119914
1119915
1119916
1119917
1119918
1119919
1119920
1119921
1119922
1119923
1119924
1119977
1119978
1119979
1119980
1119981
1119982
1119983
1119984
1119985
1119986
1119987
1119988
1119989
1119990
1119991
1119992
1119993
1119994
1119995
1119996
1119997
1119998
1119999
1120000
1120001
1120002
1120029
1120030
1120031
1120032
1120033
1120034
1120035
1120036
1120037
1120038
1120039
1120040
1120041
1120042
1120043
1120044
1120045
1120046
1120047
1120048
1120049
1120050
1120051
1120052
1120053
1120054
1120081
1120082
1120083
1120084
1120085
1120086
1120087
1120088
1120089
1120090
1120091
1120092
1120093
1120094
1120095
1120096
1120097
1120098
1120099
1120100
1120101
1120102
1120103
1120104
1120105
1120106
1120133
1120134
1120135
1120136
1120137
1120138
1120139
1120140
1120141
1120142
1120143
1120144
1120145
1120146
1120147
1120148
1120149
1120150
1120151
1120152
1120153
1120154
1120155
1120156
1120157
1120158
1120159
1120160
1120161
1120162
1120163
1120164
1120165
1120166
1120167
1120168
1120169
1120170
1120171
1120172
1120173
1120174
1120175
1120176
1120177
1120178
1120179
1120180
1120181
1120182
1120183
1120184
1120237
1120238
1120239
1120240
1120241
1120242
1120243
1120244
1120245
1120246
1120247
1120248
1120249
1120250
1120251
1120252
1120253
1120254
1120255
1120256
1120257
1120258
1120259
1120260
1120261
1120262
1120315
1120316
1120317
1120318
1120319
1120320
1120321
1120322
1120323
1120324
1120325
1120326
1120327
1120328
1120329
1120330
1120331
1120332
1120333
1120334
1120335
1120336
1120337
1120338
1120339
1120340
1120341
1120342
1120343
1120344
1120345
1120346
1120347
1120348
1120349
1120350
1120351
1120352
1120353
1120354
1120355
1120356
1120357
1120358
1120359
1120360
1120361
1120362
1120363
1120364
1120365
1120366
1120393
1120394
1120395
1120396
1120397
1120398
1120399
1120400
1120401
1120402
1120403
1120404
1120405
1120406
1120407
1120408
1120409
1120410
1120411
1120412
1120413
1120414
1120415
1120416
1120417
1120418
1120471
1120472
1120473
1120474
1120475
1120476
1120477
1120478
1120479
1120480
1120481
1120482
1120483
1120484
1120485
1120486
1120487
1120488
1120489
1120490
1120491
1120492
1120493
1120494
1120495
1120496
1120497
1120498
1120499
1120500
1120501
1120502
1120503
1120504
1120505
1120506
1120507
1120508
1120509
1120510
1120511
1120512
1120513
1120514
1120515
1120516
1120517
1120518
1120519
1120520
1120521
1120522
1120575
1120576
1120577
1120578
1120579
1120580
1120581
1120582
1120583
1120584
1120585
1120586
1120587
1120588
1120589
1120590
1120591
1120592
1120593
1120594
1120595
1120596
1120597
1120598
1120599
1120600
1120627
1120628
1120629
1120630
1120631
1120632
1120633
1120634
1120635
1120636
1120637
1120638
1120639
1120640
1120641
1120642
1120643
1120644
1120645
1120646
