1120647
1120648
1120649
1120650
1120651
1120652
1120653
1120654
1120655
1120656
1120657
1120658
1120659
1120660
1120661
1120662
1120663
1120664
1120665
1120666
1120667
1120668
1120669
1120670
1120671
1120672
1120673
1120674
1120675
1120676
1120677
1120678
1120705
1120706
1120707
1120708
1120709
1120710
1120711
1120712
1120713
1120714
1120715
1120716
1120717
1120718
1120719
1120720
1120721
1120722
1120723
1120724
1120725
1120726
1120727
1120728
1120729
1120730
1120757
1120758
1120759
1120760
1120761
1120762
1120763
1120764
1120765
1120766
1120767
1120768
1120769
1120770
1120771
1120772
1120773
1120774
1120775
1120776
1120777
1120778
1120779
1120780
1120781
1120782
1120835
1120836
1120837
1120838
1120839
1120840
1120841
1120842
1120843
1120844
1120845
1120846
1120847
1120848
1120849
1120850
1120851
1120852
1120853
1120854
1120855
1120856
1120857
1120858
1120859
1120860
1120887
1120888
1120889
1120890
1120891
1120892
1120893
1120894
1120895
1120896
1120897
1120898
1120899
1120900
1120901
1120902
1120903
1120904
1120905
1120906
1120907
1120908
1120909
1120910
1120911
1120912
1120913
1120914
1120915
1120916
1120917
1120918
1120919
1120920
1120921
1120922
1120923
1120924
1120925
1120926
1120927
1120928
1120929
1120930
1120931
1120932
1120933
1120934
1120935
1120936
1120937
1120938
1120991
1120992
1120993
1120994
1120995
1120996
1120997
1120998
1120999
1121000
1121001
1121002
1121003
1121004
1121005
1121006
1121007
1121008
1121009
1121010
1121011
1121012
1121013
1121014
1121015
1121016
1121043
1121044
1121045
1121046
1121047
1121048
1121049
1121050
1121051
1121052
1121053
1121054
1121055
1121056
1121057
1121058
1121059
1121060
1121061
1121062
1121063
1121064
1121065
1121066
1121067
1121068
1121069
1121070
1121071
1121072
1121073
1121074
1121075
1121076
1121077
1121078
1121079
1121080
1121081
1121082
1121083
1121084
1121085
1121086
1121087
1121088
1121089
1121090
1121091
1121092
1121093
1121094
1121121
1121122
1121123
1121124
1121125
1121126
1121127
1121128
1121129
1121130
1121131
1121132
1121133
1121134
1121135
1121136
1121137
1121138
1121139
1121140
1121141
1121142
1121143
1121144
1121145
1121146
1121199
1121200
1121201
1121202
1121203
1121204
1121205
1121206
1121207
1121208
1121209
1121210
1121211
1121212
1121213
1121214
1121215
1121216
1121217
1121218
1121219
1121220
1121221
1121222
1121223
1121224
1121225
1121226
1121227
1121228
1121229
1121230
1121231
1121232
1121233
1121234
1121235
1121236
1121237
1121238
1121239
1121240
1121241
1121242
1121243
1121244
1121245
1121246
1121247
1121248
1121249
1121250
1121303
1121304
1121305
1121306
1121307
1121308
1121309
1121310
1121311
1121312
1121313
1121314
1121315
1121316
1121317
1121318
1121319
1121320
1121321
1121322
1121323
1121324
1121325
1121326
1121327
1121328
1121329
1121330
1121331
1121332
1121333
1121334
1121335
1121336
1121337
1121338
1121339
1121340
1121341
1121342
1121343
1121344
1121345
1121346
1121347
1121348
1121349
1121350
1121351
1121352
1121353
1121354
1121407
1121408
1121409
1121410
1121411
1121412
1121413
1121414
1121415
1121416
1121417
1121418
1121419
1121420
1121421
1121422
1121423
1121424
1121425
1121426
1121427
1121428
1121429
1121430
1121431
1121432
1121433
1121434
1121435
1121436
1121437
1121438
1121439
1121440
1121441
1121442
1121443
1121444
1121445
1121446
1121447
1121448
1121449
1121450
1121451
1121452
1121453
1121454
1121455
1121456
1121457
1121458
1121485
1121486
1121487
1121488
1121489
1121490
1121491
1121492
1121493
1121494
1121495
1121496
1121497
1121498
1121499
1121500
1121501
1121502
1121503
1121504
1121505
1121506
1121507
1121508
1121509
1121510
1121563
1121564
1121565
1121566
1121567
1121568
1121569
1121570
1121571
1121572
1121573
1121574
1121575
1121576
1121577
1121578
1121579
1121580
1121581
1121582
1121583
1121584
1121585
1121586
1121587
1121588
1121615
1121616
1121617
1121618
1121619
1121620
1121621
1121622
1121623
1121624
1121625
1121626
1121627
1121628
1121629
1121630
1121631
1121632
1121633
1121634
1121635
1121636
1121637
1121638
1121639
1121640
1121667
1121668
1121669
1121670
1121671
1121672
1121673
1121674
1121675
1121676
1121677
1121678
1121679
1121680
1121681
1121682
1121683
1121684
1121685
1121686
1121687
1121688
1121689
1121690
1121691
1121692
1121693
1121694
1121695
1121696
1121697
1121698
1121699
1121700
1121701
1121702
1121703
1121704
1121705
1121706
1121707
1121708
1121709
1121710
1121711
1121712
1121713
1121714
1121715
1121716
1121717
1121718
1121771
1121772
1121773
1121774
1121775
1121776
1121777
1121778
1121779
1121780
1121781
1121782
1121783
1121784
1121785
1121786
1121787
1121788
1121789
1121790
1121791
1121792
1121793
1121794
1121795
1121796
1121797
1121798
1121799
1121800
1121801
1121802
1121803
1121804
1121805
1121806
1121807
1121808
1121809
1121810
1121811
1121812
1121813
1121814
1121815
1121816
1121817
1121818
1121819
1121820
1121821
1121822
1121875
1121876
1121877
1121878
1121879
1121880
1121881
1121882
1121883
1121884
1121885
1121886
1121887
1121888
1121889
1121890
1121891
1121892
1121893
1121894
1121895
1121896
1121897
1121898
1121899
1121900
1121927
1121928
1121929
1121930
1121931
1121932
1121933
1121934
1121935
1121936
1121937
1121938
1121939
1121940
1121941
1121942
1121943
1121944
1121945
1121946
1121947
1121948
1121949
1121950
1121951
1121952
1121979
1121980
1121981
1121982
1121983
1121984
1121985
1121986
1121987
1121988
1121989
1121990
1121991
1121992
1121993
1121994
1121995
1121996
1121997
1121998
1121999
1122000
1122001
1122002
1122003
1122004
1122031
1122032
1122033
1122034
1122035
1122036
1122037
1122038
1122039
1122040
1122041
1122042
1122043
1122044
1122045
1122046
1122047
1122048
1122049
1122050
1122051
1122052
1122053
1122054
1122055
1122056
1122057
1122058
1122059
1122060
1122061
1122062
1122063
1122064
1122065
1122066
1122067
1122068
1122069
1122070
1122071
1122072
1122073
1122074
1122075
1122076
1122077
1122078
1122079
1122080
1122081
1122082
1122109
1122110
1122111
1122112
1122113
1122114
1122115
1122116
1122117
1122118
1122119
1122120
1122121
1122122
1122123
1122124
1122125
1122126
1122127
1122128
1122129
1122130
1122131
1122132
1122133
1122134
1122135
1122136
1122137
1122138
1122139
1122140
1122141
1122142
1122143
1122144
1122145
1122146
1122147
1122148
1122149
1122150
1122151
1122152
1122153
1122154
1122155
1122156
1122157
1122158
1122159
1122160
1122187
1122188
1122189
1122190
1122191
1122192
1122193
1122194
1122195
1122196
1122197
1122198
1122199
1122200
1122201
1122202
1122203
1122204
1122205
1122206
1122207
1122208
1122209
1122210
1122211
1122212
1122213
1122214
1122215
1122216
1122217
1122218
1122219
1122220
1122221
1122222
1122223
1122224
1122225
1122226
1122227
1122228
1122229
1122230
1122231
1122232
1122233
1122234
1122235
1122236
1122237
1122238
1122265
1122266
1122267
1122268
1122269
1122270
1122271
1122272
1122273
1122274
1122275
1122276
1122277
1122278
1122279
1122280
1122281
1122282
1122283
1122284
1122285
1122286
1122287
1122288
1122289
1122290
1122343
1122344
1122345
1122346
1122347
1122348
1122349
1122350
1122351
1122352
1122353
1122354
1122355
1122356
1122357
1122358
1122359
1122360
1122361
1122362
1122363
1122364
1122365
1122366
1122367
1122368
1122421
1122422
1122423
1122424
1122425
1122426
1122427
1122428
1122429
1122430
1122431
1122432
1122433
1122434
1122435
1122436
1122437
1122438
1122439
1122440
1122441
1122442
1122443
1122444
1122445
1122446
1122473
1122474
1122475
1122476
1122477
1122478
1122479
1122480
1122481
1122482
1122483
1122484
1122485
1122486
1122487
1122488
1122489
1122490
1122491
1122492
1122493
1122494
1122495
1122496
1122497
1122498
1122499
1122500
1122501
1122502
1122503
1122504
1122505
1122506
1122507
1122508
1122509
1122510
1122511
1122512
1122513
1122514
1122515
1122516
1122517
1122518
1122519
1122520
1122521
1122522
1122523
1122524
1122603
1122604
1122605
1122606
1122607
1122608
1122609
1122610
1122611
1122612
1122613
1122614
1122615
1122616
1122617
1122618
1122619
1122620
1122621
1122622
1122623
1122624
1122625
1122626
1122627
1122628
1122681
1122682
1122683
1122684
1122685
1122686
1122687
1122688
1122689
1122690
1122691
1122692
1122693
1122694
1122695
1122696
1122697
1122698
1122699
1122700
1122701
1122702
1122703
1122704
1122705
1122706
1122733
1122734
1122735
1122736
1122737
1122738
1122739
1122740
1122741
1122742
1122743
1122744
1122745
1122746
1122747
1122748
1122749
1122750
1122751
1122752
1122753
1122754
1122755
1122756
1122757
1122758
1122811
1122812
1122813
1122814
1122815
1122816
1122817
1122818
1122819
1122820
1122821
1122822
1122823
1122824
1122825
1122826
1122827
1122828
1122829
1122830
1122831
1122832
1122833
1122834
1122835
1122836
1122837
1122838
1122839
1122840
1122841
1122842
1122843
1122844
1122845
1122846
1122847
1122848
1122849
1122850
1122851
1122852
1122853
1122854
1122855
1122856
1122857
1122858
1122859
1122860
1122861
1122862
1122889
1122890
1122891
1122892
1122893
1122894
1122895
1122896
1122897
1122898
1122899
1122900
1122901
1122902
1122903
1122904
1122905
1122906
1122907
1122908
1122909
1122910
1122911
1122912
1122913
1122914
1122967
1122968
1122969
1122970
1122971
1122972
1122973
1122974
1122975
1122976
1122977
1122978
1122979
1122980
1122981
1122982
1122983
1122984
1122985
1122986
1122987
1122988
1122989
1122990
1122991
1122992
1123019
1123020
1123021
1123022
1123023
1123024
1123025
1123026
1123027
1123028
1123029
1123030
1123031
1123032
1123033
1123034
1123035
1123036
1123037
1123038
1123039
1123040
1123041
1123042
1123043
1123044
1123071
1123072
1123073
1123074
1123075
1123076
1123077
1123078
1123079
1123080
1123081
1123082
1123083
1123084
1123085
1123086
1123087
1123088
1123089
1123090
1123091
1123092
1123093
1123094
1123095
1123096
1123097
1123098
1123099
1123100
1123101
1123102
1123103
1123104
1123105
1123106
1123107
1123108
1123109
1123110
1123111
1123112
1123113
1123114
1123115
1123116
1123117
1123118
1123119
1123120
1123121
1123122
1123175
1123176
1123177
1123178
1123179
1123180
1123181
1123182
1123183
1123184
1123185
1123186
1123187
1123188
1123189
1123190
1123191
1123192
1123193
1123194
1123195
1123196
1123197
1123198
1123199
1123200
1123201
1123202
1123203
1123204
1123205
1123206
1123207
1123208
1123209
1123210
1123211
1123212
1123213
1123214
1123215
1123216
1123217
1123218
1123219
1123220
1123221
1123222
1123223
1123224
1123225
1123226
1123253
1123254
1123255
1123256
1123257
1123258
1123259
1123260
1123261
1123262
1123263
1123264
1123265
1123266
1123267
1123268
1123269
1123270
1123271
1123272
1123273
1123274
1123275
1123276
1123277
1123278
1123305
1123306
1123307
1123308
1123309
1123310
1123311
1123312
1123313
1123314
1123315
1123316
1123317
1123318
1123319
1123320
1123321
1123322
1123323
1123324
1123325
1123326
1123327
1123328
1123329
1123330
1123357
1123358
1123359
1123360
1123361
1123362
1123363
1123364
1123365
1123366
1123367
1123368
1123369
1123370
1123371
1123372
1123373
1123374
1123375
1123376
1123377
1123378
1123379
1123380
1123381
1123382
1123435
1123436
1123437
1123438
1123439
1123440
1123441
1123442
1123443
1123444
1123445
1123446
1123447
1123448
1123449
1123450
1123451
1123452
1123453
1123454
1123455
1123456
1123457
1123458
1123459
1123460
1123461
1123462
1123463
1123464
1123465
1123466
1123467
1123468
1123469
1123470
1123471
1123472
1123473
1123474
1123475
1123476
1123477
1123478
1123479
1123480
1123481
1123482
1123483
1123484
1123485
1123486
1123539
1123540
1123541
1123542
1123543
1123544
1123545
1123546
1123547
1123548
1123549
1123550
1123551
1123552
1123553
1123554
1123555
1123556
1123557
1123558
1123559
1123560
1123561
1123562
1123563
1123564
1123591
1123592
1123593
1123594
1123595
1123596
1123597
1123598
1123599
1123600
1123601
1123602
1123603
1123604
1123605
1123606
1123607
1123608
1123609
1123610
1123611
1123612
1123613
1123614
1123615
1123616
1123643
1123644
1123645
1123646
1123647
1123648
1123649
1123650
1123651
1123652
1123653
1123654
1123655
1123656
1123657
1123658
1123659
1123660
1123661
1123662
1123663
1123664
1123665
1123666
1123667
1123668
1123669
1123670
1123671
1123672
1123673
1123674
1123675
1123676
1123677
1123678
1123679
1123680
1123681
1123682
1123683
1123684
1123685
1123686
1123687
1123688
1123689
1123690
1123691
1123692
1123693
1123694
1123721
1123722
1123723
1123724
1123725
1123726
1123727
1123728
1123729
1123730
1123731
1123732
1123733
1123734
1123735
1123736
1123737
1123738
1123739
1123740
1123741
1123742
1123743
1123744
1123745
1123746
1123773
1123774
1123775
1123776
1123777
1123778
1123779
1123780
1123781
1123782
1123783
1123784
1123785
1123786
1123787
1123788
1123789
1123790
1123791
1123792
1123793
1123794
1123795
1123796
1123797
1123798
1123877
1123878
1123879
1123880
1123881
1123882
1123883
1123884
1123885
1123886
1123887
1123888
1123889
1123890
1123891
1123892
1123893
1123894
1123895
1123896
1123897
1123898
1123899
1123900
1123901
1123902
1123903
1123904
1123905
1123906
1123907
1123908
1123909
1123910
1123911
1123912
1123913
1123914
1123915
1123916
1123917
1123918
1123919
1123920
1123921
1123922
1123923
1123924
1123925
1123926
1123927
1123928
1123929
1123930
1123931
1123932
1123933
1123934
1123935
1123936
1123937
1123938
1123939
1123940
1123941
1123942
1123943
1123944
1123945
1123946
1123947
1123948
1123949
1123950
1123951
1123952
1123953
1123954
1124007
1124008
1124009
1124010
1124011
1124012
1124013
1124014
1124015
1124016
1124017
1124018
1124019
1124020
1124021
1124022
1124023
1124024
1124025
1124026
1124027
1124028
1124029
1124030
1124031
1124032
1124059
1124060
1124061
1124062
1124063
1124064
1124065
1124066
1124067
1124068
1124069
1124070
1124071
1124072
1124073
1124074
1124075
1124076
1124077
1124078
1124079
1124080
1124081
1124082
1124083
1124084
1124163
1124164
1124165
1124166
1124167
1124168
1124169
1124170
1124171
1124172
1124173
1124174
1124175
1124176
1124177
1124178
1124179
1124180
1124181
1124182
1124183
1124184
1124185
1124186
1124187
1124188
1124215
1124216
1124217
1124218
1124219
1124220
1124221
1124222
1124223
1124224
1124225
1124226
1124227
1124228
1124229
1124230
1124231
1124232
1124233
1124234
1124235
1124236
1124237
1124238
1124239
1124240
1124241
1124242
1124243
1124244
1124245
1124246
1124247
1124248
1124249
1124250
1124251
1124252
1124253
1124254
1124255
1124256
1124257
1124258
1124259
1124260
1124261
1124262
1124263
1124264
1124265
1124266
1124319
1124320
1124321
1124322
1124323
1124324
1124325
1124326
1124327
1124328
1124329
1124330
1124331
1124332
1124333
1124334
1124335
1124336
1124337
1124338
1124339
1124340
1124341
1124342
1124343
1124344
1124371
1124372
1124373
1124374
1124375
1124376
1124377
1124378
1124379
1124380
1124381
1124382
1124383
1124384
1124386
1124387
1124388
1124389
1124390
1124391
1124392
1124393
1124394
1124395
1124396
1124397
1124398
1124399
1124400
1124401
1124402
1124403
1124404
1124405
1124406
1124407
1124408
1124409
1124410
1124411
1124412
1124413
1124414
1124415
1124416
1124417
1124418
1124419
1124420
1124421
1124422
1124449
1124450
1124451
1124452
1124453
1124454
1124455
1124456
1124457
1124458
1124459
1124460
1124461
1124462
1124463
1124464
1124465
1124466
1124467
1124468
1124469
1124470
1124471
1124472
1124473
1124474
1124501
1124502
1124503
1124504
1124505
1124506
1124507
1124508
1124509
1124510
1124511
1124512
1124513
1124514
1124515
1124516
1124517
1124518
1124519
1124520
1124521
1124522
1124523
1124524
1124525
1124526
1124553
1124554
1124555
1124556
1124557
1124558
1124559
1124560
1124561
1124562
1124563
1124564
1124565
1124566
1124567
1124568
1124569
1124570
1124571
1124572
1124573
1124574
1124575
1124576
1124577
1124578
1124605
1124606
1124607
1124608
1124609
1124610
1124611
1124612
1124613
1124614
1124615
1124616
1124617
1124618
1124619
1124620
1124621
1124622
1124623
1124624
1124625
1124626
1124627
1124628
1124629
1124630
1124657
1124658
1124659
1124660
1124661
1124662
1124663
1124664
1124665
1124666
1124667
1124668
1124669
1124670
1124671
1124672
1124673
1124674
1124675
1124676
1124677
1124678
1124679
1124680
1124681
1124682
1124735
1124736
1124737
1124738
1124739
1124740
1124741
1124742
1124743
1124744
1124745
1124746
1124747
1124748
1124749
1124750
1124751
1124752
1124753
1124754
1124755
1124756
1124757
1124758
1124759
1124760
1124787
1124788
1124789
1124790
1124791
1124792
1124793
1124794
1124795
1124796
1124797
1124798
1124799
1124800
1124801
1124802
1124803
1124804
1124805
1124806
1124807
1124808
1124809
1124810
1124811
1124812
1124839
1124840
1124841
1124842
1124843
1124844
1124845
1124846
1124847
1124848
1124849
1124850
1124851
1124852
1124853
1124854
1124855
1124856
1124857
1124858
1124859
1124860
1124861
1124862
1124863
1124864
1124865
1124866
1124867
1124868
1124869
1124870
1124871
1124872
1124873
1124874
1124875
1124876
1124877
1124878
1124879
1124880
1124881
1124882
1124883
1124884
1124885
1124886
1124887
1124888
1124889
1124890
1124917
1124918
1124919
1124920
1124921
1124922
1124923
1124924
1124925
1124926
1124927
1124928
1124929
1124930
1124931
1124932
1124933
1124934
1124935
1124936
1124937
1124938
1124939
1124940
1124941
1124942
1124969
1124970
1124971
1124972
1124973
1124974
1124975
1124976
1124977
1124978
1124979
1124980
1124981
1124982
1124983
1124984
1124985
1124986
1124987
1124988
1124989
1124990
1124991
1124992
1124993
1124994
1124995
1124996
1124997
1124998
1124999
1125000
1125001
1125002
1125003
1125004
1125005
1125006
1125007
1125008
1125009
1125010
1125011
1125012
1125013
1125014
1125015
1125016
1125017
1125018
1125019
1125020
1125047
1125048
1125049
1125050
1125051
1125052
1125053
1125054
1125055
1125056
1125057
1125058
1125059
1125060
1125061
1125062
1125063
1125064
1125065
1125066
1125067
1125068
1125069
1125070
1125071
1125072
1125099
1125100
1125101
1125102
1125103
1125104
1125105
1125106
1125107
1125108
1125109
1125110
1125111
1125112
1125113
1125114
1125115
1125116
1125117
1125118
1125119
1125120
1125121
1125122
1125123
1125124
1125151
1125152
1125153
1125154
1125155
1125156
1125157
1125158
1125159
1125160
1125161
1125162
1125163
1125164
1125165
1125166
1125167
1125168
1125169
1125170
1125171
1125172
1125173
1125174
1125175
1125176
1125203
1125204
1125205
1125206
1125207
1125208
1125209
1125210
1125211
1125212
1125213
1125214
1125215
1125216
1125217
1125218
1125219
1125220
1125221
1125222
1125223
1125224
1125225
1125226
1125227
1125228
1125281
1125282
1125283
1125284
1125285
1125286
1125287
1125288
1125289
1125290
1125291
1125292
1125293
1125294
1125295
1125296
1125297
1125298
1125299
1125300
1125301
1125302
1125303
1125304
1125305
1125306
1125333
1125334
1125335
1125336
1125337
1125338
1125339
1125340
1125341
1125342
1125343
1125344
1125345
1125346
1125347
1125348
1125349
1125350
1125351
1125352
1125353
1125354
1125355
1125356
1125357
1125358
1125411
1125412
1125413
1125414
1125415
1125416
1125417
1125418
1125419
1125420
1125421
1125422
1125423
1125424
1125425
1125426
1125427
1125428
1125429
1125430
1125431
1125432
1125433
1125434
1125435
1125436
1125437
1125438
1125439
1125440
1125441
1125442
1125443
1125444
1125445
1125446
1125447
1125448
1125449
1125450
1125451
1125452
1125453
1125454
1125455
1125456
1125457
1125458
1125459
1125460
1125461
1125462
1125515
1125516
1125517
1125518
1125519
1125520
1125521
1125522
1125523
1125524
1125525
1125526
1125527
1125528
1125529
1125530
1125531
1125532
1125533
1125534
1125535
1125536
1125537
1125538
1125539
1125540
1125541
1125542
1125543
1125544
1125545
1125546
1125547
1125548
1125549
1125550
1125551
1125552
1125553
1125554
1125555
1125556
1125557
1125558
1125559
1125560
1125561
1125562
1125563
1125564
1125565
1125566
1125619
1125620
1125621
1125622
1125623
1125624
1125625
1125626
1125627
1125628
1125629
1125630
1125631
1125632
1125633
1125634
1125635
1125636
1125637
1125638
1125639
1125640
1125641
1125642
1125643
1125644
1125645
1125646
1125647
1125648
1125649
1125650
1125651
1125652
1125653
1125654
1125655
1125656
1125657
1125658
1125659
1125660
1125661
1125662
1125663
1125664
1125665
1125666
1125667
1125668
1125669
1125670
1125697
1125698
1125699
1125700
1125701
1125702
1125703
1125704
1125705
1125706
1125707
1125708
1125709
1125710
1125711
1125712
1125713
1125714
1125715
1125716
1125717
1125718
1125719
1125720
1125721
1125722
1125749
1125750
1125751
1125752
1125753
1125754
1125755
1125756
1125757
1125758
1125759
1125760
1125761
1125762
1125763
1125764
1125765
1125766
1125767
1125768
1125769
1125770
1125771
1125772
1125773
1125774
1125801
1125802
1125803
1125804
1125805
1125806
1125807
1125808
1125809
1125810
1125811
1125812
1125813
1125814
1125815
1125816
1125817
1125818
1125819
1125820
1125821
1125822
1125823
1125824
1125825
1125826
1125879
1125880
1125881
1125882
1125883
1125884
1125885
1125886
1125887
1125888
1125889
1125890
1125891
1125892
1125893
1125894
1125895
1125896
1125897
1125898
1125899
1125900
1125901
1125902
1125903
1125904
1125905
1125906
1125907
1125908
1125909
1125910
1125911
1125912
1125913
1125914
1125915
1125916
1125917
1125918
1125919
1125920
1125921
1125922
1125923
1125924
1125925
1125926
1125927
1125928
1125929
1125930
1125983
1125984
1125985
1125986
1125987
1125988
1125989
1125990
1125991
1125992
1125993
1125994
1125995
1125996
1125997
1125998
1125999
1126000
1126001
1126002
1126003
1126004
1126005
1126006
1126007
1126008
1126009
1126010
1126011
1126012
1126013
1126014
1126015
1126016
1126017
1126018
1126019
1126020
1126021
1126022
1126023
1126024
1126025
1126026
1126027
1126028
1126029
1126030
1126031
1126032
1126033
1126034
1126061
1126062
1126063
1126064
1126065
1126066
1126067
1126068
1126069
1126070
1126071
1126072
1126073
1126074
1126075
1126076
1126077
1126078
1126079
1126080
1126081
1126082
1126083
1126084
1126085
1126086
1126087
1126088
1126089
1126090
1126091
1126092
1126093
1126094
1126095
1126096
1126097
1126098
1126099
1126100
1126101
1126102
1126103
1126104
1126105
1126106
1126107
1126108
1126109
1126110
1126111
1126112
1126139
1126140
1126141
1126142
1126143
1126144
1126145
1126146
1126147
1126148
1126149
1126150
1126151
1126152
1126153
1126154
1126155
1126156
1126157
1126158
1126159
1126160
1126161
1126162
1126163
1126164
1126191
1126192
1126193
1126194
1126195
1126196
1126197
1126198
1126199
1126200
1126201
1126202
1126203
1126204
1126205
1126206
1126207
1126208
1126209
1126210
1126211
1126212
1126213
1126214
1126215
1126216
1126243
1126244
1126245
1126246
1126247
1126248
1126249
1126250
1126251
1126252
1126253
1126254
1126255
1126256
1126257
1126258
1126259
1126260
1126261
1126262
1126263
1126264
1126265
1126266
1126267
1126268
1126295
1126296
1126297
1126298
1126299
1126300
1126301
1126302
1126303
1126304
1126305
1126306
1126307
1126308
1126309
1126310
1126311
1126312
1126313
1126314
1126315
1126316
1126317
1126318
1126319
1126320
1126347
1126348
1126349
1126350
1126351
1126352
1126353
1126354
1126355
1126356
1126357
1126358
1126359
1126360
1126361
1126362
1126363
1126364
1126365
1126366
1126367
1126368
1126369
1126370
1126371
1126372
1126425
1126426
1126427
1126428
1126429
1126430
1126431
1126432
1126433
1126434
1126435
1126436
1126437
1126438
1126439
1126440
1126441
1126442
1126443
1126444
1126445
1126446
1126447
1126448
1126449
1126450
1126555
1126556
1126557
1126558
1126559
1126560
1126561
1126562
1126563
1126564
1126565
1126566
1126567
1126568
1126569
1126570
1126571
1126572
1126573
1126574
1126575
1126576
1126577
1126578
1126579
1126580
1126607
1126608
1126609
1126610
1126611
1126612
1126613
1126614
1126615
1126616
1126617
1126618
1126619
1126620
1126621
1126622
1126623
1126624
1126625
1126626
1126627
1126628
1126629
1126630
1126631
1126632
1126659
1126660
1126661
1126662
1126663
1126664
1126665
1126666
1126667
1126668
1126669
1126670
1126671
1126672
1126673
1126674
1126675
1126676
1126677
1126678
1126679
1126680
1126681
1126682
1126683
1126684
1126711
1126712
1126713
1126714
1126715
1126716
1126717
1126718
1126719
1126720
1126721
1126722
1126723
1126724
1126725
1126726
1126727
1126728
1126729
1126730
1126731
1126732
1126733
1126734
1126735
1126736
1126763
1126764
1126765
1126766
1126767
1126768
1126769
1126770
1126771
1126772
1126773
1126774
1126775
1126776
1126777
1126778
1126779
1126780
1126781
1126782
1126783
1126784
1126785
1126786
1126787
1126788
1126789
1126790
1126791
1126792
1126793
1126794
1126795
1126796
1126797
1126798
1126799
1126800
1126801
1126802
1126803
1126804
1126805
1126806
1126807
1126808
1126809
1126810
1126811
1126812
1126813
1126814
1126841
1126842
1126843
1126844
1126845
1126846
1126847
1126848
1126849
1126850
1126851
1126852
1126853
1126854
1126855
1126856
1126857
1126858
1126859
1126860
1126861
1126862
1126863
1126864
1126865
1126866
1126893
1126894
1126895
1126896
1126897
1126898
1126899
1126900
1126901
1126902
1126903
1126904
1126905
