1126906
1126907
1126908
1126909
1126910
1126911
1126912
1126913
1126914
1126915
1126916
1126917
1126918
1126919
1126920
1126921
1126922
1126923
1126924
1126925
1126926
1126927
1126928
1126929
1126930
1126931
1126932
1126933
1126934
1126935
1126936
1126937
1126938
1126939
1126940
1126941
1126942
1126943
1126944
1126997
1126998
1126999
1127000
1127001
1127002
1127003
1127004
1127005
1127006
1127007
1127008
1127009
1127010
1127011
1127012
1127013
1127014
1127015
1127016
1127017
1127018
1127019
1127020
1127021
1127022
1127075
1127076
1127077
1127078
1127079
1127080
1127081
1127082
1127083
1127084
1127085
1127086
1127087
1127088
1127089
1127090
1127091
1127092
1127093
1127094
1127095
1127096
1127097
1127098
1127099
1127100
1127127
1127128
1127129
1127130
1127131
1127132
1127133
1127134
1127135
1127136
1127137
1127138
1127139
1127140
1127141
1127142
1127143
1127144
1127145
1127146
1127147
1127148
1127149
1127150
1127151
1127152
1127179
1127180
1127181
1127182
1127183
1127184
1127185
1127186
1127187
1127188
1127189
1127190
1127191
1127192
1127193
1127194
1127195
1127196
1127197
1127198
1127199
1127200
1127201
1127202
1127203
1127204
1127231
1127232
1127233
1127234
1127235
1127236
1127237
1127238
1127239
1127240
1127241
1127242
1127243
1127244
1127245
1127246
1127247
1127248
1127249
1127250
1127251
1127252
1127253
1127254
1127255
1127256
1127257
1127258
1127259
1127260
1127261
1127262
1127263
1127264
1127265
1127266
1127267
1127268
1127269
1127270
1127271
1127272
1127273
1127274
1127275
1127276
1127277
1127278
1127279
1127280
1127281
1127282
1127335
1127336
1127337
1127338
1127339
1127340
1127341
1127342
1127343
1127344
1127345
1127346
1127347
1127348
1127349
1127350
1127351
1127352
1127353
1127354
1127355
1127356
1127357
1127358
1127359
1127360
1127387
1127388
1127389
1127390
1127391
1127392
1127393
1127394
1127395
1127396
1127397
1127398
1127399
1127400
1127401
1127402
1127403
1127404
1127405
1127406
1127407
1127408
1127409
1127410
1127411
1127412
1127439
1127440
1127441
1127442
1127443
1127444
1127445
1127446
1127447
1127448
1127449
1127450
1127451
1127452
1127453
1127454
1127455
1127456
1127457
1127458
1127459
1127460
1127461
1127462
1127463
1127464
1127465
1127466
1127467
1127468
1127469
1127470
1127471
1127472
1127473
1127474
1127475
1127476
1127477
1127478
1127479
1127480
1127481
1127482
1127483
1127484
1127485
1127486
1127487
1127488
1127489
1127490
1127543
1127544
1127545
1127546
1127547
1127548
1127549
1127550
1127551
1127552
1127553
1127554
1127555
1127556
1127557
1127558
1127559
1127560
1127561
1127562
1127563
1127564
1127565
1127566
1127567
1127568
1127595
1127596
1127597
1127598
1127599
1127600
1127601
1127602
1127603
1127604
1127605
1127606
1127607
1127608
1127609
1127610
1127611
1127612
1127613
1127614
1127615
1127616
1127617
1127618
1127619
1127620
1127673
1127674
1127675
1127676
1127677
1127678
1127679
1127680
1127681
1127682
1127683
1127684
1127685
1127686
1127687
1127688
1127689
1127690
1127691
1127692
1127693
1127694
1127695
1127696
1127697
1127698
1127699
1127700
1127701
1127702
1127703
1127704
1127705
1127707
1127708
1127709
1127710
1127711
1127712
1127713
1127714
1127715
1127716
1127717
1127718
1127719
1127720
1127721
1127722
1127723
1127724
1127751
1127752
1127753
1127754
1127755
1127756
1127757
1127758
1127759
1127760
1127761
1127762
1127763
1127764
1127765
1127766
1127767
1127768
1127769
1127771
1127772
1127773
1127774
1127775
1127776
1127803
1127804
1127805
1127806
1127807
1127808
1127809
1127810
1127811
1127812
1127813
1127814
1127815
1127816
1127817
