1127818
1127819
1127820
1127821
1127822
1127823
1127824
1127825
1127826
1127827
1127828
1127855
1127856
1127857
1127858
1127859
1127860
1127861
1127862
1127863
1127864
1127865
1127866
1127867
1127868
1127869
1127870
1127871
1127872
1127873
1127874
1127875
1127876
1127877
1127878
1127879
1127880
1127933
1127934
1127935
1127936
1127937
1127938
1127939
1127940
1127941
1127942
1127943
1127944
1127945
1127946
1127947
1127948
1127949
1127950
1127951
1127952
1127953
1127954
1127955
1127956
1127957
1127958
1127959
1127960
1127961
1127962
1127963
1127964
1127965
1127966
1127967
1127968
1127969
1127970
1127971
1127972
1127973
1127974
1127975
1127976
1127977
1127978
1127979
1127980
1127981
1127982
1127983
1127984
1127985
1127986
1127987
1127988
1127989
1127990
1127991
1127992
1127993
1127994
1127995
1127996
1127997
1127998
1127999
1128000
1128001
1128002
1128003
1128004
1128005
1128006
1128007
1128008
1128009
1128010
1128011
1128012
1128013
1128014
1128015
1128016
1128017
1128018
1128019
1128020
1128021
1128022
1128023
1128024
1128025
1128026
1128027
1128028
1128029
1128030
1128031
1128032
1128033
1128034
1128035
1128036
1128063
1128064
1128065
1128066
1128067
1128068
1128069
1128070
1128071
1128072
1128073
1128074
1128075
1128076
1128077
1128078
1128079
1128080
1128081
1128082
1128083
1128084
1128085
1128086
1128087
1128088
1128115
1128116
1128117
1128118
1128119
1128120
1128121
1128122
1128123
1128124
1128125
1128126
1128127
1128128
1128129
1128130
1128131
1128132
1128133
1128134
1128135
1128136
1128137
1128138
1128139
1128140
1128167
1128168
1128169
1128170
1128171
1128172
1128173
1128174
1128175
1128176
1128177
1128178
1128179
1128180
1128181
1128182
1128183
1128184
1128185
1128186
1128187
1128188
1128189
1128190
1128191
1128192
1128245
1128246
1128247
1128248
1128249
1128250
1128251
1128252
1128253
1128254
1128255
1128256
1128257
1128258
1128259
1128260
1128261
1128262
1128263
1128264
1128265
1128266
1128267
1128268
1128269
1128270
1128297
1128298
1128299
1128300
1128301
1128302
1128303
1128304
1128305
1128306
1128307
1128308
1128309
1128310
1128311
1128312
1128313
1128314
1128315
1128316
1128317
1128318
1128319
1128320
1128321
1128322
1128349
1128350
1128351
1128352
1128353
1128354
1128355
1128356
1128357
1128358
1128359
1128360
1128361
1128362
1128363
1128364
1128365
1128366
1128367
1128368
1128369
1128370
1128371
1128372
1128373
1128374
1128375
1128376
1128377
1128378
1128379
1128380
1128381
1128382
1128383
1128384
1128385
1128386
1128387
1128389
1128390
1128391
1128392
1128393
1128394
1128395
1128396
1128397
1128398
1128399
1128400
1128427
1128428
1128429
1128430
1128431
1128432
1128433
1128434
1128435
1128436
1128437
1128438
1128439
1128440
1128441
1128442
1128443
1128444
1128445
1128446
1128447
1128448
1128449
1128450
1128451
1128452
1128505
1128506
1128507
1128508
1128509
1128510
1128511
1128512
1128513
1128514
1128515
1128516
1128517
1128518
1128519
1128520
1128521
1128522
1128523
1128524
1128525
1128526
1128527
1128528
1128529
1128530
1128557
1128558
1128559
1128560
1128561
1128562
1128563
1128564
1128565
1128566
1128567
1128568
1128569
1128570
1128571
1128572
1128573
1128574
1128575
1128576
1128577
1128578
1128579
1128580
1128581
1128582
1128609
1128610
1128611
1128612
1128613
1128614
1128615
1128616
1128617
1128618
1128619
1128620
1128621
1128622
1128623
1128624
1128625
1128626
1128627
1128628
1128629
1128630
1128631
1128632
1128633
1128634
1128635
1128636
1128637
1128638
1128639
1128640
1128641
1128642
1128643
1128644
1128645
1128646
1128647
1128648
1128649
1128650
1128651
1128652
1128653
1128654
1128655
1128656
1128657
1128658
1128659
1128660
1128687
1128688
1128689
1128690
1128691
1128692
1128693
1128694
1128695
1128696
1128697
1128698
1128699
1128700
1128701
1128702
1128703
1128704
1128705
1128706
1128707
1128708
1128709
1128710
1128711
1128712
1128713
1128714
1128715
1128716
1128717
1128718
1128719
1128720
1128721
1128722
1128723
1128724
1128725
1128726
1128727
1128728
1128729
1128730
1128731
1128732
1128733
1128734
1128735
1128736
1128737
1128738
1128765
1128766
1128767
1128768
1128769
1128770
1128771
1128772
1128773
1128774
1128775
1128776
1128777
1128778
1128779
1128780
1128781
1128782
1128783
1128784
1128785
1128786
1128787
1128788
1128789
1128790
1128791
1128792
1128793
1128794
1128795
1128796
1128797
1128798
1128799
1128800
1128801
1128802
1128803
1128804
1128805
1128806
1128807
1128808
1128809
1128810
1128811
1128812
1128813
1128814
1128815
1128816
1128843
1128844
1128845
1128846
1128847
1128848
1128849
1128850
1128851
1128852
1128853
1128854
1128855
1128856
1128857
1128858
1128859
1128860
1128861
1128862
1128863
1128864
1128865
1128866
1128867
1128868
1128921
1128922
1128923
1128924
1128925
1128926
1128927
1128928
1128929
1128930
1128931
1128932
1128933
1128934
1128935
1128936
1128937
1128938
1128939
1128940
1128941
1128942
1128943
1128944
1128945
1128946
1128947
1128948
1128949
1128950
1128951
1128952
1128953
1128954
1128955
1128956
1128957
1128958
1128959
1128960
1128961
1128962
1128963
1128964
1128965
1128966
1128967
1128968
1128969
1128970
1128971
1128972
1129025
1129026
1129027
1129028
1129029
1129030
1129031
1129032
1129033
1129034
1129035
1129036
1129037
1129038
1129039
1129040
1129041
1129042
1129043
1129044
1129045
1129046
1129047
1129048
1129049
1129050
1129077
1129078
1129079
1129080
1129081
1129082
1129083
1129084
1129085
1129086
1129087
1129088
1129089
1129090
1129091
1129092
1129093
1129094
1129095
1129096
1129097
1129098
1129099
1129100
1129101
1129102
1129155
1129156
1129157
1129158
1129159
1129160
1129161
1129162
1129163
1129164
1129165
1129166
1129167
1129168
1129169
1129170
1129171
1129172
1129173
1129174
1129175
1129176
1129177
1129178
1129179
1129180
1129207
1129208
1129209
1129210
1129211
1129212
1129213
1129214
1129215
1129216
1129217
1129218
1129219
1129220
1129221
1129222
1129223
1129224
1129225
1129226
1129227
1129228
1129229
1129230
1129231
1129232
1129259
1129260
1129261
1129262
1129263
1129264
1129265
1129266
1129267
1129268
1129269
1129270
1129271
1129272
1129273
1129274
1129275
1129276
1129277
1129278
1129279
1129280
1129281
1129282
1129283
1129284
1129311
1129312
1129313
1129314
1129315
1129316
1129317
1129318
1129319
1129320
1129321
1129322
1129323
1129324
1129325
1129326
1129327
1129328
1129329
1129330
1129331
1129332
1129333
1129334
1129335
1129336
1129363
1129364
1129365
1129366
1129367
1129368
1129369
1129370
1129371
1129372
1129373
1129374
1129375
1129376
1129377
1129378
1129379
1129380
1129381
1129382
1129383
1129384
1129385
1129386
1129387
1129388
1129415
1129416
1129417
1129418
1129419
1129420
1129421
1129422
1129423
1129424
1129425
1129426
1129427
1129428
1129429
1129430
1129431
1129432
1129433
1129434
1129435
1129436
1129437
1129438
1129439
1129440
1129467
1129468
1129469
1129470
1129471
1129472
1129473
1129474
1129475
1129476
1129477
1129478
1129479
1129480
1129481
1129482
1129483
1129484
1129485
1129486
1129487
1129488
1129489
1129490
1129491
1129492
1129493
1129494
1129495
1129496
1129497
1129498
1129499
1129500
1129501
1129502
1129503
1129504
1129505
1129506
1129507
1129508
1129509
1129510
1129511
1129512
1129513
1129514
1129515
1129516
1129517
1129518
1129571
1129572
1129573
1129574
1129575
1129576
1129577
1129578
1129579
1129580
1129581
1129582
1129583
1129584
1129585
1129586
1129587
1129588
1129589
1129590
1129591
1129592
1129593
1129594
1129595
1129596
1129623
1129624
1129625
1129626
1129627
1129628
1129629
1129630
1129631
1129632
1129633
1129634
1129635
1129636
1129637
1129638
1129639
1129640
1129641
1129642
1129643
1129644
1129645
1129646
1129647
1129648
1129649
1129650
1129651
1129652
1129653
1129654
1129655
1129656
1129657
1129658
1129659
1129660
1129661
1129662
1129663
1129664
1129665
1129666
1129667
1129668
1129669
1129670
1129671
1129672
1129673
1129674
1129727
1129728
1129729
1129730
1129731
1129732
1129733
1129734
1129735
