1129736
1129737
1129738
1129739
1129740
1129741
1129742
1129743
1129744
1129745
1129746
1129747
1129748
1129749
1129750
1129751
1129752
1129779
1129780
1129781
1129782
1129783
1129784
1129785
1129786
1129787
1129788
1129789
1129790
1129791
1129792
1129793
1129794
1129795
1129796
1129797
1129798
1129799
1129800
1129801
1129802
1129803
1129804
1129805
1129806
1129807
1129808
1129809
1129810
1129811
1129812
1129813
1129814
1129815
1129816
1129817
1129818
1129819
1129820
1129821
1129822
1129823
1129824
1129825
1129826
1129827
1129828
1129829
1129830
1129883
1129884
1129885
1129886
1129887
1129888
1129889
1129890
1129891
1129892
1129893
1129894
1129895
1129896
1129897
1129898
1129899
1129900
1129901
1129902
1129903
1129904
1129905
1129906
1129907
1129908
1129909
1129910
1129911
1129912
1129913
1129914
1129915
1129916
1129917
1129918
1129919
1129920
1129921
1129922
1129923
1129924
1129925
1129926
1129927
1129928
1129929
1129930
1129931
1129932
1129933
1129934
1129961
1129962
1129963
1129964
1129965
1129966
1129967
1129968
1129969
1129970
1129971
1129972
1129973
1129974
1129975
1129976
1129977
1129978
1129979
1129980
1129981
1129982
1129983
1129984
1129985
1129986
1130013
1130014
1130015
1130016
1130017
1130018
1130019
1130020
1130021
1130022
1130023
1130024
1130025
1130026
1130027
1130028
1130029
1130030
1130031
1130032
1130033
1130034
1130035
1130036
1130037
1130038
1130065
1130066
1130067
1130068
1130069
1130070
1130071
1130072
1130073
1130074
1130075
1130076
1130077
1130078
1130079
1130080
1130081
1130082
1130083
1130084
1130085
1130086
1130087
1130088
1130089
1130090
1130117
1130118
1130119
1130120
1130121
1130122
1130123
1130124
1130125
1130126
1130127
1130128
1130129
1130130
1130131
1130132
1130133
1130134
1130135
1130136
1130137
1130138
1130139
1130140
1130141
1130142
1130169
1130170
1130171
1130172
1130173
1130174
1130175
1130176
1130177
1130178
1130179
1130180
1130181
1130182
1130183
1130184
1130185
1130186
1130187
1130188
1130189
1130190
1130191
1130192
1130193
1130194
1130247
1130248
1130249
1130250
1130251
1130252
1130253
1130254
1130255
1130256
1130257
1130258
1130259
1130260
1130261
1130262
1130263
1130264
1130265
1130266
1130267
1130268
1130269
1130270
1130271
1130272
1130299
1130300
1130301
1130302
1130303
1130304
1130305
1130306
1130307
1130308
1130309
1130310
1130311
1130312
1130313
1130314
1130315
1130316
1130317
1130318
1130319
1130320
1130321
1130322
1130323
1130324
1130325
1130326
1130327
1130328
1130329
1130330
1130331
1130332
1130333
1130334
1130335
1130336
1130337
1130338
1130339
1130340
1130341
1130342
1130343
1130344
1130345
1130346
1130347
1130348
1130349
1130350
1130351
1130352
1130353
1130354
1130355
1130356
1130357
1130358
1130359
1130360
1130361
1130362
1130363
1130364
1130365
1130366
1130367
1130368
1130369
1130370
1130371
1130372
1130373
1130374
1130375
1130376
1130403
1130404
1130405
1130406
1130407
1130408
1130409
1130410
1130411
1130412
1130413
1130414
1130415
1130416
1130417
1130418
1130419
1130420
1130421
1130422
1130423
1130424
1130425
1130426
1130427
1130428
1130481
1130482
1130483
1130484
1130485
1130486
1130487
1130488
1130489
1130490
1130491
1130492
1130493
1130494
1130495
1130496
1130497
1130498
1130499
1130500
1130501
1130502
1130503
1130504
1130505
1130506
1130533
1130534
1130535
1130536
1130537
1130538
1130539
1130540
1130541
1130542
1130543
1130544
1130545
1130546
1130547
1130548
1130549
1130550
1130551
1130552
1130553
1130554
1130555
1130556
1130557
1130558
1130585
1130586
1130587
1130588
1130589
1130590
1130591
1130592
1130593
1130594
1130595
1130596
1130597
1130598
1130599
1130600
1130601
1130602
1130603
1130604
1130605
1130606
1130607
1130608
1130609
1130610
1130611
1130612
1130613
1130614
1130615
1130616
1130617
1130618
1130619
1130620
1130621
1130622
1130623
1130624
1130625
1130626
1130627
1130628
1130629
1130630
1130631
1130632
1130633
1130634
1130635
1130636
1130689
1130690
1130691
1130692
1130693
1130694
1130695
1130696
1130697
1130698
1130699
1130700
1130701
1130702
1130703
1130704
1130705
1130706
1130707
1130708
1130709
1130710
1130711
1130712
1130713
1130714
1130715
1130716
1130717
1130718
1130719
1130720
1130721
1130722
1130723
1130724
1130725
1130726
1130727
1130728
1130729
1130730
1130731
1130732
1130733
1130734
1130735
1130736
1130737
1130738
1130739
1130740
1130793
1130794
1130795
1130796
1130797
1130798
1130799
1130800
1130801
1130802
1130803
1130804
1130805
1130806
1130807
1130808
1130809
1130810
1130811
1130812
1130813
1130814
1130815
1130816
1130817
1130818
1130819
1130820
1130821
1130822
1130823
1130824
1130825
1130826
1130827
1130828
1130829
1130830
1130831
1130832
1130833
1130834
1130835
1130836
1130837
1130838
1130839
1130840
1130841
1130842
1130843
1130844
1130845
1130846
1130847
1130848
1130849
1130850
1130851
1130852
1130853
1130854
1130855
1130856
1130857
1130858
1130859
1130860
1130861
1130862
1130863
1130864
1130865
1130866
1130867
1130868
1130869
1130870
1130897
1130898
1130899
1130900
1130901
1130902
1130903
1130904
1130905
1130906
1130907
1130908
1130909
1130910
1130911
1130912
1130913
1130914
1130915
1130916
1130917
1130918
1130919
1130920
1130921
1130922
1130949
1130950
1130951
1130952
1130953
1130954
1130955
1130956
1130957
1130958
1130959
1130960
1130961
1130962
1130963
1130964
1130965
1130966
1130967
1130968
1130969
1130970
1130971
1130972
1130973
1130974
1131027
1131028
1131029
1131030
1131031
1131032
1131033
1131034
1131035
1131036
1131037
1131038
1131039
1131040
1131041
1131042
1131043
1131044
1131045
1131046
1131047
1131048
1131049
1131050
1131051
1131052
1131079
1131080
1131081
1131082
1131083
1131084
1131085
1131086
1131087
1131088
1131089
1131090
1131091
1131092
1131093
1131094
1131095
1131096
1131097
1131098
1131099
1131100
1131101
1131102
1131103
1131104
1131131
1131132
1131133
1131134
1131135
1131136
1131137
1131138
1131139
1131140
1131141
1131142
1131143
1131144
1131145
1131146
1131147
1131148
1131149
1131150
1131151
1131152
1131153
1131154
1131155
1131156
1131157
1131158
1131159
1131160
1131161
1131162
1131163
1131164
1131165
1131166
1131167
1131168
1131169
1131170
1131171
1131172
1131173
1131174
1131175
1131176
1131177
1131178
1131179
1131180
1131181
1131182
1131209
1131210
1131211
1131212
1131213
1131214
1131215
1131216
1131217
1131218
1131219
1131220
1131221
1131222
1131223
1131224
1131225
1131226
1131227
1131228
1131229
1131230
1131231
1131232
1131233
1131234
1131235
1131236
1131237
1131238
1131239
1131240
1131241
1131242
1131243
1131244
1131245
1131246
1131247
1131248
1131249
1131250
1131251
1131252
1131253
1131254
1131255
1131256
1131257
1131258
1131259
1131260
1131313
1131314
1131315
1131316
1131317
1131318
1131319
1131320
1131321
1131322
1131323
1131324
1131325
1131326
1131327
1131328
1131329
1131330
1131331
1131332
1131333
1131334
1131335
1131336
1131337
1131338
1131339
1131340
1131341
1131342
1131343
1131344
1131345
1131346
1131347
1131348
1131349
1131350
1131351
1131352
1131353
1131354
1131355
1131356
1131357
1131358
1131359
1131360
1131361
1131362
1131363
1131364
1131391
1131392
1131393
1131394
1131395
1131396
1131397
1131398
1131399
1131400
1131401
1131402
1131403
1131404
1131405
1131406
1131407
1131408
1131410
1131411
1131412
1131413
1131414
1131415
1131416
1131469
1131470
1131471
1131472
1131473
1131474
1131475
1131476
1131477
1131478
1131479
1131480
1131481
1131482
1131483
1131484
1131485
1131486
1131487
1131488
1131489
1131490
1131491
1131492
1131493
1131494
1131495
1131496
1131497
1131498
1131499
1131500
1131501
1131502
1131503
1131504
1131505
1131506
1131507
1131508
1131509
1131510
1131511
1131512
1131513
1131514
1131515
1131516
1131517
1131518
1131519
1131520
1131573
1131574
1131575
1131576
1131577
1131578
1131579
1131580
1131581
1131582
1131583
1131584
1131585
1131586
1131587
1131588
1131589
1131590
1131591
1131592
1131593
1131594
1131595
1131596
1131597
1131598
1131599
1131600
1131601
1131602
1131603
1131604
1131605
1131606
1131607
1131608
1131609
1131610
1131611
1131612
1131613
1131614
1131615
1131616
1131617
1131618
1131619
1131620
1131621
1131622
1131623
1131624
1131651
1131652
1131653
1131654
1131655
1131656
1131657
1131658
1131659
1131660
1131661
1131662
1131663
1131664
1131665
1131666
1131667
1131668
1131669
1131670
1131671
1131672
1131673
1131674
1131675
1131676
1131677
1131678
1131679
1131680
1131681
1131682
1131683
1131684
1131685
1131686
1131687
1131688
1131689
1131690
1131691
1131692
1131693
1131694
1131695
1131696
1131697
1131698
1131699
1131700
1131701
1131702
1131729
1131730
1131731
1131732
1131733
1131734
1131735
1131736
1131737
1131738
1131739
1131740
1131741
1131742
1131743
1131744
1131745
1131746
1131747
1131748
1131749
1131750
1131751
1131752
1131753
1131754
1131807
1131808
1131809
1131810
1131811
1131812
1131813
1131814
1131815
1131816
1131817
1131818
1131819
1131820
1131821
1131822
1131823
1131824
1131825
1131826
1131827
1131828
1131829
1131830
1131831
1131832
1131885
1131886
1131887
1131888
1131889
1131890
1131891
1131892
1131893
1131894
1131895
1131896
1131897
1131898
1131899
1131900
1131901
1131902
1131903
1131904
1131905
1131906
1131907
1131908
1131909
1131910
1131937
1131938
1131939
1131940
1131941
1131942
1131943
1131944
1131945
1131946
1131947
1131948
1131949
1131950
1131951
1131952
1131953
1131954
1131955
1131956
1131957
1131958
1131959
1131960
1131961
1131962
1131963
1131964
1131965
1131966
1131967
1131968
1131969
1131970
1131971
1131972
1131973
1131974
1131975
1131976
1131977
1131978
1131979
1131980
1131981
1131982
1131983
1131984
1131985
1131986
1131987
1131988
1132041
1132042
1132043
1132044
1132045
1132046
1132047
1132048
1132049
1132050
1132051
1132052
1132053
1132054
1132055
1132056
1132057
1132058
1132059
1132060
1132061
1132062
1132063
1132064
1132065
1132066
1132067
1132068
1132069
1132070
1132071
1132072
1132073
1132074
1132075
1132076
1132077
1132078
1132079
1132080
1132081
1132082
1132083
1132084
1132085
1132086
1132087
1132088
1132089
1132090
1132091
1132092
1132119
1132120
1132121
1132122
1132123
1132124
1132125
1132126
1132127
1132128
1132129
1132130
1132131
1132132
1132133
1132134
1132135
1132136
1132137
1132138
1132139
1132140
1132141
1132142
1132143
1132144
1132171
1132172
1132173
1132174
1132175
1132176
1132177
1132178
1132179
1132180
1132181
1132182
1132183
1132184
1132185
1132186
1132187
1132188
1132189
1132190
1132191
1132192
1132193
1132194
1132195
1132196
1132197
1132198
1132199
1132200
1132201
1132202
1132203
1132204
1132205
1132206
1132207
1132208
1132209
1132210
1132211
1132212
1132213
1132214
1132215
1132216
1132217
1132218
1132219
1132220
1132221
1132222
1132223
1132224
1132225
1132226
1132227
1132228
1132229
1132230
1132231
1132232
1132233
1132234
1132235
1132236
1132237
1132238
1132239
1132240
1132241
1132242
1132243
1132244
1132245
1132246
1132247
1132248
1132275
1132276
1132277
1132278
1132279
1132280
1132281
1132282
1132283
1132284
1132285
1132286
1132287
1132288
1132289
1132290
1132291
1132292
1132293
1132294
1132295
1132296
1132297
1132298
1132299
1132300
1132327
1132328
1132329
1132330
1132331
1132332
1132333
1132334
1132335
1132336
1132337
1132338
1132339
1132340
1132341
1132342
1132343
1132344
1132345
1132346
1132347
1132348
1132349
1132350
1132351
1132352
1132379
1132380
1132381
1132382
1132383
1132384
1132385
1132386
1132387
1132388
1132389
1132390
1132391
1132392
1132393
1132394
1132395
1132396
1132397
1132398
1132399
1132400
1132401
1132402
1132403
1132404
1132405
1132406
1132407
1132408
1132409
1132410
1132411
1132412
1132413
1132414
1132415
1132416
1132417
1132418
1132419
1132420
1132421
1132422
1132423
1132424
1132425
1132426
1132427
1132428
1132429
1132430
1132483
1132484
1132485
1132486
1132487
1132488
1132489
1132490
1132491
1132492
1132493
1132494
1132495
1132496
1132497
1132498
1132499
1132500
1132501
1132502
1132503
1132504
1132505
1132506
1132507
1132508
1132509
1132510
1132511
1132512
1132513
1132514
1132515
1132516
1132517
1132518
1132519
1132520
1132521
1132522
1132523
1132524
1132525
1132526
1132527
1132528
1132529
1132530
1132531
1132532
1132533
1132534
1132561
1132562
1132563
1132564
1132565
1132566
1132567
1132568
1132569
1132570
1132571
1132572
1132573
1132574
1132575
1132576
1132577
1132578
1132579
1132580
1132581
1132582
1132583
1132584
1132585
1132586
1132639
1132640
1132641
1132642
1132643
1132644
1132645
1132646
1132647
1132648
1132649
1132650
1132651
1132652
1132653
1132654
1132655
1132656
1132657
1132658
1132659
1132660
1132661
1132662
1132663
1132664
1132691
1132692
1132693
1132694
1132695
1132696
1132697
1132698
1132699
1132700
1132701
1132702
1132703
1132704
1132705
1132706
1132707
1132708
1132709
1132710
1132711
1132712
1132713
1132714
1132715
1132716
1132743
1132744
1132745
1132746
1132747
1132748
1132749
1132750
1132751
1132752
1132753
1132754
1132755
1132756
1132757
1132758
1132759
1132760
1132761
1132762
1132763
1132764
1132765
1132766
1132767
1132768
1132847
1132848
1132849
1132850
1132851
1132852
1132853
1132854
1132855
1132856
1132857
1132858
1132859
1132860
1132861
1132862
1132863
1132864
1132865
1132866
1132867
1132868
1132869
1132870
1132871
1132872
1132873
1132874
1132875
1132876
1132877
1132878
1132879
1132880
1132881
1132882
1132883
1132884
1132885
1132886
1132887
1132888
1132889
1132890
1132891
1132892
1132893
1132894
1132895
1132896
1132897
1132898
1132925
1132926
1132927
1132928
1132929
1132930
1132931
1132932
1132933
1132934
1132935
1132936
1132937
1132938
1132939
1132940
1132941
1132942
1132943
1132944
1132945
1132946
1132947
1132948
1132949
1132950
1132977
1132978
1132979
1132980
1132981
1132982
1132983
1132984
1132985
1132986
1132987
1132988
1132989
1132990
1132991
1132992
1132993
1132994
1132995
1132996
1132997
1132998
1132999
1133000
1133001
1133002
1133081
1133082
1133083
1133084
1133085
1133086
1133087
1133088
1133089
1133090
1133091
1133092
1133093
1133094
1133095
1133096
1133097
1133098
1133099
1133100
1133101
1133102
1133103
1133104
1133105
1133106
1133133
1133134
1133135
1133136
1133137
1133138
1133139
1133140
1133141
1133142
1133143
1133144
1133145
1133146
1133147
1133148
1133149
1133150
1133151
1133152
1133153
1133154
1133155
1133156
1133157
1133158
1133159
1133160
1133161
1133162
1133163
1133164
1133165
1133166
1133167
1133168
1133169
1133170
1133171
1133172
1133173
1133174
1133175
1133176
1133177
1133178
1133179
1133180
1133181
1133182
1133183
1133184
1133263
1133264
1133265
1133266
1133267
1133268
1133269
1133270
1133271
1133272
1133273
1133274
1133275
1133276
1133277
1133278
1133279
1133280
1133281
1133282
1133283
1133284
1133285
1133286
1133287
1133288
1133289
1133290
1133291
1133292
1133293
1133294
1133295
1133296
1133297
1133298
1133299
1133300
1133301
1133302
1133303
1133304
1133305
1133306
1133307
1133308
1133309
1133310
1133311
1133312
1133313
1133314
1133341
1133342
1133343
1133344
1133345
1133346
1133347
1133348
1133349
1133350
1133351
1133352
1133353
1133354
1133355
1133356
1133357
1133358
1133359
1133360
1133361
1133362
1133363
1133364
1133365
1133366
1133419
1133420
1133421
1133422
1133423
1133424
1133425
1133426
1133427
1133428
1133429
1133430
1133431
1133432
1133433
1133434
1133435
1133436
1133437
1133438
1133439
1133440
1133441
1133442
1133443
1133444
1133445
1133446
1133447
1133448
1133449
1133450
1133451
1133452
1133453
1133454
1133455
1133456
1133457
1133458
1133459
1133460
1133461
1133462
1133463
1133464
1133465
1133466
1133467
1133468
1133469
1133470
1133497
1133498
1133499
1133500
1133501
1133502
1133503
1133504
1133505
1133506
1133507
1133508
1133509
1133510
1133511
1133512
1133513
1133514
1133515
1133516
1133517
1133518
1133519
1133520
1133521
1133522
1133549
1133550
1133551
1133552
1133553
1133554
1133555
1133556
1133557
1133558
1133559
1133560
1133561
1133562
1133563
1133564
1133565
1133566
1133567
1133568
1133569
1133570
1133571
1133572
1133573
1133574
1133601
1133602
1133603
1133604
1133605
1133606
1133607
1133608
1133609
1133610
1133611
1133612
1133613
1133614
1133615
1133616
1133617
1133618
1133619
1133620
1133621
1133622
1133623
1133624
1133625
1133626
1133653
1133654
1133655
1133656
1133657
1133658
1133659
1133660
1133661
1133662
1133663
1133664
1133665
1133666
1133667
1133668
1133669
1133670
1133671
1133672
1133673
1133674
1133675
1133676
1133677
1133678
1133679
1133680
1133681
1133682
1133683
1133684
1133685
1133686
1133687
1133688
1133689
1133690
1133691
1133692
1133693
1133694
1133695
1133696
1133697
1133698
1133699
1133700
1133701
1133702
1133703
1133704
1133731
1133732
1133733
1133734
1133735
1133736
1133737
1133738
1133739
1133740
1133741
1133742
1133743
1133744
1133745
1133746
1133747
1133748
1133749
1133750
1133751
1133752
1133753
1133754
1133755
1133756
1133783
1133784
1133785
1133786
1133787
1133788
1133789
1133790
1133791
1133792
1133793
1133794
1133795
1133796
1133797
1133798
1133799
1133800
1133801
1133802
1133803
1133804
1133805
1133806
1133807
1133808
1133861
1133862
1133863
1133864
1133865
1133866
1133867
1133868
1133869
1133870
1133871
1133872
1133873
1133874
1133875
1133876
1133877
1133878
1133879
1133880
1133881
1133882
1133883
1133884
1133885
1133886
1133887
1133888
1133889
1133890
1133891
1133892
1133893
1133894
1133895
1133896
1133897
1133898
1133899
1133900
1133901
1133902
1133903
1133904
1133905
1133906
1133907
1133908
1133909
1133910
1133911
1133912
1133939
1133940
1133941
1133942
1133943
1133944
1133945
1133946
1133947
1133948
1133949
1133950
1133951
1133952
1133953
1133954
1133955
1133956
1133957
1133958
1133959
1133960
1133961
1133962
1133963
1133964
1133991
1133992
1133993
1133994
1133995
1133996
1133997
1133998
1133999
1134000
1134001
1134002
1134003
1134004
1134005
1134006
1134007
1134008
1134009
1134010
1134011
1134012
1134013
1134014
1134015
1134016
1134043
1134044
1134045
1134046
1134047
1134048
1134049
1134050
1134051
1134052
1134053
1134054
1134055
1134056
1134057
1134058
1134059
1134060
1134061
1134062
1134063
1134064
1134065
1134066
1134067
1134068
1134095
1134096
1134097
1134098
1134099
1134100
1134101
1134102
1134103
1134104
1134105
1134106
1134107
1134108
1134109
1134110
1134111
1134112
1134113
1134114
1134115
1134116
1134117
1134118
1134119
1134120
1134173
1134174
1134175
1134176
1134177
1134178
1134179
1134180
1134181
1134182
1134183
1134184
1134185
1134186
1134187
1134188
1134189
1134190
1134191
1134192
1134193
1134194
1134195
1134196
1134197
1134198
1134225
1134226
1134227
1134228
1134229
1134230
1134231
1134232
1134233
1134234
1134235
1134236
1134237
1134238
1134239
1134240
1134241
1134242
1134243
1134244
1134245
1134246
1134247
1134248
1134249
1134250
1134251
1134252
1134253
1134254
1134255
1134256
1134257
1134258
1134259
1134260
1134261
1134262
1134263
1134264
1134265
1134266
1134267
1134268
1134269
1134270
1134271
1134272
1134273
1134274
1134275
1134276
1134303
1134304
1134305
1134306
1134307
1134308
1134309
1134310
1134311
1134312
1134313
1134314
1134315
1134316
1134317
1134318
1134319
1134320
1134321
1134322
1134323
1134324
1134325
1134326
1134327
1134328
1134355
1134356
1134357
1134358
1134359
1134360
1134361
1134362
1134363
1134364
1134365
1134366
1134367
1134368
1134369
1134370
1134371
1134372
1134373
1134374
1134375
1134376
1134377
1134378
1134379
1134380
1134407
1134408
1134409
1134410
1134411
1134412
1134413
1134414
1134415
1134416
1134417
1134418
1134419
1134420
1134421
1134422
1134423
1134424
1134425
1134426
1134427
1134428
1134429
1134430
1134431
1134432
1134486
1134487
1134488
1134489
1134490
1134491
1134492
1134493
1134494
1134495
1134496
1134497
1134498
1134499
1134500
1134501
1134502
1134503
1134504
1134505
1134506
1134507
1134508
1134509
1134510
1134511
1134512
1134513
1134514
1134515
1134516
1134517
1134519
1134520
1134521
1134522
1134523
1134524
1134525
1134526
1134527
1134528
1134529
1134530
1134531
1134532
1134533
1134534
1134535
1134536
1134563
1134564
1134565
1134566
1134567
1134568
1134569
1134570
1134571
1134572
1134573
1134574
1134575
1134576
1134577
1134578
1134579
1134580
1134581
1134582
1134583
1134584
1134585
1134586
1134587
1134588
1134641
1134642
1134643
1134644
1134645
1134646
1134647
1134648
1134649
1134650
1134651
1134652
1134653
1134654
1134655
1134656
1134657
1134658
1134659
1134660
1134661
1134662
1134663
1134664
1134665
1134666
1134667
1134668
1134669
1134670
1134671
1134672
1134673
1134674
1134675
1134676
1134677
1134678
1134679
1134680
1134681
1134682
1134683
1134684
1134685
1134686
1134687
1134688
1134689
1134690
1134691
1134692
1134745
1134746
1134747
1134748
1134749
1134750
1134751
1134752
1134753
1134754
1134755
1134756
1134757
1134758
1134759
1134760
1134761
1134762
1134763
1134764
1134765
1134766
1134767
1134768
1134769
1134770
1134797
1134798
1134799
1134800
1134801
1134802
1134803
1134804
1134805
1134806
1134807
1134808
1134809
1134810
1134811
1134812
1134813
1134814
1134815
1134816
1134817
1134818
1134819
1134820
1134821
1134822
1134849
1134850
1134851
1134852
1134853
1134854
1134855
1134856
1134857
1134858
1134859
1134860
1134861
1134862
1134863
1134864
1134865
1134866
1134867
1134868
1134869
1134870
1134871
1134872
1134873
1134874
1134927
1134928
1134929
1134930
1134931
1134932
1134933
1134934
1134935
1134936
1134937
1134938
1134939
1134940
1134941
1134942
1134943
1134944
1134945
1134946
1134947
1134948
1134949
1134950
1134951
1134952
1134979
1134980
1134981
1134982
1134983
1134984
1134985
1134986
1134987
1134988
1134989
1134990
1134991
1134992
1134993
1134994
1134995
1134996
1134997
1134998
1134999
1135000
1135001
1135002
1135003
1135004
1135005
1135006
1135007
1135008
1135009
1135010
1135011
1135012
1135013
1135014
1135015
1135016
1135017
1135018
1135019
1135020
1135021
1135022
1135023
1135024
1135025
1135026
1135027
1135028
1135029
1135030
1135057
1135058
1135059
1135060
1135061
1135062
1135063
1135064
1135065
1135066
1135067
1135068
1135069
1135070
1135071
1135072
1135073
1135074
1135075
1135076
1135077
1135078
1135079
1135080
1135081
1135082
1135135
1135136
1135137
1135138
1135139
1135140
1135141
1135142
1135143
1135144
1135145
1135146
1135147
1135148
1135149
1135150
1135151
1135152
1135153
1135154
1135155
1135156
1135157
1135158
1135159
1135160
1135187
1135188
1135189
1135190
1135191
1135192
1135193
1135194
1135195
1135196
1135197
1135198
1135199
1135200
1135201
1135202
1135203
1135204
1135205
1135206
1135207
1135208
1135209
1135210
1135211
1135212
1135213
1135214
1135215
1135216
1135217
1135218
1135219
1135220
1135221
1135222
1135223
1135224
1135225
1135226
1135227
1135228
1135229
1135230
1135231
1135232
1135233
1135234
1135235
1135236
1135237
1135238
1135265
1135266
1135267
1135268
1135269
1135270
1135271
1135272
1135273
1135274
1135275
1135276
1135277
1135278
1135279
1135280
1135281
1135282
1135283
1135284
1135285
1135286
1135287
1135288
1135289
1135290
1135317
1135318
1135319
1135320
1135321
1135322
1135323
1135324
1135325
1135326
1135327
1135328
1135329
1135330
1135331
1135332
1135333
1135334
1135335
1135336
1135337
1135338
1135339
1135340
1135341
1135342
1135369
1135370
1135371
1135372
1135373
1135374
1135375
1135376
1135377
1135378
1135379
1135380
1135381
1135382
1135383
1135384
1135385
1135386
1135387
1135388
1135389
1135390
1135391
1135392
1135393
1135394
1135421
1135422
1135423
1135424
1135425
1135426
1135427
1135428
1135429
1135430
1135431
1135432
1135433
1135434
1135435
1135436
1135437
1135438
1135439
1135440
1135441
1135442
1135443
1135444
1135445
1135446
1135473
1135474
1135475
1135476
1135477
1135478
1135479
1135480
1135481
1135482
1135483
1135484
1135485
1135486
1135487
1135488
1135489
1135490
1135491
1135492
1135493
1135494
1135495
1135496
1135497
1135498
1135551
1135552
1135553
1135554
1135555
1135556
1135557
1135558
1135559
1135560
1135561
1135562
1135563
1135564
1135565
1135566
1135567
1135568
1135569
1135570
1135571
1135572
1135573
1135574
1135575
1135576
1135603
1135604
1135605
1135606
1135607
1135608
1135609
1135610
1135611
1135612
1135613
1135614
1135615
1135616
1135617
1135618
1135619
1135620
1135621
1135622
1135623
1135624
1135625
1135626
1135627
1135628
1135629
1135630
1135631
1135632
1135633
1135634
1135635
1135636
1135637
