1135638
1135639
1135640
1135641
1135642
1135643
1135644
1135645
1135646
1135647
1135648
1135649
1135650
1135651
1135652
1135653
1135654
1135681
1135682
1135683
1135684
1135685
1135686
1135687
1135688
1135689
1135690
1135691
1135692
1135693
1135694
1135695
1135696
1135697
1135698
1135699
1135700
1135701
1135702
1135703
1135704
1135705
1135706
1135759
1135760
1135761
1135762
1135763
1135764
1135765
1135766
1135767
1135768
1135769
1135770
1135771
1135772
1135773
1135774
1135775
1135776
1135777
1135778
1135779
1135780
1135781
1135782
1135783
1135784
1135785
1135786
1135787
1135788
1135789
1135790
1135791
1135792
1135793
1135794
1135795
1135796
1135797
1135798
1135799
1135800
1135801
1135802
1135803
1135804
1135805
1135806
1135807
1135808
1135809
1135810
1135863
1135864
1135865
1135866
1135867
1135868
1135869
1135870
1135871
1135872
1135873
1135874
1135875
1135876
1135877
1135878
1135879
1135880
1135881
1135882
1135883
1135884
1135885
1135886
1135887
1135888
1135889
1135890
1135891
1135892
1135893
1135894
1135895
1135896
1135897
1135898
1135899
1135900
1135901
1135902
1135903
1135904
1135905
1135906
1135907
1135908
1135909
1135910
1135911
1135912
1135913
1135914
1135941
1135942
1135943
1135944
1135945
1135946
1135947
1135948
1135949
1135950
1135951
1135952
1135953
1135954
1135955
1135956
1135957
1135958
1135959
1135960
1135961
1135962
1135963
1135964
1135965
1135966
1135993
1135994
1135995
1135996
1135997
1135998
1135999
1136000
1136001
1136002
1136003
1136004
1136005
1136006
1136007
1136008
1136009
1136010
1136011
1136012
1136013
1136014
1136015
1136016
1136017
1136018
1136071
1136072
1136073
1136074
1136075
1136076
1136077
1136078
1136079
1136080
1136081
1136082
1136083
1136084
1136085
1136086
1136087
1136088
1136089
1136090
1136091
1136092
1136093
1136094
1136095
1136096
1136123
1136124
1136125
1136126
1136127
1136128
1136129
1136130
1136131
1136132
1136133
1136134
1136135
1136136
1136137
1136138
1136139
1136140
1136141
1136142
1136143
1136144
1136145
1136146
1136147
1136148
1136149
1136150
1136151
1136152
1136153
1136154
1136155
1136156
1136157
1136158
1136159
1136160
1136161
1136162
1136163
1136164
1136165
1136166
1136167
1136168
1136169
1136170
1136171
1136172
1136173
1136174
1136175
1136176
1136177
1136178
1136179
1136180
1136181
1136182
1136183
1136184
1136185
1136186
1136187
1136188
1136189
1136190
1136191
1136192
1136193
1136194
1136195
1136196
1136197
1136198
1136199
1136200
1136253
1136254
1136255
1136256
1136257
1136258
1136259
1136260
1136261
1136262
1136263
1136264
1136265
1136266
1136267
1136268
1136269
1136270
1136271
1136272
1136273
1136274
1136275
1136276
1136277
1136278
1136305
1136306
1136307
1136308
1136309
1136310
1136311
1136312
1136313
1136314
1136315
1136316
1136317
1136318
1136319
1136320
1136321
1136322
1136323
1136324
1136325
1136326
1136327
1136328
1136329
1136330
1136383
1136384
1136385
1136386
1136387
1136388
1136389
1136390
1136391
1136392
1136393
1136394
1136395
1136396
1136397
1136398
1136399
1136400
1136401
1136402
1136403
1136404
1136405
1136406
1136407
1136408
1136409
1136410
1136411
1136412
1136413
1136414
1136415
1136416
1136417
1136418
1136419
1136420
1136421
1136422
1136423
1136424
1136425
1136426
1136427
1136428
1136429
1136430
1136431
1136432
1136433
1136434
1136487
1136488
1136489
1136490
1136491
1136492
1136493
1136494
1136495
1136496
1136497
1136498
1136499
1136500
1136501
1136502
1136503
1136504
1136505
1136506
1136507
1136508
1136509
1136510
1136511
1136512
1136513
1136514
1136515
1136516
1136517
1136518
1136519
1136520
1136521
1136522
1136523
1136524
1136525
1136526
1136527
1136528
1136529
1136530
1136531
1136532
1136533
1136534
1136535
1136536
1136537
1136538
1136565
1136566
1136567
1136568
1136569
1136570
1136571
1136572
1136573
1136574
1136575
1136576
1136577
1136578
1136579
1136580
1136581
1136582
1136583
1136584
1136585
1136586
1136587
1136588
1136589
1136590
1136617
1136618
1136619
1136620
1136621
1136622
1136623
1136624
1136625
1136626
1136627
1136628
1136629
1136630
1136631
1136632
1136633
1136634
1136635
1136636
1136637
1136638
1136639
1136640
1136641
1136642
1136669
1136670
1136671
1136672
1136673
1136674
1136675
1136676
1136677
1136678
1136679
1136680
1136681
1136682
1136683
1136684
1136685
1136686
1136687
1136688
1136689
1136690
1136691
1136692
1136693
1136694
1136721
1136722
1136723
1136724
1136725
1136726
1136727
1136728
1136729
1136730
1136731
1136732
1136733
1136734
1136735
1136736
1136737
1136738
1136739
1136740
1136741
1136742
1136743
1136744
1136745
1136746
1136799
1136800
1136801
1136802
1136803
1136804
1136805
1136806
1136807
1136808
1136809
1136810
1136811
1136812
1136813
1136814
1136815
1136816
1136817
1136818
1136819
1136820
1136821
1136822
1136823
1136824
1136825
1136826
1136827
1136828
1136829
1136830
1136831
1136832
1136833
1136834
1136835
1136836
1136837
1136838
1136839
1136840
1136841
1136842
1136843
1136844
1136845
1136846
1136847
1136848
1136849
1136850
1136877
1136878
1136879
1136880
1136881
1136882
1136883
1136884
1136885
1136886
1136887
1136888
1136889
1136890
1136891
1136892
1136893
1136894
1136895
1136896
1136897
1136898
1136899
1136900
1136901
1136902
1136955
1136956
1136957
1136958
1136959
1136960
1136961
1136962
1136963
1136964
1136965
1136966
1136967
1136968
1136969
1136970
1136971
1136972
1136973
1136974
1136975
1136976
1136977
1136978
1136979
1136980
1137007
1137008
1137009
1137010
1137011
1137012
1137013
1137014
1137015
1137016
1137017
1137018
1137019
1137020
1137021
1137022
1137023
1137024
1137025
1137026
1137027
1137028
1137029
1137030
1137031
1137032
1137033
1137034
1137035
1137036
1137037
1137038
1137039
1137040
1137041
1137042
1137043
1137044
1137045
1137046
1137047
1137048
1137049
1137050
1137051
1137052
1137053
1137054
1137055
1137056
1137057
1137058
1137111
1137112
1137113
1137114
1137115
1137116
1137117
1137118
1137119
1137120
1137121
1137122
1137123
1137124
1137125
1137126
1137127
1137128
1137129
1137130
1137131
1137132
1137133
1137134
1137135
1137136
1137137
1137138
1137139
1137140
1137141
1137142
1137143
1137144
1137145
1137146
1137147
1137148
1137149
1137150
1137151
1137152
1137153
1137154
1137155
1137156
1137157
1137158
1137159
1137160
1137161
1137162
1137189
1137190
1137191
1137192
1137193
1137194
1137195
1137196
1137197
1137198
1137199
1137200
1137201
1137202
1137203
1137204
1137205
1137206
1137207
1137208
1137209
1137210
1137211
1137212
1137213
1137214
1137241
1137242
1137243
1137244
1137245
1137246
1137247
1137248
1137249
1137250
1137251
1137252
1137253
1137254
1137255
1137256
1137257
1137258
1137259
1137260
1137261
1137262
1137263
1137264
1137265
1137266
1137293
1137294
1137295
1137296
1137297
1137298
1137299
1137300
1137301
1137302
1137303
1137304
1137305
1137306
1137307
1137308
1137309
1137310
1137311
1137312
1137313
1137314
1137315
1137316
1137317
1137318
1137345
1137346
1137347
1137348
1137349
1137350
1137351
1137352
1137353
1137354
1137355
1137356
1137357
1137358
1137359
1137360
1137361
1137362
1137363
1137364
1137365
1137366
1137367
1137368
1137369
1137370
1137423
1137424
1137425
1137426
1137427
1137428
1137429
1137430
1137431
1137432
1137433
1137434
1137435
1137436
1137437
1137438
1137439
1137440
1137441
1137442
1137443
1137444
1137445
1137446
1137447
1137448
1137475
1137476
1137477
1137478
1137479
1137480
1137481
1137482
1137483
1137484
1137485
1137486
1137487
1137488
1137489
1137490
1137491
1137492
1137493
1137494
1137495
1137496
1137497
1137498
1137499
1137500
1137527
1137528
1137529
1137530
1137531
1137532
1137533
1137534
1137535
1137536
1137537
1137538
1137539
1137540
1137541
1137542
1137543
1137544
1137545
1137546
1137547
1137548
1137549
1137550
1137551
1137552
1137579
1137580
1137581
1137582
1137583
1137584
1137585
1137586
1137587
1137588
1137589
1137590
1137591
1137592
1137593
1137594
1137595
1137596
1137597
1137598
1137599
1137600
1137601
1137602
1137603
1137604
1137631
1137632
1137633
1137634
1137635
1137636
1137637
1137638
1137639
1137640
1137641
1137642
1137643
1137644
1137645
1137646
1137647
1137648
1137649
1137650
1137651
1137652
1137653
1137654
1137655
1137656
1137657
1137658
1137659
1137660
1137661
1137662
1137663
1137664
1137665
1137666
1137667
1137668
1137669
1137670
1137671
1137672
1137673
1137674
1137675
1137676
1137677
1137678
1137679
1137680
1137681
1137682
1137709
1137710
1137711
1137712
1137713
1137714
1137715
1137716
1137717
1137718
1137719
1137720
1137721
1137722
1137723
1137724
1137725
1137726
1137727
1137728
1137729
1137730
1137731
1137732
1137733
1137734
1137787
1137788
1137789
1137790
1137791
1137792
1137793
1137794
1137795
1137796
1137797
1137798
1137799
1137800
1137801
1137802
1137803
1137804
1137805
1137806
1137807
1137808
1137810
1137811
1137812
1137839
1137840
1137841
1137842
1137843
1137844
1137845
1137846
1137847
1137848
1137849
1137850
1137851
1137852
1137853
1137854
1137855
1137856
1137857
1137858
1137859
1137860
1137861
1137862
1137863
1137864
1137865
1137866
1137867
1137868
1137869
1137870
1137871
1137872
1137873
1137874
1137875
1137876
1137877
1137879
1137880
1137881
1137882
1137883
1137884
1137885
1137886
1137887
1137888
1137889
1137890
1137917
1137918
1137919
1137920
1137921
1137922
1137923
1137924
1137925
1137926
1137927
1137928
1137929
1137930
1137931
1137932
1137933
1137934
1137935
1137936
1137937
1137938
1137939
1137940
1137941
1137942
1137969
1137970
1137971
1137972
1137973
1137974
1137975
1137976
1137977
1137978
1137979
1137980
1137981
1137982
1137983
1137984
1137985
1137986
1137987
1137988
1137989
1137990
1137991
1137992
1137993
1137994
1138047
1138048
1138049
1138050
1138051
1138052
1138053
1138054
1138055
1138056
1138057
1138058
1138059
1138060
1138061
1138062
1138063
1138064
1138065
1138066
1138067
1138068
1138069
1138070
1138071
1138072
1138073
1138074
1138075
1138076
1138077
1138078
1138079
1138080
1138081
1138082
1138083
1138084
1138085
1138086
1138087
1138088
1138089
1138090
1138091
1138092
1138093
1138094
1138095
1138096
1138097
1138098
1138125
1138126
1138127
1138128
1138129
1138130
1138131
1138132
1138133
1138134
1138135
1138136
1138137
1138138
1138139
1138140
1138141
1138142
1138143
1138144
1138145
1138146
1138147
1138148
1138149
1138150
1138177
1138178
1138179
1138180
1138181
1138182
1138183
1138184
1138185
1138186
1138187
1138188
1138189
1138190
1138191
1138192
1138193
1138194
1138195
1138196
1138197
1138198
1138199
1138200
1138201
1138202
1138229
1138230
1138231
1138232
1138233
1138234
1138235
1138236
1138237
1138238
1138239
1138240
1138241
1138242
1138243
1138244
1138245
1138246
1138247
1138248
1138249
1138250
1138251
1138252
1138253
1138254
1138281
1138282
1138283
1138284
1138285
1138286
1138287
1138288
1138289
1138290
1138291
1138292
1138293
1138294
1138295
1138296
1138297
1138298
1138299
1138300
1138301
1138302
1138303
1138304
1138305
1138306
1138333
1138334
1138335
1138336
1138337
1138338
1138339
1138340
1138341
1138342
1138343
1138344
1138345
1138346
1138347
1138348
1138349
1138350
1138351
1138352
1138353
1138354
1138355
1138356
1138357
1138358
1138411
1138412
1138413
1138414
1138415
1138416
1138417
1138418
1138419
1138420
1138421
1138422
1138423
1138424
1138425
1138426
1138427
1138428
1138429
1138430
1138431
1138432
1138433
1138434
1138435
1138436
1138463
1138464
1138465
1138466
1138467
1138468
1138469
1138470
1138471
1138472
1138473
1138474
1138475
1138476
1138477
1138478
1138479
1138480
1138481
1138482
1138483
1138484
1138485
1138486
1138487
1138488
1138489
1138490
1138491
1138492
1138493
1138494
1138495
1138496
1138497
1138498
1138499
1138500
1138501
1138502
1138503
1138504
1138505
1138506
1138507
1138508
1138509
1138510
1138511
1138512
1138513
1138514
1138541
1138542
1138543
1138544
1138545
1138546
1138547
1138548
1138549
1138550
1138551
1138552
1138553
1138554
1138555
1138556
1138557
1138558
1138559
1138560
1138561
1138562
1138563
1138564
1138565
1138566
1138593
1138594
1138595
1138596
1138597
1138598
1138599
1138600
1138601
1138602
1138603
1138604
1138605
1138606
1138607
1138608
1138609
1138610
1138611
1138612
1138613
1138614
1138615
1138616
1138617
1138618
1138671
1138672
1138673
1138674
1138675
1138676
1138677
1138678
1138679
1138680
1138681
1138682
1138683
1138684
1138685
1138686
1138687
1138688
1138689
1138690
1138691
1138692
1138693
1138694
1138695
1138696
1138697
1138698
1138699
1138700
1138701
1138702
1138703
1138704
1138705
1138706
1138707
1138708
1138709
1138710
1138711
1138712
1138713
1138714
1138715
1138716
1138717
1138718
1138719
1138720
1138721
1138722
1138749
1138750
1138751
1138752
1138753
1138754
1138755
1138756
1138757
1138758
1138759
1138760
1138761
1138762
1138763
1138764
1138765
1138766
1138767
1138768
1138769
1138770
1138771
1138772
1138773
1138774
1138827
1138828
1138829
1138830
1138831
1138832
1138833
1138834
1138835
1138836
1138837
1138838
1138839
1138840
1138841
1138842
1138843
1138844
1138845
1138846
1138847
1138848
1138849
1138850
1138851
1138852
1138879
1138880
1138881
1138882
1138883
1138884
1138885
1138886
1138887
1138888
1138889
1138890
1138891
1138892
1138893
1138894
1138895
1138896
1138897
1138898
1138899
1138900
1138901
1138902
1138903
1138904
1138905
1138906
1138907
1138908
1138909
1138910
1138911
1138912
1138913
1138914
1138915
1138916
1138917
1138918
1138919
1138920
1138921
1138922
1138923
1138924
1138925
1138926
1138927
1138928
1138929
1138930
1138957
1138958
1138959
1138960
1138961
1138962
1138963
1138964
1138965
1138966
1138967
1138968
1138969
1138970
1138971
1138972
1138973
1138974
1138975
1138976
1138977
1138978
1138979
1138980
1138981
1138982
1139035
1139036
1139037
1139038
1139039
1139040
1139041
1139042
1139043
1139044
1139045
1139046
1139047
1139048
1139049
1139050
1139051
1139052
1139053
1139054
1139055
1139056
1139057
1139058
1139059
1139060
1139061
1139062
1139063
1139064
1139065
1139066
1139067
1139068
1139069
1139070
1139071
1139072
1139073
1139074
1139075
1139076
1139077
1139078
1139079
1139080
1139081
1139082
1139083
1139084
1139085
1139086
1139139
1139140
1139141
1139142
1139143
1139144
1139145
1139146
1139147
1139148
1139149
1139150
1139151
1139152
1139153
1139154
1139155
1139156
1139157
1139158
1139159
1139160
1139161
1139162
1139163
1139164
1139191
1139192
1139193
1139194
1139195
1139196
1139197
1139198
1139199
1139200
1139201
1139202
1139203
1139204
1139205
1139206
1139207
1139208
1139209
1139210
1139211
1139212
1139213
1139214
1139215
1139216
1139217
1139218
1139219
1139220
1139221
1139222
1139223
1139224
1139225
1139226
1139227
1139228
1139229
1139230
1139231
1139232
1139233
1139234
1139235
1139236
1139237
1139238
1139239
1139240
1139241
1139242
1139295
1139296
1139297
1139298
1139299
1139300
1139301
1139302
1139303
1139304
1139305
1139306
1139307
1139308
1139309
1139310
1139311
1139312
1139313
1139314
1139315
1139316
1139317
1139318
1139319
1139320
1139347
1139348
1139349
1139350
1139351
1139352
1139353
1139354
1139355
1139356
1139357
1139358
1139359
1139360
1139361
1139362
1139363
1139364
1139365
1139366
1139367
1139368
1139369
1139370
1139371
1139372
1139373
1139374
1139375
1139376
1139377
1139378
1139379
1139380
1139381
1139382
1139383
1139384
1139385
1139386
1139387
1139388
1139389
1139390
1139391
1139392
1139393
1139394
1139395
1139396
1139397
1139398
1139425
1139426
1139427
1139428
1139429
1139430
1139431
1139432
1139433
1139434
1139435
1139436
1139437
1139438
1139439
1139440
1139441
1139442
1139443
1139444
1139445
1139446
1139447
1139448
1139449
1139450
1139477
1139478
1139479
1139480
1139481
1139482
1139483
1139484
1139485
1139486
1139487
1139488
1139489
1139490
1139491
1139492
1139493
1139494
1139495
1139496
1139497
1139498
1139499
1139500
1139501
1139502
1139529
1139530
1139531
1139532
1139533
1139534
1139535
1139536
1139537
1139538
1139539
1139540
1139541
1139542
1139543
1139544
1139545
1139546
1139547
1139548
1139549
1139550
1139551
1139552
1139553
1139554
1139607
1139608
1139609
1139610
1139611
1139612
1139613
1139614
1139615
1139616
1139617
1139618
1139619
1139620
1139621
1139622
1139623
1139624
1139625
1139626
1139627
1139628
1139629
1139630
1139631
1139632
1139685
1139686
1139687
1139688
1139689
1139690
1139691
1139692
1139693
1139694
1139695
1139696
1139697
1139698
1139699
1139700
1139701
1139702
1139703
1139704
1139705
1139706
1139707
1139708
1139709
1139710
1139737
1139738
1139739
1139740
1139741
1139742
1139743
1139744
1139745
1139746
1139747
1139748
1139749
1139750
1139751
1139752
1139753
1139754
1139755
1139756
1139757
1139758
1139759
1139760
1139761
1139762
1139789
1139790
1139791
1139792
1139793
1139794
1139795
1139796
1139797
1139798
1139799
1139800
1139801
1139802
1139803
1139804
1139805
1139806
1139807
1139808
1139809
1139810
1139811
1139812
1139813
1139814
1139841
1139842
1139843
1139844
1139845
1139846
1139847
1139848
1139849
1139850
1139851
1139852
1139853
1139854
1139855
1139856
1139857
1139858
1139859
1139860
1139861
1139862
1139863
1139864
1139865
1139866
1139867
1139868
1139869
1139870
1139871
1139872
1139873
1139874
1139875
1139876
1139877
1139878
1139879
1139880
1139881
1139882
1139883
1139884
1139885
1139886
1139887
1139888
1139889
1139890
1139891
1139892
1139945
1139946
1139947
1139948
1139949
1139950
1139951
1139952
1139953
1139954
1139955
1139956
1139957
1139958
1139959
1139960
1139961
1139962
1139963
1139964
1139965
1139966
1139967
1139968
1139969
1139970
1139971
1139972
1139973
1139974
1139975
1139976
1139977
1139978
1139979
1139980
1139981
1139982
1139983
1139984
1139985
1139986
1139987
1139988
1139989
1139990
1139991
1139992
1139993
1139994
1139995
1139996
1140075
1140076
1140077
1140078
1140079
1140080
1140081
1140082
1140083
1140084
1140085
1140086
1140087
1140088
1140089
1140090
1140091
1140092
1140093
1140094
1140095
1140096
1140097
1140098
1140099
1140100
1140127
1140128
1140129
1140130
1140131
1140132
1140133
1140134
1140135
1140136
1140137
1140138
1140139
1140140
1140141
1140142
1140143
1140144
1140145
1140146
1140147
1140148
1140149
1140150
1140151
1140152
1140179
1140180
1140181
1140182
1140183
1140184
1140185
1140186
1140187
1140188
1140189
1140190
1140191
1140192
1140193
1140194
1140195
1140196
1140197
1140198
1140199
1140200
1140201
1140202
1140203
1140204
1140205
1140206
1140207
1140208
1140209
1140210
1140211
1140212
1140213
1140214
1140215
1140216
1140217
1140218
1140219
1140220
1140221
1140222
1140223
1140224
1140225
1140226
1140227
1140228
1140229
1140230
1140257
1140258
1140259
1140260
1140261
1140262
1140263
1140264
1140265
1140266
1140267
1140268
1140269
1140270
1140271
1140272
1140273
1140274
1140275
1140276
1140277
1140278
1140279
1140280
1140281
1140282
1140335
1140336
1140337
1140338
1140339
1140340
1140341
1140342
1140343
1140344
1140345
1140346
1140347
1140348
1140349
1140350
1140351
1140352
1140353
1140354
1140355
1140356
1140357
1140358
1140359
1140360
1140361
1140362
1140363
1140364
1140365
1140366
1140367
1140368
1140369
1140370
1140371
1140372
1140373
1140374
1140375
1140376
1140377
1140378
1140379
1140380
1140381
1140382
1140383
1140384
1140385
1140386
1140439
1140440
1140441
1140442
1140443
1140444
1140445
1140446
1140447
1140448
1140449
1140450
1140451
1140452
1140453
1140454
1140455
1140456
1140457
1140458
1140459
1140460
1140461
1140462
1140463
1140464
1140517
1140518
1140519
1140520
1140521
1140522
1140523
1140524
1140525
1140526
1140527
1140528
1140529
1140530
1140531
1140532
1140533
1140534
1140535
1140536
1140537
1140538
1140539
1140540
1140541
1140542
1140543
1140544
1140545
1140546
1140547
1140548
1140549
1140550
1140551
1140552
1140553
1140554
1140555
1140556
1140557
1140558
1140559
1140560
1140561
1140562
1140563
1140564
1140565
1140566
1140567
1140568
1140621
1140622
1140623
1140624
1140625
1140626
1140627
1140628
1140629
1140630
1140631
1140632
1140633
1140634
1140635
1140636
1140637
1140638
1140639
1140640
1140641
1140642
1140643
1140644
1140645
1140646
1140647
1140648
1140649
1140650
1140651
1140652
1140653
1140654
1140655
1140656
1140657
1140658
1140659
1140660
1140661
1140662
1140663
1140664
1140665
1140666
1140667
1140668
1140669
1140670
1140671
1140672
1140725
1140726
1140727
1140728
1140729
1140730
1140731
1140732
1140733
1140734
1140735
1140736
1140737
1140738
1140739
1140740
1140741
1140742
1140743
1140744
1140745
1140746
1140747
1140748
1140749
1140750
1140751
1140752
1140753
1140754
1140755
1140756
1140757
1140758
1140759
1140760
1140761
1140762
1140763
1140764
1140765
1140766
1140767
1140768
1140769
1140770
1140771
1140772
1140773
1140774
1140775
1140776
1140803
1140804
1140805
1140806
1140807
1140808
1140809
1140810
1140811
1140812
1140813
1140814
1140815
1140816
1140817
1140818
1140819
1140820
1140821
1140822
1140823
1140824
1140825
1140826
1140827
1140828
1140855
1140856
1140857
1140858
1140859
1140860
1140861
1140862
1140863
1140864
1140865
1140866
1140867
1140868
1140869
1140870
1140871
1140872
1140873
1140874
1140875
1140876
1140877
1140878
1140879
1140880
1140907
1140908
1140909
1140910
1140911
1140912
1140913
1140914
1140915
1140916
1140917
1140918
1140919
1140920
1140921
1140922
1140923
1140924
1140925
1140926
1140927
1140928
1140929
1140930
1140931
1140932
1140959
1140960
1140961
1140962
1140963
1140964
1140965
1140966
1140967
1140968
1140969
1140970
1140971
1140972
1140973
1140974
1140975
1140976
1140977
1140978
1140979
1140980
1140981
1140982
1140983
1140984
1141011
1141012
1141013
1141014
1141015
1141016
1141017
1141018
1141019
1141020
1141021
1141022
1141023
1141024
1141025
1141026
1141027
1141028
1141029
1141030
1141031
1141032
1141033
1141034
1141035
1141036
1141037
1141038
1141039
1141040
1141041
1141042
1141043
1141044
1141045
1141046
1141047
1141048
1141049
1141050
1141051
1141052
1141053
1141054
1141055
1141056
1141057
1141058
1141059
1141060
1141061
1141062
1141089
1141090
1141091
1141092
1141093
1141094
1141095
1141096
1141097
1141098
1141099
1141100
1141101
1141102
1141103
1141104
1141105
1141106
1141107
1141108
1141109
1141110
1141111
1141112
1141113
1141114
1141167
1141168
1141169
1141170
1141171
1141172
1141173
1141174
1141175
1141176
1141177
1141178
1141179
1141180
1141181
1141182
1141183
1141184
1141185
1141186
1141187
1141188
1141189
1141190
1141191
1141192
1141219
1141220
1141221
1141222
1141223
1141224
1141225
1141226
1141227
1141228
1141229
1141230
1141231
1141232
1141233
1141234
1141235
1141236
1141237
1141238
1141239
1141240
1141241
1141242
1141243
1141244
1141271
1141272
1141273
1141274
1141275
1141276
1141277
1141278
1141279
1141280
1141281
1141282
1141283
1141284
1141285
1141286
1141287
1141288
1141289
1141290
1141291
1141292
1141293
1141294
1141295
1141296
1141297
1141298
1141299
1141300
1141301
1141302
1141303
1141304
1141305
1141306
1141307
1141308
1141309
1141310
1141311
1141312
1141313
1141314
1141315
1141316
1141317
1141318
1141319
1141320
1141321
1141322
1141349
1141350
1141351
1141352
1141353
1141354
1141355
1141356
1141357
1141358
1141359
1141360
1141361
1141362
1141363
1141364
1141365
1141366
1141367
1141368
1141369
1141370
1141371
1141372
1141373
1141374
1141401
1141402
1141403
1141404
1141405
1141406
1141407
1141408
1141409
1141410
1141411
1141412
1141413
1141414
1141415
1141416
1141417
1141418
1141419
1141420
1141421
1141422
1141423
1141424
1141425
1141426
1141453
1141454
1141455
1141456
1141457
1141458
1141459
1141460
1141461
1141462
1141463
1141464
1141465
1141466
1141467
1141468
1141469
1141470
1141471
1141472
1141473
1141474
1141475
1141476
1141477
1141478
1141505
1141506
1141507
1141508
1141509
1141510
1141511
1141512
1141513
1141514
1141515
1141516
1141517
1141518
1141519
1141520
1141521
1141522
1141523
1141524
1141525
1141526
1141527
1141528
1141529
1141530
1141557
1141558
1141559
1141560
1141561
1141562
1141563
1141564
1141565
1141566
1141567
1141568
1141569
1141570
1141571
1141572
1141573
1141574
1141575
1141576
1141577
1141578
1141579
1141580
1141581
1141582
