1141609
1141610
1141611
1141612
1141613
1141614
1141615
1141616
1141617
1141618
1141619
1141620
1141621
1141622
1141623
1141624
1141625
1141626
1141627
1141628
1141629
1141630
1141631
1141632
1141633
1141634
1141661
1141662
1141663
1141664
1141665
1141666
1141667
1141668
1141669
1141670
1141671
1141672
1141673
1141674
1141675
1141676
1141677
1141678
1141679
1141680
1141681
1141682
1141683
1141684
1141685
1141686
1141713
1141714
1141715
1141716
1141717
1141718
1141719
1141720
1141721
1141722
1141723
1141724
1141725
1141726
1141727
1141728
1141729
1141730
1141731
1141732
1141733
1141734
1141735
1141736
1141737
1141738
1141765
1141766
1141767
1141768
1141769
1141770
1141771
1141772
1141773
1141774
1141775
1141776
1141777
1141778
1141779
1141780
1141781
1141782
1141783
1141784
1141785
1141786
1141787
1141788
1141789
1141790
1141817
1141818
1141819
1141820
1141821
1141822
1141823
1141824
1141825
1141826
1141827
1141828
1141829
1141830
1141831
1141832
1141833
1141834
1141835
1141836
1141837
1141838
1141839
1141840
1141841
1141842
1141843
1141844
1141845
1141846
1141847
1141848
1141849
1141850
1141851
1141852
1141853
1141854
1141855
1141856
1141857
1141858
1141859
1141860
1141861
1141862
1141863
1141864
1141865
1141866
1141867
1141868
1141869
1141870
1141871
1141872
1141873
1141874
1141875
1141876
1141877
1141878
1141879
1141880
1141881
1141882
1141883
1141884
1141885
1141886
1141887
1141888
1141889
1141890
1141891
1141892
1141893
1141894
1141947
1141948
1141949
1141950
1141951
1141952
1141953
1141954
1141955
1141956
1141957
1141958
1141959
1141960
1141961
1141962
1141963
1141964
1141965
1141966
1141967
1141968
1141969
1141970
1141971
1141972
1141999
1142000
1142001
1142002
1142003
1142004
1142005
1142006
1142007
1142008
1142009
1142010
1142011
1142012
1142013
1142014
1142015
1142016
1142017
1142018
1142019
1142020
1142021
1142022
1142023
1142024
1142051
1142052
1142053
1142054
1142055
1142056
1142057
1142058
1142059
1142060
1142061
1142062
1142063
1142064
1142065
1142066
1142067
1142068
1142069
1142070
1142071
1142072
1142073
1142074
1142075
1142076
1142077
1142078
1142079
1142080
1142081
1142082
1142083
1142084
1142085
1142086
1142087
1142088
1142089
1142090
1142091
1142092
1142093
1142094
1142095
1142096
1142097
1142098
1142099
1142100
1142101
1142102
1142155
1142156
1142157
1142158
1142159
1142160
1142161
1142162
1142163
1142164
1142165
1142166
1142167
1142168
1142169
1142170
1142171
1142172
1142173
1142174
1142175
1142176
1142177
1142178
1142179
1142180
1142207
1142208
1142209
1142210
1142211
1142212
1142213
1142214
1142215
1142216
1142217
1142218
1142219
1142220
1142221
1142222
1142223
1142224
1142225
1142226
1142227
1142228
1142229
1142230
1142231
1142232
1142259
1142260
1142261
1142262
1142263
1142264
1142265
1142266
1142267
1142268
1142269
1142270
1142271
1142272
1142273
1142274
1142275
1142276
1142277
1142278
1142279
1142280
1142281
1142282
1142283
1142284
1142311
1142312
1142313
1142314
1142315
1142316
1142317
1142318
1142319
1142320
1142321
1142322
1142323
1142324
1142325
1142326
1142327
1142328
1142329
1142330
1142331
1142332
1142333
1142334
1142335
1142336
1142337
1142338
1142339
1142340
1142341
1142342
1142343
1142344
1142345
1142346
1142347
1142348
1142349
1142350
1142351
1142352
1142353
1142354
1142355
1142356
1142357
1142358
1142359
1142360
1142361
1142362
1142363
1142364
1142365
1142366
1142367
1142368
1142369
1142370
1142371
1142372
1142373
1142374
1142375
1142376
1142377
1142378
1142379
1142380
1142381
1142382
1142383
1142384
1142385
1142386
1142387
1142388
1142415
1142416
1142417
1142418
1142419
1142420
1142421
1142422
1142423
1142424
1142425
1142426
1142427
1142428
1142429
1142430
1142431
1142432
1142433
1142434
1142435
1142436
1142437
1142438
1142439
1142440
1142493
1142494
1142495
1142496
1142497
1142498
1142499
1142500
1142501
1142502
1142503
1142504
1142505
1142506
1142507
1142508
1142509
1142510
1142511
1142512
1142513
1142514
1142515
1142516
1142517
1142518
1142545
1142546
1142547
1142548
1142549
1142550
1142551
1142552
1142553
1142554
1142555
1142556
1142557
1142558
1142559
1142560
1142561
1142562
1142563
1142564
1142565
1142566
1142567
1142568
1142569
1142570
1142597
1142598
1142599
1142600
1142601
1142602
1142603
1142604
1142605
1142606
1142607
1142608
1142609
1142610
1142611
1142612
1142613
1142614
1142615
1142616
1142617
1142618
1142619
1142620
1142621
1142622
1142623
1142624
1142625
1142626
1142627
1142628
1142629
1142630
1142631
1142632
1142633
1142634
1142635
1142636
1142637
1142638
1142639
1142640
1142641
1142642
1142643
1142644
1142645
1142646
1142647
1142648
1142675
1142676
1142677
1142678
1142679
1142680
1142681
1142682
1142683
1142684
1142685
1142686
1142687
1142688
1142689
1142690
1142691
1142692
1142693
1142694
1142695
1142696
1142697
1142698
1142699
1142700
1142727
1142728
1142729
1142730
1142731
1142732
1142733
1142734
1142735
1142736
1142737
1142738
1142739
1142740
1142741
1142742
1142743
1142744
1142745
1142746
1142747
1142748
1142749
1142750
1142751
1142752
1142779
1142780
1142781
1142782
1142783
1142784
1142785
1142786
1142787
1142788
1142789
1142790
1142791
1142792
1142793
1142794
1142795
1142796
1142797
1142798
1142799
1142800
1142801
1142802
1142803
1142804
1142831
1142832
1142833
1142834
1142835
1142836
1142837
1142838
1142839
1142840
1142841
1142842
1142843
1142844
1142845
1142846
1142847
1142848
1142849
1142850
1142851
1142852
1142853
1142854
1142855
1142856
1142935
1142936
1142937
1142938
1142939
1142940
1142941
1142942
1142943
1142944
1142945
1142946
1142947
1142948
1142949
1142950
1142951
1142952
1142953
1142954
1142955
1142956
1142957
1142958
1142959
1142960
1142961
1142962
1142963
1142964
1142965
1142966
1142967
1142968
1142969
1142970
1142971
1142972
1142973
1142974
1142975
1142976
1142977
1142978
1142979
1142980
1142981
1142982
1142983
1142984
1142985
1142986
1143013
1143014
1143015
1143016
1143017
1143018
1143019
1143020
1143021
1143022
1143023
1143024
1143025
1143026
1143027
1143028
1143029
1143030
1143031
1143032
1143033
1143034
1143035
1143036
1143037
1143038
1143039
1143040
1143041
1143042
1143043
1143044
1143045
1143046
1143047
1143048
1143049
1143050
1143051
1143052
1143053
1143054
1143055
1143056
1143057
1143058
1143059
1143060
1143061
1143062
1143063
1143064
1143117
1143118
1143119
1143120
1143121
1143122
1143123
1143124
1143125
1143126
1143127
1143128
1143129
1143130
1143131
1143132
1143133
1143134
1143135
1143136
1143137
1143138
1143139
1143140
1143141
1143142
1143169
1143170
1143171
1143172
1143173
1143174
1143175
1143176
1143177
1143178
1143179
1143180
1143181
1143182
1143183
1143184
1143185
1143186
1143187
1143188
1143189
1143190
1143191
1143192
1143193
1143194
1143195
1143196
1143197
1143198
1143199
1143200
1143201
1143202
1143203
1143204
1143205
1143206
1143207
1143208
1143209
1143210
1143211
1143212
1143213
1143214
1143215
1143216
1143217
1143218
1143219
1143220
1143273
1143274
1143275
1143276
1143277
1143278
1143279
1143280
1143281
1143282
1143283
1143284
1143285
1143286
1143287
1143288
1143289
1143290
1143291
1143292
1143293
1143294
1143295
1143296
1143297
1143298
1143325
1143326
1143327
1143328
1143329
1143330
1143331
1143332
1143333
1143334
1143335
1143336
1143337
1143338
1143339
1143340
1143341
1143342
1143343
1143344
1143345
1143346
1143347
1143348
1143349
1143350
1143351
1143352
1143353
1143354
1143355
1143356
1143357
1143358
1143359
1143360
1143361
1143362
1143363
1143364
1143365
1143366
1143367
1143368
1143369
1143370
1143371
1143372
1143373
1143374
1143375
1143376
1143429
1143430
1143431
1143432
1143433
1143434
1143435
1143436
1143437
1143438
1143439
1143440
1143441
1143442
1143443
1143444
1143445
1143446
1143447
1143448
1143449
1143450
1143451
1143452
1143453
1143454
1143455
1143456
1143457
1143458
1143459
1143460
1143461
1143462
1143463
1143464
1143465
1143466
1143467
1143468
1143469
1143470
1143471
1143472
1143473
1143474
1143475
1143476
1143477
1143478
1143479
1143480
1143507
1143508
1143509
1143510
1143511
1143512
1143513
1143514
1143515
1143516
1143517
1143518
1143519
1143520
1143521
1143522
1143523
1143524
1143525
1143526
1143527
1143528
1143529
1143530
1143531
1143532
1143585
1143586
1143587
1143588
1143589
1143590
1143591
1143592
1143593
1143594
1143595
1143596
1143597
1143598
1143599
1143600
1143601
1143602
1143603
1143604
1143605
1143606
1143607
1143608
1143609
1143610
1143637
1143638
1143639
1143640
1143641
1143642
1143643
1143644
1143645
1143646
1143647
1143648
1143649
1143650
1143651
1143652
1143653
1143654
1143655
1143656
1143657
1143658
1143659
1143660
1143661
1143662
1143689
1143690
1143691
1143692
1143693
1143694
1143695
1143696
1143697
1143698
1143699
1143700
1143701
1143702
1143703
1143704
1143705
1143706
1143707
1143708
1143709
1143710
1143711
1143712
1143713
1143714
1143767
1143768
1143769
1143770
1143771
1143772
1143773
1143774
1143775
1143776
1143777
1143778
1143779
1143780
1143781
1143782
1143783
1143784
1143785
1143786
1143787
1143788
1143789
1143790
1143791
1143792
1143819
1143820
1143821
1143822
1143823
1143824
1143825
1143826
1143827
1143828
1143829
1143830
1143831
1143832
1143833
1143834
1143835
1143836
1143837
1143838
1143839
1143840
1143841
1143842
1143843
1143844
1143845
1143846
1143847
1143848
1143849
1143850
1143851
1143852
1143853
1143854
1143855
1143856
1143857
1143858
1143859
1143860
1143861
1143862
1143863
1143864
1143865
1143866
1143867
1143868
1143869
1143870
1143923
1143924
1143925
1143926
1143927
1143928
1143929
1143930
1143931
1143932
1143933
1143934
1143935
1143936
1143937
1143938
1143939
1143940
1143941
1143942
1143943
1143944
1143945
1143946
1143947
1143948
1143975
1143976
1143977
1143978
1143979
1143980
1143981
1143982
1143983
1143984
1143985
1143986
1143987
1143988
1143989
1143990
1143991
1143992
1143993
1143994
1143995
1143996
1143997
1143998
1143999
1144000
1144001
1144002
1144003
1144004
1144005
1144006
1144007
1144008
1144009
1144010
1144011
1144012
1144013
1144014
1144015
1144016
1144017
1144018
1144019
1144020
1144021
1144022
1144023
1144024
1144025
1144026
1144027
1144028
1144029
1144030
1144031
1144032
1144033
1144034
1144035
1144036
1144037
1144038
1144039
1144040
1144041
1144042
1144043
1144044
1144045
1144046
1144047
1144048
1144049
1144050
1144051
1144052
1144053
1144054
1144055
1144056
1144057
1144058
1144059
1144060
1144061
1144062
1144063
1144064
1144065
1144066
1144067
1144068
1144069
1144070
1144071
1144072
1144073
1144074
1144075
1144076
1144077
1144078
1144131
1144132
1144133
1144134
1144135
1144136
1144137
1144138
1144139
1144140
1144141
1144142
1144143
1144144
1144145
1144146
1144147
1144148
1144149
1144150
1144151
1144152
1144153
1144154
1144155
1144156
1144157
1144158
1144159
1144160
1144161
1144162
1144163
1144164
1144165
1144166
1144167
1144168
1144169
1144170
1144171
1144172
1144173
1144174
1144175
1144176
1144177
1144178
1144179
1144180
1144181
1144182
1144183
1144184
1144185
1144186
1144187
1144188
1144189
1144190
1144191
1144192
1144193
1144194
1144195
1144196
1144197
1144198
1144199
1144200
1144201
1144202
1144203
1144204
1144205
1144206
1144207
1144208
1144209
1144210
1144211
1144212
1144213
1144214
1144215
1144216
1144217
1144218
1144219
1144220
1144221
1144222
1144223
1144224
1144225
1144226
1144227
1144228
1144229
1144230
1144231
1144232
1144233
1144234
1144261
1144262
1144263
1144264
1144265
1144266
1144267
1144268
1144269
1144270
1144271
1144272
1144273
1144274
1144275
1144276
1144277
1144278
1144279
1144280
1144281
1144282
1144283
1144284
1144285
1144286
1144287
1144288
1144289
1144290
1144291
1144292
1144293
1144294
1144295
1144296
1144297
1144298
1144299
1144300
1144301
1144302
1144303
1144304
1144305
1144306
1144307
1144308
1144309
1144310
1144311
1144312
1144339
1144340
1144341
1144342
1144343
1144344
1144345
1144346
1144347
1144348
1144349
1144350
1144351
1144352
1144353
1144354
1144355
1144356
1144357
1144358
1144359
1144360
1144361
1144362
1144363
1144364
1144391
1144392
1144393
1144394
1144395
1144396
1144397
1144398
1144399
1144400
1144401
1144402
1144403
1144404
1144405
1144406
1144407
1144408
1144409
1144410
1144411
1144412
1144413
1144414
1144415
1144416
1144417
1144418
1144419
1144420
1144421
1144422
1144423
1144424
1144425
1144426
1144427
1144428
1144429
1144430
1144431
1144432
1144433
1144434
1144435
1144436
1144437
1144438
1144439
1144440
1144441
1144442
1144443
1144444
1144445
1144446
1144448
1144449
1144450
1144451
1144452
1144453
1144454
1144455
1144456
1144457
1144458
1144459
1144460
1144461
1144462
1144463
1144464
1144465
1144466
1144467
1144468
1144469
1144470
1144471
1144472
1144473
1144474
1144475
1144476
1144477
1144478
1144479
1144480
1144481
1144483
1144484
1144485
1144486
1144487
1144488
1144489
1144490
1144491
1144492
1144493
1144494
1144495
1144496
1144497
1144498
1144499
1144500
1144501
1144502
1144503
1144504
1144505
1144506
1144507
1144508
1144509
1144510
1144511
1144512
1144513
1144514
1144515
1144516
1144517
1144518
1144519
1144520
1144547
1144548
1144549
1144550
1144551
1144552
1144553
1144554
1144555
1144556
1144557
1144558
1144559
1144560
1144561
1144562
1144563
1144564
1144565
1144566
1144567
1144568
1144569
1144570
1144571
1144572
1144625
1144626
1144627
1144628
1144629
1144630
1144631
1144632
1144633
1144634
1144635
1144636
1144637
1144638
1144639
1144640
1144641
1144642
1144643
1144644
1144645
1144646
1144647
1144648
1144649
1144650
1144651
1144652
1144653
1144654
1144655
1144656
1144657
1144658
1144659
1144660
1144661
1144662
1144663
1144664
1144665
1144666
1144667
1144668
1144669
1144670
1144671
1144672
1144673
1144674
1144675
1144676
1144703
1144704
1144705
1144706
1144707
1144708
1144709
1144710
1144711
1144712
1144713
1144714
1144715
1144716
1144717
1144718
1144719
1144720
1144721
1144722
1144723
1144724
1144725
1144726
1144727
1144728
1144729
1144730
1144731
1144732
1144733
1144734
1144735
1144736
1144737
1144738
1144739
1144740
1144741
1144742
1144743
1144744
1144745
1144746
1144747
1144748
1144749
1144750
1144751
1144752
1144753
1144754
1144755
1144756
1144757
1144758
1144759
1144760
1144761
1144762
1144763
1144764
1144765
1144766
1144767
1144768
1144769
1144770
1144771
1144772
1144773
1144774
1144775
1144776
1144777
1144778
1144779
1144780
1144781
1144782
1144783
1144784
1144785
1144786
1144787
1144788
1144789
1144790
1144791
1144792
1144793
1144794
1144795
1144796
1144797
1144798
1144799
1144800
1144801
1144802
1144803
1144804
1144805
1144806
1144807
1144808
1144809
1144810
1144811
1144812
1144813
1144814
1144815
1144816
1144817
1144818
1144819
1144820
1144821
1144822
1144823
1144824
1144825
1144826
1144827
1144828
1144829
1144830
1144831
1144832
1144885
1144886
1144887
1144888
1144889
1144890
1144891
1144892
1144893
1144894
1144895
1144896
1144897
1144898
1144899
1144900
1144901
1144902
1144903
1144904
1144905
1144906
1144907
1144908
1144909
1144910
1144963
1144964
1144965
1144966
1144967
1144968
1144969
1144970
1144971
1144972
1144973
1144974
1144975
1144976
1144977
1144978
1144979
1144980
1144981
1144982
1144983
1144984
1144985
1144986
1144987
1144988
1145015
1145016
1145017
1145018
1145019
1145020
1145021
1145022
1145023
1145024
1145025
1145026
1145027
1145028
1145029
1145030
1145031
1145032
1145033
1145034
1145035
1145036
1145037
1145038
1145039
1145040
1145067
1145068
1145069
1145070
1145071
1145072
1145073
1145074
1145075
1145076
1145077
1145078
1145079
1145080
1145081
1145082
1145083
1145084
1145085
1145086
1145087
1145088
1145089
1145090
1145091
1145092
1145145
1145146
1145147
1145148
1145149
1145150
1145151
1145152
1145153
1145154
1145155
1145156
1145157
1145158
1145159
1145160
1145161
1145162
1145163
1145164
1145165
1145166
1145167
1145168
1145169
1145170
1145275
1145276
1145277
1145278
1145279
1145280
1145281
1145282
1145283
1145284
1145285
1145286
1145287
1145288
1145289
1145290
1145291
1145292
1145293
1145294
1145295
1145296
1145297
1145298
1145299
1145300
1145301
1145302
1145303
1145304
1145305
1145306
1145307
1145308
1145309
1145310
1145311
1145312
1145313
1145314
1145315
1145316
1145317
1145318
1145319
1145320
1145321
1145322
1145323
1145324
1145325
1145326
1145353
1145354
1145355
1145356
1145357
1145358
1145359
1145360
1145361
1145362
1145363
1145364
1145365
1145366
1145367
1145368
1145369
1145370
1145371
1145372
1145373
1145374
1145375
1145376
1145377
1145378
1145379
1145380
1145381
1145382
1145383
1145384
1145385
1145386
1145387
1145388
1145389
1145390
1145391
1145392
1145393
1145394
1145395
1145396
1145397
1145398
1145399
1145400
1145401
1145402
1145403
1145404
1145405
1145406
1145407
1145408
1145409
1145410
1145411
1145412
1145413
1145414
1145415
1145416
1145417
1145418
1145419
1145420
1145421
1145422
1145423
1145424
1145425
1145426
1145427
1145428
1145429
1145430
1145431
1145432
1145433
1145434
1145435
1145436
1145437
1145438
1145439
1145440
1145441
1145442
1145443
1145444
1145445
1145446
1145447
1145448
1145449
1145450
1145451
1145452
1145453
1145454
1145455
1145456
1145457
1145458
1145459
1145460
1145461
1145462
1145463
1145464
1145465
1145466
1145467
1145468
1145469
1145470
1145471
1145472
1145473
1145474
1145475
1145476
1145477
1145478
1145479
1145480
1145481
1145482
1145509
1145510
1145511
1145512
1145513
1145514
1145515
1145516
1145517
1145518
1145519
1145520
1145521
1145522
1145523
1145524
1145525
1145526
1145527
1145528
1145529
1145530
1145531
1145532
1145533
1145534
1145561
1145562
1145563
1145564
1145565
1145566
1145567
1145568
1145569
1145570
1145571
1145572
1145573
1145574
1145575
1145576
1145577
1145578
1145579
1145580
1145581
1145582
1145583
1145584
1145585
1145586
1145613
1145614
1145615
1145616
1145617
1145618
1145619
1145620
1145621
1145622
1145623
1145624
1145625
1145626
1145627
1145628
1145629
1145630
1145631
1145632
1145633
1145634
1145635
1145636
1145637
1145638
1145665
1145666
1145667
1145668
1145669
1145670
1145671
1145672
1145673
1145674
1145675
1145676
1145677
1145678
1145679
1145680
1145681
1145682
1145683
1145684
1145685
1145686
1145687
1145688
1145689
1145690
1145743
1145744
1145745
1145746
1145747
1145748
1145749
1145750
1145751
1145752
1145753
1145754
1145755
1145756
1145757
1145758
1145759
1145760
1145761
1145762
1145763
1145764
1145765
1145766
1145767
1145768
1145769
1145770
1145771
1145772
1145773
1145774
1145775
1145776
1145777
1145778
1145779
1145780
1145781
1145782
1145783
1145784
1145785
1145786
1145787
1145788
1145789
1145790
1145791
1145792
1145793
1145794
1145795
1145796
1145797
1145798
1145799
1145800
1145801
1145802
1145803
1145804
1145805
1145806
1145807
1145808
1145809
1145810
1145811
1145812
1145813
1145814
1145815
1145816
1145817
1145818
1145819
1145820
1145821
1145822
1145823
1145824
1145825
1145826
1145827
1145828
1145829
1145830
1145831
1145832
1145833
1145834
1145835
1145836
1145837
1145838
1145839
1145840
1145841
1145842
1145843
1145844
1145845
1145846
1145847
1145848
1145849
1145850
1145851
1145852
1145853
1145854
1145855
1145856
1145857
1145858
1145859
1145860
1145861
1145862
1145863
1145864
1145865
1145866
1145867
1145868
1145869
1145870
1145871
1145872
1145873
1145874
1145875
1145876
1145877
1145878
1145879
1145880
1145881
1145882
1145883
1145884
1145885
1145886
1145887
1145888
1145889
1145890
1145891
1145892
1145893
1145894
1145895
1145896
1145897
1145898
1146133
1146134
1146135
1146136
1146137
1146138
1146139
1146140
1146141
1146142
1146143
1146144
1146145
1146146
1146147
1146148
1146149
1146150
1146151
1146152
1146153
1146154
1146155
1146156
1146157
1146158
1146211
1146212
1146213
1146214
1146215
1146216
1146217
1146218
1146219
1146220
1146221
1146222
1146223
1146224
1146225
1146226
1146227
1146228
1146229
1146230
1146231
1146232
1146233
1146234
1146235
1146236
1146263
1146264
1146265
1146266
1146267
1146268
1146269
1146270
1146271
1146272
1146273
1146274
1146275
1146276
1146277
1146278
1146279
1146280
1146281
1146282
1146283
1146284
1146285
1146286
1146287
1146288
1146289
1146290
1146291
1146292
1146293
1146294
1146295
1146296
1146297
1146298
1146299
1146300
1146301
1146302
1146303
1146304
1146305
1146306
1146307
1146308
1146309
1146310
1146311
1146312
1146313
1146314
1146341
1146342
1146343
1146344
1146345
1146346
1146347
1146348
1146349
1146350
1146351
1146352
1146353
1146354
1146355
1146356
1146357
1146358
1146359
1146360
1146361
1146362
1146363
1146364
1146365
1146366
1146367
1146368
1146369
1146370
1146371
1146372
1146373
1146374
1146375
1146376
1146377
1146378
1146379
1146380
1146381
1146382
1146383
1146384
1146385
1146386
1146387
1146388
1146389
1146390
1146391
1146392
1146471
1146472
1146473
1146474
1146475
1146476
1146477
1146478
1146479
1146480
1146481
1146482
1146483
1146484
1146485
1146486
1146487
1146488
1146489
1146490
1146491
1146492
1146493
1146494
1146495
1146496
1146523
1146524
1146525
1146526
1146527
1146528
1146529
1146530
1146531
1146532
1146533
1146534
1146535
1146536
1146537
1146538
1146539
1146540
1146541
1146542
1146543
1146544
1146545
1146546
1146547
1146548
1146575
1146576
1146577
1146578
1146579
1146580
1146581
1146582
1146583
1146584
1146585
1146586
1146587
1146588
1146589
1146590
1146591
1146592
1146593
1146594
1146595
1146596
1146597
1146598
1146599
1146600
1146653
1146654
1146655
1146656
1146657
1146658
1146659
1146660
1146661
1146662
1146663
1146664
1146665
1146666
1146667
1146668
1146669
1146670
1146671
1146672
1146673
1146674
1146675
1146676
1146677
1146678
1146705
1146706
1146707
1146708
1146709
1146710
1146711
1146712
1146713
1146714
1146715
1146716
1146717
1146718
1146719
1146720
1146721
1146722
1146723
1146724
1146725
1146726
1146727
1146728
1146729
1146730
1146835
1146836
1146837
1146838
1146839
1146840
1146841
1146842
1146843
1146844
1146845
1146846
1146847
1146848
1146849
1146850
1146851
1146852
1146853
1146854
1146855
1146856
1146857
1146858
1146859
1146860
1146991
1146992
1146993
1146994
1146995
1146996
1146997
1146998
1146999
1147000
1147001
1147002
1147003
1147004
1147005
1147006
1147007
1147008
1147009
1147010
1147011
1147012
1147013
1147014
1147015
1147016
1147017
1147018
1147019
1147020
1147021
1147022
1147023
1147024
1147025
1147026
1147027
1147028
1147029
1147030
1147031
1147032
1147033
1147034
1147035
1147036
1147037
1147038
1147039
1147040
1147041
1147042
1147121
1147122
1147123
1147124
1147125
1147126
1147127
1147128
1147129
1147130
1147131
1147132
1147133
1147134
1147135
1147136
1147137
1147138
1147139
1147140
1147141
1147142
1147143
1147144
1147145
1147146
1147173
1147174
1147175
1147176
1147177
1147178
1147179
1147180
1147181
1147182
1147183
1147184
1147185
1147186
1147187
1147188
1147189
1147190
1147191
1147192
1147193
1147194
1147195
1147196
1147197
1147198
1147199
1147200
1147201
1147202
1147203
1147204
1147205
1147206
1147207
1147208
1147209
1147210
1147211
1147212
1147213
1147214
1147215
1147216
1147217
1147218
1147219
1147220
1147221
1147222
1147223
1147224
1147277
1147278
1147279
1147280
1147281
1147282
1147283
1147284
1147285
1147286
1147287
1147288
1147289
1147290
1147291
1147292
1147293
1147294
1147295
1147296
1147297
1147298
1147299
1147300
1147301
1147302
1147303
1147304
1147305
1147306
1147307
1147308
1147309
1147310
1147311
1147312
1147313
1147314
1147315
1147316
1147317
1147318
1147319
1147320
1147321
1147322
1147323
1147324
1147325
1147326
1147327
1147328
1147329
1147330
1147331
1147332
1147333
1147334
1147335
1147336
1147337
1147338
1147339
1147340
1147341
1147342
1147343
1147344
1147345
1147346
1147347
1147348
1147349
1147350
1147351
1147352
1147353
1147354
1147407
1147408
1147409
1147410
1147411
1147412
1147413
1147414
1147415
1147416
1147417
1147418
1147419
1147420
1147421
1147422
1147423
1147424
1147425
1147426
1147427
1147428
1147429
1147430
1147431
1147432
1147433
1147434
1147435
1147436
1147437
1147438
1147439
1147440
1147441
1147442
1147443
1147444
1147445
1147446
1147447
1147448
1147449
1147450
1147451
1147452
1147453
1147454
1147455
1147456
1147457
1147458
1147459
1147460
1147461
1147462
1147463
1147464
1147465
1147466
1147467
1147468
1147469
1147470
1147471
1147472
1147473
1147474
1147475
1147476
1147477
1147478
1147479
1147480
1147481
1147482
1147483
1147484
1147485
1147486
1147487
1147488
1147489
1147490
1147491
1147492
1147493
1147494
1147495
1147496
1147497
1147498
1147499
1147500
1147501
1147502
1147503
1147504
1147505
1147506
1147507
1147508
1147509
1147510
1147511
1147512
1147513
1147514
1147515
1147516
1147517
1147518
1147519
1147520
1147521
1147522
1147523
1147524
1147525
1147526
1147527
1147528
1147529
1147530
1147531
1147532
1147533
1147534
1147535
1147536
1147537
1147538
1147539
1147540
1147541
1147542
1147543
1147544
1147545
1147546
1147547
1147548
1147549
1147550
1147551
1147552
1147553
1147554
1147555
1147556
1147557
1147558
1147559
1147560
1147561
1147562
1147615
1147616
1147617
1147618
1147619
