1147620
1147621
1147622
1147623
1147624
1147625
1147626
1147627
1147628
1147629
1147630
1147631
1147632
1147633
1147634
1147635
1147636
1147637
1147638
1147639
1147640
1147667
1147668
1147669
1147670
1147671
1147672
1147673
1147674
1147675
1147676
1147677
1147678
1147679
1147680
1147681
1147682
1147683
1147684
1147685
1147686
1147687
1147688
1147689
1147690
1147691
1147692
1147771
1147772
1147773
1147774
1147775
1147776
1147777
1147778
1147779
1147780
1147781
1147782
1147783
1147784
1147785
1147786
1147787
1147789
1147790
1147791
1147792
1147793
1147794
1147795
1147796
1147849
1147850
1147851
1147852
1147853
1147854
1147855
1147856
1147857
1147858
1147859
1147860
1147861
1147862
1147863
1147864
1147865
1147866
1147867
1147868
1147869
1147870
1147871
1147872
1147873
1147874
1147875
1147876
1147877
1147878
1147879
1147880
1147881
1147882
1147883
1147884
1147885
1147886
1147887
1147888
1147889
1147890
1147891
1147892
1147893
1147894
1147895
1147896
1147897
1147898
1147899
1147900
1147979
1147980
1147981
1147982
1147983
1147984
1147985
1147986
1147987
1147988
1147989
1147990
1147991
1147992
1147993
1147994
1147995
1147996
1147997
1147998
1147999
1148000
1148001
1148002
1148003
1148004
1148005
1148006
1148007
1148008
1148009
1148010
1148011
1148012
1148013
1148014
1148015
1148016
1148017
1148018
1148019
1148020
1148021
1148022
1148023
1148024
1148025
1148026
1148027
1148028
1148029
1148030
1148057
1148058
1148059
1148060
1148061
1148062
1148063
1148064
1148065
1148066
1148067
1148068
1148069
1148070
1148071
1148072
1148073
1148074
1148075
1148076
1148077
1148078
1148079
1148080
1148081
1148082
1148161
1148162
1148163
1148164
1148165
1148166
1148167
1148168
1148169
1148170
1148171
1148172
1148173
1148174
1148175
1148176
1148177
1148178
1148179
1148180
1148181
1148182
1148183
1148184
1148185
1148186
1148187
1148188
1148189
1148190
1148191
1148192
1148193
1148194
1148195
1148196
1148197
1148198
1148199
1148200
1148201
1148202
1148203
1148204
1148205
1148206
1148207
1148208
1148209
1148210
1148211
1148212
1148213
1148214
1148215
1148216
1148217
1148218
1148219
1148220
1148221
1148222
1148223
1148224
1148225
1148226
1148227
1148228
1148229
1148230
1148231
1148232
1148233
1148234
1148235
1148236
1148237
1148238
1148291
1148292
1148293
1148294
1148295
1148296
1148297
1148298
1148299
1148300
1148301
1148302
1148303
1148304
1148305
1148306
1148307
1148308
1148309
1148310
1148311
1148312
1148313
1148314
1148315
1148316
1148343
1148344
1148345
1148346
1148347
1148348
1148349
1148350
1148351
1148352
1148353
1148354
1148355
1148356
1148357
1148358
1148359
1148360
1148361
1148362
1148363
1148364
1148365
1148366
1148367
1148368
1148395
1148396
1148397
1148398
1148399
1148400
1148401
1148402
1148403
1148404
1148405
1148406
1148407
1148408
1148409
1148410
1148411
1148412
1148413
1148414
1148415
1148416
1148417
1148418
1148419
1148420
1148447
1148448
1148449
1148450
1148451
1148452
1148453
1148454
1148455
1148456
1148457
1148458
1148459
1148460
1148461
1148462
1148463
1148464
1148465
1148466
1148467
1148468
1148469
1148470
1148471
1148472
1148499
1148500
1148501
1148502
1148503
1148504
1148505
1148506
1148507
1148508
1148509
1148510
1148511
1148512
1148513
1148514
1148515
1148516
1148517
1148518
1148519
1148520
1148521
1148522
1148523
1148524
1148629
1148630
1148631
1148632
1148633
1148634
1148635
1148636
1148637
1148638
1148639
1148640
1148641
1148642
1148643
1148644
1148645
1148646
1148647
1148648
1148649
1148650
1148651
1148652
1148653
1148654
1148655
1148656
1148657
1148658
1148659
1148660
1148661
1148662
1148663
1148664
1148665
1148666
1148667
1148668
1148669
1148670
1148671
1148672
1148673
1148674
1148675
1148676
1148677
1148678
1148679
1148680
1148707
1148708
1148709
1148710
1148711
1148712
1148713
1148714
1148715
1148716
1148717
1148718
1148719
1148720
1148721
1148722
1148723
1148724
1148725
1148726
1148727
1148728
1148729
1148730
1148731
1148732
1148785
1148786
1148787
1148788
1148789
1148790
1148791
1148792
1148793
1148794
1148795
1148796
1148797
1148798
1148799
1148800
1148801
1148802
1148803
1148804
1148805
1148806
1148807
1148808
1148809
1148810
1148915
1148916
1148917
1148918
1148919
1148920
1148921
1148922
1148923
1148924
1148925
1148926
1148927
1148928
1148929
1148930
1148931
1148932
1148933
1148934
1148935
1148936
1148937
1148938
1148939
1148940
1148941
1148942
1148943
1148944
1148945
1148946
1148947
1148948
1148949
1148950
1148951
1148952
1148953
1148954
1148955
1148956
1148957
1148958
1148959
1148960
1148961
1148962
1148963
1148964
1148965
1148966
1149019
1149020
1149021
1149022
1149023
1149024
1149025
1149026
1149027
1149028
1149029
1149030
1149031
1149032
1149033
1149034
1149035
1149036
1149037
1149038
1149039
1149040
1149041
1149042
1149043
1149044
1149071
1149072
1149073
1149074
1149075
1149076
1149077
1149078
1149079
1149080
1149081
1149082
1149083
1149084
1149085
1149086
1149087
1149088
1149089
1149090
1149091
1149092
1149093
1149094
1149095
1149096
1149123
1149124
1149125
1149126
1149127
1149128
1149129
1149130
1149131
1149132
1149133
1149134
1149135
1149136
1149137
1149138
1149139
1149140
1149141
1149142
1149143
1149144
1149145
1149146
1149147
1149148
1149149
1149150
1149151
1149152
1149153
1149154
1149155
1149156
1149157
1149158
1149159
1149160
1149161
1149162
1149163
1149164
1149165
1149166
1149167
1149168
1149169
1149170
1149171
1149172
1149173
1149174
1149227
1149228
1149229
1149230
1149231
1149232
1149233
1149234
1149235
1149236
1149237
1149238
1149239
1149240
1149241
1149242
1149243
1149244
1149245
1149246
1149247
1149248
1149249
1149250
1149251
1149252
1149279
1149280
1149281
1149282
1149283
1149284
1149285
1149286
1149287
1149288
1149289
1149290
1149291
1149292
1149293
1149294
1149295
1149296
1149297
1149298
1149299
1149300
1149301
1149302
1149303
1149304
1149305
1149306
1149307
1149308
1149309
1149310
1149311
1149312
1149313
1149314
1149315
1149316
1149317
1149318
1149319
1149320
1149321
1149322
1149323
1149324
1149325
1149326
1149327
1149328
1149329
1149330
1149357
1149358
1149359
1149360
1149361
1149362
1149363
1149364
1149365
1149366
1149367
1149368
1149369
1149370
1149371
1149372
1149373
1149374
1149375
1149376
1149377
1149378
1149379
1149380
1149381
1149382
1149383
1149384
1149385
1149386
1149387
1149388
1149389
1149390
1149391
1149392
1149393
1149394
1149395
1149396
1149397
1149398
1149399
1149400
1149401
1149402
1149403
1149404
1149405
1149406
1149407
1149408
1149409
1149410
1149411
1149412
1149413
1149414
1149415
1149416
1149417
1149418
1149419
1149420
1149421
1149422
1149423
1149424
1149425
1149426
1149427
1149428
1149429
1149430
1149431
1149432
1149433
1149434
1149539
1149540
1149541
1149542
1149543
1149544
1149545
1149546
1149547
1149548
1149549
1149550
1149551
1149552
1149553
1149554
1149555
1149556
1149557
1149558
1149559
1149560
1149561
1149562
1149563
1149564
1149591
1149592
1149593
1149594
1149595
1149596
1149597
1149598
1149599
1149600
1149601
1149602
1149603
1149604
1149605
1149606
1149607
1149608
1149609
1149610
1149611
1149612
1149613
1149614
1149615
1149616
1149617
1149618
1149619
1149620
1149621
1149622
1149623
1149624
1149625
1149626
1149627
1149628
1149629
1149630
1149631
1149632
1149633
1149634
1149635
1149636
1149637
1149638
1149639
1149640
1149641
1149642
1149669
1149670
1149671
1149672
1149673
1149674
1149675
1149676
1149677
1149678
1149679
1149680
1149681
1149682
1149683
1149684
1149685
1149686
1149687
1149688
1149689
1149690
1149691
1149692
1149693
1149694
1149695
1149696
1149697
1149698
1149699
1149700
1149701
1149702
1149703
1149704
1149705
1149706
1149707
1149708
1149709
1149710
1149711
1149712
1149713
1149714
1149715
1149716
1149717
1149718
1149719
1149720
1149773
1149774
1149775
1149776
1149777
1149778
1149779
1149780
1149781
1149782
1149783
1149784
1149785
1149786
1149787
1149788
1149789
1149790
1149791
1149792
1149793
1149794
1149795
1149796
1149797
1149798
1149799
1149800
1149801
1149802
1149803
1149804
1149805
1149806
1149807
1149808
1149809
1149810
1149811
1149812
1149813
1149814
1149815
1149816
1149817
1149818
1149819
1149820
1149821
1149822
1149823
1149824
1149825
1149826
1149827
1149828
1149829
1149830
1149831
1149832
1149833
1149834
1149835
1149836
1149837
1149838
1149839
1149840
1149841
1149842
1149843
1149844
1149845
1149846
1149847
1149848
1149849
1149850
1149851
1149852
1149853
1149854
1149855
1149856
1149857
1149858
1149859
1149860
1149861
1149862
1149863
1149864
1149865
1149866
1149867
1149868
1149869
1149870
1149871
1149872
1149873
1149874
1149875
1149876
1149877
1149878
1149879
1149880
1149881
1149882
1149883
1149884
1149885
1149886
1149887
1149888
1149889
1149890
1149891
1149892
1149893
1149894
1149895
1149896
1149897
1149898
1149899
1149900
1149901
1149902
1149981
1149982
1149983
1149984
1149985
1149986
1149987
1149988
1149989
1149990
1149991
1149992
1149993
1149994
1149995
1149996
1149997
1149998
1149999
1150000
1150001
1150002
1150003
1150004
1150005
1150006
1150007
1150008
1150009
1150010
1150011
1150012
1150013
1150014
1150015
1150016
1150017
1150018
1150019
1150020
1150021
1150022
1150023
1150024
1150025
1150026
1150027
1150028
1150029
1150030
1150031
1150032
1150059
1150060
1150061
1150062
1150063
1150064
1150065
1150066
1150067
1150068
1150069
1150070
1150071
1150072
1150073
1150074
1150075
1150076
1150077
1150078
1150079
1150080
1150081
1150082
1150083
1150084
1150215
1150216
1150217
1150218
1150219
1150220
1150221
1150222
1150223
1150224
1150225
1150226
1150227
1150228
1150229
1150230
1150231
1150232
1150233
1150234
1150235
1150236
1150237
1150238
1150239
1150240
1150241
1150242
1150243
1150244
1150245
1150246
1150247
1150248
1150249
1150250
1150251
1150252
1150253
1150254
1150255
1150256
1150257
1150258
1150259
1150260
1150261
1150262
1150263
1150264
1150265
1150266
1150371
1150372
1150373
1150374
1150375
1150376
1150377
1150378
1150379
1150380
1150381
1150382
1150383
1150384
1150385
1150386
1150387
1150388
1150389
1150390
1150391
1150392
1150393
1150394
1150395
1150396
1150423
1150424
1150425
1150426
1150427
1150428
1150429
1150430
1150431
1150432
1150433
1150434
1150435
1150436
1150437
1150438
1150439
1150440
1150441
1150442
1150443
1150444
1150445
1150446
1150447
1150448
1150449
1150450
1150451
1150452
1150453
1150454
1150455
1150456
1150457
1150458
1150459
1150460
1150461
1150462
1150463
1150464
1150465
1150466
1150467
1150468
1150469
1150470
1150471
1150472
1150473
1150474
1150501
1150502
1150503
1150504
1150505
1150506
1150507
1150508
1150509
1150510
1150511
1150512
1150513
1150514
1150515
1150516
1150517
1150518
1150519
1150520
1150521
1150522
1150523
1150524
1150525
1150526
1150527
1150528
1150529
1150530
1150531
1150532
1150533
1150534
1150535
1150536
1150537
1150538
1150539
1150540
1150541
1150542
1150543
1150544
1150545
1150546
1150547
1150548
1150549
1150550
1150551
1150552
1150579
1150580
1150581
1150582
1150583
1150584
1150585
1150586
1150587
1150588
1150589
1150590
1150591
1150592
1150593
1150594
1150595
1150596
1150597
1150598
1150599
1150600
1150601
1150602
1150603
1150604
1150709
1150710
1150711
1150712
1150713
1150714
1150715
1150716
1150717
1150718
1150719
1150720
1150721
1150722
1150723
1150724
1150725
1150726
1150727
1150728
1150729
1150730
1150731
1150732
1150733
1150734
1150787
1150788
1150789
1150790
1150791
1150792
1150793
1150794
1150795
1150796
1150797
1150798
1150799
1150800
1150801
1150802
1150803
1150804
1150805
1150806
1150807
1150808
1150809
1150810
1150811
1150812
1150865
1150866
1150867
1150868
1150869
1150870
1150871
1150872
1150873
1150874
1150875
1150876
1150877
1150878
1150879
1150880
1150881
1150882
1150883
1150884
1150885
1150886
1150887
1150888
1150889
1150890
1150891
1150892
1150893
1150894
1150895
1150896
1150897
1150898
1150899
1150900
1150901
1150902
1150903
1150904
1150905
1150906
1150907
1150908
1150909
1150910
1150911
1150912
1150913
1150914
1150915
1150916
1150917
1150918
1150919
1150920
1150921
1150922
1150923
1150924
1150925
1150926
1150927
1150928
1150929
1150930
1150931
1150932
1150933
1150934
1150935
1150936
1150937
1150938
1150939
1150940
1150941
1150942
1150969
1150970
1150971
1150972
1150973
1150974
1150975
1150976
1150977
1150978
1150979
1150980
1150981
1150982
1150983
1150984
1150985
1150986
1150987
1150988
1150989
1150990
1150991
1150992
1150993
1150994
1151021
1151022
1151023
1151024
1151025
1151026
1151027
1151028
1151029
1151030
1151031
1151032
1151033
1151034
1151035
1151036
1151037
1151038
1151039
1151040
1151041
1151042
1151043
1151044
1151045
1151046
1151047
1151048
1151049
1151050
1151051
1151052
1151053
1151054
1151055
1151056
1151057
1151058
1151059
1151060
1151061
1151062
1151063
1151064
1151065
1151066
1151067
1151068
1151069
1151070
1151071
1151072
1151125
1151126
1151127
1151128
1151129
1151130
1151131
1151132
1151133
1151134
1151135
1151136
1151137
1151138
1151139
1151140
1151141
1151142
1151143
1151144
1151145
1151146
1151147
1151148
1151149
1151150
1151177
1151178
1151179
1151180
1151181
1151182
1151183
1151184
1151185
1151186
1151187
1151188
1151189
1151190
1151191
1151192
1151193
1151194
1151195
1151196
1151197
1151198
1151199
1151200
1151201
1151202
1151229
1151230
1151231
1151232
1151233
1151234
1151235
1151236
1151237
1151238
1151239
1151240
1151241
1151242
1151243
1151244
1151245
1151246
1151247
1151248
1151249
1151250
1151251
1151252
1151253
1151254
1151307
1151308
1151309
1151310
1151311
1151312
1151313
1151314
1151315
1151316
1151317
1151318
1151319
1151320
1151321
1151322
1151323
1151324
1151325
1151326
1151327
1151328
1151329
1151330
1151331
1151332
1151333
1151334
1151335
1151336
1151337
1151338
1151339
1151340
1151341
1151342
1151343
1151344
1151345
1151346
1151347
1151348
1151349
1151350
1151351
1151352
1151353
1151354
1151355
1151356
1151357
1151358
1151385
1151386
1151387
1151388
1151389
1151390
1151391
1151392
1151393
1151394
1151395
1151396
1151397
1151398
1151399
1151400
1151401
1151402
1151403
1151404
1151405
1151406
1151407
1151408
1151409
1151410
1151437
1151438
1151439
1151440
1151441
1151442
1151443
1151444
1151445
1151446
1151447
1151448
1151449
1151450
1151451
1151452
1151453
1151454
1151455
1151456
1151457
1151458
1151459
1151460
1151461
1151462
1151463
1151464
1151465
1151466
1151467
1151468
1151469
1151470
1151471
1151472
1151473
1151474
1151475
1151476
1151477
1151478
1151479
1151480
1151481
1151482
1151483
1151484
1151485
1151486
1151487
1151488
1151489
1151490
1151491
1151492
1151493
1151494
1151495
1151496
1151497
1151498
1151499
1151500
1151501
1151502
1151503
1151504
1151505
1151506
1151507
1151508
1151509
1151510
1151511
1151512
1151513
1151514
1151567
1151568
1151569
1151570
1151571
1151572
1151573
1151574
1151575
1151576
1151577
1151578
1151579
1151580
1151581
1151582
1151583
1151584
1151585
1151586
1151587
1151588
1151589
1151590
1151591
1151592
1151593
1151594
1151595
1151596
1151597
1151598
1151599
1151600
1151601
1151602
1151603
1151604
1151605
1151606
1151607
1151608
1151609
1151610
1151611
1151612
1151613
1151614
1151615
1151616
1151617
1151618
1151619
1151620
1151621
1151622
1151623
1151624
1151625
1151626
1151627
1151628
1151629
1151630
1151631
1151632
1151633
1151634
1151635
1151636
1151637
1151638
1151639
1151640
1151641
1151642
1151643
1151644
1151671
1151672
1151673
1151674
1151675
1151676
1151677
1151678
1151679
1151680
1151681
1151682
1151683
1151684
1151685
1151686
1151687
1151688
1151689
1151690
1151691
1151692
1151693
1151694
1151695
1151696
1151697
1151698
1151699
1151700
1151701
1151702
1151703
1151704
1151705
1151706
1151707
1151708
1151709
1151710
1151711
1151712
1151713
1151714
1151715
1151716
1151717
1151718
1151719
1151720
1151721
1151722
1151749
1151750
1151751
1151752
1151753
1151754
1151755
1151756
1151757
1151758
1151759
1151760
1151761
1151762
1151763
1151764
1151765
1151766
1151767
1151768
1151769
1151770
1151771
1151772
1151773
1151774
1151801
1151802
1151803
1151804
1151805
1151806
1151807
1151808
1151809
1151810
1151811
1151812
1151813
1151814
1151815
1151816
1151817
1151818
1151819
1151820
1151821
1151822
1151823
1151824
1151825
1151826
1151879
1151880
1151881
1151882
1151883
1151884
1151885
1151886
1151887
1151888
1151889
1151890
1151891
1151892
1151893
1151894
1151895
1151896
1151897
1151898
1151899
1151900
1151901
1151902
1151903
1151904
1151905
1151906
1151907
1151908
1151909
1151910
1151911
1151912
1151913
1151914
1151915
1151916
1151917
1151918
1151919
1151920
1151921
1151922
1151923
1151924
1151925
1151926
1151927
1151928
1151929
1151930
1151957
1151958
1151959
1151960
1151961
1151962
1151963
1151964
1151965
1151966
1151967
1151968
1151969
1151970
1151971
1151972
1151973
1151974
1151975
1151976
1151977
1151978
1151979
1151980
1151981
1151982
1152035
1152036
1152037
1152038
1152039
1152040
1152041
1152042
1152043
1152044
1152045
1152046
1152047
1152048
1152049
1152050
1152051
1152052
1152053
1152054
1152055
1152056
1152057
1152058
1152059
1152060
1152113
1152114
1152115
1152116
1152117
1152118
1152119
1152120
1152121
1152122
1152123
1152124
1152125
1152126
1152127
1152128
1152129
1152130
1152131
1152132
1152133
1152134
1152135
1152136
1152137
1152138
1152139
1152140
1152141
1152142
1152143
1152144
1152145
1152146
1152147
1152148
1152149
1152150
1152151
1152152
1152153
1152154
1152155
1152156
1152157
1152158
1152159
1152160
1152161
1152162
1152163
1152164
1152217
1152218
1152219
1152220
1152221
1152222
1152223
1152224
1152225
1152226
1152227
1152228
1152229
1152230
1152231
1152232
1152233
1152234
1152235
1152236
1152237
1152238
1152239
1152240
1152241
1152242
1152269
1152270
1152271
1152272
1152273
1152274
1152275
1152276
1152277
1152278
1152279
1152280
1152281
1152282
1152283
1152284
1152285
1152286
1152287
1152288
1152289
1152290
1152291
1152292
1152293
1152294
1152295
1152296
1152297
1152298
1152299
1152300
1152301
1152302
1152303
1152304
1152305
1152306
1152307
1152308
1152309
1152310
1152311
1152312
1152313
1152314
1152315
1152316
1152317
1152318
1152319
1152320
1152347
1152348
1152349
1152350
1152351
1152352
1152353
1152354
1152355
1152356
1152357
1152358
1152359
1152360
1152361
1152362
1152363
1152364
1152365
1152366
1152367
1152368
1152369
1152370
1152371
1152372
1152425
1152426
1152427
1152428
1152429
1152430
1152431
1152432
1152433
1152434
1152435
1152436
1152437
1152438
1152439
1152440
1152441
1152442
1152443
1152444
1152445
1152446
1152447
1152448
1152449
1152450
1152477
1152478
1152479
1152480
1152481
1152482
1152483
1152484
1152485
1152486
1152487
1152488
1152489
1152490
1152491
1152492
1152493
1152494
1152495
1152496
1152497
1152498
1152499
1152500
1152501
1152502
1152503
1152504
1152505
1152506
1152507
1152508
1152509
1152510
1152511
1152512
1152513
1152514
1152515
1152516
1152517
1152518
1152519
1152520
1152521
1152522
1152523
1152524
1152525
1152526
1152527
1152528
1152555
1152556
1152557
1152558
1152559
1152560
1152561
1152562
1152563
1152564
1152565
1152566
1152567
1152568
1152569
1152570
1152571
1152572
1152573
1152574
1152575
1152576
1152577
1152578
1152579
1152580
1152607
1152608
1152609
1152610
1152611
1152612
1152613
1152614
1152615
1152616
1152617
1152618
1152619
1152620
1152621
1152622
1152623
1152624
1152625
1152626
1152627
1152628
1152629
1152630
1152631
1152632
1152659
1152660
1152661
1152662
1152663
1152664
1152665
1152666
1152667
1152668
1152669
1152670
1152671
1152672
1152673
1152674
1152675
1152676
1152677
1152678
1152679
1152680
1152681
1152682
1152683
1152684
1152711
1152712
1152713
1152714
1152715
1152716
1152717
1152718
1152719
1152720
1152721
1152722
1152723
1152724
1152725
1152726
1152727
1152728
1152729
1152730
1152731
1152732
1152733
1152734
1152735
1152736
1152737
1152738
1152739
1152740
1152741
1152742
1152743
1152744
1152745
1152746
1152747
1152748
1152749
1152750
1152751
1152752
1152753
1152754
1152755
1152756
1152757
1152758
1152759
1152760
1152761
1152762
1152815
1152816
1152817
1152818
1152819
1152820
1152821
1152822
1152823
1152824
1152825
1152826
1152827
1152828
1152829
1152830
1152831
1152832
1152833
1152834
1152835
1152836
1152837
1152838
1152839
1152840
1152867
1152868
1152869
1152870
1152871
1152872
1152873
1152874
1152875
1152876
1152877
1152878
1152879
1152880
1152881
1152882
1152883
1152884
1152885
1152886
1152887
1152888
1152889
1152890
1152891
1152892
1152893
1152894
1152895
1152896
1152897
1152898
1152899
1152900
1152901
1152902
1152903
1152904
1152905
1152906
1152907
1152908
1152909
1152910
1152911
1152912
1152913
1152914
1152915
1152916
1152917
1152918
1152971
1152972
1152973
1152974
1152975
1152976
1152977
1152978
1152979
1152980
1152981
1152982
1152983
1152984
1152985
1152986
1152987
1152988
1152989
1152990
1152991
1152992
1152993
1152994
1152995
1152996
1152997
1152998
1152999
1153000
1153001
1153002
1153003
1153004
1153005
1153006
1153007
1153008
1153009
1153010
1153011
1153012
1153013
1153014
1153015
1153016
1153017
1153018
1153019
1153020
1153021
1153022
1153049
1153051
1153052
1153053
1153054
1153055
1153056
1153057
1153058
1153059
1153060
1153061
1153062
1153063
1153064
1153065
1153066
1153067
1153068
1153069
1153070
1153071
1153072
1153073
1153074
1153101
1153102
1153103
1153104
1153105
1153106
1153107
1153108
1153109
1153110
1153111
1153112
1153113
1153114
1153115
1153116
1153117
1153118
1153119
1153120
1153121
1153122
1153123
1153124
1153125
1153126
1153153
1153154
1153155
1153156
1153157
1153158
1153159
1153160
1153161
1153162
1153163
1153164
1153165
1153166
1153167
1153168
1153169
1153170
1153171
1153172
1153173
1153174
1153175
1153176
1153177
1153178
1153231
1153232
1153233
1153234
1153235
1153236
1153237
1153238
1153239
1153240
1153241
1153242
1153243
1153244
1153245
1153246
1153247
1153248
1153249
1153250
1153251
1153252
1153253
1153254
1153255
1153256
1153257
1153258
1153259
1153260
1153261
1153262
1153263
1153264
1153265
1153266
1153267
1153268
1153269
1153270
1153271
1153272
1153273
1153274
1153275
1153276
1153277
1153278
1153279
1153280
1153281
1153282
1153335
1153336
1153337
1153338
1153339
1153340
1153341
1153342
1153343
1153344
1153345
1153346
1153347
1153348
1153349
1153350
1153351
1153352
1153353
1153354
1153355
1153356
1153357
1153358
1153359
1153360
1153361
1153362
1153363
1153364
1153365
1153366
1153367
1153368
1153369
1153370
1153371
1153372
1153373
1153374
1153375
1153376
1153377
1153378
1153379
1153380
1153381
1153382
1153383
1153384
1153385
1153386
1153439
1153440
1153441
1153442
1153443
1153444
1153445
1153446
1153447
1153448
1153449
1153450
1153451
1153452
1153453
1153454
1153455
1153456
1153457
1153458
1153459
1153460
1153461
1153462
1153463
1153464
1153491
1153492
1153493
1153494
1153495
1153496
1153497
1153498
1153499
1153500
1153501
1153502
1153503
1153504
1153505
1153506
1153507
1153508
1153509
1153510
1153511
1153512
1153513
1153514
1153515
1153516
1153543
1153544
1153545
1153546
1153547
1153548
1153549
1153550
1153551
1153552
1153553
1153554
1153555
1153556
1153557
1153558
1153559
1153560
1153561
1153562
1153563
1153564
1153565
1153566
1153567
1153568
1153569
1153570
1153571
1153572
1153573
1153574
1153575
1153576
1153577
1153578
1153579
1153580
1153581
1153582
1153583
1153584
1153585
1153586
1153587
1153588
1153589
1153590
1153591
1153592
1153593
1153594
1153647
1153648
1153649
1153650
1153651
1153652
1153653
1153654
1153655
1153656
1153657
1153658
1153659
1153660
1153661
1153662
1153663
1153664
1153665
1153666
1153667
1153668
1153669
1153670
1153671
1153672
1153699
1153700
1153701
1153702
1153703
1153704
1153705
1153706
1153707
1153708
1153709
1153710
1153711
1153712
1153713
1153714
1153715
1153716
1153717
1153718
1153719
1153720
1153721
1153722
1153723
1153724
1153751
1153752
1153753
1153754
1153755
1153756
1153757
1153758
1153759
1153760
1153761
1153762
1153763
1153764
1153765
1153766
1153767
1153768
1153769
1153770
1153771
1153772
1153773
1153774
1153775
1153776
