113321
113322
113323
113324
113325
113326
113327
113328
113329
113330
113331
113332
113333
113334
113361
113362
113363
113364
113365
113366
113367
113368
113369
113370
113371
113372
113373
113374
113375
113376
113377
113378
113379
113380
113381
113382
113383
113384
113385
113386
113413
113414
113415
113416
113417
113418
113419
113420
113421
113422
113423
113424
113425
113426
113427
113428
113429
113430
113431
113432
113433
113434
113435
113436
113437
113438
113465
113466
113467
113468
113469
113470
113471
113472
113473
113474
113475
113476
113477
113478
113479
113480
113481
113482
113483
113484
113485
113486
113487
113488
113489
113490
113517
113518
113519
113520
113521
113522
113523
113524
113525
113526
113527
113528
113529
113530
113531
113532
113533
113534
113535
113536
113537
113538
113539
113540
113541
113542
113569
113570
113571
113572
113573
113574
113575
113576
113577
113578
113579
113580
113581
113582
113583
113584
113585
113586
113587
113588
113589
113590
113591
113592
113593
113594
113621
113622
113623
113624
113625
113626
113627
113628
113629
113630
113631
113632
113633
113634
113635
113636
113637
113638
113639
113640
113641
113642
113643
113644
113645
113646
113725
113726
113727
113728
113729
113730
113731
113732
113734
113735
113736
113737
113738
113739
113740
113741
113742
113743
113744
113745
113746
113747
113748
113749
113750
113777
113778
113779
113780
113781
113782
113783
113784
113785
113786
113787
113788
113789
113790
113791
113793
113794
113795
113798
113800
113801
113802
113829
113830
113831
113832
113833
113834
113835
113836
113837
113838
113839
113840
113841
113842
113843
113844
113845
113846
113847
113848
113849
113850
113851
113852
113853
113854
113855
113856
113857
113858
113859
113860
113861
113862
113863
113864
113865
113866
113867
113868
113869
113870
113871
113872
113873
113874
113875
113876
113877
113878
113879
113880
113933
113934
113935
113936
113937
113938
113939
113940
113941
113942
113943
113944
113945
113946
113947
113948
113949
113950
113951
113952
113953
113954
113955
113956
113957
113958
113959
113960
113961
113962
113963
113964
113965
113966
113967
113968
113969
113970
113971
113972
113973
113974
113975
113976
113977
113978
113979
113980
113981
113982
113983
113984
114011
114012
114013
114014
114015
114016
114017
114019
114020
114021
114022
114023
114024
114026
114027
114028
114029
114030
114031
114032
114033
114034
114035
114036
114037
114038
114039
114040
114041
114042
114043
114044
114045
114046
114047
114048
114049
114050
114051
114052
114053
114054
114055
114056
114057
114058
114059
114060
114061
114062
114115
114116
114117
114118
114119
114120
114121
114122
114123
114124
114126
114127
114128
114129
114130
114131
114132
114133
114134
114135
114136
114137
114138
114139
114140
114141
114142
114144
114145
114146
114147
114148
114149
114150
114151
114152
114153
114154
114155
114156
114157
114158
114159
114160
114161
114162
114163
114164
114165
114166
114219
114220
114221
114222
114223
114224
114225
114226
114227
114228
114229
114230
114231
114232
114233
114234
114235
114236
114237
114238
114239
114240
114241
114242
114243
114244
114271
114272
114273
114274
114275
114276
114277
114278
114279
114280
114281
114282
114283
114284
114285
114286
114287
114288
114289
114290
114291
114292
114293
114294
114295
114296
114349
114350
114351
114352
114353
114354
114355
114356
114357
114358
114359
114360
114361
114362
114363
114364
114365
114366
114367
114368
114369
114370
114371
114372
114373
114374
114375
114378
114379
114380
114381
114382
114383
114384
114385
114386
114387
114388
114389
114390
114391
114392
114393
114394
114395
114396
114397
114398
114399
114400
114453
114454
114455
114456
114457
114458
114459
114460
114461
114462
114463
114464
114465
114466
114467
114468
114469
114470
114471
114472
114473
114474
114475
114476
114477
114478
114531
114532
114533
114534
114535
114536
114537
114538
114539
114540
114541
114542
114543
114544
114545
114546
114547
114548
114549
114550
114551
114552
114553
114554
114555
114556
114557
114558
114560
114562
114563
114565
114566
114567
114568
114569
114570
114571
114572
114573
114574
114575
114576
114577
114578
114579
114580
114581
114582
114609
114610
114611
114612
114613
114614
114615
114616
114617
114618
114619
114620
114621
114622
114623
114624
114625
114626
114627
114628
114629
114630
114631
114632
114633
114634
114661
114662
114663
114664
114665
114666
114667
114668
114669
114670
114671
114672
114673
114674
114675
114676
114677
114678
114679
114680
114681
114682
114683
114684
114685
114686
114713
114714
114715
114716
114717
114718
114719
114720
114721
114722
114723
114724
114725
114726
114727
114728
114729
114730
114731
114732
114733
114734
114735
114736
114737
114738
114765
114766
114767
114768
114769
114770
114771
114772
114773
114774
114775
114776
114777
114778
114779
114780
