1153803
1153804
1153805
1153806
1153807
1153808
1153809
1153810
1153811
1153812
1153813
1153814
1153815
1153816
1153817
1153818
1153819
1153820
1153821
1153822
1153823
1153824
1153825
1153826
1153827
1153828
1153855
1153856
1153857
1153858
1153859
1153860
1153861
1153862
1153863
1153864
1153865
1153866
1153867
1153868
1153869
1153870
1153871
1153872
1153873
1153874
1153875
1153876
1153877
1153878
1153879
1153880
1153907
1153908
1153909
1153910
1153911
1153912
1153913
1153914
1153915
1153916
1153917
1153918
1153919
1153920
1153921
1153922
1153923
1153924
1153925
1153926
1153927
1153928
1153929
1153930
1153931
1153932
1153959
1153960
1153961
1153962
1153963
1153964
1153965
1153966
1153967
1153968
1153969
1153970
1153971
1153972
1153973
1153974
1153975
1153976
1153977
1153978
1153979
1153980
1153981
1153982
1153983
1153984
1154011
1154012
1154013
1154014
1154015
1154016
1154017
1154018
1154019
1154020
1154021
1154022
1154023
1154024
1154025
1154026
1154027
1154028
1154029
1154030
1154031
1154032
1154033
1154034
1154035
1154036
1154063
1154064
1154065
1154066
1154067
1154068
1154069
1154070
1154071
1154072
1154073
1154074
1154075
1154076
1154077
1154078
1154079
1154080
1154081
1154082
1154083
1154084
1154085
1154086
1154087
1154088
1154115
1154116
1154117
1154118
1154119
1154120
1154121
1154122
1154123
1154124
1154125
1154126
1154127
1154128
1154129
1154130
1154131
1154132
1154133
1154134
1154135
1154136
1154137
1154138
1154139
1154140
1154193
1154194
1154195
1154196
1154197
1154198
1154199
1154200
1154201
1154202
1154203
1154204
1154205
1154206
1154207
1154208
1154209
1154210
1154211
1154212
1154213
1154214
1154215
1154216
1154217
1154218
1154219
1154220
1154221
1154222
1154223
1154224
1154225
1154226
1154227
1154228
1154229
1154230
1154231
1154232
1154233
1154234
1154235
1154236
1154237
1154238
1154239
1154240
1154241
1154242
1154243
1154244
1154297
1154298
1154299
1154300
1154301
1154302
1154303
1154304
1154305
1154306
1154307
1154308
1154309
1154310
1154311
1154312
1154313
1154314
1154315
1154316
1154317
1154318
1154319
1154320
1154321
1154322
1154349
1154350
1154351
1154352
1154353
1154354
1154355
1154356
1154357
1154358
1154359
1154360
1154361
1154362
1154363
1154364
1154365
1154366
1154367
1154368
1154369
1154370
1154371
1154372
1154373
1154374
1154427
1154428
1154429
1154430
1154431
1154432
1154433
1154434
1154435
1154436
1154437
1154438
1154439
1154440
1154441
1154442
1154443
1154444
1154445
1154446
1154447
1154448
1154449
1154450
1154451
1154452
1154453
1154454
1154455
1154456
1154457
1154458
1154459
1154460
1154461
1154462
1154463
1154464
1154465
1154466
1154467
1154468
1154469
1154470
1154471
1154472
1154473
1154474
1154475
1154476
1154477
1154478
1154505
1154506
1154507
1154508
1154509
1154510
1154511
1154512
1154513
1154514
1154515
1154516
1154517
1154518
1154519
1154520
1154521
1154522
1154523
1154524
1154525
1154526
1154527
1154528
1154529
1154530
1154557
1154558
1154559
1154560
1154561
1154562
1154563
1154564
1154565
1154566
1154567
1154568
1154569
1154570
1154571
1154572
1154573
1154574
1154575
1154576
1154577
1154578
1154579
1154580
1154581
1154582
1154609
1154610
1154611
1154612
1154613
1154614
1154615
1154616
1154617
1154618
1154619
1154620
1154621
1154622
1154623
1154624
1154625
1154626
1154627
1154628
1154629
1154630
1154631
1154632
1154633
1154634
1154661
1154662
1154663
1154664
1154665
1154666
1154667
1154668
1154669
1154670
1154671
1154672
1154673
1154674
1154675
1154676
1154677
1154678
1154679
1154680
1154681
1154682
1154683
1154684
1154685
1154686
1154713
1154714
1154715
1154716
1154717
1154718
1154719
1154720
1154721
1154722
1154723
1154724
1154725
1154726
1154727
1154728
1154729
1154730
1154731
1154732
1154733
1154734
1154735
1154736
1154737
1154738
1154765
1154766
1154767
1154768
1154769
1154770
1154771
1154772
1154773
1154774
1154775
1154776
1154777
1154778
1154779
1154780
1154781
1154782
1154783
1154784
1154785
1154786
1154787
1154788
1154789
1154790
1154817
1154818
1154819
1154820
1154821
1154822
1154823
1154824
1154825
1154826
1154827
1154828
1154829
1154830
1154831
1154832
1154833
1154834
1154835
1154836
1154837
1154838
1154839
1154840
1154841
1154842
1154843
1154844
1154845
1154846
1154847
1154848
1154849
1154850
1154851
1154852
1154853
1154854
1154855
1154856
1154857
1154858
1154859
1154860
1154861
1154862
1154863
1154864
1154865
1154866
1154867
1154868
1154895
1154896
1154897
1154898
1154899
1154900
1154901
1154902
1154903
1154904
1154905
1154906
1154907
1154908
1154909
1154910
1154911
1154912
1154913
1154914
1154915
1154916
1154917
1154918
1154919
1154920
1154973
1154974
1154975
1154976
1154977
1154978
1154979
1154980
1154981
1154982
1154983
1154984
1154985
1154986
1154987
1154988
1154989
1154990
1154991
1154992
1154993
1154994
1154995
1154996
1154997
1154998
1155025
1155026
1155027
1155028
1155029
1155030
1155031
1155032
1155033
1155034
1155035
1155036
1155037
1155038
1155039
1155040
1155041
1155042
1155043
1155044
1155045
1155046
1155047
1155048
1155049
1155050
1155077
1155078
1155079
1155080
1155081
1155082
1155083
1155084
1155085
1155086
1155087
1155088
1155089
1155090
1155091
1155092
1155093
1155094
1155095
1155096
1155097
1155098
1155099
1155100
1155101
1155102
1155103
1155104
1155105
1155106
1155107
1155108
1155109
1155110
1155111
1155112
1155113
1155114
1155115
1155116
1155117
1155118
1155119
1155120
1155121
1155122
1155123
1155124
1155125
1155126
1155127
1155128
1155181
1155182
1155183
1155184
1155185
1155186
1155187
1155188
1155189
1155190
1155191
1155192
1155193
1155194
1155195
1155196
1155197
1155198
1155199
1155200
1155201
1155202
1155203
1155204
1155205
1155206
1155233
1155234
1155235
1155236
1155237
1155238
1155239
1155240
1155241
1155242
1155243
1155244
1155245
1155246
1155247
1155248
1155249
1155250
1155251
1155252
1155253
1155254
1155255
1155256
1155257
1155258
1155259
1155260
1155261
1155262
1155263
1155264
1155265
1155266
1155267
1155268
1155269
1155270
1155271
1155272
1155273
1155274
1155275
1155276
1155277
1155278
1155279
1155280
1155281
1155282
1155283
1155284
1155311
1155312
1155313
1155314
1155315
1155316
1155317
1155318
1155319
1155320
1155321
1155322
1155323
1155324
1155325
1155326
1155327
1155328
1155329
1155330
1155331
1155332
1155333
1155334
1155335
1155336
1155337
1155338
1155339
1155340
1155341
1155342
1155343
1155344
1155345
1155346
1155347
1155348
1155349
1155350
1155351
1155352
1155353
1155354
1155355
1155356
1155357
1155358
1155359
1155360
1155361
1155362
1155415
1155416
1155417
1155418
1155419
1155420
1155421
1155422
1155423
1155424
1155425
1155426
1155427
1155428
1155429
1155430
1155431
1155432
1155433
1155434
1155435
1155436
1155437
1155438
1155439
1155440
1155467
1155468
1155469
1155470
1155471
1155472
1155473
1155474
1155475
1155476
1155477
1155478
1155479
1155480
1155481
1155482
1155483
1155484
1155485
1155486
1155487
1155488
1155489
1155490
1155491
1155492
1155493
1155494
1155495
1155496
1155497
1155498
1155499
1155500
1155501
1155502
1155503
1155504
1155505
1155506
1155507
1155508
1155509
1155510
1155511
1155512
1155513
1155514
1155515
1155516
1155517
1155518
1155545
1155546
1155547
1155548
1155549
1155550
1155551
1155552
1155553
1155554
1155555
1155556
1155557
1155558
1155559
1155560
1155561
1155562
1155563
1155564
1155565
1155566
1155567
1155568
1155569
1155570
1155623
1155624
1155625
1155626
1155627
1155628
1155629
1155630
1155631
1155632
1155633
1155634
1155635
1155636
1155637
1155638
1155639
1155640
1155641
1155642
1155643
1155644
1155645
1155646
1155647
1155648
1155649
1155650
1155651
1155652
1155653
1155654
1155655
1155656
1155657
1155658
1155659
1155660
1155661
1155662
1155663
1155664
1155665
1155666
1155667
1155668
1155669
1155670
1155671
1155672
1155673
1155674
1155701
1155702
1155703
1155704
1155705
1155706
1155707
1155708
1155709
1155710
1155711
1155712
1155713
1155714
1155715
1155716
1155717
1155718
1155719
1155720
1155721
1155722
1155723
1155724
1155725
1155726
1155779
1155780
1155781
1155782
1155783
1155784
1155785
1155786
1155787
1155788
1155789
1155790
1155791
1155792
1155793
1155794
1155795
1155796
1155797
1155798
1155799
1155800
1155801
1155802
1155803
1155804
1155805
1155806
1155807
1155808
1155809
1155810
1155811
1155812
1155813
1155814
1155815
1155816
1155817
1155818
1155819
1155820
1155821
1155822
1155823
1155824
1155825
1155826
1155827
1155828
1155829
1155830
1155857
1155858
1155859
1155860
1155861
1155862
1155863
1155864
1155865
1155866
1155867
1155868
1155869
1155870
1155871
1155872
1155873
1155874
1155875
1155876
1155877
1155878
1155879
1155880
1155881
1155882
1155909
1155910
1155911
1155912
1155913
1155914
1155915
1155916
1155917
1155918
1155919
1155920
1155921
1155922
1155923
1155924
1155925
1155926
1155927
1155928
1155929
1155930
1155931
1155932
1155933
1155934
1155961
1155962
1155963
1155964
1155965
1155966
1155967
1155968
1155969
1155970
1155971
1155972
1155973
1155974
1155975
1155976
1155977
1155978
1155979
1155980
1155981
1155982
1155983
1155984
1155985
1155986
1156013
1156014
1156015
1156016
1156017
1156018
1156019
1156020
1156021
1156022
1156023
1156024
1156025
1156026
1156027
1156028
1156029
1156030
1156031
1156032
1156033
1156034
1156035
1156036
1156037
1156038
1156065
1156066
1156067
1156068
1156069
1156070
1156071
1156072
1156073
1156074
1156075
1156076
1156077
1156078
1156079
1156080
1156081
1156082
1156083
1156084
1156085
1156086
1156087
1156088
1156089
1156090
1156117
1156118
1156119
1156120
1156121
1156122
1156123
1156124
1156125
1156126
1156127
1156128
1156129
1156130
1156131
1156132
1156133
1156134
1156135
1156136
1156137
1156138
1156139
1156140
1156141
1156142
1156169
1156170
1156171
1156172
1156173
1156174
1156175
1156176
1156177
1156178
1156179
1156180
1156181
1156182
1156183
1156184
1156185
1156186
1156187
1156188
1156189
1156190
1156191
1156192
1156193
1156194
1156247
1156248
1156249
1156250
1156251
1156252
1156253
1156254
1156255
1156256
1156257
1156258
1156259
1156260
1156261
1156262
1156263
1156264
1156265
1156266
1156267
1156268
1156269
1156270
1156271
1156272
1156273
1156274
1156275
1156276
1156277
1156278
1156279
1156280
1156281
1156282
1156283
1156284
1156285
1156286
1156287
1156288
1156289
1156290
1156291
1156292
1156293
1156294
1156295
1156296
1156297
1156298
1156351
1156352
1156353
1156354
1156355
1156356
1156357
1156358
1156359
1156360
1156361
1156362
1156363
1156364
1156365
1156366
1156367
1156368
1156369
1156370
1156371
1156372
1156373
1156374
1156375
1156376
1156377
1156378
1156379
1156380
1156381
1156382
1156383
1156384
1156385
1156386
1156387
1156388
1156389
1156390
1156391
1156392
1156393
1156394
1156395
1156396
1156397
1156398
1156399
1156400
1156401
1156402
1156429
1156430
1156431
1156432
1156433
1156434
1156435
1156436
1156437
1156438
1156439
1156440
1156441
1156442
1156443
1156444
1156445
1156446
1156447
1156448
1156449
1156450
1156451
1156452
1156453
1156454
1156455
1156456
1156457
1156458
1156459
1156460
1156461
1156462
1156463
1156464
1156465
1156467
1156468
1156469
1156470
1156471
1156472
1156473
1156474
1156475
1156476
1156477
1156478
1156479
1156480
1156507
1156508
1156509
1156510
1156511
1156512
1156513
1156514
1156515
1156516
1156517
1156518
1156519
1156520
1156521
1156522
1156523
1156524
1156525
1156526
1156527
1156528
1156529
1156530
1156531
1156532
1156559
1156560
1156561
1156562
1156563
1156564
1156565
1156566
1156567
1156568
1156569
1156570
1156571
1156572
1156573
1156574
1156575
1156576
1156577
1156578
1156579
1156580
1156581
1156582
1156583
1156584
1156637
1156638
1156639
1156640
1156641
1156642
1156643
1156644
1156645
1156646
1156647
1156648
1156649
1156650
1156651
1156652
1156653
1156654
1156655
1156656
1156657
1156658
1156659
1156660
1156661
1156662
1156663
1156664
1156665
1156666
1156667
1156668
1156669
1156670
1156671
1156672
1156673
1156674
1156675
1156676
1156677
1156678
1156679
1156680
1156681
1156682
1156683
1156684
1156685
1156686
1156687
1156688
1156715
1156716
1156717
1156718
1156719
1156720
1156721
1156722
1156723
1156724
1156725
1156726
1156727
1156728
1156729
1156730
1156731
1156732
1156733
1156734
1156735
1156736
1156737
1156738
1156739
1156740
1156767
1156768
1156769
1156770
1156771
1156772
1156773
1156774
1156775
1156776
1156777
1156778
1156779
1156780
1156781
1156782
1156783
1156784
1156785
1156786
1156787
1156788
1156789
1156790
1156791
1156792
1156819
1156820
1156821
1156822
1156823
1156824
1156825
1156826
1156827
1156828
1156829
1156830
1156831
1156832
1156833
1156834
1156835
1156836
1156837
1156838
1156839
1156840
1156841
1156842
1156843
1156844
1156871
1156872
1156873
1156874
1156875
1156876
1156877
1156878
1156879
1156880
1156881
1156882
1156883
1156884
1156885
1156886
1156887
1156888
1156889
1156890
1156891
1156892
1156893
1156894
1156895
1156896
1156949
1156950
1156951
1156952
1156953
1156954
1156955
1156956
1156957
1156958
1156959
1156960
1156961
1156962
1156963
1156964
1156965
1156966
1156967
1156968
1156969
1156970
1156971
1156972
1156973
1156974
1157001
1157002
1157003
1157004
1157005
1157006
1157007
1157008
1157009
1157010
1157011
1157012
1157013
1157014
1157015
1157016
1157017
1157018
1157019
1157020
1157021
1157022
1157023
1157024
1157025
1157026
1157053
1157054
1157055
1157056
1157057
1157058
1157059
1157060
1157061
1157062
1157063
1157064
1157065
1157066
1157067
1157068
1157069
1157070
1157071
1157072
1157073
1157074
1157075
1157076
1157077
1157078
1157079
1157080
1157081
1157082
1157083
1157084
1157085
1157086
1157087
1157088
1157089
1157090
1157091
1157092
1157093
1157094
1157095
1157096
1157097
1157098
1157099
1157100
1157101
1157102
1157103
1157104
1157157
1157158
1157159
1157160
1157161
1157162
1157163
1157164
1157165
1157166
1157167
1157168
1157169
1157170
1157171
1157172
1157173
1157174
1157175
1157176
1157177
1157178
1157179
1157180
1157181
1157182
1157183
1157184
1157185
1157186
1157187
1157188
1157189
1157190
1157191
1157192
1157193
1157194
1157195
1157196
1157197
1157198
1157199
1157200
1157201
1157202
1157203
1157204
1157205
1157206
1157207
1157208
1157235
1157236
1157237
1157238
1157239
1157240
1157241
1157242
1157243
1157244
1157245
1157246
1157247
1157248
1157249
1157250
1157251
1157252
1157253
1157254
1157255
1157256
1157257
1157258
1157259
1157260
1157313
1157314
1157315
1157316
1157317
1157318
1157319
1157320
1157321
1157322
1157323
1157324
1157325
1157326
1157327
1157328
1157329
1157330
1157331
1157332
1157333
1157334
1157335
1157336
1157337
1157338
1157339
1157340
1157341
1157342
1157343
1157344
1157345
1157346
1157347
1157348
1157349
1157350
1157351
1157352
1157353
1157354
1157355
1157356
1157357
1157358
1157359
1157360
1157361
1157362
1157363
1157364
1157417
1157418
1157419
1157420
1157421
1157422
1157423
1157424
1157425
1157426
1157427
1157428
1157429
1157430
1157431
1157432
1157433
1157434
1157435
1157436
1157437
1157438
1157439
1157440
1157441
1157442
1157443
1157444
1157445
1157446
1157447
1157448
1157449
1157450
1157451
1157452
1157453
1157454
1157455
1157456
1157457
1157458
1157459
1157460
1157461
1157462
1157463
1157464
1157465
1157466
1157467
1157468
1157495
1157496
1157497
1157498
1157499
1157500
1157501
1157502
1157503
1157504
1157505
1157506
1157507
1157508
1157509
1157510
1157511
1157512
1157513
1157514
1157515
1157516
1157517
1157518
1157519
1157520
1157547
1157548
1157549
1157550
1157551
1157552
1157553
1157554
1157555
1157556
1157557
1157558
1157559
1157560
1157561
1157562
1157563
1157564
1157565
1157566
1157567
1157568
1157569
1157570
1157571
1157572
1157625
1157626
1157627
1157628
1157629
1157630
1157631
1157632
1157633
1157634
1157635
1157636
1157637
1157638
1157639
1157640
1157641
1157642
1157643
1157644
1157645
1157646
1157647
1157648
1157649
1157650
1157651
1157652
1157653
1157654
1157655
1157656
1157657
1157658
1157659
1157660
1157661
1157662
1157663
1157664
1157665
1157666
1157667
1157668
1157669
1157670
1157671
1157672
1157673
1157674
1157675
1157676
1157729
1157730
1157731
1157732
1157733
1157734
1157735
1157736
1157737
1157738
1157739
1157740
1157741
1157742
1157743
1157744
1157745
1157746
1157747
1157748
1157749
1157750
1157751
1157752
1157753
1157754
1157781
1157782
1157783
1157784
1157785
1157786
1157787
1157788
1157789
1157790
1157791
1157792
1157793
1157794
1157795
1157796
1157797
1157798
1157799
1157800
1157801
1157802
1157803
1157804
1157805
1157806
1157859
1157860
1157861
1157862
1157863
1157864
1157865
1157866
1157867
1157868
1157869
1157870
1157871
1157872
1157873
1157874
1157875
1157876
1157877
1157878
1157879
1157880
1157881
1157882
1157883
1157884
1157885
1157886
1157887
1157888
1157889
1157890
1157891
1157892
1157893
1157894
1157895
1157896
1157897
1157898
1157899
1157900
1157901
1157902
1157903
1157904
1157905
1157906
1157907
1157908
1157909
1157910
1157963
1157964
1157965
1157966
1157967
1157968
1157969
1157970
1157971
1157972
1157973
1157974
1157975
1157976
1157977
1157978
1157979
1157980
1157981
1157982
1157983
1157984
1157985
1157986
1157987
1157988
1158015
1158016
1158017
1158018
1158019
1158020
1158021
1158022
1158023
1158024
1158025
1158026
1158027
1158028
1158029
1158030
1158031
1158032
1158033
1158034
1158035
1158036
1158037
1158038
1158039
1158040
1158041
1158042
1158043
1158044
1158045
1158046
1158047
1158048
1158049
1158050
1158051
1158052
1158053
1158054
1158055
1158056
1158057
1158058
1158059
1158060
1158061
1158062
1158063
1158064
1158065
1158066
1158119
1158120
1158121
1158122
1158123
1158124
1158125
1158126
1158127
1158128
1158129
1158130
1158131
1158132
1158133
1158134
1158135
1158136
1158137
1158138
1158139
1158140
1158141
1158142
1158143
1158144
1158145
1158146
1158147
1158148
1158149
1158150
1158151
1158152
1158153
1158154
1158155
1158156
1158157
1158158
1158159
1158160
1158161
1158162
1158163
1158164
1158165
1158166
1158167
1158168
1158169
1158170
1158223
1158224
1158225
1158226
1158227
1158228
1158229
1158230
1158231
1158232
1158233
1158234
1158235
1158236
1158237
1158238
1158239
1158240
1158241
1158242
1158243
1158244
1158245
1158246
1158247
1158248
1158249
1158250
1158251
1158252
1158253
1158254
1158255
1158256
1158257
1158258
1158259
1158260
1158261
1158262
1158263
1158264
1158265
1158266
1158267
1158268
1158269
1158270
1158271
1158272
1158273
1158274
1158327
1158328
1158329
1158330
1158331
1158332
1158333
1158334
1158335
1158336
1158337
1158338
1158339
1158340
1158341
1158342
1158343
1158344
1158345
1158346
1158347
1158348
1158349
1158350
1158351
1158352
1158353
1158354
1158355
1158356
1158357
1158358
1158359
1158360
1158361
1158362
1158363
1158364
1158365
1158366
1158367
1158368
1158369
1158370
1158371
1158372
1158373
1158374
1158375
1158376
1158377
1158378
1158431
1158432
1158433
1158434
1158435
1158436
1158437
1158438
1158439
1158440
1158441
1158442
1158443
1158444
1158445
1158446
1158447
1158448
1158449
1158450
1158451
1158452
1158453
1158454
1158455
1158456
1158457
1158458
1158459
1158460
1158461
1158462
1158463
1158464
1158465
1158466
1158467
1158468
1158469
1158470
1158471
1158472
1158473
1158474
1158475
1158476
1158477
1158479
1158480
1158481
1158482
1158509
1158510
1158511
1158512
1158513
1158514
1158515
1158516
1158517
1158518
1158519
1158520
1158521
1158522
1158523
1158524
1158525
1158526
1158527
1158528
1158529
1158530
1158531
1158532
1158533
1158534
1158561
1158562
1158563
1158564
1158565
1158566
1158567
1158568
1158569
1158570
1158571
1158572
1158573
1158574
1158575
1158576
1158577
1158578
1158579
1158580
1158581
1158582
1158583
1158584
1158585
1158586
1158613
1158614
1158615
1158616
1158617
1158618
1158619
1158620
1158621
1158622
1158623
1158624
1158625
1158626
1158627
1158628
1158629
1158630
1158631
1158632
1158633
1158634
1158635
1158636
1158637
1158638
1158691
1158692
1158693
1158694
1158695
1158696
1158697
1158698
1158699
1158700
1158701
1158702
1158703
1158704
1158705
1158706
1158707
1158708
1158709
1158710
1158711
1158712
1158713
1158714
1158715
1158716
1158743
1158744
1158745
1158746
1158747
1158748
1158749
1158750
1158751
1158752
1158753
1158754
1158755
1158756
1158757
1158758
1158759
1158760
1158761
1158762
1158763
1158764
1158765
1158766
1158767
1158768
1158795
1158796
1158797
1158798
1158799
1158800
1158801
1158802
1158803
1158804
1158805
1158806
1158807
1158808
1158809
1158810
1158811
1158812
1158813
1158814
1158815
1158816
1158817
1158818
1158819
1158820
1158821
1158822
1158823
1158824
1158825
1158826
1158827
1158828
1158829
1158830
1158831
1158832
1158833
1158834
1158835
1158836
1158837
1158838
1158839
1158840
1158841
1158842
1158843
1158844
1158845
1158846
1158873
1158874
1158875
1158876
1158877
1158878
1158879
1158880
1158881
1158882
1158883
1158884
1158885
1158886
1158887
1158888
1158889
1158890
1158891
1158892
1158893
1158894
1158895
1158896
1158897
1158898
1158925
1158926
1158927
1158928
1158929
1158930
1158931
1158932
1158933
1158934
1158935
1158936
1158937
1158938
1158939
1158940
1158941
1158942
1158943
1158944
1158945
1158946
1158947
1158948
1158949
1158950
1158977
1158978
1158979
1158980
1158981
1158982
1158983
1158984
1158985
1158986
1158987
1158988
1158989
1158990
1158991
1158992
1158993
1158994
1158995
1158996
1158997
1158998
1158999
1159000
1159001
1159002
1159029
1159030
1159031
1159032
1159033
1159034
1159035
1159036
1159037
1159038
1159039
1159040
1159041
1159042
1159043
1159044
1159045
1159046
1159047
1159048
1159049
1159050
1159051
1159052
1159053
1159054
1159081
1159082
1159083
1159084
1159085
1159086
1159087
1159088
1159089
1159090
1159091
1159092
1159093
1159094
1159095
1159096
1159097
1159098
1159099
1159100
1159101
1159102
1159103
1159104
1159105
1159106
1159159
1159160
1159161
1159162
1159163
1159164
1159165
1159166
1159167
1159168
1159169
1159170
1159171
1159172
1159173
1159174
1159175
1159176
1159177
1159178
1159179
1159180
1159181
1159182
1159183
1159184
1159185
1159186
1159187
1159188
1159189
1159190
1159191
1159192
1159193
1159194
1159195
1159196
1159197
1159198
1159199
1159200
1159201
1159202
1159203
1159204
1159205
1159206
1159207
1159208
1159209
1159210
1159237
1159238
1159239
1159240
1159241
1159242
1159243
1159244
1159245
1159246
1159247
1159248
1159249
1159250
1159251
1159252
1159253
1159254
1159255
1159256
1159257
1159258
1159259
1159260
1159261
1159262
1159289
1159290
1159291
1159292
1159293
1159294
1159295
1159296
1159297
1159298
1159299
1159300
1159301
1159302
1159303
1159304
1159305
1159306
1159307
1159308
1159309
1159310
1159311
1159312
1159313
1159314
1159315
1159316
1159317
1159318
1159319
1159320
1159321
1159322
1159323
1159324
1159325
1159326
1159327
1159328
1159329
1159330
1159331
1159332
1159333
1159334
1159335
1159336
1159337
1159338
1159339
1159340
1159341
1159342
1159343
1159344
1159345
1159346
1159347
1159348
1159349
1159350
1159351
1159352
1159353
1159354
1159355
1159356
1159357
1159358
1159359
1159360
1159361
1159362
1159363
1159364
1159365
1159366
1159367
1159368
1159369
1159370
1159371
1159372
1159373
1159374
1159375
1159376
1159377
1159378
1159379
1159380
1159381
1159382
1159383
1159384
1159385
1159386
1159387
1159388
1159389
1159390
1159391
1159392
1159445
1159446
1159447
1159448
1159449
1159450
1159451
1159452
1159453
1159454
1159455
1159456
1159457
1159458
1159459
1159460
1159461
1159462
1159463
1159464
1159465
1159466
1159467
1159468
1159469
1159470
1159471
1159472
1159473
1159474
1159475
1159476
1159477
1159478
1159479
1159480
1159481
1159482
1159483
1159484
1159485
1159486
1159487
1159488
1159489
1159490
1159491
1159492
1159493
1159494
1159495
1159496
1159523
1159524
1159525
1159526
1159527
1159528
1159529
1159530
1159531
1159532
1159533
1159534
1159535
1159536
1159537
1159538
1159539
1159540
1159541
1159542
1159543
1159544
1159545
1159546
1159547
1159548
1159627
1159628
1159629
1159630
1159631
1159632
1159633
1159634
1159635
1159636
1159637
1159638
1159639
1159640
1159641
1159642
1159643
1159644
1159645
1159646
1159647
1159648
1159649
1159650
1159651
1159652
1159731
1159732
1159733
