1159734
1159735
1159736
1159737
1159738
1159739
1159740
1159741
1159742
1159743
1159744
1159745
1159746
1159747
1159748
1159749
1159750
1159751
1159752
1159753
1159754
1159755
1159756
1159783
1159784
1159785
1159786
1159787
1159788
1159789
1159790
1159791
1159792
1159793
1159794
1159795
1159796
1159797
1159798
1159799
1159800
1159801
1159802
1159803
1159804
1159805
1159806
1159807
1159808
1159809
1159810
1159811
1159812
1159813
1159814
1159815
1159816
1159817
1159818
1159819
1159820
1159821
1159822
1159823
1159824
1159825
1159826
1159827
1159828
1159829
1159830
1159831
1159832
1159833
1159834
1159835
1159836
1159837
1159838
1159839
1159840
1159841
1159842
1159843
1159844
1159845
1159846
1159847
1159848
1159849
1159850
1159851
1159852
1159853
1159854
1159855
1159856
1159857
1159858
1159859
1159860
1159887
1159888
1159889
1159890
1159891
1159892
1159893
1159894
1159895
1159896
1159897
1159898
1159899
1159900
1159901
1159902
1159903
1159904
1159905
1159906
1159907
1159908
1159909
1159910
1159911
1159912
1159913
1159914
1159915
1159916
1159917
1159918
1159919
1159920
1159921
1159922
1159923
1159924
1159925
1159926
1159927
1159928
1159929
1159930
1159931
1159932
1159933
1159934
1159935
1159936
1159937
1159938
1159965
1159966
1159967
1159968
1159969
1159970
1159971
1159972
1159973
1159974
1159975
1159976
1159977
1159978
1159979
1159980
1159981
1159982
1159983
1159984
1159985
1159986
1159987
1159988
1159989
1159990
1159991
1159992
1159993
1159994
1159995
1159996
1159997
1159998
1159999
1160000
1160001
1160002
1160003
1160004
1160005
1160006
1160007
1160008
1160009
1160010
1160011
1160012
1160013
1160014
1160015
1160016
1160043
1160044
1160045
1160046
1160047
1160048
1160049
1160050
1160051
1160052
1160053
1160054
1160055
1160056
1160057
1160058
1160059
1160060
1160061
1160062
1160063
1160064
1160065
1160066
1160067
1160068
1160069
1160070
1160071
1160072
1160073
1160074
1160075
1160076
1160077
1160078
1160079
1160080
1160081
1160082
1160083
1160084
1160085
1160086
1160087
1160088
1160089
1160090
1160091
1160092
1160093
1160094
1160147
1160148
1160149
1160150
1160151
1160152
1160153
1160154
1160155
1160156
1160157
1160158
1160159
1160160
1160161
1160162
1160163
1160164
1160165
1160166
1160167
1160168
1160169
1160170
1160171
1160172
1160199
1160200
1160201
1160202
1160203
1160204
1160205
1160206
1160207
1160208
1160209
1160210
1160211
1160212
1160213
1160214
1160215
1160216
1160217
1160218
1160219
1160220
1160221
1160222
1160223
1160224
1160225
1160226
1160227
1160228
1160229
1160230
1160231
1160232
1160233
1160234
1160235
1160236
1160237
1160238
1160239
1160240
1160241
1160242
1160243
1160244
1160245
1160246
1160247
1160248
1160249
1160250
1160251
1160252
1160253
1160254
1160255
1160256
1160257
1160258
1160259
1160260
1160261
1160262
1160263
1160264
1160265
1160266
1160267
1160268
1160269
1160270
1160271
1160272
1160273
1160274
1160275
1160276
1160381
1160382
1160383
1160384
1160385
1160386
1160387
1160388
1160389
1160390
1160391
1160392
1160393
1160394
1160395
1160396
1160397
1160398
1160399
1160400
1160401
1160402
1160403
1160404
1160405
1160406
1160433
1160434
1160435
1160436
1160437
1160438
1160439
1160440
1160441
1160442
1160443
1160444
1160445
1160446
1160447
1160448
1160449
1160450
1160451
1160452
1160453
1160454
1160455
1160456
1160457
1160458
1160459
1160460
1160461
1160462
1160463
1160464
1160465
1160466
1160467
1160468
1160469
1160470
1160471
1160472
1160473
1160474
1160475
1160476
1160477
1160478
1160479
1160480
1160481
1160482
1160483
1160484
1160485
1160486
1160487
1160488
1160489
1160490
1160491
1160492
1160493
1160494
1160495
1160496
1160497
1160498
1160499
1160500
1160501
1160502
1160503
1160504
1160505
1160506
1160507
1160508
1160509
1160510
1160537
1160538
1160539
1160540
1160541
1160542
1160543
1160544
1160545
1160546
1160547
1160548
1160549
1160550
1160551
1160552
1160553
1160554
1160555
1160556
1160557
1160558
1160559
1160560
1160561
1160562
1160563
1160564
1160565
1160566
1160567
1160568
1160569
1160570
1160571
1160572
1160573
1160574
1160575
1160576
1160577
1160578
1160579
1160580
1160581
1160582
1160583
1160584
1160585
1160586
1160587
1160588
1160589
1160590
1160591
1160592
1160593
1160594
1160595
1160596
1160597
1160598
1160599
1160600
1160601
1160602
1160603
1160604
1160605
1160606
1160607
1160608
1160609
1160610
1160611
1160612
1160613
1160614
1160615
