1160616
1160617
1160618
1160619
1160620
1160621
1160622
1160624
1160625
1160626
1160627
1160628
1160629
1160630
1160631
1160632
1160633
1160634
1160635
1160636
1160637
1160638
1160639
1160640
1160667
1160668
1160669
1160670
1160671
1160672
1160673
1160674
1160675
1160676
1160677
1160678
1160679
1160680
1160681
1160682
1160683
1160684
1160685
1160686
1160687
1160688
1160689
1160690
1160691
1160692
1160693
1160694
1160695
1160696
1160697
1160698
1160699
1160700
1160701
1160702
1160703
1160704
1160705
1160706
1160707
1160708
1160709
1160710
1160711
1160712
1160713
1160714
1160715
1160716
1160717
1160718
1160745
1160746
1160747
1160748
1160749
1160750
1160751
1160752
1160753
1160754
1160755
1160756
1160757
1160758
1160759
1160760
1160761
1160762
1160763
1160764
1160765
1160766
1160767
1160768
1160769
1160770
1160823
1160824
1160825
1160826
1160827
1160828
1160829
1160830
1160831
1160832
1160833
1160834
1160835
1160836
1160837
1160838
1160839
1160840
1160841
1160842
1160843
1160844
1160845
1160846
1160847
1160848
1160901
1160902
1160903
1160904
1160905
1160906
1160907
1160908
1160909
1160910
1160911
1160912
1160913
1160914
1160915
1160916
1160917
1160918
1160919
1160920
1160921
1160922
1160923
1160924
1160925
1160926
1160953
1160954
1160955
1160956
1160957
1160958
1160959
1160960
1160961
1160962
1160963
1160964
1160965
1160966
1160967
1160968
1160969
1160970
1160971
1160972
1160973
1160974
1160975
1160976
1160977
1160978
1161031
1161032
1161033
1161034
1161035
1161036
1161037
1161038
1161039
1161040
1161041
1161042
1161043
1161044
1161045
1161046
1161047
1161048
1161049
1161050
1161051
1161052
1161053
1161054
1161055
1161056
1161057
1161058
1161059
1161060
1161061
1161062
1161063
1161064
1161065
1161066
1161067
1161068
1161069
1161070
1161071
1161072
1161073
1161074
1161075
1161076
1161077
1161078
1161079
1161080
1161081
1161082
1161187
1161188
1161189
1161190
1161191
1161192
1161193
1161194
1161195
1161196
1161197
1161198
1161199
1161200
1161201
1161202
1161203
1161204
1161205
1161206
1161207
1161208
1161209
1161210
1161211
1161212
1161213
1161214
1161215
1161216
1161217
1161218
1161219
1161220
1161221
1161222
1161223
1161224
1161225
1161226
1161227
1161228
1161229
1161230
1161231
1161232
1161233
1161234
1161235
1161236
1161237
1161238
1161343
1161344
1161345
1161346
1161347
1161348
1161349
1161350
1161351
1161352
1161353
1161354
1161355
1161356
1161357
1161358
1161359
1161360
1161361
1161362
1161363
1161364
1161365
1161366
1161367
1161368
1161369
1161370
1161371
1161372
1161373
1161374
1161375
1161376
1161377
1161378
1161379
1161380
1161381
1161382
1161383
1161384
1161385
1161386
1161387
1161388
1161389
1161390
1161391
1161392
1161393
1161394
1161395
1161396
1161397
1161398
1161399
1161400
1161401
1161402
1161403
1161404
1161405
1161406
1161407
1161408
1161409
1161410
1161411
1161412
1161413
1161414
1161415
1161416
1161417
1161418
1161419
1161420
1161421
1161422
1161423
1161424
1161425
1161426
1161427
1161428
1161429
1161430
1161431
1161432
1161433
1161434
1161435
1161436
1161437
1161438
1161439
1161440
1161441
1161442
1161443
1161444
1161445
1161446
1161551
1161552
1161553
1161554
1161555
1161556
1161557
1161558
1161559
1161560
1161561
1161562
1161563
1161564
1161565
1161566
1161567
1161568
1161569
1161570
1161571
1161572
1161573
1161574
1161575
1161576
1161603
1161604
1161605
1161606
1161607
1161608
1161609
1161610
1161611
1161612
1161613
1161614
1161615
1161616
1161617
1161618
1161619
1161620
1161621
1161622
1161623
1161624
1161625
1161626
1161627
1161628
1161629
1161630
1161631
1161632
1161633
1161634
1161635
1161636
1161637
1161638
1161639
1161640
1161641
1161642
1161643
1161644
1161645
1161646
1161647
1161648
1161649
1161650
1161651
1161652
1161653
1161654
1161681
1161682
1161683
1161684
1161685
1161686
1161687
1161688
1161689
1161690
1161691
1161692
1161693
1161694
1161695
1161696
1161697
1161698
1161699
1161700
1161701
1161702
1161703
1161704
1161705
1161706
1161759
1161760
1161761
1161762
1161763
1161764
1161765
1161766
1161767
1161768
1161769
1161770
1161771
1161772
1161773
1161774
1161775
1161776
1161777
1161778
1161779
1161780
1161781
1161782
1161783
1161784
1161915
1161916
1161917
1161918
1161919
1161920
1161921
1161922
1161923
1161924
1161925
1161926
1161927
1161928
1161929
1161930
1161931
1161932
1161933
1161934
1161935
1161936
1161937
1161938
1161939
1161940
1162071
1162072
1162073
1162074
1162075
1162076
1162077
1162078
1162079
1162080
1162081
1162082
1162083
1162084
1162085
1162086
1162087
1162088
1162089
1162090
1162091
1162092
1162093
1162094
1162095
1162096
1162201
1162202
1162203
1162204
1162205
1162206
1162207
1162208
1162209
1162210
1162211
1162212
1162213
1162214
1162215
1162216
1162217
1162218
1162219
1162220
1162221
1162222
1162223
1162224
1162225
1162226
1162227
1162228
1162229
1162230
1162231
1162232
1162233
1162234
1162235
1162236
1162237
1162238
1162239
1162240
1162241
1162242
1162243
1162244
1162245
1162246
1162247
1162248
1162249
1162250
1162251
1162252
1162253
1162254
1162255
1162256
1162257
1162258
1162259
1162260
1162261
1162262
1162263
1162264
1162265
1162266
1162267
1162268
1162269
1162270
1162271
1162272
1162273
1162274
1162275
1162276
1162277
1162278
