1162331
1162332
1162333
1162334
1162335
1162336
1162337
1162338
1162339
1162340
1162341
1162342
1162343
1162344
1162345
1162346
1162347
1162348
1162349
1162350
1162351
1162352
1162353
1162354
1162355
1162356
1162357
1162358
1162359
1162360
1162361
1162362
1162363
1162364
1162365
1162366
1162367
1162368
1162369
1162370
1162371
1162372
1162373
1162374
1162375
1162376
1162377
1162378
1162379
1162380
1162381
1162382
1162487
1162488
1162489
1162490
1162491
1162492
1162493
1162494
1162495
1162496
1162497
1162498
1162499
1162500
1162501
1162502
1162503
1162504
1162505
1162506
1162507
1162508
1162509
1162510
1162511
1162512
1162513
1162514
1162515
1162516
1162517
1162518
1162519
1162520
1162521
1162522
1162523
1162524
1162525
1162526
1162527
1162528
1162529
1162530
1162531
1162532
1162533
1162534
1162535
1162536
1162537
1162538
1162617
1162618
1162619
1162620
1162621
1162622
1162623
1162624
1162625
1162626
1162627
1162628
1162629
1162630
1162631
1162632
1162633
1162634
1162635
1162636
1162637
1162638
1162639
1162640
1162641
1162642
1162721
1162722
1162723
1162724
1162725
1162726
1162727
1162728
1162729
1162730
1162731
1162732
1162733
1162734
1162735
1162736
1162737
1162738
1162739
1162740
1162741
1162742
1162743
1162744
1162745
1162746
1162773
1162774
1162775
1162776
1162777
1162778
1162779
1162780
1162781
1162782
1162783
1162784
1162785
1162786
1162787
1162788
1162789
1162790
1162791
1162792
1162793
1162794
1162795
1162796
1162797
1162798
1162825
1162826
1162827
1162828
1162829
1162830
1162831
1162832
1162833
1162834
1162835
1162836
1162837
1162838
1162839
1162840
1162841
1162842
1162843
1162844
1162845
1162846
1162847
1162848
1162849
1162850
1162903
1162904
1162905
1162906
1162907
1162908
1162909
1162910
1162911
1162912
1162913
1162914
1162915
1162916
1162917
1162918
1162919
1162920
1162921
1162922
1162923
1162924
1162925
1162926
1162927
1162928
1162929
1162930
1162931
1162932
1162933
1162934
1162935
1162936
1162937
1162938
1162939
1162940
1162941
1162942
1162943
1162944
1162945
1162946
1162947
1162948
1162949
1162950
1162951
1162952
1162953
1162954
1163007
1163008
1163009
1163010
1163011
1163012
1163013
1163014
1163015
1163016
1163017
1163018
1163019
1163020
1163021
1163022
1163023
1163024
1163025
1163026
1163027
1163028
1163029
1163030
1163031
1163032
1163033
1163034
1163035
1163036
1163037
1163038
1163039
1163040
1163041
1163042
1163043
1163044
1163045
1163046
1163047
1163048
1163049
1163050
1163051
1163052
1163053
1163054
1163055
1163056
1163057
1163058
1163111
1163112
1163113
1163114
1163115
1163116
1163117
1163118
1163119
1163120
1163121
1163122
1163123
1163124
1163125
1163126
1163127
1163128
1163129
1163130
1163131
1163132
1163133
1163134
1163135
1163136
1163137
1163138
1163139
1163140
1163141
1163142
1163143
1163144
1163145
1163146
1163147
1163148
1163149
1163150
1163151
1163152
1163153
1163154
1163155
1163156
1163157
1163158
1163159
1163160
1163161
1163162
1163163
1163164
1163165
1163166
1163167
1163168
1163169
1163170
1163171
1163172
1163173
1163174
1163175
1163176
1163177
1163178
1163179
1163180
1163181
1163182
1163183
1163184
1163185
1163186
1163187
1163188
1163189
1163190
1163191
1163192
1163193
1163194
1163195
1163196
1163197
1163198
1163199
1163200
1163201
1163202
1163203
1163204
1163205
1163206
1163207
1163208
1163209
1163210
1163211
1163212
1163213
1163214
1163241
1163242
1163243
1163244
1163245
1163246
1163247
1163248
1163249
1163250
1163251
1163252
1163253
1163254
1163255
1163256
1163257
1163258
1163259
1163260
1163261
1163262
1163263
1163264
1163265
1163266
1163293
1163294
1163295
1163296
1163297
1163298
1163299
1163300
1163301
1163302
1163303
1163304
1163305
1163306
1163307
1163308
1163309
1163310
1163311
1163312
1163313
1163314
1163315
1163316
1163317
1163318
1163345
1163346
1163347
1163348
1163349
1163350
1163351
1163352
1163353
1163354
1163355
1163356
1163357
1163358
1163359
1163360
1163361
1163362
1163363
1163364
1163365
1163366
1163367
1163368
1163369
1163370
1163449
1163450
1163451
1163452
1163453
1163454
1163455
1163456
1163457
1163458
1163459
1163460
1163461
1163462
1163463
1163464
1163465
1163466
1163467
1163468
1163469
1163470
1163471
1163472
1163473
1163474
1163501
1163502
1163503
1163504
1163505
1163506
1163507
1163508
1163509
1163510
1163511
1163512
1163513
1163514
1163515
1163516
1163517
1163518
1163519
1163520
1163521
1163522
1163523
1163524
1163525
1163526
1163527
1163528
1163529
1163530
1163531
1163532
1163533
1163534
1163535
1163536
1163537
1163538
1163539
1163540
1163541
1163542
1163543
1163544
1163545
1163546
1163547
1163548
1163549
1163550
1163551
1163552
1163605
1163606
1163607
1163608
1163609
1163610
1163611
1163612
1163613
1163614
1163615
1163616
1163617
1163618
1163619
1163620
1163621
1163622
1163623
1163624
1163625
1163626
1163627
1163628
1163629
1163630
1163761
1163762
1163763
1163764
1163765
1163766
1163767
1163768
1163769
1163770
1163771
1163772
1163773
1163774
1163775
1163776
1163777
1163778
1163779
1163780
1163781
1163782
1163783
1163784
1163785
1163786
1163839
1163840
1163841
1163842
1163843
1163844
1163845
1163846
1163847
1163848
1163849
1163850
1163851
1163852
1163853
1163854
1163855
1163856
1163857
1163858
1163859
1163860
1163861
1163862
1163863
1163864
1163891
1163892
1163893
1163894
1163895
1163896
1163897
1163898
1163899
1163900
1163901
1163902
1163903
1163904
1163905
1163906
1163907
1163908
1163909
1163910
1163911
1163912
1163913
1163914
1163915
1163916
1163943
1163944
1163945
1163946
1163947
1163948
1163949
1163950
1163951
1163952
1163953
1163954
1163955
1163956
1163957
1163958
1163959
1163960
1163961
1163962
1163963
1163964
1163965
1163966
1163967
1163968
1164021
1164022
1164023
1164024
1164025
1164026
1164027
1164028
1164029
1164030
1164031
1164032
1164033
1164034
1164035
1164036
1164037
1164038
1164039
1164040
1164041
1164042
1164043
1164044
1164045
1164046
1164047
1164048
1164049
1164050
1164051
1164052
1164053
1164054
1164055
1164056
1164057
1164058
1164059
1164060
1164061
1164062
1164063
1164064
1164065
1164066
1164067
1164068
1164069
1164070
1164071
1164072
1164151
1164152
1164153
1164154
1164155
1164156
1164157
1164158
1164159
1164160
1164161
1164162
1164163
1164164
1164165
1164166
1164167
1164168
1164169
1164170
1164171
1164172
1164173
1164174
1164175
1164176
1164203
1164204
1164205
1164206
1164207
1164208
1164209
1164210
1164211
1164212
1164213
1164214
1164215
1164216
1164217
1164218
1164219
1164220
1164221
1164222
1164223
1164224
1164225
1164226
1164227
1164228
1164229
1164230
1164231
1164232
1164233
1164234
1164235
1164236
1164237
1164238
1164239
1164240
1164241
1164242
1164243
1164244
1164245
1164246
1164247
1164248
1164249
1164250
1164251
1164252
1164253
1164254
1164307
1164308
1164309
1164310
1164311
1164312
1164313
1164314
1164315
1164316
1164317
1164318
1164319
1164320
1164321
1164322
1164323
1164324
1164325
1164326
1164327
1164328
1164329
1164330
1164331
1164332
1164333
1164334
1164335
1164336
1164337
1164338
1164339
1164340
1164341
1164342
1164343
1164344
1164345
1164346
1164347
1164348
1164349
1164350
1164351
1164352
1164353
1164354
1164355
1164356
1164357
1164358
1164359
1164360
1164361
1164362
1164363
1164364
1164365
1164366
1164367
1164368
1164369
1164370
1164371
1164372
1164373
1164374
1164375
1164376
1164377
1164378
1164379
1164380
1164381
1164382
1164383
1164384
1164385
1164386
1164387
1164388
1164389
1164390
1164391
1164392
1164393
1164394
1164395
1164396
1164397
1164398
1164399
1164400
1164401
1164402
1164403
1164404
1164405
1164406
1164407
1164408
1164409
1164410
1164515
1164516
1164517
1164518
1164519
1164520
1164521
1164522
1164523
1164524
1164525
1164526
1164527
1164528
1164529
1164530
1164531
1164532
1164533
1164534
1164535
1164536
1164537
1164538
1164539
1164540
1164541
1164542
1164543
1164544
1164545
1164546
1164547
1164548
1164549
1164550
1164551
1164552
1164553
1164554
1164555
1164556
1164557
1164558
1164559
1164560
1164561
1164562
1164563
1164564
1164565
1164566
1164593
1164594
1164595
1164596
1164597
1164598
1164599
1164600
1164601
1164602
1164603
1164604
1164605
1164606
1164607
1164608
1164609
1164610
1164611
1164612
1164613
1164614
1164615
1164616
1164617
1164618
1164619
1164620
1164621
1164622
1164623
1164624
1164625
1164626
1164627
1164628
1164629
1164630
1164631
1164632
1164633
1164634
1164635
1164636
1164637
1164638
1164639
1164640
1164641
1164642
1164643
1164644
1164671
1164672
1164673
1164674
1164675
1164676
1164677
1164678
1164679
1164680
1164681
1164682
1164683
1164684
1164685
1164686
1164687
1164688
1164689
1164690
1164691
1164692
1164693
1164694
1164695
1164696
1164723
1164724
1164725
1164726
1164727
1164728
1164729
1164730
1164731
1164732
1164733
1164734
1164735
1164736
1164737
1164738
1164739
1164740
1164741
1164742
1164743
1164744
1164745
1164746
1164747
1164748
1164801
1164802
1164803
1164804
1164805
1164806
1164807
1164808
1164809
1164810
1164811
1164812
1164813
1164814
1164815
1164816
1164817
1164818
1164819
1164820
1164821
1164822
1164823
1164824
1164825
1164826
1164827
1164828
1164829
1164830
1164831
1164832
1164833
1164834
1164835
1164836
1164837
1164838
1164839
1164840
1164841
1164842
1164843
1164844
1164845
1164846
1164847
1164848
1164849
1164850
1164851
1164852
1164853
1164854
1164855
1164856
1164857
1164858
1164859
1164860
1164861
1164862
1164863
1164864
1164865
1164866
1164867
1164868
1164869
1164870
1164871
1164872
1164873
1164874
1164875
1164876
1164877
1164878
1164879
1164880
1164881
1164882
1164883
1164884
1164885
1164886
1164887
1164888
1164889
1164890
1164891
1164892
1164893
1164894
1164895
1164896
1164897
1164898
1164899
1164900
1164901
1164902
1164903
1164904
1164931
1164932
1164933
1164934
1164935
1164936
1164937
1164938
1164939
1164940
1164941
1164942
1164943
1164944
1164945
1164946
1164947
1164948
1164949
1164950
1164951
1164952
1164953
1164954
1164955
1164956
1165009
1165010
1165011
1165012
1165013
1165014
1165015
1165016
1165017
1165018
1165019
1165020
1165021
1165022
1165023
1165024
1165025
1165026
1165027
1165028
1165029
1165030
1165031
1165032
1165033
1165034
1165061
1165062
1165063
1165064
1165065
1165066
1165067
1165068
1165069
1165070
1165071
1165072
1165073
1165074
1165075
1165076
1165077
1165078
1165079
1165080
1165081
1165082
1165083
1165084
1165085
1165086
1165139
1165140
1165141
1165142
1165143
1165144
1165145
1165146
1165147
1165148
1165149
1165150
1165151
1165152
1165153
1165154
1165155
1165156
1165157
1165158
1165159
1165160
1165161
1165162
1165163
1165164
1165243
1165244
1165245
1165246
1165247
1165248
1165249
1165250
1165251
1165252
1165253
1165254
1165255
1165256
1165257
1165258
1165259
1165260
1165261
1165262
1165263
1165264
1165265
1165266
1165267
1165268
1165295
1165296
1165297
1165298
1165299
1165300
1165301
1165302
1165303
1165304
1165305
1165306
1165307
1165308
1165309
1165310
1165311
1165312
1165313
1165314
1165315
1165316
1165317
1165318
1165319
1165320
1165399
1165400
1165401
1165402
1165403
1165404
1165405
1165406
1165407
1165408
1165409
1165410
1165411
1165412
1165413
1165414
1165415
1165416
1165417
1165418
1165419
1165420
1165421
1165422
1165423
1165424
1165451
1165452
1165453
1165454
1165455
1165456
1165457
1165458
1165459
1165460
1165461
1165462
1165463
1165464
1165465
1165466
1165467
1165468
1165469
1165470
1165471
1165472
1165473
1165474
1165475
1165476
1165529
1165530
1165531
1165532
1165533
1165534
1165535
1165536
1165537
1165538
1165539
1165540
1165541
1165542
1165543
1165544
1165545
1165546
1165547
1165548
1165549
1165550
1165551
1165552
1165553
1165554
1165581
1165582
1165583
1165584
1165585
1165586
1165587
1165588
1165589
1165590
1165591
1165592
1165593
1165594
1165595
1165596
1165597
1165598
1165599
1165600
1165601
1165602
1165603
1165604
1165605
1165606
1165633
1165634
1165635
1165636
1165637
1165638
1165639
1165640
1165641
1165642
1165643
1165644
1165645
1165646
1165647
1165648
1165649
1165650
1165651
1165652
1165653
1165654
1165655
1165656
1165657
1165658
1165659
1165660
1165661
1165662
1165663
1165664
1165665
1165666
1165667
1165668
1165669
1165670
1165671
1165672
1165673
1165674
1165675
1165676
1165677
1165678
1165679
1165680
1165681
1165682
1165683
1165684
1165711
1165712
1165713
1165714
1165715
1165716
1165717
1165718
1165719
1165720
1165721
1165722
1165723
1165724
1165725
1165726
1165727
1165728
1165729
1165730
1165731
1165732
1165733
1165734
1165735
1165736
1165737
1165738
1165739
1165740
1165741
1165742
1165743
1165744
1165745
1165746
1165747
1165748
1165749
1165750
1165751
1165752
1165753
1165754
1165755
1165756
1165757
1165758
1165759
1165760
1165761
1165762
1165789
1165790
1165791
1165792
1165793
1165794
1165795
1165796
1165797
1165798
1165799
1165800
1165801
1165802
1165803
1165804
1165805
1165806
1165807
1165808
1165809
1165810
1165811
1165812
1165813
1165814
1165841
1165842
1165843
1165844
1165845
1165846
1165847
1165848
1165849
1165850
1165851
1165852
1165853
1165854
1165855
1165856
1165857
1165858
1165859
1165860
1165861
1165862
1165863
1165864
1165865
1165866
1165867
1165868
1165869
1165870
1165871
1165872
1165873
1165874
1165875
1165876
1165877
1165878
1165879
1165880
1165881
1165882
1165883
1165884
1165885
1165886
1165887
1165888
1165889
1165890
1165891
1165892
1165893
1165894
1165895
1165896
1165897
1165898
1165899
1165900
1165901
1165902
1165903
1165904
1165905
1165906
1165907
1165908
1165909
1165910
1165911
1165912
1165913
1165914
1165915
1165916
1165917
1165918
1165919
1165920
1165921
1165922
1165923
1165924
1165925
1165926
1165927
1165928
1165929
1165930
1165931
1165932
1165933
1165934
1165935
1165936
1165937
1165938
1165939
1165940
1165941
1165942
1165943
1165944
1165971
1165972
1165973
1165974
1165975
1165976
1165977
1165978
1165979
1165980
1165981
1165982
1165983
1165984
1165985
1165986
1165987
1165988
1165989
1165990
1165991
1165992
1165993
1165994
1165995
1165996
1165997
1165998
1165999
1166000
1166001
1166002
1166003
1166004
1166005
1166006
1166007
1166008
1166009
1166010
1166011
1166012
1166013
1166014
1166015
1166016
1166017
1166018
1166019
1166020
1166021
1166022
1166023
1166024
1166025
1166026
1166027
1166028
1166029
1166030
1166031
1166032
1166033
1166034
1166035
1166036
1166037
1166038
1166039
1166040
1166041
1166042
1166043
1166044
1166045
1166046
1166047
1166048
1166049
1166050
1166051
1166052
1166053
1166054
1166055
1166056
1166057
1166058
1166059
1166060
1166061
1166062
1166063
1166064
1166065
1166066
1166067
1166068
1166069
1166070
1166071
1166072
1166073
1166074
1166101
1166102
1166103
1166104
1166105
1166106
1166107
1166108
1166109
1166110
1166111
1166112
1166113
1166114
1166115
1166116
1166117
1166118
1166119
1166120
1166121
1166122
1166123
1166124
1166125
1166126
1166153
1166154
1166155
1166156
1166157
1166158
1166159
1166160
1166161
1166162
1166163
1166164
1166165
1166166
1166167
1166168
1166169
1166170
1166171
1166172
1166173
1166174
1166175
1166176
1166177
1166178
1166179
1166180
1166181
1166182
1166183
1166184
1166185
1166186
1166187
1166188
1166189
1166190
1166191
1166192
1166193
1166194
1166195
1166196
1166197
1166198
1166199
1166200
1166201
1166202
1166203
1166204
1166205
1166206
1166207
1166208
1166209
1166210
1166211
1166212
1166213
1166214
1166215
1166216
1166217
1166218
1166219
1166220
1166221
1166222
1166223
1166224
1166225
1166226
1166227
1166228
1166229
1166230
1166231
1166232
1166233
1166234
1166235
1166236
1166237
1166238
1166239
1166240
1166241
1166242
1166243
1166244
1166245
1166246
1166247
1166248
1166249
1166250
1166251
1166252
1166253
1166254
1166255
1166256
1166283
1166284
1166285
1166286
1166287
1166288
1166289
1166290
1166291
1166292
1166293
1166294
1166295
1166296
1166297
1166298
1166299
1166300
1166301
1166302
1166303
1166304
1166305
1166306
1166307
1166308
1166309
1166310
1166311
1166312
1166313
1166314
1166315
1166316
1166317
1166318
1166319
1166320
1166321
1166322
1166323
1166324
1166325
1166326
1166327
1166328
1166329
1166330
1166331
1166332
1166333
1166334
1166335
1166336
1166337
1166338
1166339
1166340
1166341
1166342
1166343
1166344
1166345
1166346
1166347
1166348
1166349
1166350
1166351
1166352
1166353
1166354
1166355
1166356
1166357
1166358
1166359
1166360
1166361
1166362
1166363
1166364
1166365
1166366
1166367
1166368
1166369
1166370
1166371
1166372
1166373
1166374
1166375
1166376
1166377
1166378
1166379
1166380
1166381
1166382
1166383
1166384
1166385
1166386
1166387
1166388
1166389
1166390
1166391
1166392
1166393
1166394
1166395
1166396
1166397
1166398
1166399
1166400
1166401
1166402
1166403
1166404
1166405
1166406
1166407
1166408
1166409
1166410
1166411
1166412
1166413
1166414
1166415
1166416
1166417
1166418
1166419
1166420
1166421
1166422
1166423
1166424
1166425
1166426
1166427
1166428
1166429
1166430
1166431
1166432
1166433
1166434
1166435
1166436
1166437
1166438
1166517
1166518
1166519
1166520
1166521
1166522
1166523
1166524
1166525
1166526
1166527
1166528
1166529
1166530
1166531
1166532
1166533
1166534
1166535
1166536
1166537
1166538
1166539
1166540
1166541
1166542
1166569
1166570
1166571
1166572
1166573
1166574
1166575
1166576
1166577
1166578
1166579
1166580
1166581
1166582
1166583
1166584
1166585
1166586
1166587
1166588
1166589
1166590
1166591
1166592
1166593
1166594
1166595
1166596
1166597
1166598
1166599
1166600
1166601
1166602
1166603
1166604
1166605
1166606
1166607
1166608
1166609
1166610
1166611
1166612
1166613
1166614
1166615
1166616
1166617
1166618
1166619
1166620
1166647
1166648
1166649
1166650
1166651
1166652
1166653
1166654
1166655
1166656
1166657
1166658
1166659
1166660
1166661
1166662
1166663
1166664
1166665
1166666
1166667
1166668
1166669
1166670
1166671
1166672
1166699
1166700
1166701
1166702
1166703
1166704
1166705
1166706
1166707
1166708
1166709
1166710
1166711
1166712
1166713
1166714
1166715
1166716
1166717
1166718
1166719
1166720
1166721
1166722
1166723
1166724
1166725
1166726
1166727
1166728
1166729
1166730
1166731
1166732
1166733
1166734
1166735
1166736
1166737
1166738
1166739
1166740
1166742
1166743
1166744
1166745
1166746
1166747
1166748
1166749
1166750
1166777
1166778
1166779
1166780
1166781
1166782
1166783
1166784
1166785
1166786
1166787
1166788
1166789
1166790
1166791
1166792
1166793
1166794
1166795
1166796
1166797
1166798
1166799
1166800
1166801
1166802
1166803
1166804
1166805
1166806
1166807
1166808
1166809
1166810
1166811
1166812
1166813
1166814
1166815
1166816
1166817
1166818
1166819
1166820
1166821
1166822
1166823
1166824
1166825
1166826
1166827
1166828
1166829
1166830
1166831
1166832
1166833
1166834
1166835
1166836
1166837
1166838
1166839
1166840
1166841
1166842
1166843
1166844
1166845
1166846
1166847
1166848
1166849
1166850
1166851
1166852
1166853
1166854
1166881
1166882
1166883
1166884
1166885
1166886
1166887
1166888
1166889
1166890
1166891
1166892
1166893
1166894
1166895
1166896
1166897
1166898
1166899
1166900
1166901
1166902
1166903
1166904
1166905
1166906
1166907
1166908
1166909
1166910
1166911
1166912
1166913
1166914
1166915
1166916
1166917
1166918
1166919
1166920
1166921
1166922
1166923
1166924
1166925
1166926
1166927
1166928
1166929
1166930
1166931
1166932
1167011
1167012
1167013
1167014
1167015
1167016
1167017
1167018
1167019
1167020
1167021
1167022
1167023
1167024
1167025
1167026
1167027
1167028
1167029
1167030
1167031
1167032
1167033
1167034
1167035
1167036
1167037
1167038
1167039
1167040
1167041
1167042
1167043
1167044
1167045
1167046
1167047
1167048
1167049
1167050
1167051
1167052
1167053
1167054
1167055
1167056
1167057
1167058
1167059
1167060
1167061
1167062
1167141
1167142
1167143
1167144
1167145
1167146
1167147
1167148
1167149
1167150
1167151
1167152
1167153
1167154
1167155
1167156
1167157
1167158
1167159
1167160
1167161
1167162
1167163
1167164
1167165
1167166
1167167
1167168
1167169
1167170
1167171
1167172
1167173
1167174
1167175
1167176
1167177
1167178
1167179
1167180
1167181
1167182
1167183
1167184
1167185
1167186
1167187
1167188
1167189
1167190
1167191
1167192
1167193
1167194
1167195
1167196
1167197
1167198
1167199
1167200
1167201
1167202
1167203
1167204
1167205
1167206
1167207
1167208
1167209
1167210
1167211
1167212
1167213
1167214
1167215
1167216
1167217
1167218
1167401
1167402
1167403
1167404
1167405
1167406
1167407
1167408
1167409
1167410
1167411
1167412
1167413
1167414
1167415
1167416
1167417
1167418
1167419
1167420
1167421
1167422
1167423
1167424
1167425
1167426
1167427
1167428
1167429
1167430
1167431
1167432
1167433
1167434
1167435
1167436
1167437
1167438
1167439
1167440
1167441
1167442
1167443
1167444
1167445
1167446
1167447
1167448
1167449
1167450
1167451
1167452
1167453
1167454
1167455
1167456
1167457
1167458
1167459
1167460
1167461
1167462
1167463
1167464
1167465
1167466
1167467
1167468
1167469
1167470
1167471
1167472
1167473
1167474
1167475
1167476
1167477
1167478
1167479
1167480
1167481
1167482
1167483
1167484
1167485
1167486
1167487
1167488
1167489
1167491
1167492
1167493
1167494
1167495
1167496
1167497
1167498
1167499
1167500
1167501
1167502
1167503
1167504
1167505
1167506
1167507
1167508
1167509
1167510
1167511
1167512
1167513
1167514
1167515
1167516
1167517
1167518
1167519
1167520
1167521
1167522
1167523
1167524
1167525
1167526
1167527
1167528
1167529
1167530
1167609
1167610
1167611
1167612
1167613
1167614
1167615
1167616
1167617
1167618
1167619
1167620
1167621
1167622
1167623
1167624
1167625
1167626
1167627
1167628
1167629
1167630
1167631
1167632
1167633
1167634
1167635
1167636
1167637
1167638
1167639
1167640
1167641
1167642
1167643
1167644
1167645
1167646
1167647
1167648
1167649
1167650
1167651
1167652
1167653
1167654
1167655
1167656
1167657
1167658
1167659
1167660
1167687
1167688
1167689
1167690
1167691
1167692
1167693
1167694
1167695
1167696
1167697
1167698
1167699
1167700
1167701
1167702
1167703
1167704
1167705
1167706
1167707
1167708
1167709
1167710
1167711
1167712
1167713
1167714
1167715
1167716
1167717
1167718
1167719
1167720
1167721
1167722
1167723
1167724
1167725
1167726
1167727
1167728
1167729
1167730
1167731
1167732
1167733
1167734
1167735
1167736
1167737
1167738
1167739
1167740
1167741
1167742
1167743
1167744
1167745
1167746
1167747
1167748
1167749
1167750
1167751
1167752
1167753
1167754
1167755
1167756
1167757
1167758
1167759
1167760
1167761
1167762
1167763
1167764
1167765
1167766
1167767
1167768
1167769
1167770
1167771
1167772
1167773
1167774
1167775
1167776
1167777
1167778
1167779
1167780
1167781
1167782
1167783
1167784
1167785
1167786
1167787
1167788
1167789
1167790
1167791
1167792
1167793
1167794
1167795
1167796
1167797
1167798
1167799
1167800
1167801
1167802
1167803
1167804
1167805
1167806
1167807
1167808
1167809
1167810
1167811
1167812
1167813
1167814
1167815
1167816
1167817
1167818
1167819
1167820
1167821
1167822
1167823
1167824
1167825
1167826
1167827
1167828
1167829
1167830
1167831
1167832
1167833
1167834
1167835
1167836
1167837
1167838
1167839
1167840
1167841
1167842
1167843
1167844
1167845
1167846
1167847
1167848
1167849
1167850
1167851
1167852
1167853
1167854
1167855
1167856
1167857
1167858
1167859
1167860
1167861
1167862
1167863
1167864
1167865
1167866
1167867
1167868
1167895
1167896
1167897
1167898
1167899
1167900
1167901
1167902
1167903
1167904
1167905
1167906
1167907
1167908
1167909
1167910
1167911
1167912
1167913
1167914
1167915
1167916
1167917
1167918
1167919
1167920
1167921
1167922
1167923
1167924
1167925
1167926
1167927
1167928
1167929
1167930
1167931
1167932
1167933
1167934
1167935
1167936
1167937
1167938
1167939
1167940
1167941
1167942
1167943
1167944
1167945
1167946
1167973
1167974
1167975
1167976
1167977
1167978
1167979
1167980
1167981
1167982
1167983
1167984
1167985
1167986
1167987
1167988
1167989
1167990
1167991
1167992
1167993
1167994
1167995
1167996
1167997
1167998
1167999
1168000
1168001
1168002
1168003
1168004
1168005
1168006
1168007
1168008
1168009
1168010
1168011
1168012
1168013
1168014
1168015
1168016
1168017
1168018
1168019
1168020
1168021
1168022
1168023
1168024
1168077
1168078
1168079
1168080
1168081
1168082
1168083
1168084
1168085
1168086
1168087
1168088
1168089
1168090
1168091
1168092
1168093
1168094
1168095
1168096
1168097
1168098
1168099
1168100
1168101
1168102
1168103
1168104
1168105
1168106
1168107
1168108
1168109
1168110
1168111
1168112
1168113
1168114
1168115
1168116
1168117
1168118
1168119
1168120
1168121
1168122
1168123
1168124
1168125
1168126
1168127
1168128
1168129
1168130
1168131
1168132
1168133
1168134
1168135
1168136
1168137
1168138
1168139
1168140
1168141
1168142
1168143
1168144
1168145
1168146
1168147
1168148
1168149
1168150
1168151
1168152
1168153
1168154
1168181
1168182
1168183
1168184
1168185
1168186
1168187
1168188
1168189
1168190
1168191
1168192
1168193
1168194
1168195
1168196
1168197
1168198
1168199
1168200
1168201
1168202
1168203
1168204
1168205
1168206
1168233
1168234
1168235
1168236
1168237
1168238
1168239
1168240
1168241
1168242
1168243
1168244
1168245
1168246
1168247
1168248
