1168249
1168250
1168251
1168252
1168253
1168254
1168255
1168256
1168257
1168258
1168389
1168390
1168391
1168392
1168393
1168394
1168395
1168396
1168397
1168398
1168399
1168400
1168401
1168402
1168403
1168404
1168405
1168406
1168407
1168408
1168409
1168410
1168411
1168412
1168413
1168414
1168415
1168416
1168417
1168418
1168419
1168420
1168421
1168422
1168423
1168424
1168425
1168426
1168427
1168428
1168429
1168430
1168431
1168432
1168433
1168434
1168435
1168436
1168437
1168438
1168439
1168440
1168467
1168468
1168469
1168470
1168471
1168472
1168473
1168474
1168475
1168476
1168477
1168478
1168479
1168480
1168481
1168482
1168483
1168484
1168485
1168486
1168487
1168488
1168489
1168490
1168491
1168492
1168519
1168520
1168521
1168522
1168523
1168524
1168525
1168526
1168527
1168528
1168529
1168530
1168531
1168532
1168533
1168534
1168535
1168536
1168537
1168538
1168539
1168540
1168541
1168542
1168543
1168544
1168545
1168546
1168547
1168548
1168549
1168550
1168551
1168552
1168553
1168554
1168555
1168556
1168557
1168558
1168559
1168560
1168561
1168562
1168563
1168564
1168565
1168566
1168567
1168568
1168569
1168570
1168571
1168572
1168573
1168574
1168575
1168576
1168577
1168578
1168579
1168580
1168581
1168582
1168583
1168584
1168585
1168586
1168587
1168588
1168589
1168590
1168591
1168592
1168593
1168594
1168595
1168596
1168623
1168624
1168625
1168626
1168627
1168628
1168629
1168630
1168631
1168632
1168633
1168634
1168635
1168636
1168637
1168638
1168639
1168640
1168641
1168642
1168643
1168644
1168645
1168646
1168647
1168648
1168649
1168650
1168651
1168652
1168653
1168654
1168655
1168656
1168657
1168658
1168659
1168660
1168661
1168662
1168663
1168664
1168665
1168666
1168667
1168668
1168669
1168670
1168671
1168672
1168673
1168674
1168701
1168702
1168703
1168704
1168705
1168706
1168707
1168708
1168709
1168710
1168711
1168712
1168713
1168714
1168715
1168716
1168717
1168718
1168719
1168720
1168721
1168722
1168723
1168724
1168725
1168726
1168753
1168754
1168755
1168756
1168757
1168758
1168759
1168760
1168761
1168762
1168763
1168764
1168765
1168766
1168767
1168768
1168769
1168770
1168771
1168772
1168773
1168774
1168775
1168776
1168777
1168778
1168779
1168780
1168781
1168782
1168783
1168784
1168785
1168786
1168787
1168788
1168789
1168790
1168791
1168792
1168793
1168794
1168795
1168796
1168797
1168798
1168799
1168800
1168801
1168802
1168803
1168804
1168805
1168806
1168807
1168808
1168809
1168810
1168811
1168812
1168813
1168814
1168815
1168816
1168817
1168818
1168819
1168820
1168821
1168822
1168823
1168824
1168825
1168826
1168827
1168828
1168829
1168830
1168883
1168884
1168885
1168886
1168887
1168888
1168889
1168890
1168891
1168892
1168893
1168894
1168895
1168896
1168897
1168898
1168899
1168900
1168901
1168902
1168903
1168904
1168905
1168906
1168907
1168908
1168935
1168936
1168937
1168938
1168939
1168940
1168941
1168942
1168943
1168944
1168945
1168946
1168947
1168948
1168949
1168950
1168951
1168952
1168953
1168954
1168955
1168956
1168957
1168958
1168959
1168960
1168961
1168962
1168963
1168964
1168965
1168966
1168967
1168968
1168969
1168970
1168971
1168972
1168973
1168974
1168975
1168976
1168977
1168978
1168979
1168980
1168981
1168982
1168983
1168984
1168985
1168986
1169091
1169092
1169093
1169094
1169095
1169096
1169097
1169098
1169099
1169100
1169101
1169102
1169103
1169104
1169105
1169106
1169107
1169108
1169109
1169110
1169111
1169112
1169113
1169114
1169115
1169116
1169117
1169118
1169119
1169120
1169121
1169122
1169123
1169124
1169125
1169126
1169127
1169128
1169129
1169130
1169131
1169132
1169133
1169134
1169135
1169136
1169137
1169138
1169139
1169140
1169141
1169142
1169221
1169222
1169223
1169224
1169225
1169226
1169227
1169228
1169229
1169230
1169231
1169232
1169233
1169234
1169235
1169236
1169237
1169238
1169239
1169240
1169241
1169242
1169243
1169244
1169245
1169246
1169247
1169248
1169249
1169250
1169251
1169252
1169253
1169254
1169255
1169256
1169257
1169258
1169259
1169260
1169261
1169262
1169263
1169264
1169265
1169266
1169267
1169268
1169269
1169270
1169271
1169272
1169299
1169300
1169301
1169302
1169303
1169304
1169305
1169306
1169307
1169308
1169309
1169310
1169311
1169312
1169313
1169314
1169315
1169316
1169317
1169318
1169319
1169320
1169321
1169322
1169323
1169324
1169325
1169326
1169327
1169328
1169329
1169330
1169331
1169332
1169333
1169334
1169335
1169336
1169337
1169338
1169339
1169340
1169341
1169342
1169343
1169344
1169345
1169346
1169347
1169348
1169349
1169350
1169533
1169534
1169535
1169536
1169537
1169538
1169539
1169540
1169541
1169542
1169543
1169544
1169545
1169546
1169547
1169548
1169549
1169550
1169551
1169552
1169553
1169554
1169555
1169556
1169557
1169558
1169585
1169586
1169587
1169588
1169589
1169590
1169591
1169592
1169593
1169594
1169595
1169596
1169597
1169598
1169599
1169600
1169601
1169602
1169603
1169604
1169605
1169606
1169607
1169608
1169609
1169610
1169689
1169690
1169691
1169692
1169693
1169694
1169695
1169696
1169697
1169698
1169699
1169700
1169701
1169702
1169703
1169704
1169705
1169706
1169707
1169708
1169709
1169710
1169711
1169712
1169713
1169714
1169741
1169742
1169743
1169744
1169745
1169746
1169747
1169748
1169749
1169750
1169751
1169752
1169753
1169754
1169755
1169756
1169757
1169758
1169759
1169760
1169761
1169762
1169763
1169764
1169765
1169766
1169793
1169794
1169795
1169796
1169797
1169798
1169799
1169800
1169801
1169802
1169803
1169804
1169805
1169806
1169807
1169808
1169809
1169810
1169811
1169812
1169813
1169814
1169815
1169816
1169817
1169818
1169845
1169846
1169847
1169848
1169849
1169850
1169851
1169852
1169853
1169854
1169855
1169856
1169857
1169858
1169859
1169860
1169861
1169862
1169863
1169864
1169865
1169866
1169867
1169868
1169869
1169870
1169897
1169898
1169899
1169900
1169901
1169902
1169903
1169904
1169905
1169906
1169907
1169908
1169909
1169910
1169911
1169912
1169913
1169914
1169915
1169916
1169917
1169918
1169919
1169920
1169921
1169922
1169949
1169950
1169951
1169952
1169953
1169954
1169955
1169956
1169957
1169958
1169959
1169960
1169961
1169962
1169963
1169964
1169965
1169966
1169967
1169968
1169969
1169970
1169971
1169972
1169973
1169974
1170001
1170002
1170003
1170004
1170005
1170006
1170007
1170008
1170009
1170010
1170011
1170012
1170013
1170014
1170015
1170016
1170017
1170018
1170019
1170020
1170021
1170022
1170023
1170024
1170025
1170026
1170027
1170028
1170029
1170030
1170031
1170032
1170033
1170034
1170035
1170036
1170037
1170038
1170039
1170040
1170041
1170042
1170043
1170044
1170045
1170046
1170047
1170048
1170049
1170050
1170051
1170052
1170079
1170080
1170081
1170082
1170083
1170084
1170085
1170086
1170087
1170088
1170089
1170090
1170091
1170092
1170093
1170094
1170095
1170096
1170097
1170098
1170099
1170100
1170101
1170102
1170103
1170104
1170105
1170106
1170107
1170108
1170109
1170110
1170111
1170112
1170113
1170114
1170115
1170116
1170117
1170118
1170119
1170120
1170121
1170122
1170123
1170124
1170125
1170126
1170127
1170128
1170129
1170130
1170157
1170158
1170159
1170160
1170161
1170162
1170163
1170164
1170165
1170166
1170167
1170168
1170169
1170170
1170171
1170172
1170173
1170174
1170175
1170176
1170177
1170178
1170179
1170180
1170181
1170182
1170209
1170210
1170211
1170212
1170213
1170214
1170215
1170216
1170217
1170218
1170219
1170220
1170221
1170222
1170223
1170224
1170225
1170226
1170227
1170228
1170229
1170230
1170231
1170232
1170233
1170234
1170287
1170288
1170289
1170290
1170291
1170292
1170293
1170294
1170295
1170296
1170297
1170298
1170299
1170300
1170301
1170302
1170303
1170304
1170305
1170306
1170307
1170308
1170309
1170310
1170311
1170312
1170313
1170314
1170315
1170316
1170317
1170318
1170319
1170320
1170321
1170322
1170323
1170324
1170325
1170326
1170327
1170328
1170329
1170330
1170331
1170332
1170333
1170334
1170335
1170336
1170337
1170338
1170417
1170418
1170419
1170420
1170421
1170423
1170424
1170425
1170426
1170427
1170428
1170429
1170430
1170431
1170432
1170433
1170434
1170435
1170436
1170437
1170438
1170439
1170440
1170441
1170442
1170495
1170496
1170497
1170498
1170499
1170500
1170501
1170502
1170503
1170504
1170505
1170506
1170507
1170508
1170509
1170510
1170511
1170512
1170513
1170514
1170515
1170516
1170517
1170518
1170519
1170520
1170573
1170574
1170575
1170576
1170577
1170578
1170579
1170580
1170581
1170582
1170583
1170584
1170585
1170586
1170587
1170588
1170589
1170590
1170591
1170592
1170593
1170594
1170595
1170596
1170597
1170598
1170599
1170600
1170601
1170602
1170603
1170604
1170605
1170606
1170607
1170608
1170609
1170610
1170611
1170612
1170613
1170614
1170615
1170616
1170617
1170618
1170619
1170620
1170621
1170622
1170623
1170624
1170651
1170652
1170653
1170654
1170655
1170656
1170657
1170658
1170659
1170660
1170661
1170662
1170663
1170664
1170665
1170666
1170667
1170668
1170669
1170670
1170671
1170672
1170673
1170674
1170675
1170676
1170755
1170756
1170757
1170758
1170759
1170760
1170761
1170762
1170763
1170764
1170765
1170766
1170767
1170768
1170769
1170770
1170771
1170772
1170773
1170774
1170775
1170776
1170777
1170778
1170779
1170780
1170807
1170808
1170809
1170810
1170811
1170812
1170813
1170814
1170815
1170816
1170817
1170818
1170819
1170820
1170821
1170822
1170823
1170824
1170825
1170826
1170827
1170828
1170829
1170830
1170831
1170832
1170833
1170834
1170835
1170836
1170837
1170838
1170839
1170840
1170841
1170842
1170843
1170844
1170845
1170846
1170847
1170848
1170849
1170850
1170851
1170852
1170853
1170854
1170855
1170856
1170857
1170858
1170937
1170938
1170939
1170940
1170941
1170942
1170943
1170944
1170945
1170946
1170947
1170948
1170949
1170950
1170951
1170952
1170953
1170954
1170955
1170956
1170957
1170958
1170959
1170960
1170961
1170962
1170963
1170964
1170965
1170966
1170967
1170968
1170969
1170970
1170971
1170972
1170973
1170974
1170975
1170976
1170977
1170978
1170979
1170980
1170981
1170982
1170983
1170984
1170985
1170986
1170987
1170988
1170989
1170990
1170991
1170992
1170993
1170994
1170995
1170996
1170997
1170998
1170999
1171000
1171001
1171002
1171003
1171004
1171005
1171006
1171007
1171008
1171009
1171010
1171011
1171012
1171013
1171014
1171015
1171016
1171017
1171018
1171019
1171020
1171021
1171022
1171023
1171024
1171025
1171026
1171027
1171028
1171029
1171030
1171031
1171032
1171033
1171034
1171035
1171036
1171037
1171038
1171039
1171040
1171067
1171068
1171069
1171070
1171071
1171072
1171073
1171074
1171075
1171076
1171077
1171078
1171079
1171080
1171081
1171082
1171083
1171084
1171085
1171086
1171087
1171088
1171089
1171090
1171091
1171092
1171197
1171198
1171199
1171200
1171201
1171202
1171203
1171204
1171205
1171206
1171207
1171208
1171209
1171210
1171211
1171212
1171213
1171214
1171215
1171216
1171217
1171218
1171219
1171220
1171221
1171222
1171275
1171276
1171277
1171278
1171279
1171280
1171281
1171282
1171283
1171284
1171285
1171286
1171287
1171288
1171289
1171290
1171291
1171292
1171293
1171294
1171295
1171296
1171297
1171298
1171299
1171300
1171431
1171432
1171433
1171434
1171435
1171436
1171437
1171438
1171439
1171440
1171441
1171442
1171443
1171444
1171445
1171446
1171447
1171448
1171449
1171450
1171451
1171452
1171453
1171454
1171455
1171456
1171457
1171458
1171459
1171460
1171461
1171462
1171463
1171464
1171465
1171466
1171467
1171468
1171469
1171470
1171471
1171472
1171473
1171474
1171475
1171476
1171477
1171478
1171479
1171480
1171482
1171483
1171484
1171485
1171486
1171487
1171488
1171489
1171490
1171491
1171492
1171493
1171494
1171495
1171496
1171497
1171498
1171499
1171500
1171501
1171502
1171503
1171504
1171505
1171506
1171507
1171508
1171509
1171510
1171511
1171512
1171513
1171514
1171515
1171516
1171517
1171518
1171519
1171520
1171521
1171522
1171523
1171524
1171525
1171526
1171527
1171528
1171529
1171530
1171531
1171532
1171533
1171534
1171613
1171614
1171615
1171616
1171617
1171618
1171619
1171620
1171621
1171622
1171623
1171624
1171625
1171626
1171627
1171628
1171629
1171630
1171631
1171632
1171633
1171634
1171635
1171636
1171637
1171638
1171639
1171640
1171641
1171642
1171643
1171644
1171645
1171646
1171647
1171648
1171649
1171650
1171651
1171652
1171653
1171654
1171655
1171656
1171657
1171658
1171659
1171660
1171661
1171662
1171663
1171664
1171717
1171718
1171719
1171720
1171721
1171722
1171723
1171724
1171725
1171726
1171727
1171728
1171729
1171730
1171731
1171732
1171733
1171734
1171735
1171736
1171737
1171738
1171739
1171740
1171741
1171742
1171769
1171770
1171771
1171772
1171773
1171774
1171775
1171776
1171777
1171778
1171779
1171780
1171781
1171782
1171783
1171784
1171785
1171786
1171787
1171788
1171789
1171790
1171791
1171792
1171793
1171794
1171847
1171848
1171849
1171850
1171851
1171852
1171853
1171854
1171855
1171856
1171857
1171858
1171859
1171860
1171861
1171862
1171863
1171864
1171865
1171866
1171867
1171868
1171869
1171870
1171871
1171872
1171899
1171900
1171901
1171902
1171903
1171904
1171905
1171906
1171907
1171908
1171909
1171910
1171911
1171912
1171913
1171914
1171915
1171916
1171917
1171918
1171919
1171920
1171921
1171922
1171923
1171924
1171925
1171926
1171927
1171928
1171929
1171930
1171931
1171932
1171933
1171934
1171935
1171936
1171937
1171938
1171939
1171940
1171941
1171942
1171943
1171944
1171945
1171946
1171947
1171948
1171949
1171950
1171951
1171952
1171953
1171954
1171955
1171956
1171957
1171958
1171959
1171960
1171961
1171962
1171963
1171964
1171965
1171966
1171967
1171968
1171969
1171970
1171971
1171972
1171973
1171974
1171975
1171976
1171977
1171978
1171979
1171980
1171981
1171982
1171983
1171984
1171985
1171986
1171987
1171988
1171989
1171990
1171991
1171992
1171993
1171994
1171995
1171996
1171997
1171998
1171999
1172000
1172001
1172002
1172029
1172030
1172031
1172032
1172033
1172034
1172035
1172036
1172037
1172038
1172039
1172040
1172041
1172042
1172043
1172044
1172045
1172046
1172047
1172048
1172049
1172050
1172051
1172052
1172053
1172054
1172055
1172056
1172057
1172058
1172059
1172060
1172061
1172062
1172063
1172064
1172065
1172066
1172067
1172068
1172069
1172070
1172071
1172072
1172073
1172074
1172075
1172076
1172077
1172078
1172079
1172080
1172107
1172108
1172109
1172110
1172111
1172112
1172113
1172114
1172115
1172116
1172117
1172118
1172119
1172120
1172121
1172122
1172123
1172124
1172125
1172126
1172127
1172128
1172129
1172130
1172131
1172132
1172159
1172160
1172161
1172162
1172163
1172164
1172165
1172166
1172167
1172168
1172169
1172170
1172171
1172172
1172173
1172174
1172175
1172176
1172177
1172178
1172179
1172180
1172181
1172182
1172183
1172184
1172211
1172212
1172213
1172214
1172215
1172216
1172217
1172218
1172219
1172220
1172221
1172222
1172223
1172224
1172225
1172226
1172227
1172228
1172229
1172230
1172231
1172232
1172233
1172234
1172235
1172236
1172237
1172238
1172239
1172240
1172241
1172242
1172243
1172244
1172245
1172246
1172247
1172248
1172249
1172250
1172251
1172252
1172253
1172254
1172255
1172256
1172257
1172258
1172259
1172260
1172261
1172262
1172263
1172264
1172265
1172266
1172267
1172268
1172269
1172270
1172271
1172272
1172273
1172274
1172275
1172276
1172277
1172278
1172279
1172280
1172281
1172282
1172283
1172284
1172285
1172286
1172287
1172288
1172315
1172316
1172317
1172318
1172319
1172320
1172321
1172322
1172323
1172324
1172325
1172326
1172327
1172328
1172329
1172330
1172331
1172332
1172333
1172334
1172335
1172336
1172337
1172338
1172339
1172340
1172419
1172420
1172421
1172422
1172423
1172424
1172425
1172426
1172427
1172428
1172429
1172430
1172431
1172432
1172433
1172434
1172435
1172436
1172437
1172438
1172439
1172440
1172441
1172442
1172443
1172444
1172471
1172472
1172473
1172474
1172475
1172476
1172477
1172478
1172479
1172480
1172481
1172482
1172483
1172484
1172485
1172486
1172487
1172488
1172489
1172490
1172491
1172492
1172493
1172494
1172495
1172496
1172497
1172498
1172499
1172500
1172501
1172502
1172503
1172504
1172505
1172506
1172507
1172508
1172509
1172510
1172511
1172512
1172513
1172514
1172515
1172516
1172517
1172518
1172519
1172520
1172521
1172522
1172523
1172524
1172525
1172526
1172527
1172528
1172529
1172530
1172531
1172532
1172533
1172534
1172535
1172536
1172537
1172538
1172539
1172540
1172541
1172542
1172543
1172544
1172545
1172546
1172547
1172548
1172627
1172628
1172629
1172630
1172631
1172632
1172633
1172634
1172635
1172636
1172637
1172638
1172639
1172640
1172641
1172642
1172643
1172644
1172645
1172646
1172647
1172648
1172649
1172650
1172651
1172652
1172679
1172680
1172681
1172682
1172683
1172684
1172685
1172686
1172687
1172688
1172689
1172690
1172691
1172692
1172693
1172694
1172695
1172696
1172697
1172698
1172699
1172700
1172701
1172702
1172703
1172704
1172705
1172706
1172707
1172708
1172709
1172710
1172711
1172712
1172713
1172714
1172715
1172716
1172717
1172718
1172719
1172720
1172721
1172722
1172723
1172724
1172725
1172726
1172727
1172728
1172729
1172730
1172731
1172732
1172733
1172734
1172735
1172736
1172737
1172738
1172739
1172740
1172741
1172742
1172743
1172744
1172745
1172746
1172747
1172748
1172749
1172750
1172751
1172752
1172753
1172754
1172755
1172756
1172809
1172810
1172811
1172812
1172813
1172814
1172815
1172816
1172817
1172818
1172819
1172820
1172821
1172822
1172823
1172824
1172825
1172826
1172827
1172828
1172829
1172830
1172831
1172832
1172833
1172834
1173069
1173070
1173071
1173072
1173073
1173074
1173075
1173076
1173077
1173078
1173079
1173080
1173081
1173082
1173083
1173084
1173085
1173086
1173087
1173088
1173089
1173090
1173091
1173092
1173093
1173094
1173173
1173174
1173175
1173176
1173177
1173178
1173179
1173180
1173181
1173182
1173183
1173184
1173185
1173186
1173187
1173188
1173189
1173190
1173191
1173192
1173193
1173194
1173195
1173196
1173197
1173198
1173225
1173226
1173227
1173228
1173229
1173230
1173231
1173232
1173233
1173234
1173235
1173236
1173237
1173238
1173239
1173240
1173241
1173242
1173243
1173244
1173245
1173246
1173247
1173248
1173249
1173250
1173329
1173330
1173331
1173332
1173333
1173334
1173335
1173336
1173337
1173338
1173339
1173340
1173341
1173342
1173343
1173344
1173345
1173346
1173347
1173348
1173349
1173350
1173351
1173352
1173353
1173354
1173355
1173356
1173357
1173358
1173359
1173360
1173361
1173362
1173363
1173364
1173365
1173366
1173367
1173368
1173369
1173370
1173371
1173372
1173373
1173374
1173375
1173376
1173377
1173378
1173379
1173380
1173407
1173408
1173409
1173410
1173411
1173412
1173413
1173414
1173415
1173416
1173417
1173418
1173419
1173420
1173421
1173422
1173423
1173424
1173425
1173426
1173427
1173428
1173429
1173430
1173431
1173432
1173459
1173460
1173461
1173462
1173463
1173464
1173465
1173466
1173467
1173468
1173469
1173470
1173471
1173472
1173473
1173474
1173475
1173476
1173477
1173478
1173479
1173480
1173481
1173482
1173483
1173484
1173485
1173486
1173487
1173488
1173489
1173490
1173491
1173492
1173493
1173494
1173495
1173496
1173497
1173498
1173499
1173500
1173501
1173502
1173503
1173504
1173505
1173506
1173507
1173508
1173509
1173510
1173589
1173590
1173591
1173592
1173593
1173594
1173595
1173596
1173597
1173598
1173599
1173600
1173601
1173602
1173603
1173604
1173605
1173606
1173607
1173608
1173609
1173610
1173611
1173612
1173613
1173614
1173667
1173668
1173669
1173670
1173671
1173672
1173673
1173674
1173675
1173676
1173677
1173678
1173679
1173680
1173681
1173682
1173683
1173684
1173685
1173686
1173687
1173688
1173689
1173690
1173691
1173692
1173745
1173746
1173747
1173748
1173749
1173750
1173751
1173752
1173753
1173754
1173755
1173756
1173757
1173758
1173759
1173760
1173761
1173762
1173763
1173764
1173765
1173766
1173767
1173768
1173769
1173770
1173823
1173824
1173825
1173826
1173827
1173828
1173829
1173830
1173831
1173832
1173833
1173834
1173835
1173836
1173837
1173838
1173839
1173840
1173841
1173842
1173843
1173844
1173845
1173846
1173847
1173848
1173849
1173850
1173851
1173852
1173853
1173854
1173855
1173856
1173857
1173858
1173859
1173860
1173861
1173862
1173863
1173864
1173865
1173866
1173867
1173868
1173869
1173870
1173871
1173872
1173873
1173874
1173901
1173902
1173903
1173904
1173905
1173906
1173907
1173908
1173909
1173910
1173911
1173912
1173913
1173914
1173915
1173916
1173917
1173918
1173919
1173920
1173921
1173922
1173923
1173924
1173925
1173926
1174005
1174006
1174007
1174008
1174009
1174010
1174011
1174012
1174013
1174014
1174015
1174016
1174017
1174018
1174019
1174020
1174021
1174022
1174023
1174024
1174025
1174026
1174027
1174028
1174029
1174030
1174057
1174058
1174059
1174060
1174061
1174062
1174063
1174064
1174065
1174066
1174067
1174068
1174069
1174070
1174071
1174072
1174073
1174074
1174075
1174076
1174077
1174078
1174079
1174080
1174081
1174082
1174135
1174136
1174137
1174138
1174139
1174140
1174141
1174142
1174143
1174144
1174145
1174146
1174147
1174148
1174149
1174150
1174151
1174152
1174153
1174154
1174155
1174156
1174157
1174158
1174159
1174160
1174161
1174162
1174163
1174164
1174165
1174166
1174167
1174168
1174169
1174170
1174171
1174172
1174173
1174174
1174175
1174176
1174177
1174178
1174179
1174180
1174181
1174182
1174183
1174184
1174185
1174186
1174239
1174240
1174241
1174242
1174243
1174244
1174245
1174246
1174247
1174248
1174249
1174250
1174251
1174252
1174253
1174254
1174255
1174256
1174257
1174258
1174259
1174260
1174261
1174262
1174263
1174264
1174265
1174266
1174267
1174268
1174269
1174270
1174271
1174272
1174273
1174274
1174275
1174276
1174277
1174278
1174279
1174280
1174281
1174282
1174283
1174284
1174285
1174286
1174287
1174288
1174289
1174290
1174291
1174292
1174293
1174294
1174295
1174296
1174297
1174298
1174299
1174300
1174301
1174302
1174303
1174304
1174305
1174306
1174307
1174308
1174309
1174310
1174311
1174312
1174313
1174314
1174315
1174316
1174369
1174370
1174371
1174372
1174373
1174374
1174375
1174376
1174377
1174378
1174379
1174380
1174381
1174382
1174383
1174384
1174385
1174386
1174387
1174388
1174389
1174390
1174391
1174392
1174393
1174394
1174525
1174526
1174527
1174528
1174529
1174530
1174531
1174532
1174533
1174534
1174535
1174536
1174537
1174538
1174539
1174540
1174541
1174542
1174543
1174544
1174545
1174546
1174547
1174548
1174549
1174550
1174551
1174552
1174553
1174554
1174555
