1174556
1174557
1174558
1174559
1174560
1174561
1174562
1174563
1174564
1174565
1174566
1174567
1174568
1174569
1174570
1174571
1174572
1174573
1174574
1174575
1174576
1174681
1174682
1174683
1174684
1174685
1174686
1174687
1174688
1174689
1174690
1174691
1174692
1174693
1174694
1174695
1174696
1174697
1174698
1174699
1174700
1174701
1174702
1174703
1174704
1174705
1174706
1174785
1174786
1174787
1174788
1174789
1174790
1174791
1174792
1174793
1174794
1174795
1174796
1174797
1174798
1174799
1174800
1174801
1174802
1174803
1174804
1174805
1174806
1174807
1174808
1174809
1174810
1174811
1174812
1174813
1174814
1174815
1174816
1174817
1174818
1174819
1174820
1174821
1174822
1174823
1174824
1174825
1174826
1174827
1174828
1174829
1174830
1174831
1174832
1174833
1174834
1174835
1174836
1174915
1174916
1174917
1174918
1174919
1174920
1174921
1174922
1174923
1174924
1174925
1174926
1174927
1174928
1174929
1174930
1174931
1174932
1174933
1174934
1174935
1174936
1174937
1174938
1174939
1174940
1174941
1174942
1174943
1174944
1174945
1174946
1174947
1174948
1174949
1174950
1174951
1174952
1174953
1174954
1174955
1174956
1174957
1174958
1174959
1174960
1174961
1174962
1174963
1174964
1174965
1174966
1174967
1174968
1174969
1174970
1174971
1174972
1174973
1174974
1174975
1174976
1174977
1174978
1174979
1174980
1174981
1174982
1174983
1174984
1174985
1174986
1174987
1174988
1174989
1174990
1174991
1174992
1175019
1175020
1175021
1175022
1175023
1175024
1175025
1175026
1175027
1175028
1175029
1175030
1175031
1175032
1175033
1175034
1175035
1175036
1175037
1175038
1175039
1175040
1175041
1175042
1175043
1175044
1175071
1175072
1175073
1175074
1175075
1175076
1175077
1175078
1175079
1175080
1175081
1175082
1175083
1175084
1175085
1175086
1175087
1175088
1175089
1175090
1175091
1175092
1175093
1175094
1175095
1175096
1175097
1175098
1175099
1175100
1175101
1175102
1175103
1175104
1175105
1175106
1175107
1175108
1175109
1175110
1175111
1175112
1175113
1175114
1175115
1175116
1175117
1175118
1175119
1175120
1175121
1175122
1175253
1175254
1175255
1175256
1175257
1175258
1175259
1175260
1175261
1175262
1175263
1175264
1175265
1175266
1175267
1175268
1175269
1175270
1175271
1175272
1175273
1175274
1175275
1175276
1175277
1175278
1175305
1175306
1175307
1175308
1175309
1175310
1175311
1175312
1175313
1175314
1175315
1175316
1175317
1175318
1175319
1175320
1175321
1175322
1175323
1175324
1175325
1175326
1175327
1175328
1175329
1175330
1175357
1175358
1175359
1175360
1175361
1175362
1175363
1175364
1175365
1175366
1175367
1175368
1175369
1175370
1175371
1175372
1175373
1175374
1175375
1175376
1175377
1175378
1175379
1175380
1175381
1175382
1175383
1175384
1175385
1175386
1175387
1175388
1175389
1175390
1175391
1175392
1175393
1175394
1175395
1175396
1175397
1175398
1175399
1175400
1175401
1175402
1175403
1175404
1175405
1175406
1175407
1175408
1175409
1175410
1175411
1175412
1175413
1175414
1175415
1175416
1175417
1175418
1175419
1175420
1175421
1175422
1175423
1175424
1175425
1175426
1175427
1175428
1175429
1175430
1175431
1175432
1175433
1175434
1175487
1175488
1175489
1175490
1175491
1175492
1175493
1175494
1175495
1175496
1175497
1175498
1175499
1175500
1175501
1175502
1175503
1175504
1175505
1175506
1175507
1175508
1175509
1175510
1175511
1175512
1175539
1175540
1175541
1175542
1175543
1175544
1175545
1175546
1175547
1175548
1175549
1175550
1175551
1175552
1175553
1175554
1175555
1175556
1175557
1175558
1175559
1175560
1175561
1175562
1175563
1175564
1175565
1175566
1175567
1175568
1175569
1175570
1175571
1175572
1175573
1175574
1175575
1175576
1175577
1175578
1175579
1175580
1175581
1175582
1175583
1175584
1175585
1175586
1175587
1175588
1175589
1175590
1175617
1175618
1175619
1175620
1175621
1175622
1175623
1175624
1175625
1175626
1175627
1175628
1175629
1175630
1175631
1175632
1175633
1175634
1175635
1175636
1175637
1175638
1175639
1175640
1175641
1175642
1175643
1175644
1175645
1175646
1175647
1175648
1175649
1175650
1175651
1175652
1175653
1175654
1175655
1175656
1175657
1175658
1175659
1175660
1175661
1175662
1175663
1175664
1175665
1175666
1175667
1175668
1175695
1175696
1175697
1175698
1175699
1175700
1175701
1175702
1175703
1175704
1175705
1175706
1175707
1175708
1175709
1175710
1175711
1175712
1175713
1175714
1175715
1175716
1175717
1175718
1175719
1175720
1175721
1175722
1175723
1175724
1175725
1175726
1175727
1175728
1175729
1175730
1175731
1175732
1175733
1175734
1175735
1175736
1175737
1175738
1175739
1175740
1175741
1175742
1175743
1175744
1175745
1175746
1175747
1175748
1175749
1175750
1175751
1175752
1175753
1175754
1175755
1175756
1175757
1175758
1175759
1175760
1175761
1175762
1175763
1175764
1175765
1175766
1175767
1175768
1175769
1175770
1175771
1175772
1175851
1175852
1175853
1175854
1175855
1175856
1175857
1175858
1175859
1175860
1175861
1175862
1175863
1175864
1175865
1175866
1175867
1175868
1175869
1175870
1175871
1175872
1175873
1175874
1175875
1175876
1175877
1175878
1175879
1175880
1175881
1175882
1175883
1175884
1175885
1175886
1175887
1175888
1175889
1175890
1175891
1175892
1175893
1175894
1175895
1175896
1175897
1175898
1175899
1175900
1175901
1175902
1175903
1175904
1175905
1175906
1175907
1175908
1175909
1175910
1175911
1175912
1175913
1175914
1175915
1175916
1175917
1175918
1175919
1175920
1175921
1175922
1175923
1175924
1175925
1175926
1175927
1175928
1175929
1175930
1175931
1175932
1175933
1175934
1175935
1175936
1175937
1175938
1175939
1175940
1175941
1175942
1175943
1175944
1175945
1175946
1175947
1175948
1175949
1175950
1175951
1175952
1175953
1175954
1175955
1175956
1175957
1175958
1175959
1175960
1175961
1175962
1175963
1175964
1175965
1175966
1175967
1175968
1175969
1175970
1175971
1175972
1175973
1175974
1175975
1175976
1175977
1175978
1175979
1175980
1176007
1176008
1176009
1176010
1176011
1176012
1176013
1176014
1176015
1176016
1176017
1176018
1176019
1176020
1176021
1176022
1176023
1176024
1176025
1176026
1176027
1176028
1176029
1176030
1176031
1176032
1176033
1176034
1176035
1176036
1176037
1176038
1176039
1176040
1176041
1176042
1176043
1176044
1176045
1176046
1176047
1176048
1176049
1176050
1176051
1176052
1176053
1176054
1176055
1176056
1176057
1176058
1176163
1176164
1176165
1176166
1176167
1176168
1176169
1176170
1176171
1176172
1176173
1176174
1176175
1176176
1176177
1176178
1176179
1176180
1176181
1176182
1176183
1176184
1176185
1176186
1176187
1176188
1176189
1176190
1176191
1176192
1176193
1176194
1176195
1176196
1176197
1176198
1176199
1176200
1176201
1176202
1176203
1176204
1176205
1176206
1176207
1176208
1176209
1176210
1176211
1176212
1176213
1176214
1176215
1176216
1176217
1176218
1176219
1176220
1176221
1176222
1176223
1176224
1176225
1176226
1176227
1176228
1176229
1176230
1176231
1176232
1176233
1176234
1176235
1176236
1176237
1176238
1176239
1176240
1176267
1176268
1176269
1176270
1176271
1176272
1176273
1176274
1176275
1176276
1176277
1176278
1176279
1176280
1176281
1176282
1176283
1176284
1176285
1176286
1176287
1176288
1176289
1176290
1176291
1176292
1176293
1176294
1176295
1176296
1176297
1176298
1176299
1176300
1176301
1176302
1176303
1176304
1176305
1176306
1176307
1176308
1176309
1176310
1176311
1176312
1176313
1176314
1176315
1176316
1176317
1176318
1176319
1176320
1176321
1176322
1176323
1176324
1176326
1176327
1176328
1176329
1176330
1176331
1176332
1176333
1176334
1176335
1176336
1176337
1176338
1176339
1176340
1176341
1176342
1176343
1176344
1176371
1176372
1176373
1176374
1176375
1176376
1176377
1176378
1176379
1176380
1176381
1176382
1176383
1176384
1176385
1176386
1176387
1176388
1176389
1176390
1176391
1176392
1176393
1176394
1176395
1176396
1176397
1176398
1176399
1176400
1176401
1176402
1176403
1176404
1176405
1176406
1176407
1176408
1176409
1176410
1176411
1176412
1176413
1176414
1176415
1176416
1176417
1176418
1176419
1176420
1176421
1176422
1176527
1176528
1176529
1176530
1176531
1176532
1176533
1176534
1176535
1176536
1176537
1176538
1176539
1176540
1176541
1176542
1176543
1176544
1176545
1176546
1176547
1176548
1176549
1176550
1176551
1176552
1176579
1176580
1176581
1176582
1176583
1176584
1176585
1176586
1176587
1176588
1176589
1176590
1176591
1176592
1176593
1176594
1176595
1176596
1176597
1176598
1176599
1176600
1176601
1176602
1176603
1176604
1176631
1176632
1176633
1176634
1176635
1176636
1176637
1176638
1176639
1176640
1176641
1176642
1176643
1176644
1176645
1176646
1176647
1176648
1176649
1176650
1176651
1176652
1176653
1176654
1176655
1176656
1176657
1176658
1176659
1176660
1176661
1176662
1176663
1176664
1176665
1176666
1176667
1176668
1176669
1176670
1176671
1176672
1176673
1176674
1176675
1176676
1176677
1176678
1176679
1176680
1176681
1176682
1176709
1176710
1176711
1176712
1176713
1176714
1176715
1176716
1176717
1176718
1176719
1176720
1176721
1176722
1176723
1176724
1176725
1176726
1176727
1176728
1176729
1176730
1176731
1176732
1176733
1176734
1176735
1176736
1176737
1176738
1176739
1176740
1176741
1176742
1176743
1176744
1176745
1176746
1176747
1176748
1176749
1176750
1176751
1176752
1176753
1176754
1176755
1176756
1176757
1176758
1176759
1176760
1176761
1176762
1176763
1176764
1176765
1176766
1176767
1176768
1176769
1176770
1176771
1176772
1176773
1176774
1176775
1176776
1176777
1176778
1176779
1176780
1176781
1176782
1176783
1176784
1176785
1176786
1176787
1176788
1176789
1176790
1176791
1176792
1176793
1176794
1176795
1176796
1176797
1176798
1176799
1176800
1176801
1176802
1176803
1176804
1176805
1176806
1176807
1176808
1176809
1176810
1176811
1176812
1176839
1176840
1176841
1176842
1176843
1176844
1176845
1176846
1176847
1176848
1176849
1176850
1176851
1176852
1176853
1176854
1176855
1176856
1176857
1176858
1176859
1176860
1176861
1176862
1176863
1176864
1176865
1176866
1176867
1176868
1176869
1176870
1176871
1176872
1176873
1176874
1176875
1176876
1176877
1176878
1176879
1176880
1176881
1176882
1176883
1176884
1176885
1176886
1176887
1176888
1176889
1176890
1176891
1176892
1176893
1176894
1176895
1176896
1176897
1176898
1176899
1176900
1176901
1176902
1176903
1176904
1176905
1176906
1176907
1176908
1176909
1176910
1176911
1176912
1176913
1176914
1176915
1176916
1176969
1176970
1176971
1176972
1176973
1176974
1176975
1176976
1176977
1176978
1176979
1176980
1176981
1176982
1176983
1176984
1176985
1176986
1176987
1176988
1176989
1176990
1176991
1176992
1176993
1176994
1176995
1176996
1176997
1176998
1176999
1177000
1177001
1177002
1177003
1177004
1177005
1177006
1177007
1177008
1177009
1177010
1177011
1177012
1177013
1177014
1177015
1177016
1177017
1177018
1177019
1177020
1177073
1177074
1177075
1177076
1177077
1177078
1177079
1177080
1177081
1177082
1177083
1177084
1177085
1177086
1177087
1177088
1177089
1177090
1177091
1177092
1177093
1177094
1177095
1177096
1177097
1177098
1177099
1177100
1177101
1177102
1177103
1177104
1177105
1177106
1177107
1177108
1177109
1177110
1177111
1177112
1177113
1177114
1177115
1177116
1177117
1177118
1177119
1177120
1177121
1177122
1177123
1177124
1177125
1177126
1177127
1177128
1177129
1177130
1177131
1177132
1177133
1177134
1177135
1177136
1177137
1177138
1177139
1177140
1177141
1177142
1177143
1177144
1177145
1177146
1177147
1177148
1177149
1177150
1177151
1177152
1177153
1177154
1177155
1177156
1177157
1177158
1177159
1177160
1177161
1177162
1177163
1177164
1177165
1177166
1177167
1177168
1177169
1177170
1177171
1177172
1177173
1177174
1177175
1177176
1177281
1177282
1177283
1177284
1177285
1177286
1177287
1177288
1177289
1177290
1177291
1177292
1177294
1177295
1177296
1177297
1177298
1177299
1177300
1177301
1177302
1177303
1177304
1177305
1177306
1177307
1177308
1177309
1177310
1177311
1177312
1177313
1177314
1177315
1177316
1177317
1177318
1177319
1177320
1177321
1177322
1177323
1177324
1177325
1177326
1177327
1177328
1177329
1177330
1177331
1177332
1177333
1177334
1177335
1177336
1177337
1177338
1177339
1177340
1177341
1177342
1177343
1177344
1177345
1177346
1177347
1177348
1177349
1177350
1177351
1177352
1177353
1177354
1177355
1177356
1177357
1177358
1177411
1177412
1177413
1177414
1177415
1177416
1177417
1177418
1177419
1177420
1177421
1177422
1177423
1177424
1177425
1177426
1177427
1177428
1177429
1177430
1177431
1177432
1177433
1177434
1177435
1177436
1177489
1177490
1177491
1177492
1177493
1177494
1177495
1177496
1177497
1177498
1177499
1177500
1177501
1177502
1177503
1177504
1177505
1177506
1177507
1177508
1177509
1177510
1177511
1177512
1177513
1177514
1177541
1177542
1177543
1177544
1177545
1177546
1177547
1177548
1177549
1177550
1177551
1177552
1177553
1177554
1177555
1177556
1177557
1177558
1177559
1177560
1177561
1177562
1177563
1177564
1177565
1177566
1177593
1177594
1177595
1177596
1177597
1177598
1177599
1177600
1177601
1177602
1177603
1177604
1177605
1177606
1177607
1177608
1177609
1177610
1177611
1177612
1177613
1177614
1177615
1177616
1177617
1177618
1177619
1177620
1177621
1177622
1177623
1177624
1177625
1177626
1177627
1177628
1177629
1177630
1177631
1177632
1177633
1177634
1177635
1177636
1177637
1177638
1177639
1177640
1177641
1177642
1177643
1177644
1177645
1177646
1177647
1177648
1177649
1177650
1177651
1177652
1177653
1177654
1177655
1177656
1177657
1177658
1177659
1177660
1177661
1177662
1177663
1177664
1177665
1177666
1177667
1177668
1177669
1177670
1177723
1177724
1177725
1177726
1177727
1177728
1177729
1177730
1177731
1177732
1177733
1177734
1177735
1177736
1177737
1177738
1177739
1177740
1177741
1177742
1177743
1177744
1177745
1177746
1177747
1177748
1177749
1177750
1177751
1177752
1177753
1177754
1177755
1177756
1177757
1177758
1177759
1177760
1177761
1177762
1177763
1177764
1177765
1177766
1177767
1177768
1177769
1177770
1177771
1177772
1177773
1177774
1177775
1177776
1177777
1177778
1177779
1177780
1177781
1177782
1177783
1177784
1177785
1177786
1177787
1177788
1177789
1177790
1177791
1177792
1177793
1177794
1177795
1177796
1177797
1177798
1177799
1177800
1177957
1177958
1177959
1177960
1177961
1177962
1177963
1177964
1177965
1177966
1177967
1177968
1177969
1177970
1177971
1177972
1177973
1177974
1177975
1177976
1177977
1177978
1177979
1177980
1177981
1177982
1177983
1177984
1177985
1177986
1177987
1177988
1177989
1177990
1177991
1177992
1177993
1177994
1177995
1177996
1177997
1177998
1177999
1178000
1178001
1178002
1178003
1178004
1178005
1178006
1178007
1178008
1178009
1178010
1178011
1178012
1178013
1178014
1178015
1178016
1178017
1178018
1178019
1178020
1178021
1178022
1178023
1178024
1178025
1178026
1178027
1178028
1178029
1178030
1178031
1178032
1178033
1178034
1178035
1178036
1178037
1178038
1178039
1178040
1178041
1178042
1178043
1178044
1178045
1178046
1178047
1178048
1178049
1178050
1178052
1178053
1178054
1178055
1178056
1178057
1178058
1178059
1178060
1178061
1178062
1178063
1178064
1178065
1178066
1178067
1178068
1178069
1178070
1178071
1178072
1178073
1178074
1178075
1178076
1178077
1178078
1178079
1178080
1178081
1178082
1178083
1178084
1178085
1178086
1178139
1178140
1178141
1178142
1178143
1178144
1178145
1178146
1178147
1178148
1178149
1178150
1178151
1178152
1178153
1178154
1178155
1178156
1178157
1178158
1178159
1178160
1178161
1178162
1178163
1178164
1178165
1178166
1178167
1178168
1178169
1178170
1178171
1178172
1178173
1178174
1178175
1178176
1178177
1178178
1178179
1178180
1178181
1178182
1178183
1178184
1178185
1178186
1178187
1178188
1178189
1178190
1178217
1178218
1178219
1178220
1178221
1178222
1178223
1178224
1178225
1178226
1178227
1178228
1178229
1178230
1178231
1178232
1178233
1178234
1178235
1178236
1178237
1178238
1178239
1178240
1178241
1178242
1178295
1178296
1178297
1178298
1178299
1178300
1178301
1178302
1178303
1178304
1178305
1178306
1178307
1178308
1178309
1178310
1178311
1178312
1178313
1178314
1178315
1178316
1178317
1178318
1178319
1178320
1178321
1178322
1178323
1178324
1178325
1178326
1178327
1178328
1178329
1178330
1178331
1178332
1178333
1178334
1178335
1178336
1178337
1178338
1178339
1178340
1178341
1178342
1178343
1178344
1178345
1178346
1178399
1178400
1178401
1178402
1178403
1178404
1178405
1178406
1178407
1178408
1178409
1178410
1178411
1178412
1178413
1178414
1178415
1178416
1178417
1178418
1178419
1178420
1178421
1178422
1178423
1178424
1178451
1178452
1178453
1178454
1178455
1178456
1178457
1178458
1178459
1178460
1178461
1178462
1178463
1178464
1178465
1178466
1178467
1178468
1178469
1178470
1178471
1178472
1178473
1178474
1178475
1178476
1178555
1178556
1178557
1178558
1178559
1178560
1178561
1178562
1178563
1178564
1178565
1178566
1178567
1178568
1178569
1178570
1178571
1178572
1178573
1178574
1178575
1178576
1178577
1178578
1178579
1178580
1178607
1178608
1178609
1178610
1178611
1178612
1178613
1178614
1178615
1178616
1178617
1178618
1178619
1178620
1178621
1178622
1178623
1178624
1178625
1178626
1178627
1178628
1178629
1178630
1178631
1178632
1178633
1178634
1178635
1178636
1178637
1178638
1178639
1178640
1178641
1178642
1178643
1178644
1178645
1178646
1178647
1178648
1178649
1178650
1178651
1178652
1178653
1178654
1178655
1178656
1178657
1178658
1178685
1178686
1178687
1178688
1178689
1178690
1178691
1178692
1178693
1178694
1178695
1178696
1178697
1178698
1178699
1178700
1178701
1178702
1178703
1178704
1178705
1178706
1178707
1178708
1178709
1178710
1178737
1178738
1178739
1178740
1178741
1178742
1178743
1178744
1178745
1178746
1178747
1178748
1178749
1178750
1178751
1178752
1178753
1178754
1178755
1178756
1178757
1178758
1178759
1178760
1178761
1178762
1178763
1178764
1178765
1178766
1178767
1178768
1178769
1178770
1178771
1178772
1178773
1178774
1178775
1178776
1178777
1178778
1178779
1178780
1178781
1178782
1178783
1178784
1178785
1178786
1178787
1178788
1178867
1178868
1178869
1178870
1178871
1178872
1178873
1178874
1178875
1178876
1178877
1178878
1178879
1178880
1178881
1178882
1178883
1178884
1178885
1178886
1178887
1178888
1178889
1178890
1178891
1178892
1178893
1178894
1178895
1178896
1178897
1178898
1178899
1178900
1178901
1178902
1178903
1178904
1178905
1178906
1178907
1178908
1178909
1178910
1178911
1178912
1178913
1178914
1178915
1178916
1178917
1178918
1178945
1178946
1178947
1178948
1178949
1178950
1178951
1178952
1178953
1178954
1178955
1178956
1178957
1178958
1178959
1178960
1178961
1178962
1178963
1178964
1178965
1178966
1178967
1178968
1178969
1178970
1179179
1179180
1179181
1179182
1179183
1179184
1179185
1179186
1179187
1179188
1179189
1179190
1179191
1179192
1179193
1179194
1179195
1179196
1179197
1179198
1179199
1179200
1179201
1179202
1179203
1179204
1179205
1179206
1179207
1179208
1179209
1179210
1179211
1179212
1179213
1179214
1179215
1179216
1179217
1179218
1179219
1179220
1179221
1179222
1179223
1179224
1179225
1179226
1179227
1179228
1179229
1179230
1179231
1179232
1179233
1179234
1179235
1179236
1179237
1179238
1179239
1179240
1179241
1179242
1179243
1179244
1179245
1179246
1179247
1179248
1179249
1179250
1179251
1179252
1179253
1179254
1179255
1179256
1179283
1179284
1179285
1179286
1179287
1179288
1179289
1179290
1179291
1179292
1179293
1179294
1179295
1179296
1179297
1179298
1179299
1179300
1179301
1179302
1179303
1179304
1179305
1179306
1179307
1179308
1179309
1179310
1179311
1179312
1179313
1179314
1179315
1179316
1179317
1179318
1179319
1179320
1179321
1179322
1179323
1179324
1179325
1179326
1179327
1179328
1179329
1179330
1179331
1179332
1179333
1179334
1179361
1179362
1179363
1179364
1179365
1179366
1179367
1179368
1179369
1179370
1179371
1179372
1179373
1179374
1179375
1179376
1179377
1179378
1179379
1179380
1179381
1179382
1179383
1179384
1179385
1179386
1179413
1179414
1179415
1179416
1179417
1179418
1179419
1179420
1179421
1179422
1179423
1179424
1179425
1179426
1179427
1179428
1179429
1179430
1179431
1179432
1179433
1179434
1179435
1179436
1179437
1179438
1179439
1179440
1179441
1179442
1179443
1179444
1179445
1179446
1179447
1179448
1179449
1179450
1179451
1179452
1179453
1179454
1179455
1179456
1179457
1179458
1179459
1179460
1179461
1179462
1179463
1179464
1179517
1179518
1179519
1179520
1179521
1179522
1179523
1179524
1179525
1179526
1179527
1179528
1179529
1179530
1179531
1179532
1179533
1179534
1179535
1179536
1179537
1179538
1179539
1179540
1179541
1179542
1179543
1179544
1179545
1179546
1179547
1179548
1179549
1179550
1179551
1179552
1179553
1179554
1179555
1179556
1179557
1179558
1179559
1179560
1179561
1179562
1179563
1179564
1179565
1179566
1179567
1179568
1179569
1179570
1179571
1179572
1179573
1179574
1179575
1179576
1179577
1179578
1179579
1179580
1179581
1179582
1179583
1179584
1179585
1179586
1179587
1179588
1179589
1179590
1179591
1179592
1179593
1179594
1179595
1179596
1179597
1179598
1179599
1179600
1179601
1179602
1179603
1179604
1179605
1179606
1179607
1179608
1179609
1179610
1179611
1179612
1179613
1179614
1179615
1179616
1179617
1179618
1179619
1179620
1179647
1179648
1179649
1179650
1179651
1179652
1179653
1179654
1179655
1179656
1179657
1179658
1179659
1179660
1179661
1179662
1179663
1179664
1179665
1179666
1179667
1179668
1179669
1179670
1179671
1179672
1179699
1179700
1179701
1179702
1179703
1179704
1179705
1179706
1179707
1179708
1179709
1179710
1179711
1179712
1179713
1179714
1179715
1179716
1179717
1179718
1179719
1179720
1179721
1179722
1179723
1179724
1179725
1179726
1179727
1179728
1179729
1179730
1179731
1179732
1179733
1179734
1179735
1179736
1179737
1179738
1179739
1179740
1179741
1179742
1179743
1179744
1179745
1179746
1179747
1179748
1179749
1179750
1179777
1179778
1179779
1179780
1179781
1179782
1179783
1179784
1179785
1179786
1179787
1179788
1179789
1179790
1179791
1179792
1179793
1179794
1179795
1179796
1179797
1179798
1179799
1179800
1179801
1179802
1179855
1179856
1179857
1179858
1179859
1179860
1179861
1179862
1179863
1179864
1179865
1179866
1179867
1179868
1179869
1179870
1179871
1179872
1179873
1179874
1179875
1179876
1179877
1179878
1179879
1179880
1179881
1179882
1179883
1179884
1179885
1179886
1179887
1179888
1179889
1179890
1179891
1179892
1179893
1179894
1179895
1179896
1179897
1179898
1179899
1179900
1179901
1179902
1179903
1179904
1179905
1179906
1179907
1179908
1179909
1179910
1179911
1179912
1179913
1179914
1179915
1179916
1179917
1179918
1179919
1179920
1179921
1179922
1179923
1179924
1179925
1179926
1179927
1179928
1179929
1179930
1179931
1179932
1180063
1180064
1180065
1180066
1180067
1180068
1180069
1180070
1180071
1180072
1180073
1180074
1180075
1180076
1180077
1180078
1180079
1180080
1180081
1180082
1180083
1180084
1180085
1180086
1180087
1180088
1180141
1180142
1180143
1180144
1180145
1180146
1180147
1180148
1180149
1180150
1180151
1180152
1180153
1180154
1180155
1180156
1180157
1180158
1180159
1180160
1180161
1180162
1180163
1180164
1180165
1180166
1180167
1180168
1180169
1180170
1180171
1180172
1180173
1180174
1180175
1180176
1180177
1180178
1180179
1180180
1180181
1180182
1180183
1180184
1180185
1180186
1180187
1180188
1180189
1180190
1180191
1180192
1180193
1180194
1180195
1180196
1180197
1180198
1180199
1180200
1180201
1180202
1180203
1180204
1180205
1180206
1180207
1180208
1180209
1180210
1180211
1180212
1180213
1180214
1180215
1180216
1180217
1180218
1180219
1180220
1180221
1180222
1180223
1180224
1180225
1180226
1180227
1180228
1180229
1180230
1180231
1180232
1180233
1180234
1180235
1180236
1180237
1180238
1180239
1180240
1180241
1180242
1180243
1180244
1180297
1180298
1180299
1180300
1180301
1180302
1180303
1180304
1180305
1180306
1180307
1180308
1180309
1180310
1180311
1180312
1180313
1180314
1180315
1180316
1180317
1180318
1180319
1180320
1180321
1180322
1180401
1180402
1180403
1180404
1180405
1180406
1180407
1180408
1180409
1180410
1180411
1180412
1180413
1180414
1180415
1180416
1180417
1180418
1180419
1180420
1180421
1180422
1180423
1180424
1180425
1180426
1180505
1180506
1180507
1180508
1180509
1180510
1180511
1180512
1180513
1180514
1180515
1180516
1180517
1180518
1180519
1180520
1180521
1180522
1180523
1180524
1180525
1180526
1180527
1180528
1180529
1180530
1180531
1180532
1180533
1180534
1180535
1180536
1180537
1180538
1180539
1180540
1180541
1180542
1180543
1180544
1180545
1180546
1180547
1180548
1180549
1180550
1180551
1180552
1180553
1180554
1180555
1180556
1180557
1180558
1180559
1180560
1180561
1180562
1180563
1180564
1180565
1180566
1180567
1180568
1180569
1180570
1180571
1180572
1180573
1180574
1180575
1180576
1180577
1180578
1180579
1180580
1180581
1180582
1180583
1180584
1180585
1180586
1180587
1180588
1180589
1180590
1180591
1180592
1180593
1180594
1180595
1180596
1180597
1180598
1180599
1180600
1180601
1180602
1180603
1180604
1180605
1180606
1180607
1180608
1180635
1180636
1180637
1180638
1180639
1180640
1180641
1180642
1180643
1180644
1180645
1180646
1180647
1180648
1180649
1180650
1180651
1180652
1180653
1180654
1180655
1180656
1180657
1180658
1180659
1180660
1180713
1180714
1180715
1180716
1180717
1180718
1180719
1180720
1180721
1180722
1180723
1180724
1180725
1180726
1180727
1180728
1180729
1180730
1180731
1180732
1180733
1180734
1180735
1180736
1180737
1180738
1180791
1180792
1180793
1180794
1180795
1180796
1180797
1180798
1180799
1180800
1180801
1180802
1180803
1180804
1180805
1180806
1180807
1180808
1180809
1180810
1180811
1180812
1180813
1180814
1180815
1180816
