1180843
1180844
1180845
1180846
1180847
1180848
1180849
1180850
1180851
1180852
1180853
1180854
1180855
1180856
1180857
1180858
1180859
1180860
1180861
1180862
1180863
1180864
1180865
1180866
1180867
1180868
1180895
1180896
1180897
1180898
1180899
1180900
1180901
1180902
1180903
1180904
1180905
1180906
1180907
1180908
1180909
1180910
1180911
1180912
1180913
1180914
1180915
1180916
1180917
1180918
1180919
1180920
1180973
1180974
1180975
1180976
1180977
1180978
1180979
1180980
1180981
1180982
1180983
1180984
1180985
1180986
1180987
1180988
1180989
1180990
1180991
1180992
1180993
1180994
1180995
1180996
1180997
1180998
1181051
1181052
1181053
1181054
1181055
1181056
1181057
1181058
1181059
1181060
1181061
1181062
1181063
1181064
1181065
1181066
1181067
1181068
1181069
1181070
1181071
1181072
1181073
1181074
1181075
1181076
1181077
1181078
1181079
1181080
1181081
1181082
1181083
1181084
1181085
1181086
1181087
1181088
1181089
1181090
1181091
1181092
1181093
1181094
1181095
1181096
1181097
1181098
1181099
1181100
1181101
1181102
1181129
1181130
1181131
1181132
1181133
1181134
1181135
1181136
1181137
1181138
1181139
1181140
1181141
1181142
1181143
1181144
1181145
1181146
1181147
1181148
1181149
1181150
1181151
1181152
1181153
1181154
1181155
1181156
1181157
1181158
1181159
1181160
1181161
1181162
1181163
1181164
1181165
1181166
1181167
1181168
1181169
1181170
1181171
1181172
1181173
1181174
1181175
1181176
1181177
1181178
1181179
1181180
1181259
1181260
1181261
1181262
1181263
1181264
1181265
1181266
1181267
1181268
1181269
1181270
1181271
1181272
1181273
1181274
1181275
1181276
1181277
1181278
1181279
1181280
1181281
1181282
1181283
1181284
1181285
1181286
1181287
1181288
1181289
1181290
1181291
1181292
1181293
1181294
1181295
1181296
1181297
1181298
1181299
1181300
1181301
1181302
1181303
1181304
1181305
1181306
1181307
1181308
1181309
1181310
1181337
1181338
1181339
1181340
1181341
1181342
1181343
1181344
1181345
1181346
1181347
1181348
1181349
1181350
1181351
1181352
1181353
1181354
1181355
1181356
1181358
1181359
1181360
1181361
1181362
1181363
1181364
1181365
1181366
1181367
1181368
1181369
1181370
1181371
1181372
1181373
1181374
1181375
1181376
1181377
1181378
1181379
1181380
1181381
1181382
1181383
1181384
1181385
1181386
1181387
1181388
1181389
1181390
1181391
1181392
1181393
1181394
1181395
1181396
1181397
1181398
1181399
1181400
1181401
1181402
1181403
1181404
1181405
1181406
1181407
1181408
1181409
1181410
1181411
1181412
1181413
1181414
1181415
1181416
1181417
1181418
1181419
1181420
1181421
1181422
1181423
1181424
1181425
1181426
1181427
1181428
1181429
1181430
1181431
1181432
1181433
1181434
1181435
1181436
1181437
1181438
1181439
1181440
1181467
1181468
1181469
1181470
1181471
1181472
1181473
1181474
1181475
1181476
1181477
1181478
1181479
1181480
1181481
1181482
1181483
1181484
1181485
1181486
1181487
1181488
1181489
1181490
1181491
1181492
1181519
1181520
1181521
1181522
1181523
1181524
1181525
1181526
1181527
1181528
1181529
1181530
1181531
1181532
1181533
1181534
1181535
1181536
1181537
1181538
1181539
1181540
1181541
1181542
1181543
1181544
1181545
1181546
1181547
1181548
1181549
1181550
1181551
1181552
1181553
1181554
1181555
1181556
1181557
1181558
1181559
1181560
1181561
1181562
1181563
1181564
1181565
1181566
1181567
1181568
1181569
1181570
1181571
1181572
1181573
1181574
1181575
1181576
1181577
1181578
1181579
1181580
1181581
1181582
1181583
1181584
1181585
1181586
1181587
1181588
1181589
1181590
1181591
1181592
1181593
1181594
1181595
1181596
1181623
1181624
1181625
1181626
1181627
1181628
1181629
1181630
1181631
1181632
1181633
1181634
1181635
1181636
1181637
1181638
1181639
1181640
1181641
1181642
1181643
1181644
1181645
1181646
1181647
1181648
1181701
1181702
1181703
1181704
1181705
1181706
1181707
1181708
1181709
1181710
1181711
1181712
1181713
1181714
1181715
1181716
1181717
1181718
1181719
1181720
1181721
1181722
1181723
1181724
1181725
1181726
1181779
1181780
1181781
1181782
1181783
1181784
1181785
1181786
1181787
1181788
1181789
1181790
1181791
1181792
1181793
1181794
1181795
1181796
1181797
1181798
1181799
1181800
1181801
1181802
1181803
1181804
1181831
1181832
1181833
1181834
1181835
1181836
1181837
1181838
1181839
1181840
1181841
1181842
1181843
1181844
1181845
1181846
1181847
1181848
1181849
1181850
1181851
1181852
1181853
1181854
1181855
1181856
1181909
1181910
1181911
1181912
1181913
1181914
1181915
1181916
1181917
1181918
1181919
1181920
1181921
1181922
1181923
1181924
1181925
1181926
1181927
1181928
1181929
1181930
1181931
1181932
1181933
1181934
1181935
1181936
1181937
1181938
1181939
1181940
1181941
1181942
1181943
1181944
1181945
1181946
1181947
1181948
1181949
1181950
1181951
1181952
1181953
1181954
1181955
1181956
1181957
1181958
1181959
1181960
1182013
1182014
1182015
1182016
1182017
1182018
1182019
1182020
1182021
1182022
1182023
1182024
1182025
1182026
1182027
1182028
1182029
1182030
1182031
1182032
1182033
1182034
1182035
1182036
1182037
1182038
1182039
1182040
1182041
1182042
1182043
1182044
1182045
1182046
1182047
1182048
1182049
1182050
1182051
1182052
1182053
1182054
1182055
1182056
1182057
1182058
1182059
1182060
1182061
1182062
1182063
1182064
1182143
1182144
1182145
1182146
1182147
1182148
1182149
1182150
1182151
1182152
1182153
1182154
1182155
1182156
1182157
1182158
1182159
1182160
1182161
1182162
1182163
1182164
1182165
1182166
1182167
1182168
1182169
1182170
1182171
1182172
1182173
1182174
1182175
1182176
1182177
1182178
1182179
1182180
1182181
1182182
1182183
1182184
1182185
1182186
1182187
1182188
1182189
1182190
1182191
1182192
1182193
1182194
1182221
1182222
1182223
1182224
1182225
1182226
1182227
1182228
1182229
1182230
1182231
1182232
1182233
1182234
1182235
1182236
1182237
1182238
1182239
1182240
1182241
1182242
1182243
1182244
1182245
1182246
1182247
1182248
1182249
1182250
1182251
1182252
1182253
1182254
1182255
1182256
1182257
1182258
1182259
1182260
1182261
1182262
1182263
1182264
1182265
1182266
1182267
1182268
1182269
1182270
1182271
1182272
1182273
1182274
1182275
1182276
1182277
1182278
1182279
1182280
1182281
1182282
1182283
1182284
1182285
1182286
1182287
1182288
1182289
1182290
1182291
1182292
1182293
1182294
1182295
1182296
1182297
1182298
1182299
1182300
1182301
1182302
1182303
1182304
1182305
1182306
1182307
1182308
1182309
1182310
1182311
1182312
1182313
1182314
1182315
1182316
1182317
1182318
1182319
1182320
1182321
1182322
1182323
1182324
1182351
1182352
1182353
1182354
1182355
1182356
1182357
1182358
1182359
1182360
1182361
1182362
1182363
1182364
1182365
1182366
1182367
1182368
1182369
1182370
1182371
1182372
1182373
1182374
1182375
1182376
1182455
1182456
1182457
1182458
1182459
1182460
1182461
1182462
1182463
1182464
1182465
1182466
1182467
1182468
1182469
1182470
1182471
1182472
1182473
1182474
1182475
1182476
1182477
1182478
1182479
1182480
1182481
1182482
1182483
1182484
1182485
1182486
1182487
1182488
1182489
1182490
1182491
1182492
1182493
1182494
1182495
1182496
1182497
1182498
1182499
1182500
1182501
1182502
1182503
1182504
1182505
1182506
1182559
1182560
1182561
1182562
1182563
1182564
1182565
1182566
1182567
1182568
1182569
1182570
1182571
1182572
1182573
1182574
1182575
1182576
1182577
1182578
1182579
1182580
1182581
1182582
1182583
1182584
1182611
1182612
1182613
1182614
1182615
1182616
1182617
1182618
1182619
1182620
1182621
1182622
1182623
1182624
1182625
1182626
1182627
1182628
1182629
1182630
1182631
1182632
1182633
1182634
1182635
1182636
1182663
1182664
1182665
1182666
1182667
1182668
1182669
1182670
1182671
1182672
1182673
1182674
1182675
1182676
1182677
1182678
1182679
1182680
1182681
1182682
1182683
1182684
1182685
1182686
1182687
1182688
1182715
1182716
1182717
1182718
1182719
1182720
1182721
1182722
1182723
1182724
1182725
1182726
1182727
1182728
1182729
1182730
1182731
1182732
1182733
1182734
1182735
1182736
1182737
1182738
1182739
1182740
1182767
1182768
1182769
1182770
1182771
1182772
1182773
1182774
1182775
1182776
1182777
1182778
1182779
1182780
1182781
1182782
1182783
1182784
1182785
1182786
1182787
1182788
1182789
1182790
1182791
1182792
1182793
1182794
1182795
1182796
1182797
1182798
1182799
1182800
1182801
1182802
1182803
1182804
1182805
1182806
1182807
1182808
1182809
1182810
1182811
1182812
1182813
1182814
1182815
1182816
1182817
1182818
1182871
1182872
1182873
1182874
1182875
1182876
1182877
1182878
1182879
1182880
1182881
1182882
1182883
1182884
1182885
1182886
1182887
1182888
1182889
1182890
1182891
1182892
1182893
1182894
1182895
1182896
1182897
1182898
1182899
1182900
1182901
1182902
1182903
1182904
1182905
1182906
1182907
1182908
1182909
1182910
1182911
1182912
1182913
1182914
1182915
1182916
1182917
1182918
1182919
1182920
1182921
1182922
1182923
1182924
1182925
1182926
1182927
1182928
1182929
1182930
1182931
1182932
1182933
1182934
1182935
1182936
1182937
1182938
1182939
1182940
1182941
1182942
1182943
1182944
1182945
1182946
1182947
1182948
1182975
1182976
1182977
1182978
1182979
1182980
1182981
1182982
1182983
1182984
1182985
1182986
1182987
1182988
1182989
1182990
1182991
1182992
1182993
1182994
1182995
1182996
1182997
1182998
1182999
1183000
1183001
1183002
1183003
1183004
1183005
1183006
1183007
1183008
1183009
1183010
1183011
1183012
1183013
1183014
1183015
1183016
1183017
1183018
1183019
1183020
1183021
1183022
1183023
1183024
1183025
1183026
1183053
1183054
1183055
1183056
1183057
1183058
1183059
1183060
1183061
1183062
1183063
1183064
1183065
1183066
1183067
1183068
1183069
1183070
1183071
1183072
1183073
1183074
1183075
1183076
1183077
1183078
1183079
1183080
1183081
1183082
1183083
1183084
1183085
1183086
1183087
1183088
1183089
1183090
1183091
1183092
1183093
1183094
1183095
1183096
1183097
1183098
1183099
1183100
1183101
1183102
1183103
1183104
1183131
1183132
1183133
1183134
1183135
1183136
1183137
1183138
1183139
1183140
1183141
1183142
1183143
1183144
1183145
1183146
1183147
1183148
1183149
1183150
1183151
1183152
1183153
1183154
1183155
1183156
1183157
1183158
1183159
1183160
1183161
1183162
1183163
1183164
1183165
1183166
1183167
1183168
1183169
1183170
1183171
1183172
1183173
1183174
1183175
1183176
1183177
1183178
1183179
1183180
1183181
1183182
1183209
1183210
1183211
1183212
1183213
1183214
1183215
1183216
1183217
1183218
1183219
1183220
1183221
1183222
1183223
1183224
1183225
1183226
1183227
1183228
1183229
1183230
1183231
1183232
1183233
1183234
1183261
1183262
1183263
1183264
1183265
1183266
1183267
1183268
1183269
1183270
1183271
1183272
1183273
1183274
1183275
1183276
1183277
1183278
1183279
1183280
1183281
1183282
1183283
1183284
1183285
1183286
1183313
1183314
1183315
1183316
1183317
1183318
1183319
1183320
1183321
1183322
1183323
1183324
1183325
1183326
1183327
1183328
1183329
1183330
1183331
1183332
1183333
1183334
1183335
1183336
1183337
1183338
1183365
1183366
1183367
1183368
1183369
1183370
1183371
1183372
1183373
1183374
1183375
1183376
1183377
1183378
1183379
1183380
1183381
1183382
1183383
1183384
1183385
1183386
1183387
1183388
1183389
1183390
1183391
1183392
1183393
1183394
1183395
1183396
1183397
1183398
1183399
1183400
1183401
1183402
1183403
1183404
1183405
1183406
1183407
1183408
1183409
1183410
1183411
1183412
1183413
1183414
1183415
1183416
1183417
1183418
1183419
1183420
1183421
1183422
1183423
1183424
1183425
1183426
1183427
1183428
1183429
1183430
1183431
1183432
1183433
1183434
1183435
1183436
1183437
1183438
1183439
1183440
1183441
1183442
1183443
1183444
1183445
1183446
1183447
1183448
1183449
1183450
1183451
1183452
1183453
1183454
1183455
1183456
1183457
1183458
1183459
1183460
1183461
1183462
1183463
1183464
1183465
1183466
1183467
1183468
1183495
1183496
1183497
1183498
1183499
1183500
1183501
1183502
1183503
1183504
1183505
1183506
1183507
1183508
1183509
1183510
1183511
1183512
1183513
1183514
1183515
1183516
1183517
1183518
1183519
1183520
1183547
1183548
1183549
1183550
1183551
1183552
1183553
1183554
1183555
1183556
1183557
1183558
1183559
1183560
1183561
1183562
1183563
1183564
1183565
1183566
1183567
1183568
1183569
1183570
1183571
1183572
1183573
1183574
1183575
1183576
1183577
1183578
1183579
1183580
1183581
1183582
1183583
1183584
1183585
1183586
1183587
1183588
1183589
1183590
1183591
1183592
1183593
1183594
1183595
1183596
1183597
1183598
1183677
1183678
1183679
1183680
1183681
1183682
1183683
1183684
1183685
1183686
1183687
1183688
1183689
1183690
1183691
1183692
1183693
1183694
1183695
1183696
1183697
1183698
1183699
1183700
1183701
1183702
1183729
1183730
1183731
1183732
1183733
1183734
1183735
1183736
1183737
1183738
1183739
1183740
1183741
1183742
1183743
1183744
1183745
1183746
1183747
1183748
1183749
1183750
1183751
1183752
1183753
1183754
1183755
1183756
1183757
1183758
1183759
1183760
1183761
1183762
1183763
1183764
1183765
1183766
1183767
1183768
1183769
1183770
1183771
1183772
1183773
1183774
1183775
1183776
1183777
1183778
1183779
1183780
1183807
1183808
1183809
1183810
1183811
1183812
1183813
1183814
1183815
1183816
1183817
1183818
1183819
1183820
1183821
1183822
1183823
1183824
1183825
1183826
1183827
1183828
1183829
1183830
1183831
1183832
1183859
1183860
1183861
1183862
1183863
1183864
1183865
1183866
1183867
1183868
1183869
1183870
1183871
1183872
1183873
1183874
1183875
1183876
1183877
1183878
1183879
1183880
1183881
1183882
1183883
1183884
1183937
1183938
1183939
1183940
1183941
1183942
1183943
1183944
1183945
1183946
1183947
1183948
1183949
1183950
1183951
1183952
1183953
1183954
1183955
1183956
1183957
1183958
1183959
1183960
1183961
1183962
1183963
1183964
1183965
1183966
1183967
1183968
1183969
1183970
1183971
1183972
1183973
1183974
1183975
1183976
1183977
1183978
1183979
1183980
1183981
1183982
1183983
1183984
1183985
1183986
1183987
1183988
1184015
1184016
1184017
1184018
1184019
1184020
1184021
1184022
1184023
1184024
1184025
1184026
1184027
1184028
1184029
1184030
1184031
1184032
1184033
1184034
1184035
1184036
1184037
1184038
1184039
1184040
1184093
1184094
1184095
1184096
1184097
1184098
1184099
1184100
1184101
1184102
1184103
1184104
1184105
1184106
1184107
1184108
1184109
1184110
1184111
1184112
1184113
1184114
1184115
1184116
1184117
1184118
1184119
1184120
1184121
1184122
1184123
1184124
1184125
1184126
1184127
1184128
1184129
1184130
1184131
1184132
1184133
1184134
1184135
1184136
1184137
1184138
1184139
1184140
1184141
1184142
1184143
1184144
1184145
1184146
1184147
1184148
1184149
1184150
1184151
1184152
1184153
1184154
1184155
1184156
1184157
1184158
1184159
1184160
1184161
1184162
1184163
1184164
1184165
1184166
1184167
1184168
1184169
1184170
1184223
1184224
1184225
1184226
1184227
1184228
1184229
1184230
1184231
1184232
1184233
1184234
1184235
1184236
1184237
1184238
1184239
1184240
1184241
1184242
1184243
1184244
1184245
1184246
1184247
1184248
1184301
1184302
1184303
1184304
1184305
1184306
1184307
1184308
1184309
1184310
1184311
1184312
1184313
1184314
1184315
1184316
1184317
1184318
1184319
1184320
1184321
1184322
1184323
1184324
1184325
1184326
1184327
1184328
1184329
1184330
1184331
1184332
1184333
1184334
1184335
1184336
1184337
1184338
1184339
1184340
1184341
1184342
1184343
1184344
1184345
1184346
1184347
1184348
1184349
1184350
1184351
1184352
1184353
1184354
1184355
1184356
1184357
1184358
1184359
1184360
1184361
1184362
1184363
1184364
1184365
1184366
1184367
1184368
1184369
1184370
1184371
1184372
1184373
1184374
1184375
1184376
1184377
1184378
1184379
1184380
1184381
1184382
1184383
1184384
1184385
1184386
1184387
1184388
1184389
1184390
1184391
1184392
1184393
1184394
1184395
1184396
1184397
1184398
1184399
1184400
1184401
1184402
1184403
1184404
1184535
1184536
1184537
1184538
1184539
1184540
1184541
1184542
1184543
1184544
1184545
1184546
1184547
1184548
1184549
1184550
1184551
1184552
1184553
1184554
1184555
1184556
1184557
1184558
1184559
1184560
1184665
1184666
1184667
1184668
1184669
1184670
1184671
1184672
1184673
1184674
1184675
1184676
1184677
1184678
1184679
1184680
1184681
1184682
1184683
1184684
1184685
1184686
1184687
1184688
1184689
1184690
1184691
1184692
1184693
1184694
1184695
1184696
1184697
1184698
1184699
1184700
1184701
1184702
1184703
1184704
1184705
1184706
1184707
1184708
1184709
1184710
1184711
1184712
1184713
1184714
1184715
1184716
1184743
1184744
1184745
1184746
1184747
1184748
1184749
1184750
1184751
1184752
1184753
1184754
1184755
1184756
1184757
1184758
1184759
1184760
1184761
1184762
1184763
1184764
1184765
1184766
1184767
1184768
1184821
1184822
1184823
1184824
1184825
1184826
1184827
1184828
1184829
1184830
1184831
1184832
1184833
1184834
1184835
1184836
1184837
1184838
1184839
1184840
1184841
1184842
1184843
1184844
1184845
1184846
1184847
1184848
1184849
1184850
1184851
1184852
1184853
1184854
1184855
1184856
1184857
1184858
1184859
1184860
1184861
1184862
1184863
1184864
1184865
1184866
1184867
1184868
1184869
1184870
1184871
1184872
1184873
1184874
1184875
1184876
1184877
1184878
1184879
1184880
1184881
1184882
1184883
1184884
1184885
1184886
1184887
1184888
1184889
1184890
1184891
1184892
1184893
1184894
1184895
1184896
1184897
1184898
1184899
1184900
1184901
1184902
1184903
1184904
1184905
1184906
1184907
1184908
1184909
1184910
1184911
1184912
1184913
1184914
1184915
1184916
1184917
1184918
1184919
1184920
1184921
1184922
1184923
1184924
1184925
1184926
1184927
1184928
1184929
1184930
1184931
1184932
1184933
1184934
1184935
1184936
1184937
1184938
1184939
1184940
1184941
1184942
1184943
1184944
1184945
1184946
1184947
1184948
1184949
1184950
1185003
1185004
1185005
1185006
1185007
1185008
1185009
1185010
1185011
1185012
1185013
1185014
1185015
1185016
1185017
1185018
1185019
1185020
1185021
1185022
1185023
1185024
1185025
1185026
1185027
1185028
1185055
1185056
1185057
1185058
1185059
1185060
1185061
1185062
1185063
1185064
1185065
1185066
1185067
1185068
1185069
1185070
1185071
1185072
1185073
1185074
1185075
1185076
1185077
1185078
1185079
1185080
1185081
1185082
1185083
1185084
1185085
1185086
1185087
1185088
1185089
1185090
1185091
1185092
1185093
1185094
1185095
1185096
1185097
1185098
1185099
1185100
1185101
1185102
1185103
1185104
1185105
1185106
1185159
1185160
1185161
1185162
1185163
1185164
1185165
1185166
1185167
1185168
1185169
1185170
1185171
1185172
1185173
1185174
1185175
1185176
1185177
1185178
1185179
1185180
1185181
1185182
1185183
1185184
1185211
1185212
1185213
1185214
1185215
1185217
1185218
1185219
1185220
1185221
1185222
1185223
1185224
1185225
1185226
1185227
1185228
1185229
1185230
1185231
1185232
1185233
1185234
1185235
1185236
1185237
1185238
1185239
1185240
1185241
1185242
1185243
1185244
1185245
1185246
1185247
1185248
1185249
1185250
1185251
1185252
1185253
1185254
1185255
1185256
1185257
1185258
1185259
1185260
1185261
1185262
1185263
1185264
1185265
1185266
1185267
1185268
1185269
1185270
1185271
1185272
1185273
1185274
1185275
1185276
1185277
1185278
1185279
1185280
1185281
1185282
1185283
1185284
1185285
1185286
1185287
1185288
1185289
1185290
1185291
1185292
1185293
1185294
1185295
1185296
1185297
1185298
1185299
1185300
1185301
1185302
1185303
1185304
1185305
1185306
1185307
1185308
1185309
1185310
1185311
1185312
1185313
1185314
1185315
1185316
1185317
1185318
1185319
1185320
1185321
1185322
1185323
1185324
1185325
1185326
1185327
1185328
1185329
1185330
1185331
1185332
1185333
1185334
1185335
1185336
1185337
1185338
1185339
1185340
1185341
1185342
1185343
1185344
1185345
1185346
1185347
1185348
1185349
1185350
1185351
1185352
1185353
1185354
1185355
1185356
1185357
1185358
1185359
1185360
1185361
1185362
1185363
1185364
1185365
1185366
1185367
1185368
1185369
1185370
1185371
1185372
1185373
1185374
1185375
1185376
1185377
1185378
1185379
1185380
1185381
1185382
1185383
1185384
1185385
1185386
1185387
1185388
1185389
1185390
1185391
1185392
1185445
1185446
1185447
1185448
1185449
1185450
1185451
1185452
1185453
1185454
1185455
1185456
1185457
1185458
1185459
1185460
1185461
1185462
1185463
1185464
1185465
1185466
1185467
1185468
1185469
1185470
1185471
1185472
1185473
1185474
1185475
1185476
1185477
1185478
1185479
1185480
1185481
1185482
1185483
1185484
1185485
1185486
1185487
1185488
1185489
1185490
1185491
1185492
1185493
1185494
1185495
1185496
1185523
1185524
1185525
1185526
1185527
1185528
1185529
1185530
1185531
1185532
1185533
1185534
1185535
1185536
1185537
1185538
1185539
1185540
1185541
1185542
1185543
1185544
1185545
1185546
1185547
1185548
1185549
1185550
1185551
1185552
1185553
1185554
1185555
1185556
1185557
1185558
1185559
1185560
1185561
1185562
1185563
1185564
1185565
1185566
1185567
1185568
1185569
1185570
1185571
1185572
1185573
1185574
1185627
1185628
1185629
1185630
1185631
1185632
1185633
1185634
1185635
1185636
1185637
1185638
1185639
1185640
1185641
1185642
1185643
1185644
1185645
1185646
1185647
1185648
1185649
1185650
1185651
1185652
1185679
1185680
1185681
1185682
1185683
1185684
1185685
1185686
1185687
1185688
1185689
1185690
1185691
1185692
1185693
1185694
1185695
1185696
1185697
1185698
1185699
1185700
1185701
1185702
1185703
1185704
1185705
1185706
1185707
1185708
1185709
1185710
1185711
1185712
1185713
1185714
1185715
1185716
1185717
1185718
1185719
1185720
1185721
1185722
1185723
1185724
1185725
1185726
1185727
1185728
1185729
1185730
1185731
1185732
1185733
1185734
1185735
1185736
1185737
1185738
1185739
1185740
1185741
1185742
1185743
1185744
1185745
1185746
1185747
1185748
1185749
1185750
1185751
1185752
1185753
1185754
1185755
1185756
1185783
1185784
1185785
1185786
1185787
1185788
1185789
1185790
1185791
1185792
1185793
1185794
1185795
1185796
1185797
1185798
1185799
1185800
1185801
1185802
1185803
1185804
1185805
1185806
1185807
1185808
1185861
1185862
1185863
1185864
1185865
1185866
1185867
1185868
1185869
1185870
1185871
1185872
1185873
1185874
1185875
1185876
1185877
1185878
1185879
1185880
1185881
1185882
1185883
1185884
1185885
1185886
1185939
1185940
1185941
1185942
1185943
1185944
1185945
1185946
1185947
1185948
1185949
1185950
1185951
1185952
1185953
1185954
1185955
1185956
1185957
1185958
1185959
1185960
1185961
1185962
1185963
1185964
1185991
1185992
1185993
1185994
1185995
1185996
1185997
1185998
1185999
1186000
1186001
1186002
1186003
1186004
1186005
1186006
1186007
1186008
1186009
1186010
1186011
1186012
1186013
1186014
1186015
1186016
1186069
1186070
1186071
1186072
1186073
1186074
1186075
1186076
1186077
1186078
1186079
1186080
1186081
1186082
1186083
1186084
1186085
1186086
1186087
1186088
1186089
1186090
1186091
1186092
1186093
1186094
1186121
1186122
1186123
1186124
1186125
1186126
1186127
1186128
1186129
1186130
1186131
1186132
1186133
1186134
1186135
1186136
1186137
1186138
1186139
1186140
1186141
1186142
1186143
1186144
1186145
1186146
1186147
1186148
1186149
1186150
1186151
1186152
1186153
1186154
1186155
1186156
1186157
1186158
1186159
1186160
1186161
1186162
1186163
1186164
1186165
1186166
1186167
1186168
1186169
1186170
1186171
1186172
1186225
1186226
1186227
1186228
1186229
1186230
1186231
1186232
1186233
1186234
1186235
1186236
1186237
1186238
1186239
1186240
1186241
1186242
1186243
1186244
1186245
1186246
1186247
1186248
1186249
1186250
1186251
1186252
1186253
1186254
1186255
1186256
1186257
1186258
1186259
1186260
1186261
1186262
1186263
1186264
1186265
1186266
1186267
1186268
1186269
1186270
1186271
1186272
1186273
1186274
1186275
1186276
1186277
1186278
1186279
1186280
1186281
1186282
1186283
1186284
1186285
1186286
1186287
1186288
1186289
1186290
1186291
1186292
1186293
1186294
1186295
1186296
1186297
1186298
1186299
1186300
1186301
1186302
1186303
1186304
1186305
1186306
1186307
1186308
1186309
1186310
1186311
1186312
1186313
1186314
1186315
1186316
1186317
1186318
1186319
1186320
1186321
1186322
1186323
1186324
1186325
1186326
1186327
1186328
1186355
1186356
1186357
1186358
1186359
1186360
1186361
1186362
1186363
1186364
1186365
1186366
1186367
1186368
1186369
1186370
1186371
1186372
1186373
1186374
1186375
1186376
1186377
1186378
1186379
1186380
1186485
1186486
1186487
1186488
1186489
1186490
1186491
1186492
1186493
1186494
1186495
1186496
1186497
1186498
1186499
1186500
1186501
1186502
1186503
1186504
1186505
1186506
1186507
1186508
1186509
1186510
1186511
1186512
1186513
1186514
1186515
1186516
1186517
1186518
1186519
1186520
1186521
1186522
1186523
1186524
1186525
1186526
1186527
1186528
1186529
1186530
1186531
1186532
1186533
1186534
1186535
1186536
1186537
1186538
1186539
1186540
1186541
1186542
1186543
1186544
1186545
1186546
1186547
1186548
1186549
1186550
1186551
1186552
1186553
1186554
1186555
1186556
1186557
1186558
1186559
1186560
1186561
1186562
1186563
1186564
1186565
1186566
1186567
1186568
1186569
1186570
1186571
1186572
1186573
1186574
1186575
1186576
1186577
1186578
1186579
1186580
1186581
1186582
1186583
1186584
1186585
1186586
1186587
1186588
1186615
1186616
1186617
1186618
1186619
1186620
1186621
1186622
1186623
1186624
1186625
1186626
1186627
1186628
1186629
1186630
1186631
1186632
1186633
1186634
1186635
1186636
1186637
1186638
1186639
1186640
1186641
1186642
1186643
1186644
1186645
1186646
1186647
1186648
1186649
1186650
1186651
1186652
1186653
1186654
1186655
1186656
1186657
1186658
1186659
1186660
1186661
1186662
1186663
1186664
1186665
1186666
1186719
1186720
1186721
1186722
1186723
1186724
1186725
1186726
1186727
1186728
1186729
1186730
1186731
1186732
1186733
1186734
1186735
1186736
1186737
1186738
1186739
1186740
1186741
1186742
1186743
1186744
1186797
1186798
1186799
1186800
1186801
1186802
1186803
1186804
1186805
1186806
1186807
1186808
1186809
1186810
1186811
1186812
1186813
1186814
1186815
1186816
1186817
1186818
1186819
1186820
1186821
1186822
1186823
1186824
1186825
1186826
1186827
1186828
1186829
1186830
1186831
1186832
1186833
1186834
1186835
1186836
1186837
1186838
1186839
1186840
1186841
1186842
1186843
1186844
1186845
1186846
1186847
1186848
1186849
1186850
1186851
1186852
1186853
1186854
1186855
1186856
1186857
1186858
1186859
1186860
1186861
1186862
1186863
1186864
1186865
1186866
1186867
1186868
1186869
1186870
1186871
1186872
1186873
1186874
1186953
1186954
1186955
1186956
1186957
1186958
1186959
1186960
1186961
1186962
1186963
1186964
1186965
1186966
1186967
1186968
1186969
1186970
1186971
1186972
1186973
1186974
1186975
1186976
1186977
1186978
1186979
1186980
1186981
1186982
1186983
1186984
1186985
1186986
1186987
1186988
1186989
1186990
1186991
1186992
1186993
1186994
1186995
1186996
1186997
1186998
1186999
1187000
1187001
1187002
1187003
1187004
1187005
1187006
1187007
1187008
1187009
1187010
1187011
1187012
1187013
1187014
1187015
1187016
1187017
1187018
1187019
1187020
1187021
1187022
1187023
1187024
1187025
1187026
1187027
1187028
1187029
1187030
1187109
1187110
1187111
1187112
1187113
1187114
1187115
1187116
1187117
1187118
1187119
1187120
1187121
1187122
1187123
1187124
1187125
1187126
1187127
1187128
1187129
1187130
1187131
1187132
1187133
1187134
1187161
1187162
1187163
1187164
1187165
1187166
1187167
1187168
1187169
1187170
1187171
1187172
1187173
1187174
1187175
1187176
1187177
1187178
1187179
1187180
1187181
1187182
1187183
1187184
1187185
1187186
1187213
1187214
1187215
1187216
1187217
1187218
1187219
1187220
1187221
1187222
1187223
1187224
1187225
1187226
1187227
1187228
1187229
1187230
1187231
1187232
1187233
1187234
1187235
1187236
1187237
1187238
1187239
1187240
1187241
1187242
1187243
1187244
1187245
1187246
1187248
1187249
1187250
1187251
1187252
1187253
1187254
1187255
1187256
1187257
1187258
1187259
1187260
1187261
1187262
1187263
1187264
1187369
1187370
1187371
1187372
1187373
1187374
1187375
1187376
1187377
1187378
1187379
1187380
1187381
1187382
1187383
1187384
1187385
1187386
1187387
1187388
1187389
1187390
1187391
1187392
1187393
1187394
