1187447
1187448
1187449
1187450
1187451
1187452
1187453
1187454
1187455
1187456
1187457
1187458
1187459
1187460
1187461
1187462
1187463
1187464
1187465
1187466
1187467
1187468
1187469
1187470
1187471
1187472
1187525
1187526
1187527
1187528
1187529
1187530
1187531
1187532
1187533
1187534
1187535
1187536
1187537
1187538
1187539
1187540
1187541
1187542
1187543
1187544
1187545
1187546
1187547
1187548
1187549
1187550
1187629
1187630
1187631
1187632
1187633
1187634
1187635
1187636
1187637
1187638
1187639
1187640
1187641
1187642
1187643
1187644
1187645
1187646
1187647
1187648
1187649
1187650
1187651
1187652
1187653
1187654
1187681
1187682
1187683
1187684
1187685
1187686
1187687
1187688
1187689
1187690
1187691
1187692
1187693
1187694
1187695
1187696
1187697
1187698
1187699
1187700
1187701
1187702
1187703
1187704
1187705
1187706
1187733
1187734
1187735
1187736
1187737
1187738
1187739
1187740
1187741
1187742
1187743
1187744
1187745
1187746
1187747
1187748
1187749
1187750
1187751
1187752
1187753
1187754
1187755
1187756
1187757
1187758
1187759
1187760
1187761
1187762
1187763
1187764
1187765
1187766
1187767
1187768
1187769
1187770
1187771
1187772
1187773
1187774
1187775
1187776
1187777
1187778
1187779
1187780
1187781
1187782
1187783
1187784
1187837
1187838
1187839
1187840
1187841
1187842
1187843
1187844
1187845
1187846
1187847
1187848
1187849
1187850
1187851
1187852
1187853
1187854
1187855
1187856
1187857
1187858
1187859
1187860
1187861
1187862
1187889
1187890
1187891
1187892
1187893
1187894
1187895
1187896
1187897
1187898
1187899
1187900
1187901
1187902
1187903
1187904
1187905
1187906
1187907
1187908
1187909
1187910
1187911
1187912
1187913
1187914
1187941
1187942
1187943
1187944
1187945
1187946
1187947
1187948
1187949
1187950
1187951
1187952
1187953
1187954
1187955
1187956
1187957
1187958
1187959
1187960
1187961
1187962
1187963
1187964
1187965
1187966
1187967
1187968
1187969
1187970
1187971
1187972
1187973
1187974
1187975
1187976
1187977
1187978
1187979
1187980
1187981
1187982
1187983
1187984
1187985
1187986
1187987
1187988
1187989
1187990
1187991
1187992
1188019
1188020
1188021
1188022
1188023
1188024
1188025
1188026
1188027
1188028
1188029
1188030
1188031
1188032
1188033
1188034
1188035
1188036
1188037
1188038
1188039
1188040
1188041
1188042
1188043
1188044
1188071
1188072
1188073
1188074
1188075
1188076
1188077
1188078
1188079
1188080
1188081
1188082
1188083
1188084
1188085
1188086
1188087
1188088
1188089
1188090
1188091
1188092
1188093
1188094
1188095
1188096
1188123
1188124
1188125
1188126
1188127
1188128
1188129
1188130
1188131
1188132
1188133
1188134
1188135
1188136
1188137
1188138
1188139
1188140
1188141
1188142
1188143
1188144
1188145
1188146
1188147
1188148
1188201
1188202
1188203
1188204
1188205
1188206
1188207
1188208
1188209
1188210
1188211
1188212
1188213
1188214
1188215
1188216
1188217
1188218
1188219
1188220
1188221
1188222
1188223
1188224
1188225
1188226
1188227
1188228
1188229
1188230
1188231
1188232
1188233
1188234
1188235
1188236
1188237
1188238
1188239
1188240
1188241
1188242
1188243
1188244
1188245
1188246
1188247
1188248
1188249
1188250
1188251
1188252
1188357
1188358
1188359
1188360
1188361
1188362
1188363
1188364
1188365
1188366
1188367
1188368
1188369
1188370
1188371
1188372
1188373
1188374
1188375
1188376
1188377
1188378
1188379
1188380
1188381
1188382
1188435
1188436
1188437
1188438
1188439
1188440
1188441
1188442
1188443
1188444
1188445
1188446
1188447
1188448
1188449
1188450
1188451
1188452
1188453
1188454
1188455
1188456
1188457
1188458
1188459
1188460
1188487
1188488
1188489
1188490
1188491
1188492
1188493
1188494
1188495
1188496
1188497
1188498
1188499
1188500
1188501
1188502
1188503
1188504
1188505
1188506
1188507
1188508
1188509
1188510
1188511
1188512
1188513
1188514
1188515
1188516
1188517
1188518
1188519
1188520
1188521
1188522
1188523
1188524
1188525
1188526
1188527
1188528
1188529
1188530
1188531
1188532
1188533
1188534
1188535
1188536
1188537
1188538
1188565
1188566
1188567
1188568
1188569
1188570
1188571
1188572
1188573
1188574
1188575
1188576
1188577
1188578
1188579
1188580
1188581
1188582
1188583
1188584
1188585
1188586
1188587
1188588
1188589
1188590
1188591
1188592
1188593
1188594
1188595
1188596
1188597
1188598
1188599
1188600
1188601
1188602
1188603
1188604
1188605
1188606
1188607
1188608
1188609
1188610
1188611
1188612
1188613
1188614
1188615
1188616
1188617
1188618
1188619
1188620
1188621
1188622
1188623
1188624
1188625
1188626
1188627
1188628
1188629
1188630
1188631
1188632
1188633
1188634
1188635
1188636
1188637
1188638
1188639
1188640
1188641
1188642
1188695
1188696
1188697
1188698
1188699
1188700
1188701
1188702
1188703
1188704
1188705
1188706
1188707
1188708
1188709
1188710
1188711
1188712
1188713
1188714
1188715
1188716
1188717
1188718
1188719
1188720
1188747
1188748
1188749
1188750
1188751
1188752
1188753
1188754
1188755
1188756
1188757
1188758
1188759
1188760
1188761
1188762
1188763
1188764
1188765
1188766
1188767
1188768
1188769
1188770
1188771
1188772
1188851
1188852
1188853
1188854
1188855
1188856
1188857
1188858
1188859
1188860
1188861
1188862
1188863
1188864
1188865
1188866
1188867
1188868
1188869
1188870
1188871
1188872
1188873
1188874
1188875
1188876
1188877
1188878
1188879
1188880
1188881
1188882
1188883
1188884
1188885
1188886
1188887
1188888
1188889
1188890
1188891
1188892
1188893
1188894
1188895
1188896
1188897
1188898
1188899
1188900
1188901
1188902
1188929
1188930
1188931
1188932
1188933
1188934
1188935
1188936
1188937
1188938
1188939
1188940
1188941
1188942
1188943
1188944
1188945
1188946
1188947
1188948
1188949
1188950
1188951
1188952
1188953
1188954
1188955
1188956
1188957
1188958
1188959
1188960
1188961
1188962
1188963
1188964
1188965
1188966
1188967
1188968
1188969
1188970
1188971
1188972
1188973
1188974
1188975
1188976
1188977
1188978
1188979
1188980
1188981
1188982
1188983
1188984
1188985
1188986
1188987
1188988
1188989
1188990
1188991
1188992
1188993
1188994
1188995
1188996
1188997
1188998
1188999
1189000
1189001
1189002
1189003
1189004
1189005
1189006
1189007
1189008
1189009
1189010
1189011
1189012
1189013
1189014
1189015
1189016
1189017
1189018
1189019
1189020
1189021
1189022
1189023
1189024
1189025
1189026
1189027
1189028
1189029
1189030
1189031
1189032
1189111
1189112
1189113
1189114
1189115
1189116
1189117
1189118
1189119
1189120
1189121
1189122
1189123
1189124
1189125
1189126
1189127
1189128
1189129
1189130
1189131
1189132
1189133
1189134
1189135
1189136
1189163
1189164
1189165
1189166
1189167
1189168
1189169
1189170
1189171
1189172
1189173
1189174
1189175
1189176
1189177
1189178
1189179
1189180
1189181
1189182
1189183
1189184
1189185
1189186
1189187
1189188
1189215
1189216
1189217
1189218
1189219
1189220
1189221
1189222
1189223
1189224
1189225
1189226
1189227
1189228
1189229
1189230
1189231
1189232
1189233
1189234
1189235
1189236
1189237
1189238
1189239
1189240
1189293
1189294
1189295
1189296
1189297
1189298
1189299
1189300
1189301
1189302
1189303
1189304
1189305
1189306
1189307
1189308
1189309
1189310
1189311
1189312
1189313
1189314
1189315
1189316
1189317
1189318
1189423
1189424
1189425
1189426
1189427
1189428
1189429
1189430
1189431
1189432
1189433
1189434
1189435
1189436
1189437
1189438
1189439
1189440
1189441
1189442
1189443
1189444
1189445
1189446
1189447
1189448
1189475
1189476
1189477
1189478
1189479
1189480
1189481
1189482
1189483
1189484
1189485
1189486
1189487
1189488
1189489
1189490
1189491
1189492
1189493
1189494
1189495
1189496
1189497
1189498
1189499
1189500
1189579
1189580
1189581
1189582
1189583
1189584
1189585
1189586
1189587
1189588
1189589
1189590
1189591
1189592
1189593
1189594
1189595
1189596
1189597
1189598
1189599
1189600
1189601
1189602
1189603
1189604
1189605
1189606
1189607
1189608
1189609
1189610
1189611
1189612
1189613
1189614
1189615
1189616
1189617
1189618
1189619
1189620
1189621
1189622
1189623
1189624
1189625
1189626
1189627
1189628
1189629
1189630
1189631
1189632
1189633
1189634
1189635
1189636
1189637
1189638
1189639
1189640
1189641
1189642
1189643
1189644
1189645
1189646
1189647
1189648
1189649
1189650
1189651
1189652
1189653
1189654
1189655
1189656
1189657
1189658
1189659
1189660
1189661
1189662
1189663
1189664
1189665
1189666
1189667
1189669
1189670
1189671
1189672
1189673
1189674
1189675
1189676
1189677
1189678
1189679
1189680
1189681
1189682
1189683
1189684
1189685
1189686
1189687
1189688
1189689
1189690
1189691
1189692
1189693
1189694
1189695
1189696
1189697
1189698
1189699
1189700
1189701
1189702
1189703
1189704
1189705
1189706
1189707
1189708
1189943
1189944
1189945
1189946
1189947
1189948
1189949
1189950
1189951
1189952
1189953
1189954
1189955
1189956
1189957
1189958
1189959
1189960
1189961
1189962
1189963
1189964
1189965
1189966
1189967
1189968
1190047
1190048
1190049
1190050
1190051
1190052
1190053
1190054
1190055
1190056
1190057
1190058
1190059
1190060
1190061
1190062
1190063
1190064
1190065
1190066
1190067
1190068
1190069
1190070
1190071
1190072
1190073
1190074
1190075
1190076
1190077
1190078
1190079
1190080
1190081
1190082
1190083
1190084
1190085
1190086
1190087
1190088
1190089
1190090
1190091
1190092
1190093
1190094
1190095
1190096
1190097
1190098
1190099
1190100
1190101
1190102
1190103
1190104
1190105
1190106
1190107
1190108
1190109
1190110
1190111
1190112
1190113
1190114
1190115
1190116
1190117
1190118
1190119
1190120
1190121
1190122
1190123
1190124
1190151
1190152
1190153
1190154
1190155
1190156
1190157
1190158
1190159
1190160
1190161
1190162
1190163
1190164
1190165
1190166
1190167
1190168
1190169
1190170
1190171
1190172
1190173
1190174
1190175
1190176
1190177
1190178
1190179
1190180
1190181
1190182
1190183
1190184
1190185
1190186
1190187
1190188
1190189
1190190
1190191
1190192
1190193
1190194
1190195
1190196
1190197
1190198
1190199
1190200
1190201
1190202
1190203
1190204
1190205
1190206
1190207
1190208
1190209
1190210
1190211
1190212
1190213
1190214
1190215
1190216
1190217
1190218
1190219
1190220
1190221
1190222
1190223
1190224
1190225
1190226
1190227
1190228
1190255
1190256
1190257
1190258
1190259
1190260
1190261
1190262
1190263
1190264
1190265
1190266
1190267
1190268
1190269
1190270
1190271
1190272
1190273
1190274
1190275
1190276
1190277
1190278
1190279
1190280
1190333
1190334
1190335
1190336
1190337
1190338
1190339
1190340
1190341
1190342
1190343
1190344
1190345
1190346
1190347
1190348
1190349
1190350
1190351
1190352
1190353
1190354
1190355
1190356
1190357
1190358
1190359
1190360
1190361
1190362
1190363
1190364
1190365
1190366
1190367
1190368
1190369
1190370
1190371
1190372
1190373
1190374
1190375
1190376
1190377
1190378
1190379
1190380
1190381
1190382
1190383
1190384
1190385
1190386
1190387
1190388
1190389
1190390
1190391
1190392
1190393
1190394
1190395
1190396
1190397
1190398
1190399
1190400
1190401
1190402
1190403
1190404
1190405
1190406
1190407
1190408
1190409
1190410
1190411
1190412
1190413
1190414
1190415
1190416
1190417
1190418
1190419
1190420
1190421
1190422
1190423
1190424
1190425
1190426
1190427
1190428
1190429
1190430
1190431
1190432
1190433
1190434
1190435
1190436
1190437
1190438
1190439
1190440
1190441
1190442
1190443
1190444
1190445
1190446
1190447
1190448
1190449
1190450
1190451
1190452
1190453
1190454
1190455
1190456
1190457
1190458
1190459
1190460
1190461
1190462
1190463
1190464
1190465
1190466
1190467
1190468
1190469
1190470
1190471
1190472
1190473
1190474
1190475
1190476
1190477
1190478
1190479
1190480
1190481
1190482
1190483
1190484
1190485
1190486
1190487
1190488
1190593
1190594
1190595
1190596
1190597
1190598
1190599
1190600
1190601
1190602
1190603
1190604
1190605
1190606
1190607
1190608
1190609
1190610
1190611
1190612
1190613
1190614
1190615
1190616
1190617
1190618
1190619
1190620
1190621
1190622
1190623
1190624
1190625
1190627
1190628
1190629
1190630
1190631
1190632
1190633
1190634
1190635
1190636
1190637
1190638
1190639
1190640
1190641
1190642
1190643
1190644
1190671
1190672
1190673
1190674
1190675
1190676
1190677
1190678
1190679
1190680
1190681
1190682
1190683
1190684
1190685
1190686
1190687
1190688
1190689
1190690
1190691
1190692
1190693
1190694
1190695
1190696
1190697
1190698
1190699
1190700
1190701
1190702
1190703
1190704
1190705
1190706
1190707
1190708
1190709
1190710
1190711
1190712
1190713
1190714
1190715
1190716
1190717
1190718
1190719
1190720
1190721
1190722
1190775
1190776
1190777
1190778
1190779
1190780
1190781
1190782
1190783
1190784
1190785
1190786
1190787
1190788
1190789
1190790
1190791
1190792
1190793
1190794
1190795
1190796
1190797
1190798
1190799
1190800
1190853
1190854
1190855
1190856
1190857
1190858
1190859
1190860
1190861
1190862
1190863
1190864
1190865
1190866
1190867
1190868
1190869
1190870
1190871
1190872
1190873
1190874
1190875
1190876
1190877
1190878
1190957
1190958
1190959
1190960
1190961
1190962
1190963
1190964
1190965
1190966
1190967
1190968
1190969
1190970
1190971
1190972
1190973
1190974
1190975
1190976
1190977
1190978
1190979
1190980
1190981
1190982
1190983
1190984
1190985
1190986
1190987
1190988
1190989
1190990
1190991
1190992
1190993
1190994
1190995
1190996
1190997
1190998
1190999
1191000
1191001
1191002
1191003
1191004
1191005
1191006
1191007
1191008
1191009
1191010
1191011
1191012
1191013
1191014
1191015
1191016
1191017
1191018
1191019
1191020
1191021
1191022
1191023
1191024
1191025
1191026
1191027
1191028
1191029
1191030
1191031
1191032
1191033
1191034
1191061
1191062
1191063
1191064
1191065
1191066
1191067
1191068
1191069
1191070
1191071
1191072
1191073
1191074
1191075
1191076
1191077
1191078
1191079
1191080
1191081
1191082
1191083
1191084
1191085
1191086
1191087
1191088
1191089
1191090
1191091
1191092
1191093
1191094
1191095
1191096
1191097
1191098
1191099
1191100
1191101
1191102
1191103
1191104
1191105
1191106
1191107
1191108
1191109
1191110
1191111
1191112
1191139
1191140
1191141
1191142
1191143
1191144
1191145
1191146
1191147
1191148
1191149
1191150
1191151
1191152
1191153
1191154
1191155
1191156
1191157
1191158
1191159
1191160
1191161
1191162
1191163
1191164
1191165
1191166
1191167
1191168
1191169
1191170
1191171
1191172
1191173
1191174
1191175
1191176
1191177
1191178
1191179
1191180
1191181
1191182
1191183
1191184
1191185
1191186
1191187
1191188
1191189
1191190
1191217
1191218
1191219
1191220
1191221
1191222
1191223
1191224
1191225
1191226
1191227
1191228
1191229
1191230
1191231
1191232
1191233
1191234
1191235
1191236
1191237
1191238
1191239
1191240
1191241
1191242
1191269
1191270
1191271
1191272
1191273
1191274
1191275
1191276
1191277
1191278
1191279
1191280
1191281
1191282
1191283
1191284
1191285
1191286
1191287
1191288
1191289
1191290
1191291
1191292
1191293
1191294
1191347
1191348
1191349
1191350
1191351
1191352
1191353
1191354
1191355
1191356
1191357
1191358
1191359
1191360
1191361
1191362
1191363
1191364
1191365
1191366
1191367
1191368
1191369
1191370
1191371
1191372
1191373
1191374
1191375
1191376
1191377
1191378
1191379
1191380
1191381
1191382
1191383
1191384
1191385
1191386
1191387
1191388
1191389
1191390
1191391
1191392
1191393
1191394
1191395
1191396
1191397
1191398
1191399
1191400
1191401
1191402
1191403
1191404
1191405
1191406
1191407
1191408
1191409
1191410
1191411
1191412
1191413
1191414
1191415
1191416
1191417
1191418
1191419
1191420
1191421
1191422
1191423
1191424
1191425
1191426
1191427
1191428
1191429
1191430
1191431
1191432
1191433
1191434
1191435
1191436
1191437
1191438
1191439
1191440
1191441
1191442
1191443
1191444
1191445
1191446
1191447
1191448
1191449
1191450
1191451
1191452
1191453
1191454
1191455
1191456
1191457
1191458
1191459
1191460
1191461
1191462
1191463
1191464
1191465
1191466
1191467
1191468
1191469
1191470
1191471
1191472
1191473
1191474
1191475
1191476
1191529
1191530
1191531
1191532
1191533
1191534
1191535
1191536
1191537
1191538
1191539
1191540
1191541
1191542
1191543
1191544
1191545
1191546
1191547
1191548
1191549
1191550
1191551
1191552
1191553
1191554
1191581
1191582
1191583
1191584
1191585
1191586
1191587
1191588
1191589
1191590
1191591
1191592
1191593
1191594
1191595
1191596
1191597
1191598
1191599
1191600
1191601
1191602
1191603
1191604
1191605
1191606
1191607
1191608
1191609
1191610
1191611
1191612
1191613
1191614
1191615
1191616
1191617
1191618
1191619
1191620
1191621
1191622
1191623
1191624
1191625
1191626
1191627
1191628
1191629
1191630
1191631
1191632
1191659
1191660
1191661
1191662
1191663
1191664
1191665
1191666
1191667
1191668
1191669
1191670
1191671
1191672
1191673
1191674
1191675
1191676
1191677
1191678
1191679
1191680
1191681
1191682
1191683
1191684
1191685
1191686
1191687
1191688
1191689
1191690
1191691
1191692
1191693
1191694
1191695
1191696
1191697
1191698
1191699
1191700
1191701
1191702
1191703
1191704
1191705
1191706
1191707
1191708
1191709
1191710
1191711
1191712
1191713
1191714
1191715
1191716
1191717
1191718
1191719
1191720
1191721
1191722
1191723
1191724
1191725
1191726
1191727
1191728
1191729
1191730
1191731
1191732
1191733
1191734
1191735
1191736
1191737
1191738
1191739
1191740
1191741
1191742
1191743
1191744
1191745
1191746
1191747
1191748
1191749
1191750
1191751
1191752
1191753
1191754
1191755
1191756
1191757
1191758
1191759
1191760
1191761
1191762
1191763
1191764
1191765
1191766
1191767
1191768
1191769
1191770
1191771
1191772
1191773
1191774
1191775
1191776
1191777
1191778
1191779
1191780
1191781
1191782
1191783
1191784
1191785
1191786
1191787
1191788
1191815
1191816
1191817
1191818
1191819
1191820
1191821
1191822
1191823
1191824
1191825
1191826
1191827
1191828
1191829
1191830
1191831
1191832
1191833
1191834
1191835
1191836
1191837
1191838
1191839
1191840
1191841
1191842
1191843
1191844
1191845
1191846
1191847
1191848
1191849
1191850
1191851
1191852
1191853
1191854
1191855
1191856
1191857
1191858
1191859
1191860
1191861
1191862
1191863
1191864
1191865
1191866
1191945
1191946
1191947
1191948
1191949
1191950
1191951
1191952
1191953
1191954
1191955
1191956
1191957
1191958
1191959
1191960
1191961
1191962
1191963
1191964
1191965
1191966
1191967
1191968
1191969
1191970
1191971
1191972
1191973
1191974
1191975
1191976
1191977
1191978
1191979
1191980
1191981
1191982
1191983
1191984
1191985
1191986
1191987
1191988
1191989
1191990
1191991
1191992
1191993
1191994
1191995
1191996
1192023
1192024
1192025
1192026
1192027
1192028
1192029
1192030
1192031
1192032
1192033
1192034
1192035
1192036
1192037
1192038
1192039
1192040
1192041
1192042
1192043
1192044
1192045
1192046
1192047
1192048
1192049
1192050
1192051
1192052
1192053
1192054
1192055
1192056
1192057
1192058
1192059
1192060
1192061
1192062
1192063
1192064
1192065
1192066
1192067
1192068
1192069
1192070
1192071
1192072
1192073
1192074
1192075
1192076
1192077
1192078
1192079
1192080
1192081
1192082
1192083
1192084
1192085
1192086
1192087
1192088
1192089
1192090
1192091
1192092
1192093
1192094
1192095
1192096
1192097
1192098
1192099
1192100
1192101
1192102
1192103
1192104
1192105
1192106
1192107
1192108
1192109
1192110
1192111
1192112
1192113
1192114
1192115
1192116
1192117
1192118
1192119
1192120
1192121
1192122
1192123
1192124
1192125
1192126
1192153
1192154
1192155
1192156
1192157
1192158
1192159
1192160
1192161
1192162
1192163
1192164
1192165
1192166
1192167
1192168
1192169
1192170
1192171
1192172
1192173
1192174
1192175
1192176
1192177
1192178
1192335
1192336
1192337
1192338
1192339
1192340
1192341
1192342
1192343
1192344
1192345
1192346
1192347
1192348
1192349
1192350
1192351
1192352
1192353
1192354
1192355
1192356
1192357
1192358
1192359
1192360
1192439
1192440
1192441
1192442
1192443
1192444
1192445
1192446
1192447
1192448
1192449
1192450
1192451
1192452
1192453
1192454
1192455
1192456
1192457
1192458
1192459
1192460
1192461
1192462
1192463
1192464
1192491
1192492
1192493
1192494
1192495
1192496
1192497
1192498
1192499
1192500
1192501
1192502
1192503
1192504
1192505
1192506
1192507
1192508
1192509
1192510
1192511
1192512
1192513
1192514
1192515
1192516
1192517
1192518
1192519
1192520
1192521
1192522
1192523
1192524
1192525
1192526
1192527
1192528
1192529
1192530
1192531
1192532
1192533
1192534
1192535
1192536
1192537
1192538
1192539
1192540
1192541
1192542
1192543
1192544
1192545
1192546
1192547
1192548
1192549
1192550
1192551
1192552
1192553
1192554
1192555
1192556
1192557
1192558
1192559
1192560
1192561
1192562
1192563
1192564
1192565
1192566
1192567
1192568
1192595
1192596
1192597
1192598
1192599
1192600
1192601
1192602
1192603
1192604
1192605
1192606
1192607
1192608
1192609
1192610
1192611
1192612
1192613
1192614
1192615
1192616
1192617
1192618
1192619
1192620
1192647
1192648
1192649
1192650
1192651
1192652
1192653
1192654
1192655
1192656
1192657
1192658
1192659
1192660
1192661
1192662
1192663
1192664
1192665
1192666
1192667
1192668
1192669
1192670
1192671
1192672
1192673
1192674
1192675
1192676
1192677
1192678
1192679
1192680
1192681
1192682
1192683
1192684
1192685
1192686
1192687
1192688
1192689
1192690
1192691
1192692
1192693
1192694
1192695
1192696
1192697
1192698
1192725
1192726
1192727
1192728
1192729
1192730
1192731
1192732
1192733
1192734
1192735
1192736
1192737
1192738
1192739
1192740
1192741
1192742
1192743
1192744
1192745
1192746
1192747
1192748
1192749
1192750
1192803
1192804
1192805
1192806
1192807
1192808
1192809
1192810
1192811
1192812
1192813
1192814
1192815
1192816
1192817
1192818
1192819
1192820
1192821
1192822
1192823
1192824
1192825
1192826
1192827
1192828
1192855
1192856
1192857
1192858
1192859
1192860
1192861
1192862
1192863
1192864
1192865
1192866
1192867
1192868
1192869
1192870
1192871
1192872
1192873
1192874
1192875
1192876
1192877
1192878
1192879
1192880
1193063
1193064
1193065
1193066
1193067
1193068
1193069
1193070
1193071
1193072
1193073
1193074
1193075
1193076
1193077
1193078
1193079
1193080
1193081
1193082
1193083
1193084
1193085
1193086
1193087
1193088
1193089
1193090
1193091
1193092
1193093
1193094
1193095
1193096
1193097
1193098
1193099
1193100
1193101
1193102
1193103
1193104
1193105
1193106
1193107
1193108
1193109
1193110
1193111
1193112
1193113
1193114
1193167
1193168
1193169
1193170
1193171
1193172
1193173
1193174
1193175
1193176
1193177
1193178
1193179
1193180
1193181
1193182
1193183
1193184
1193185
1193186
1193187
1193188
1193189
1193190
1193191
1193192
1193193
1193194
1193195
1193196
1193197
1193198
1193199
1193200
1193201
1193202
1193203
1193204
1193205
1193206
1193207
1193208
1193209
1193210
1193211
1193212
1193213
1193214
1193215
1193216
1193217
1193218
1193219
1193220
1193221
1193222
1193223
1193224
1193225
1193226
1193227
1193228
1193229
1193230
1193232
1193233
1193234
1193235
1193236
1193237
1193238
1193239
1193240
1193241
1193242
1193243
1193244
1193271
1193272
1193273
1193274
1193275
1193276
1193277
1193278
1193279
1193280
1193281
1193282
1193283
1193284
1193285
1193286
1193287
1193288
1193289
1193290
1193291
1193292
1193293
1193294
1193295
1193296
1193297
1193298
1193299
1193300
1193301
1193302
1193303
1193304
1193305
1193306
1193307
1193308
1193309
1193310
1193311
1193312
1193313
1193314
1193315
1193316
1193317
1193318
1193319
1193320
1193321
1193322
1193349
1193350
1193351
1193352
1193353
1193354
1193355
1193356
1193357
1193358
1193359
1193360
1193361
1193362
1193363
1193364
1193365
1193366
1193367
1193368
1193369
1193370
1193371
1193372
1193373
1193374
1193427
1193428
1193429
1193430
1193431
1193432
1193433
1193434
1193435
1193436
1193437
1193438
1193439
1193440
1193441
1193442
1193443
1193444
1193445
1193446
1193447
1193448
1193449
1193450
1193451
1193452
1193479
1193480
1193481
1193482
1193483
1193484
1193485
1193486
1193487
1193488
1193489
1193490
1193491
1193492
1193493
1193494
1193495
1193496
1193497
1193498
1193499
1193500
1193501
1193502
1193503
1193504
