1194675
1194676
1194677
1194678
1194679
1194680
1194681
1194682
1194683
1194684
1194685
1194686
1194687
1194688
1194689
1194690
1194691
1194692
1194693
1194694
1194695
1194696
1194697
1194698
1194699
1194700
1194727
1194728
1194729
1194730
1194731
1194732
1194733
1194734
1194735
1194736
1194737
1194738
1194739
1194740
1194741
1194742
1194743
1194744
1194745
1194746
1194747
1194748
1194749
1194750
1194751
1194752
1194805
1194806
1194807
1194808
1194809
1194810
1194811
1194812
1194813
1194814
1194815
1194816
1194817
1194818
1194819
1194820
1194821
1194822
1194823
1194824
1194825
1194826
1194827
1194828
1194830
1194857
1194858
1194859
1194860
1194861
1194862
1194863
1194864
1194865
1194866
1194867
1194868
1194869
1194870
1194871
1194872
1194873
1194874
1194875
1194876
1194877
1194878
1194879
1194880
1194881
1194882
1194987
1194988
1194989
1194990
1194991
1194992
1194993
1194994
1194995
1194996
1194997
1194998
1194999
1195000
1195001
1195002
1195003
1195004
1195005
1195006
1195007
1195008
1195009
1195010
1195011
1195012
1195039
1195040
1195041
1195042
1195043
1195044
1195045
1195046
1195047
1195048
1195049
1195050
1195051
1195052
1195053
1195054
1195055
1195056
1195057
1195058
1195059
1195060
1195061
1195062
1195063
1195064
1195065
1195066
1195067
1195068
1195069
1195070
1195071
1195072
1195073
1195074
1195075
1195076
1195077
1195078
1195079
1195080
1195081
1195082
1195083
1195084
1195085
1195086
1195087
1195088
1195089
1195090
1195091
1195092
1195093
1195094
1195095
1195096
1195097
1195098
1195099
1195100
1195101
1195102
1195103
1195104
1195105
1195106
1195107
1195108
1195109
1195110
1195111
1195112
1195113
1195114
1195115
1195116
1195143
1195144
1195145
1195146
1195147
1195148
1195149
1195150
1195151
1195152
1195153
1195154
1195155
1195156
1195157
1195158
1195159
1195160
1195161
1195162
1195163
1195164
1195165
1195166
1195167
1195168
1195169
1195170
1195171
1195172
1195173
1195174
1195175
1195176
1195177
1195178
1195179
1195180
1195181
1195182
1195183
1195184
1195185
1195186
1195187
1195188
1195189
1195190
1195191
1195192
1195193
1195194
1195221
1195222
1195223
1195224
1195225
1195226
1195227
1195228
1195229
1195230
1195231
1195232
1195233
1195234
1195235
1195236
1195237
1195238
1195239
1195240
1195241
1195242
1195243
1195244
1195245
1195246
1195247
1195248
1195249
1195250
1195251
1195252
1195253
1195254
1195255
1195256
1195257
1195258
1195259
1195260
1195261
1195262
1195263
1195264
1195265
1195266
1195267
1195268
1195269
1195270
1195271
1195272
1195273
1195274
1195275
1195276
1195277
1195278
1195279
1195280
1195281
1195282
1195283
1195284
1195285
1195286
1195287
1195288
1195289
1195290
1195291
1195292
1195293
1195294
1195295
1195296
1195297
1195298
1195299
1195300
1195301
1195302
1195303
1195304
1195305
1195306
1195307
1195308
1195309
1195310
1195311
1195312
1195313
1195314
1195315
1195316
1195317
1195318
1195319
1195320
1195321
1195322
1195323
1195324
1195403
1195404
1195405
1195406
1195407
1195408
1195409
1195410
1195411
1195412
1195413
1195414
1195415
1195416
1195417
1195418
1195419
1195420
1195421
1195422
1195423
1195424
1195425
1195426
1195427
1195428
1195481
1195482
1195483
1195484
1195485
1195486
1195487
1195488
1195489
1195490
1195491
1195492
1195493
1195494
1195495
1195496
1195497
1195498
1195499
1195500
1195501
1195502
1195503
1195504
1195505
1195506
1195611
1195612
1195613
1195614
1195615
1195616
1195617
1195618
1195619
1195620
1195621
1195622
1195623
1195624
1195625
1195626
1195627
1195628
1195629
1195630
1195631
1195632
1195633
1195634
1195635
1195636
1195689
1195690
1195691
1195692
1195693
1195694
1195695
1195696
1195697
1195698
1195699
1195700
1195701
1195702
1195703
1195704
1195705
1195706
1195707
1195708
1195709
1195710
1195711
1195712
1195713
1195714
1195793
1195794
1195795
1195796
1195797
1195798
1195799
1195800
1195801
1195802
1195803
1195805
1195806
1195807
1195808
1195809
1195810
1195811
1195812
1195813
1195814
1195815
1195816
1195817
1195818
1195845
1195846
1195847
1195848
1195849
1195850
1195851
1195852
1195853
1195854
1195855
1195856
1195857
1195858
1195859
1195860
1195861
1195862
1195863
1195864
1195865
1195866
1195867
1195868
1195869
1195870
1195897
1195898
1195899
1195900
1195901
1195902
1195903
1195904
1195905
1195906
1195907
1195908
1195909
1195910
1195911
1195912
1195913
1195914
1195915
1195916
1195917
1195918
1195919
1195920
1195921
1195922
1195975
1195976
1195977
1195978
1195979
1195980
1195981
1195982
1195983
1195984
1195985
1195986
1195987
1195988
1195989
1195990
1195991
1195992
1195993
1195994
1195995
1195996
1195997
1195998
1195999
1196000
1196053
1196054
1196055
1196056
1196057
1196058
1196059
1196060
1196061
1196062
1196063
1196064
1196065
1196066
1196067
1196068
1196069
1196070
1196071
1196072
1196073
1196074
1196075
1196076
1196077
1196078
1196079
1196080
1196081
1196082
1196083
1196084
1196085
1196086
1196087
1196088
1196089
1196090
1196091
1196092
1196093
1196094
1196095
1196096
1196097
1196098
1196099
1196100
1196101
1196102
1196103
1196104
1196105
1196106
1196107
1196108
1196109
1196110
1196111
1196112
1196113
1196114
1196115
1196116
1196117
1196118
1196119
1196120
1196121
1196122
1196123
1196124
1196125
1196126
1196127
1196128
1196129
1196130
1196183
1196184
1196185
1196186
1196187
1196188
1196189
1196190
1196191
1196192
1196193
1196194
1196195
1196196
1196197
1196198
1196199
1196200
1196201
1196202
1196203
1196204
1196205
1196206
1196207
1196208
1196287
1196288
1196289
1196290
1196291
1196292
1196293
1196294
1196295
1196296
1196297
1196298
1196299
1196300
1196301
1196302
1196303
1196304
1196305
1196306
1196307
1196308
1196309
1196310
1196311
1196312
1196417
1196418
1196419
1196420
1196421
1196422
1196423
1196424
1196425
1196426
1196427
1196428
1196429
1196430
1196431
1196432
1196433
1196434
1196435
1196436
1196437
1196438
1196439
1196440
1196441
1196442
1196469
1196470
1196471
1196472
1196473
1196474
1196475
1196476
1196477
1196478
1196479
1196480
1196481
1196482
1196483
1196484
1196485
1196486
1196487
1196488
1196489
1196490
1196491
1196492
1196493
1196494
1196495
1196496
1196497
1196498
1196499
1196500
1196501
1196502
1196503
1196504
1196505
1196506
1196507
1196508
1196509
1196510
1196511
1196512
1196513
1196514
1196515
1196516
1196517
1196518
1196519
1196520
1196599
1196600
1196601
1196602
1196603
1196604
1196605
1196606
1196607
1196608
1196609
1196610
1196611
1196612
1196613
1196614
1196615
1196616
1196617
1196618
1196619
1196620
1196621
1196622
1196623
1196624
1196625
