114781
114782
114783
114784
114785
114786
114787
114788
114789
114790
114791
114792
114793
114794
114795
114796
114797
114798
114799
114800
114801
114802
114803
114804
114805
114806
114807
114808
114809
114810
114811
114812
114813
114814
114815
114816
114843
114844
114845
114846
114847
114848
114849
114850
114851
114852
114853
114854
114855
114856
114857
114858
114859
114860
114861
114862
114863
114864
114865
114866
114867
114868
114921
114922
114923
114924
114925
114926
114927
114928
114929
114930
114931
114932
114933
114934
114935
114936
114937
114938
114939
114940
114941
114942
114943
114944
114945
114946
114949
114950
114951
114952
114953
114954
114955
114956
114958
114959
114960
114961
114962
114963
114964
114965
114966
114967
114968
114969
114970
114971
114972
115025
115026
115027
115028
115029
115030
115031
115032
115033
115034
115035
115036
115037
115038
115039
115040
115041
115042
115043
115044
115045
115046
115047
115048
115049
115050
115077
115078
115079
115080
115081
115082
115083
115084
115085
115086
115087
115088
115089
115090
115091
115092
115093
115094
115095
115096
115097
115098
115099
115100
115101
115102
115103
115104
115105
115106
115107
115108
115109
115110
115111
115112
115113
115114
115115
115116
115117
115118
115119
115120
115121
115122
115123
115124
115125
115126
115127
115128
115155
115156
115158
115159
115160
115161
115162
115163
115165
115166
115167
115168
115169
115170
115171
115172
115173
115175
115176
115177
115178
115179
115180
115207
115208
115209
115210
115211
115212
115213
115214
115215
115216
115217
115218
115219
115220
115221
115222
115223
115224
115225
115226
115227
115228
115229
115230
115231
115232
115259
115260
115261
115262
115263
115264
115265
115266
115267
115268
115269
115270
115271
115272
115273
115274
115275
115276
115277
115278
115279
115280
115281
115282
115283
115284
115311
115312
115313
115314
115315
115316
115317
115318
115319
115320
115321
115322
115323
115324
115325
115326
115327
115328
115329
115330
115331
115332
115333
115334
115335
115336
115363
115364
115365
115366
115367
115368
115369
115370
115371
115372
115373
115374
115375
115376
115377
115378
115379
115380
115381
115382
115383
115384
115385
115386
115387
115388
115441
115442
115443
115444
115445
115446
115447
115448
115449
115450
115451
115452
115453
115454
115455
115456
115457
115458
115459
115460
115461
115462
115463
115464
115465
115466
115493
115494
115495
115496
115497
115498
115499
115500
115501
115502
115503
115504
115505
115506
115507
115508
115509
115510
115511
115512
115513
115514
115515
115516
115517
115518
115545
115546
115547
115548
115549
115550
115551
115552
115553
115554
115555
115556
115557
115558
115559
115560
115561
115562
115563
115564
115565
115566
115567
115568
115569
115570
115571
115572
115573
115574
115575
115576
115577
115578
115579
115580
115581
115582
115583
115584
115585
115586
115587
115588
115589
115590
115591
115592
115593
115594
115595
115596
115623
115624
115625
115626
115627
115628
115629
115630
115631
115632
115633
115634
115635
115636
115637
115638
115639
115640
115641
115642
115643
115644
115645
115646
115647
115648
115675
115676
115677
115678
115679
115680
115681
115682
115683
115684
115685
115686
115687
115688
115689
115690
115691
115692
115693
115694
115695
115696
115697
115698
115699
115700
115753
115754
115755
115756
115757
115758
115759
115760
115761
115762
115763
115764
115765
115766
115767
115768
115769
115770
115771
115772
115773
115774
115775
115776
115777
115778
115780
115781
115782
115783
115784
115785
115786
115787
115788
115789
115790
115791
115792
115793
115794
115795
115796
115797
115798
115799
115800
115801
115802
115803
115804
115831
115832
115833
115834
115835
115836
115837
115838
115839
115840
115841
115842
115843
115844
115845
115846
115847
115848
115849
115850
115851
115852
115853
115854
115855
115856
115909
115910
115911
115912
115913
115914
115915
115916
115917
115918
115919
115920
115921
115922
115923
115924
115925
115926
115927
115928
115929
115930
115931
115932
115933
115934
115961
115962
115963
115964
115965
115966
115967
115968
115969
115970
115971
115972
115973
115974
115975
115976
115977
115978
115979
115980
115981
115982
115983
115984
115985
115986
116013
116014
116015
116016
116017
116018
116019
116020
116021
116022
116023
116024
116025
116026
116027
116028
116029
116030
116031
116032
116033
116034
116035
116036
116037
116038
116041
116042
116043
116044
116045
116046
116047
116048
116049
116050
116051
116052
116053
116054
116055
116056
116057
116058
116059
116060
116061
116062
116063
116064
116091
116092
116094
116095
116096
116097
116098
116099
116100
116101
116102
116103
116104
116105
116106
116107
116108
116109
116110
116111
116112
116113
116114
116115
116116
116143
116144
116145
116146
116147
116148
116149
116150
116151
116152
116153
116154
116155
116156
116157
116158
116159
116160
116161
116162
116163
116164
116165
116166
116167
116168
116221
116222
116223
116224
116225
116226
116227
116228
116229
116230
116231
116232
116233
116234
116235
116236
116237
116238
116239
116240
116241
116242
116243
116244
116245
116246
116248
116250
116251
116252
116253
116254
116255
116256
116257
116258
116259
116260
116261
116262
116263
116264
116265
116266
116267
116268
116269
116270
116271
116272
116299
116300
116301
116302
116303
116304
116306
116307
116308
116309
116310
116311
116312
116313
116314
116315
116316
116317
116318
116319
116320
116321
116322
116323
116324
116351
116352
116353
116354
116355
116356
116357
116358
116359
116360
116361
116362
116363
116364
116365
116366
116367
116368
116369
116370
116371
116372
116373
116374
116375
116376
116377
116378
116379
116380
116381
116382
116383
116384
116385
116386
116387
116388
116389
116390
116391
116392
116393
116394
116395
116396
116397
116398
116399
116400
116401
116402
116481
116482
116483
116484
116485
116486
116487
116488
116489
116490
116491
116492
116493
116494
116495
116496
116497
116498
116499
116500
116501
116502
116503
116504
116505
116506
116533
116534
116535
116536
116537
116538
116539
116540
116541
116542
116543
116544
116545
116546
116547
116548
116549
116550
116551
116552
116553
116554
116555
116556
116557
116558
116585
116586
116587
116588
116589
116590
116591
116592
116593
116594
116595
116596
116597
116598
116599
116600
116601
116602
116603
116604
116605
116606
116607
116608
116609
116610
116611
116612
116613
116614
116616
116617
116618
116619
116620
116621
116622
116623
116624
116625
116626
116627
116628
116629
116630
116631
116632
116633
116634
116635
116636
116663
116664
116665
116666
116667
116668
116669
116670
116671
116672
116673
116674
116675
116676
116677
116678
116679
116680
116681
116682
116683
116684
116685
116686
116687
116688
116741
116742
116743
116744
116745
116746
116747
116748
116749
116750
116751
116752
116753
116754
116755
116756
116757
116758
116759
116760
116761
116762
116763
116764
116765
116766
116768
116769
116770
116771
116772
116773
116774
116775
116776
116777
116778
116779
116780
116781
116782
116783
116784
116785
116786
116787
116788
116789
116790
116791
116792
116845
116846
116847
116848
116849
116850
116851
116852
116853
116854
116855
116856
116857
116858
116859
116860
116861
116862
116863
116864
116865
116866
116867
116868
116869
116870
116897
116898
116899
116900
116901
116902
116903
116904
116905
116906
116907
116908
116909
116910
116911
116912
116913
116914
116915
116916
116917
116918
116919
116920
116921
116922
116923
116924
116925
116926
116927
116928
116929
116930
116931
116932
116933
116934
116935
116936
116937
116938
116939
116940
116941
116942
116943
116944
116945
116946
116947
116948
117001
117002
117003
117004
117005
117006
117007
117008
117009
117010
117011
117012
117013
117014
117015
117016
117017
117018
117019
117020
117021
117022
117023
117024
117025
117026
117027
117028
117029
117030
117031
117032
117033
117034
117035
117036
117037
117038
117039
117040
117041
117042
117043
117044
117045
117046
117047
117048
117049
117050
117051
117052
117079
117080
117081
117082
117083
117084
117085
117086
117087
117088
117089
117090
117091
117092
117093
117094
117095
117096
117097
117098
117099
117100
117101
117102
117103
117104
117131
117132
117133
117134
117135
117136
117137
117138
117139
117140
117141
117142
117143
117144
117145
117146
117147
117148
117149
117150
117151
117152
117153
117154
117155
117156
117183
117184
117185
117186
117187
117188
117189
117190
117191
117192
117193
117194
117195
117196
117197
117198
117199
117200
117201
117202
117203
117204
117205
117206
117207
117208
117261
117262
117263
117264
117265
117266
117267
117268
117269
117270
117271
117272
117273
117274
117275
117276
117277
117278
117279
117280
117281
117282
117283
117284
117285
117286
117313
117314
117315
117316
117317
117318
117319
117320
117321
117322
117323
117324
117325
117326
117327
117328
117329
117330
117331
117332
117333
117334
117335
117336
117337
117338
117340
117341
117342
117343
117344
117345
117346
117347
117348
117349
117350
117351
117352
117353
117354
117355
117356
117357
117358
117359
117360
117361
117362
117363
117364
117391
117392
117393
117394
117395
117396
117397
117398
117399
117400
117401
117402
117403
117404
117405
117406
117407
117408
117409
117410
117411
117412
117413
117414
117415
117416
117443
117444
117445
117446
117447
117448
117449
117450
117451
117452
117453
117454
117455
117456
117457
117458
117459
117460
117461
117462
117463
117464
117465
117466
117467
117468
117521
117522
117523
117524
117525
117526
117527
117528
117529
117530
117532
117533
117534
117535
117536
117537
117538
117539
117540
117541
117542
117543
117544
117545
117546
117547
117548
117550
117551
117552
117553
117554
117555
117556
117557
117558
117559
117560
117561
117562
117563
117564
117565
117566
117568
117569
117570
117571
117572
117599
117600
117601
117602
117603
117604
117605
117606
117607
117608
117609
117610
117611
117612
117613
117614
117615
117616
117617
117618
117619
117621
117622
117623
117624
117677
117678
117679
117680
117681
117682
117683
117684
117685
117686
117687
117688
117689
117690
117691
117692
117693
117694
117695
117696
117697
117698
117699
117700
117701
117702
117729
117730
117731
117732
117733
117734
117735
117736
117737
117738
117739
117740
117741
117742
117743
117744
117745
117746
117747
117748
117749
117750
117751
117752
117753
117754
117781
117782
117783
117784
117785
117786
117787
117788
117789
117790
117791
117792
117793
117794
117795
117796
117797
117798
117799
117800
117801
117802
117803
117804
117805
117806
117833
117834
117835
117836
117837
117838
117839
117840
117841
117842
117843
117844
117845
117846
117847
117848
117849
117850
117851
117852
117853
117854
117855
117856
117857
117858
117860
117861
117862
117863
117864
117865
117866
117867
117868
117869
117870
117871
117872
117873
117874
117875
117876
117877
117878
117879
117880
117881
117882
117883
117884
117937
117938
117939
117940
117941
117942
117943
117944
117945
117946
117947
117948
117949
117950
117951
117952
117953
117954
117956
117957
117958
117959
117960
117961
117962
117965
117966
117967
117968
117969
117970
117971
117972
117973
117974
117975
117976
117977
117978
117979
117980
117981
117982
117983
117984
117985
117986
117987
117988
118041
118042
118043
118044
118045
118046
118047
118048
118049
118050
118051
118052
118053
118054
118055
118056
118057
118058
118059
118060
118061
118062
118063
118064
118065
118066
118069
118071
118072
118073
118074
118075
118076
118077
118078
118079
118080
118081
118082
118083
118084
118085
118086
118087
118088
118089
118090
118091
118092
118145
118146
118147
118148
118149
118150
118151
118152
118153
118154
118155
118156
118157
118158
118159
118160
118161
118162
118163
118164
118165
118166
118167
118168
118169
118170
118197
118198
118199
118200
118201
118202
118203
118204
118205
118206
118207
118208
118209
118210
118211
118212
118213
118214
118215
118216
118217
118218
118219
118220
118221
118222
118223
118225
118226
118227
118228
118229
118230
118231
118232
118233
118234
118235
118236
118237
118238
118239
118240
118241
118242
118243
118244
118245
118246
118247
118248
118301
118302
118303
118304
118305
118306
118307
118308
118309
118310
118311
118312
118313
118314
118315
118316
118317
118318
118319
118320
118321
118322
118323
118324
118325
118326
118327
118328
118329
118331
118332
118333
118334
118336
118337
118338
118339
118340
118341
118342
118343
118344
118345
118346
118347
118348
118349
118350
118351
118352
118405
118406
118407
118408
118409
118410
118411
118412
118413
118414
118415
118416
118417
118418
118419
118420
118421
118422
118423
118424
118425
118426
118427
118428
118429
118430
118457
118458
118459
118460
118461
118462
118463
118464
118465
118466
118467
118468
118469
118470
118471
118472
118473
118474
118475
118476
118477
118478
118479
118480
118481
118482
118484
118485
118486
118487
118488
118489
118490
118491
118492
118493
118494
118495
118496
118497
118498
118499
118500
118501
118502
118503
118504
118505
118506
118507
118508
118561
118562
118563
118564
118565
118566
118567
118568
118569
118570
118571
118572
118573
118574
118575
118576
118577
118578
118579
118580
118581
118582
118583
118584
118585
118586
118587
118588
118589
118590
118591
118592
118593
118594
118596
118597
118598
118599
118600
118601
118602
118603
118604
118605
118606
118607
118608
118609
118610
118612
118665
118666
118667
118668
118669
118670
118671
118672
118673
118674
118675
118676
118677
118678
118679
118680
118681
118682
118683
118684
118685
118686
118687
118688
118689
118690
118692
118693
118695
118696
118697
118698
118699
118700
118701
118702
118703
118704
118705
118706
118707
118708
118709
118710
118711
118712
118713
118714
118715
118716
118743
118744
118745
118746
118747
118748
118749
118750
118751
118752
118753
118754
118755
118756
118757
118758
118759
118760
118761
118762
118763
118764
118765
118766
118767
118768
118795
118796
118797
118798
118799
118800
118801
118802
118803
118804
118805
118806
118807
118808
118809
118810
118811
118812
118813
118814
118815
118816
118817
118818
118819
118820
118847
118848
118849
118850
118851
118852
118853
118854
118855
118856
118857
118858
118859
118860
118861
118862
118863
118864
118865
118866
118867
118868
118869
118871
118872
118899
118900
118901
118902
118904
118905
118906
118907
118908
118909
118910
118911
118912
118913
118914
118915
118916
118917
118918
118919
118920
118921
118922
118923
118924
118977
118979
118980
118981
118982
118984
118985
118986
118987
118988
118989
118990
118991
118992
118993
118994
118995
118996
118997
118998
119000
119001
119002
119003
119004
119005
119006
119007
119008
119009
119010
119011
119012
119013
119014
119015
119016
119017
119018
119019
119021
119022
119023
119024
119025
119026
119027
119028
119055
119056
119057
119058
119059
119060
119061
119062
119063
119064
119065
119066
119067
119068
119069
119070
119071
119072
119073
119074
119075
119076
119077
119078
119079
119080
119107
119108
119109
119110
119111
119112
119113
119114
119115
119116
119117
119118
119119
119120
119121
119122
119123
119124
119125
119126
119127
119128
119129
119130
119131
119132
119159
119160
119161
119162
119163
119164
119165
119166
119167
119168
119169
119170
119171
119172
119173
119174
119175
119176
119177
119178
119179
119180
119181
119182
119183
119184
119211
119212
119213
119214
119215
119216
119217
119218
119219
119220
119221
119222
119223
119224
119225
119226
119227
119228
119229
119230
119231
119232
119233
119234
119235
119236
119237
119238
119240
119241
119243
119244
119245
119246
119247
119248
119250
119251
119252
119253
119254
119255
119256
119257
119258
119259
119260
119261
119262
119315
119316
119317
119318
119319
119321
119322
119323
119324
119325
119326
119327
119328
119329
119330
119331
119332
119333
119334
119335
119336
119337
119338
119339
119340
119367
119368
119369
119370
119371
119372
119373
119374
119375
119376
119377
119378
119379
119380
119381
119382
119383
119384
119385
119386
119387
119388
119389
119390
119391
119392
119419
119420
119421
119422
119423
119424
119425
119426
119427
119428
119429
119430
119431
119432
119433
119434
119435
119436
119437
119438
119439
119440
119441
119442
119443
119444
119446
119449
119452
119454
119455
119456
119457
119458
119459
119460
119461
119462
119464
119465
119466
119467
119468
119470
119524
119525
119526
119529
119530
119531
119532
119534
119535
119536
119537
119538
119539
119540
119543
119544
119545
119546
119547
119548
119575
119576
119577
119578
119579
119580
119581
119582
119583
119588
119590
119592
119593
119594
119596
119597
119598
119599
119600
