1196626
1196627
1196628
1196629
1196630
1196631
1196632
1196633
1196634
1196635
1196636
1196637
1196638
1196639
1196640
1196641
1196642
1196643
1196644
1196645
1196646
1196647
1196648
1196649
1196650
1196651
1196652
1196653
1196654
1196655
1196656
1196657
1196658
1196659
1196660
1196661
1196662
1196663
1196664
1196665
1196666
1196667
1196668
1196669
1196670
1196671
1196672
1196673
1196674
1196675
1196676
1196729
1196730
1196731
1196732
1196733
1196734
1196735
1196736
1196737
1196738
1196739
1196740
1196741
1196742
1196743
1196744
1196745
1196746
1196747
1196748
1196749
1196750
1196751
1196752
1196753
1196754
1196807
1196808
1196809
1196810
1196811
1196812
1196813
1196814
1196815
1196816
1196817
1196818
1196819
1196820
1196821
1196822
1196823
1196824
1196825
1196826
1196827
1196828
1196829
1196830
1196831
1196832
1196885
1196886
1196887
1196888
1196889
1196890
1196891
1196892
1196893
1196894
1196895
1196896
1196897
1196898
1196899
1196900
1196901
1196902
1196903
1196904
1196905
1196906
1196907
1196908
1196909
1196910
1196963
1196964
1196965
1196966
1196967
1196968
1196969
1196970
1196971
1196972
1196973
1196974
1196975
1196976
1196977
1196978
1196979
1196980
1196981
1196982
1196983
1196984
1196985
1196986
1196987
1196988
1197041
1197042
1197043
1197044
1197045
1197046
1197047
1197048
1197049
1197050
1197051
1197052
1197053
1197054
1197055
1197056
1197057
1197058
1197059
1197060
1197061
1197062
1197063
1197064
1197065
1197066
1197093
1197094
1197095
1197096
1197097
1197098
1197099
1197100
1197101
1197102
1197103
1197104
1197105
1197106
1197107
1197108
1197109
1197110
1197111
1197112
1197113
1197114
1197115
1197116
1197117
1197118
1197119
1197120
1197121
1197122
1197123
1197124
1197125
1197126
1197127
1197128
1197129
1197130
1197131
1197132
1197133
1197134
1197135
1197136
1197137
1197138
1197139
1197140
1197141
1197142
1197143
1197144
1197171
1197172
1197173
1197174
1197175
1197176
1197177
1197178
1197179
1197180
1197181
1197182
1197183
1197184
1197185
1197186
1197187
1197188
1197189
1197190
1197191
1197192
1197193
1197194
1197195
1197196
1197197
1197198
1197199
1197200
1197201
1197202
1197203
1197204
1197205
1197206
1197207
1197208
1197209
1197210
1197211
1197212
1197213
1197214
1197215
1197216
1197217
1197218
1197219
1197220
1197221
1197222
1197249
1197250
1197251
1197252
1197253
1197254
1197255
1197256
1197257
1197258
1197259
1197260
1197261
1197262
1197263
1197264
1197265
1197266
1197267
1197268
1197269
1197270
1197271
1197272
1197273
1197274
1197275
1197276
1197277
1197278
1197279
1197280
1197281
1197282
1197283
1197284
1197285
1197286
1197287
1197288
1197289
1197290
1197291
1197292
1197293
1197294
1197295
1197296
1197297
1197298
1197299
1197300
1197301
1197302
1197303
1197304
1197305
1197306
1197307
1197308
1197309
1197310
1197311
1197312
1197313
1197314
1197315
1197316
1197317
1197318
1197319
1197320
1197321
1197322
1197323
1197324
1197325
1197326
1197353
1197354
1197355
1197356
1197357
1197358
1197359
1197360
1197361
1197362
1197363
1197364
1197365
1197366
1197367
1197368
1197369
1197370
1197371
1197372
1197373
1197374
1197375
1197376
1197377
1197378
1197379
1197380
1197381
1197382
1197383
1197384
1197385
1197386
1197387
1197388
1197389
1197390
1197391
1197392
1197393
1197394
1197395
1197396
1197397
1197398
1197399
1197400
1197401
1197402
1197403
1197404
1197405
1197406
1197407
1197408
1197409
1197410
1197411
1197412
1197413
1197414
1197415
1197416
1197417
1197418
1197419
1197420
1197421
1197422
1197423
1197424
1197425
1197426
1197427
1197428
1197429
1197430
1197483
1197484
1197485
1197486
1197487
1197488
1197489
1197490
1197491
1197492
1197493
1197494
1197495
1197496
1197497
1197498
1197499
1197500
1197501
1197502
1197503
1197504
1197505
1197506
1197507
1197508
1197535
1197536
1197537
1197538
1197539
1197540
1197541
1197542
1197543
1197544
1197545
1197546
1197547
1197548
1197549
1197550
1197551
1197552
1197553
1197554
1197555
1197556
1197557
1197558
1197559
1197560
1197587
1197588
1197589
1197590
1197591
1197592
1197593
1197594
1197595
1197596
1197597
1197598
1197599
1197600
1197601
1197602
1197603
1197604
1197605
1197606
1197607
1197608
1197609
1197610
1197611
1197612
1197665
1197666
1197667
1197668
1197669
1197670
1197671
1197672
1197673
1197674
1197675
1197676
1197677
1197678
1197679
1197680
1197681
1197682
1197683
1197684
1197685
1197686
1197687
1197688
1197689
1197690
1197691
1197692
1197693
1197694
1197695
1197696
1197697
1197698
1197699
1197700
1197701
1197702
1197703
1197704
1197705
1197706
1197707
1197708
1197709
1197710
1197711
1197712
1197713
1197714
1197715
1197716
1197717
1197718
1197719
1197720
1197721
1197722
1197723
1197724
1197725
1197726
1197727
1197728
1197729
1197730
1197731
1197732
1197733
1197734
1197735
1197736
1197737
1197738
1197739
1197740
1197741
1197742
1197743
1197744
1197745
1197746
1197747
1197748
1197749
1197750
1197751
1197752
1197753
1197754
1197755
1197756
1197757
1197758
1197759
1197760
1197761
1197762
1197763
1197764
1197765
1197766
1197767
1197768
1197821
1197822
1197823
1197824
1197825
1197826
1197827
1197828
1197829
1197830
1197831
1197832
1197833
1197834
1197835
1197836
1197837
1197838
1197839
1197840
1197841
1197842
1197843
1197844
1197845
1197846
1197847
1197848
1197849
1197850
1197851
1197852
1197853
1197854
1197855
1197856
1197857
1197858
1197859
1197860
1197861
1197862
1197863
1197864
1197865
1197866
1197867
1197868
1197869
1197870
1197871
1197872
1197951
1197952
1197953
1197954
1197955
1197956
1197957
1197958
1197959
1197960
1197961
1197962
1197963
1197964
1197965
1197966
1197967
1197968
1197969
1197970
1197971
1197972
1197973
1197974
1197975
1197976
1198081
1198082
1198083
1198084
1198085
1198086
1198087
1198088
1198089
1198090
1198091
1198092
1198093
1198094
1198095
1198096
1198097
1198098
1198099
1198100
1198101
1198102
1198103
1198104
1198105
1198106
1198159
1198160
1198161
1198162
1198163
1198164
1198165
1198166
1198167
1198168
1198169
1198170
1198171
1198172
1198173
1198174
1198175
1198176
1198177
1198178
1198179
1198180
1198181
1198182
1198183
1198184
1198289
1198290
1198291
1198292
1198293
1198294
1198295
1198296
1198297
1198298
1198299
1198300
1198301
1198302
1198303
1198304
1198305
1198306
1198307
1198308
1198309
1198310
1198311
1198312
1198313
1198314
1198315
1198316
1198317
1198318
1198319
1198320
1198321
1198322
1198323
1198324
1198325
1198326
1198327
1198328
1198329
1198330
1198331
1198332
1198333
1198334
1198335
1198336
1198337
1198338
1198339
1198340
1198341
1198342
1198343
1198344
1198345
1198346
1198347
1198348
1198349
1198350
1198351
1198352
1198353
1198354
1198355
1198356
1198357
1198358
1198359
1198360
1198361
1198362
1198363
1198364
1198365
1198366
1198367
1198368
1198369
1198370
1198371
1198372
1198373
1198374
1198375
1198376
1198377
1198378
1198379
1198380
1198381
1198382
1198383
1198384
1198385
1198386
1198387
1198388
1198389
1198390
1198391
1198392
1198419
1198420
1198421
1198422
1198423
1198424
1198425
1198426
1198427
1198428
1198429
1198430
1198431
1198432
1198433
1198434
1198435
1198436
1198437
1198438
1198439
1198440
1198441
1198442
1198443
1198444
1198471
1198472
1198473
1198474
1198475
1198476
1198477
1198478
1198479
1198480
1198481
1198482
1198483
1198484
1198485
1198486
1198487
1198488
1198489
1198490
1198491
1198492
1198493
1198494
1198495
1198496
1198549
1198550
1198551
1198552
1198553
1198554
1198555
1198556
1198557
1198558
1198559
1198560
1198561
1198562
1198563
1198564
1198565
1198566
1198567
1198568
1198569
1198570
1198571
1198572
1198573
1198574
1198575
1198576
1198577
1198578
1198579
1198580
1198581
1198582
1198583
1198584
1198585
1198586
1198587
1198588
1198589
1198590
1198591
1198592
1198593
1198594
1198595
1198596
1198597
1198598
1198599
1198600
1198601
1198602
1198603
1198604
1198605
1198606
1198607
1198608
1198609
1198610
1198611
1198612
1198614
1198615
1198616
1198617
1198618
1198619
1198620
1198621
1198622
1198623
1198624
1198625
1198626
1198627
1198628
1198629
1198630
1198631
1198632
1198633
1198634
1198635
1198636
1198637
1198638
1198639
1198640
1198641
1198642
1198643
1198644
1198645
1198646
1198647
1198648
1198649
1198650
1198651
1198652
1198705
1198706
1198707
1198708
1198709
1198710
1198711
1198712
1198713
1198714
1198715
1198716
1198717
1198718
1198719
1198720
1198721
1198722
1198723
1198724
1198725
1198726
1198727
1198728
1198729
1198730
1198861
1198862
1198863
1198864
1198865
1198866
1198867
1198868
1198869
1198870
1198871
1198872
1198873
1198874
1198875
1198876
1198877
1198878
1198879
1198880
1198881
1198882
1198883
1198884
1198885
1198886
1198887
1198888
1198889
1198890
1198891
1198892
1198893
1198894
1198895
1198896
1198897
1198898
1198899
1198900
1198901
1198902
1198903
1198904
1198905
1198906
1198907
1198908
1198909
1198910
1198911
1198912
1198939
1198940
1198941
1198942
1198943
1198944
1198945
1198946
1198947
1198948
1198949
1198950
1198951
1198952
1198953
1198954
1198955
1198956
1198957
1198958
1198959
1198960
1198961
1198962
1198963
1198964
1199017
1199018
1199019
1199020
1199021
1199022
1199023
1199024
1199025
1199026
1199027
1199028
1199029
1199030
1199031
1199032
1199033
1199034
1199035
1199036
1199037
1199038
1199039
1199040
1199041
1199042
1199043
1199044
1199045
1199046
1199047
1199048
1199049
1199050
1199051
1199052
1199053
1199054
1199055
1199056
1199057
1199058
1199059
1199060
1199062
1199063
1199064
1199065
1199066
1199067
1199068
1199095
1199096
1199097
1199098
1199099
1199100
1199101
1199102
1199103
1199104
1199105
1199106
1199107
1199108
1199109
1199110
1199111
1199112
1199113
1199114
1199115
1199116
1199117
1199118
1199119
1199120
1199121
1199122
1199123
1199124
1199125
1199126
1199127
1199128
1199129
1199130
1199131
1199132
1199133
1199134
1199135
1199136
1199137
1199138
1199139
1199140
1199141
1199142
1199143
1199144
1199145
1199146
1199173
1199174
1199175
1199176
1199177
1199178
1199179
1199180
1199181
1199182
1199183
1199184
1199185
1199186
1199187
1199188
1199189
1199190
1199191
1199192
1199193
1199194
1199195
1199196
1199197
1199198
1199277
1199278
1199279
1199280
1199281
1199282
1199283
1199284
1199285
1199286
1199287
1199288
1199289
1199290
1199291
1199292
1199293
1199294
1199295
1199296
1199297
1199298
1199299
1199300
1199301
1199302
1199381
1199382
1199383
1199384
1199385
1199386
1199387
1199388
1199389
1199390
1199391
1199392
1199393
1199394
1199395
1199396
1199397
1199398
1199399
1199400
1199401
1199402
1199403
1199404
1199405
1199406
1199485
1199486
1199487
1199488
1199489
1199490
1199491
1199492
1199493
1199494
1199495
1199496
1199497
1199498
1199499
1199500
1199501
1199502
1199503
1199504
1199505
1199506
1199507
1199508
1199509
1199510
1199511
1199512
1199513
1199514
1199515
1199516
1199517
1199518
1199519
1199520
1199521
1199522
1199523
1199524
1199525
1199526
1199527
1199528
1199529
1199530
1199531
1199532
1199533
1199534
1199535
1199536
1199563
1199564
1199565
1199566
1199567
1199568
1199569
1199570
1199571
1199572
1199573
1199574
1199575
1199576
1199577
1199578
1199579
1199580
1199581
1199582
1199583
1199584
1199585
1199586
1199587
1199588
1199615
1199616
1199617
1199618
1199619
1199620
1199621
1199622
1199623
1199624
1199625
1199626
1199627
1199628
1199629
1199630
1199631
1199632
1199633
1199634
1199635
1199636
1199637
1199638
1199639
1199640
1199693
1199694
1199695
1199696
1199697
1199698
1199699
1199700
1199701
1199702
1199703
1199704
1199705
1199706
1199707
1199708
1199709
1199710
1199711
1199712
1199713
1199714
1199715
1199716
1199717
1199718
1199771
1199772
1199773
1199774
1199775
1199776
1199777
1199778
1199779
1199780
1199781
1199782
1199783
1199784
1199785
1199786
1199787
1199788
1199789
1199790
1199791
1199792
1199793
1199794
1199795
1199796
1199823
1199824
1199825
1199826
1199827
1199828
1199829
1199830
1199831
1199832
1199833
1199834
1199835
1199836
1199837
1199838
1199839
1199840
1199841
1199842
1199843
1199844
1199845
1199846
1199847
1199848
1199901
1199902
1199903
1199904
1199905
1199906
1199907
1199908
1199909
1199910
1199911
1199912
1199913
1199914
1199915
1199916
1199917
1199918
1199919
1199920
1199921
1199922
1199923
1199924
1199925
1199926
1199927
1199928
1199929
1199930
1199931
1199932
1199933
1199934
1199935
1199936
1199937
1199938
1199939
1199940
1199941
1199942
1199943
1199944
1199945
1199946
1199947
1199948
1199949
1199950
1199951
1199952
1199953
1199954
1199955
1199956
1199957
1199958
1199959
1199960
1199961
1199962
1199963
1199964
1199965
1199966
1199967
1199968
1199969
1199970
1199971
1199972
1199973
1199974
1199975
1199976
1199977
1199978
1199979
1199980
1199981
1199982
1199983
1199984
1199985
1199986
1199987
1199988
1199989
1199990
1199991
1199992
1199993
1199994
1199995
1199996
1199997
1199998
1199999
1200000
1200001
1200002
1200003
1200004
1200057
1200058
1200059
1200060
1200061
1200062
1200063
1200064
1200065
1200066
1200067
1200068
1200069
1200070
1200071
1200072
1200073
1200074
1200075
1200076
1200077
1200078
1200079
1200080
1200081
1200082
1200161
1200162
1200163
1200164
1200165
1200166
1200167
1200168
1200169
1200170
1200171
1200172
1200173
1200174
1200175
1200176
1200177
1200178
1200179
1200180
1200181
1200182
1200183
1200184
1200185
1200186
1200187
1200188
1200189
1200190
1200191
1200192
1200193
1200194
1200195
1200196
1200197
1200198
1200199
1200200
1200201
1200202
1200203
1200204
1200205
1200206
1200207
1200208
1200209
1200210
1200211
1200212
1200213
1200214
1200215
1200216
1200217
1200218
1200219
1200220
1200221
1200222
1200223
1200224
1200225
1200226
1200227
1200228
1200229
1200230
1200231
1200232
1200233
1200234
1200235
1200236
1200237
1200238
1200291
1200292
1200293
1200294
1200295
1200296
1200297
1200298
1200299
1200300
1200301
1200302
1200303
1200304
1200305
1200306
1200307
1200308
1200309
1200310
1200311
1200312
1200313
1200314
1200315
1200316
1200369
1200370
1200371
1200372
1200373
1200374
1200375
1200376
1200377
1200378
1200379
1200380
1200381
1200382
1200383
1200384
1200385
1200386
1200387
1200388
1200389
1200390
1200391
1200392
1200393
1200394
1200421
1200422
1200423
1200424
1200425
1200426
1200427
1200428
1200429
1200430
1200431
1200432
1200433
1200434
1200435
1200436
1200437
1200438
1200439
1200440
1200441
1200442
1200443
1200444
1200445
1200446
1200447
1200448
1200449
1200450
1200451
1200452
1200453
1200454
1200455
1200456
1200457
1200458
1200459
1200460
1200461
1200462
1200463
1200464
1200465
1200466
1200467
1200468
1200469
1200470
1200471
1200472
1200473
1200474
1200475
1200476
1200477
1200478
1200479
1200480
1200481
1200482
1200483
1200484
1200485
1200486
1200487
1200488
1200489
1200490
1200491
1200492
1200493
1200494
1200495
1200496
1200497
1200498
1200525
1200526
1200527
1200528
1200529
1200530
1200531
1200532
1200533
1200534
1200535
1200536
1200537
1200538
1200539
1200540
1200541
1200542
1200543
1200544
1200545
1200546
1200547
1200548
1200549
1200550
1200551
1200552
1200553
1200554
1200555
1200556
1200557
1200558
1200559
1200560
1200561
1200562
1200563
1200564
1200565
1200566
1200567
1200568
1200569
1200570
1200571
1200572
1200573
1200574
1200575
1200576
1200629
1200630
1200631
1200632
1200633
1200634
1200635
1200636
1200637
1200638
1200639
1200640
1200641
1200642
1200643
1200644
1200645
1200646
1200647
1200648
1200649
1200650
1200651
1200652
1200653
1200654
1200655
1200656
1200657
1200658
1200659
1200660
1200661
1200662
1200663
1200664
1200665
1200666
1200667
1200668
1200669
1200670
1200671
1200672
1200673
1200674
1200675
1200676
1200677
1200678
1200679
1200680
1200707
1200708
1200709
1200710
1200711
1200712
1200713
1200714
1200715
1200716
1200717
1200718
1200719
1200720
1200721
1200722
1200723
1200724
1200725
1200726
1200727
1200728
1200729
1200730
1200731
1200732
1200733
1200734
1200735
1200736
1200737
1200738
1200739
1200740
1200741
1200742
1200743
1200744
1200745
1200746
1200747
1200748
1200749
1200750
1200751
1200752
1200753
1200754
1200755
1200756
1200757
1200758
1200785
1200786
1200787
1200788
1200789
1200790
1200791
1200792
1200793
1200794
1200795
1200796
1200797
1200798
1200799
1200800
1200801
1200802
1200803
1200804
1200805
1200806
1200807
1200808
1200809
1200810
1200811
1200812
1200813
1200814
1200815
1200816
1200817
1200818
1200819
1200820
1200821
1200822
1200823
1200824
1200825
1200826
1200827
1200828
1200829
1200830
1200831
1200832
1200833
1200834
1200835
1200836
1200837
1200838
1200839
1200840
1200841
1200842
1200843
1200844
1200845
1200846
1200847
1200848
1200849
1200850
1200851
1200852
1200853
1200854
1200855
1200856
1200857
1200858
1200859
1200860
1200861
1200862
1200863
1200864
1200865
1200866
1200867
1200868
1200869
1200870
1200871
1200872
1200873
1200874
1200875
1200876
1200877
1200878
1200879
1200880
1200881
1200882
1200883
1200884
1200885
1200886
1200887
1200888
1200889
1200890
1200891
1200892
1200893
1200894
1200895
1200896
1200897
1200898
1200899
1200900
1200901
1200902
1200903
1200904
1200905
1200906
1200907
1200908
1200909
1200910
1200911
1200912
1200913
1200914
1200993
1200994
1200995
1200996
1200997
1200998
1200999
1201000
1201001
1201002
1201003
1201004
1201005
1201006
1201007
1201008
1201009
1201010
1201011
1201012
1201013
1201014
1201015
1201016
1201017
1201018
1201019
1201020
1201021
1201022
1201023
1201024
1201025
1201026
1201027
1201028
1201029
1201030
1201031
1201032
1201033
1201034
1201035
1201036
1201037
1201038
1201039
1201040
1201041
1201042
1201043
1201044
1201097
1201098
1201099
1201100
1201101
1201102
1201103
1201104
1201105
1201106
1201107
1201108
1201109
1201110
1201111
1201112
1201113
1201114
1201115
1201116
1201117
1201118
1201119
1201120
1201121
1201122
1201123
1201124
1201125
1201126
1201127
1201128
1201129
1201130
1201131
1201132
1201133
1201134
1201135
1201136
1201137
1201138
1201139
1201140
1201141
1201142
1201143
1201144
1201145
1201146
1201147
1201148
1201175
1201176
1201177
1201178
1201179
1201180
1201181
1201182
1201183
1201184
1201185
1201186
1201187
1201188
1201189
1201190
1201191
1201192
1201193
1201194
1201195
1201196
1201197
1201198
1201199
1201200
1201227
1201228
1201229
1201230
1201231
1201232
1201233
1201234
1201235
1201236
1201237
1201238
1201239
1201240
1201241
1201242
1201243
1201244
1201245
1201246
1201247
1201248
1201249
1201250
1201251
1201252
1201357
1201358
1201359
1201360
1201361
1201362
1201363
1201364
1201365
1201366
1201367
1201368
1201369
1201370
1201371
1201372
1201373
1201374
1201375
1201376
1201377
1201378
1201379
1201380
1201381
1201382
1201513
1201514
1201515
1201516
1201517
1201518
1201519
1201520
1201521
1201522
1201523
1201524
1201525
1201526
1201527
1201528
1201529
1201530
1201531
1201532
1201533
1201534
1201535
1201536
1201537
1201538
1201539
1201540
1201541
1201542
1201543
1201544
1201545
1201546
1201547
1201548
1201549
1201550
1201551
1201552
1201553
1201554
1201555
1201556
1201557
1201558
1201559
1201560
1201561
1201562
1201563
1201564
1201591
1201592
1201593
1201594
1201595
1201596
1201597
1201598
1201599
1201600
1201601
1201602
1201603
1201604
1201605
1201606
1201607
1201608
1201609
1201610
1201611
1201612
1201613
1201614
1201615
1201616
1201721
1201722
1201723
1201724
1201725
1201726
1201727
1201728
1201729
1201730
1201731
1201732
1201733
1201734
1201735
1201736
1201737
1201738
1201739
1201740
1201741
1201742
1201743
1201744
1201745
1201746
1201799
1201800
1201801
1201802
1201803
1201804
1201805
1201806
1201807
1201808
1201809
1201810
1201811
1201812
1201813
1201814
1201815
1201816
1201817
1201818
1201819
1201820
1201821
1201822
1201823
1201824
1201825
1201826
1201827
1201828
1201829
1201830
1201831
1201832
1201833
1201834
1201835
1201836
1201837
1201838
1201839
1201840
1201841
1201842
1201843
1201844
1201845
1201846
1201847
1201848
1201849
1201850
1201851
1201852
1201853
1201855
1201856
1201857
1201858
1201859
1201860
1201861
1201862
1201863
1201864
1201865
1201866
1201867
1201868
1201869
1201870
1201871
1201872
1201873
1201874
1201875
1201876
1201877
1201878
1201879
1201880
1201881
1201882
1201883
1201884
1201885
1201886
1201887
1201888
1201889
1201890
1201891
1201892
1201893
1201894
1201895
1201896
1201897
1201898
1201899
1201900
1201901
1201902
1201903
1201904
1201905
1201906
1201907
1201908
1201909
1201910
1201911
1201912
1201913
1201914
1201915
1201916
1201917
1201918
1201919
1201920
1201921
1201922
1201923
1201924
1201925
1201926
1201927
1201928
1201955
1201956
1201957
1201958
1201959
1201960
1201961
1201962
1201963
1201964
1201965
1201966
1201967
1201968
1201969
1201970
1201971
1201972
1201973
1201974
1201975
1201976
1201977
1201978
1201979
1201980
1201981
1201982
1201983
1201984
1201985
1201986
1201987
1201988
1201989
1201990
1201991
1201992
1201993
1201994
1201995
1201996
1201997
1201998
1201999
1202000
1202001
1202002
1202003
1202004
1202005
1202006
1202059
1202060
1202061
1202062
1202063
1202064
1202065
1202066
1202067
1202068
1202069
1202070
1202071
1202072
1202073
1202074
1202075
1202076
1202077
1202078
1202079
1202080
1202081
1202082
1202083
1202084
1202137
1202138
1202139
1202140
1202141
1202142
1202143
1202144
1202145
1202146
1202147
1202148
1202149
1202150
1202151
1202152
1202153
1202154
1202155
1202156
1202157
1202158
1202159
1202160
1202161
1202162
1202189
1202190
1202191
1202192
1202193
1202194
1202195
1202196
1202197
1202198
1202199
1202200
1202201
1202202
1202203
1202204
1202205
1202206
1202207
1202208
1202209
1202210
1202211
1202212
1202213
1202214
1202267
1202268
1202269
1202270
1202271
1202272
1202273
1202274
1202275
1202276
1202277
1202278
1202279
1202280
1202281
1202282
1202283
1202284
1202285
1202286
1202287
1202288
1202289
1202290
1202291
1202292
1202319
1202320
1202321
1202322
1202323
1202324
1202325
1202326
1202327
1202328
1202329
1202330
1202331
1202332
1202333
1202334
1202335
1202336
1202337
1202338
1202339
1202340
1202341
1202342
1202343
1202344
1202371
1202372
1202373
1202374
1202375
1202376
1202377
1202378
1202379
1202380
1202381
1202382
1202383
1202384
1202385
1202386
1202387
1202388
1202389
1202390
1202391
1202392
1202393
1202394
1202395
1202396
1202423
1202424
1202425
1202426
1202427
1202428
1202429
1202430
1202431
1202432
1202433
1202434
1202435
1202436
1202437
1202438
1202439
1202440
1202441
1202442
1202443
1202444
1202445
1202446
1202447
1202448
1202475
1202476
1202477
1202478
1202479
1202480
1202481
1202482
1202483
1202484
1202485
1202486
1202487
1202488
1202489
1202490
1202491
1202492
1202493
1202494
1202495
1202496
1202497
1202498
1202499
1202500
1202527
1202528
1202529
1202530
1202531
1202532
1202533
1202534
1202535
1202536
1202537
1202538
1202539
1202540
1202541
1202542
1202543
1202544
1202545
1202546
1202547
1202548
1202549
1202550
1202551
1202552
1202553
1202554
1202555
1202556
1202557
1202558
1202559
1202560
1202561
1202562
1202563
1202564
1202565
1202566
1202567
1202568
1202569
1202570
1202571
1202572
1202573
1202574
1202575
1202576
1202577
1202578
1202631
1202632
1202633
1202634
1202635
1202636
1202637
1202638
1202639
1202640
1202641
1202642
1202643
1202644
1202645
1202646
1202647
1202648
1202649
1202650
1202651
1202652
1202653
1202654
1202655
1202656
1202813
