1202814
1202815
1202816
1202817
1202818
1202819
1202820
1202821
1202822
1202823
1202824
1202825
1202826
1202827
1202828
1202829
1202830
1202831
1202832
1202833
1202834
1202835
1202836
1202837
1202838
1202839
1202840
1202841
1202842
1202843
1202844
1202845
1202846
1202847
1202848
1202849
1202850
1202851
1202852
1202853
1202854
1202855
1202856
1202857
1202858
1202859
1202860
1202861
1202862
1202863
1202864
1202891
1202892
1202893
1202894
1202895
1202896
1202897
1202898
1202899
1202900
1202901
1202902
1202903
1202904
1202905
1202906
1202907
1202908
1202909
1202910
1202911
1202912
1202913
1202914
1202915
1202916
1202917
1202918
1202919
1202920
1202921
1202922
1202923
1202924
1202925
1202926
1202927
1202928
1202929
1202930
1202931
1202932
1202933
1202934
1202935
1202936
1202937
1202938
1202939
1202940
1202941
1202942
1202943
1202944
1202945
1202946
1202947
1202948
1202949
1202950
1202951
1202952
1202953
1202954
1202955
1202956
1202957
1202958
1202959
1202960
1202961
1202962
1202963
1202964
1202965
1202966
1202967
1202968
1202969
1202970
1202971
1202972
1202973
1202974
1202975
1202976
1202977
1202978
1202979
1202980
1202981
1202982
1202983
1202984
1202985
1202986
1202987
1202988
1202989
1202990
1202991
1202992
1202993
1202994
1203021
1203022
1203023
1203024
1203025
1203026
1203027
1203028
1203029
1203030
1203031
1203032
1203033
1203034
1203035
1203036
1203037
1203038
1203039
1203040
1203041
1203042
1203043
1203044
1203045
1203046
1203099
1203100
1203101
1203102
1203103
1203104
1203105
1203106
1203107
1203108
1203109
1203110
1203111
1203112
1203113
1203114
1203115
1203116
1203117
1203118
1203119
1203120
1203121
1203122
1203123
1203124
1203125
1203126
1203127
1203128
1203129
1203130
1203131
1203132
1203133
1203134
1203135
1203136
1203137
1203138
1203139
1203140
1203141
1203142
1203143
1203144
1203145
1203146
1203147
1203148
1203149
1203150
1203151
1203152
1203153
1203154
1203155
1203156
1203157
1203158
1203159
1203160
1203161
1203162
1203163
1203164
1203165
1203166
1203167
1203168
1203169
1203170
1203171
1203172
1203173
1203174
1203175
1203176
1203203
1203204
1203205
1203206
1203207
1203208
1203209
1203210
1203211
1203212
1203213
1203214
1203215
1203216
1203217
1203218
1203219
1203220
1203221
1203222
1203223
1203224
1203225
1203226
1203227
1203228
1203281
1203282
1203283
1203284
1203285
1203286
1203287
1203288
1203289
1203290
1203291
1203292
1203293
1203294
1203295
1203296
1203297
1203298
1203299
1203300
1203301
1203302
1203303
1203304
1203305
1203306
1203307
1203308
1203309
1203310
1203311
1203312
1203313
1203314
1203315
1203316
1203317
1203318
1203319
1203320
1203321
1203322
1203323
1203324
1203325
1203326
1203327
1203328
1203329
1203330
1203331
1203332
1203359
1203360
1203361
1203362
1203363
1203364
1203365
1203366
1203367
1203368
1203369
1203370
1203371
1203372
1203373
1203374
1203375
1203376
1203377
1203378
1203379
1203380
1203381
1203382
1203383
1203384
1203385
1203386
1203387
1203388
1203389
1203390
1203391
1203392
1203393
1203394
1203395
1203396
1203397
1203398
1203399
1203400
1203401
1203402
1203403
1203404
1203405
1203406
1203407
1203408
1203409
1203410
1203411
1203412
1203413
1203414
1203415
1203416
1203417
1203418
1203419
1203420
1203421
1203422
1203423
1203424
1203425
1203426
1203427
1203428
1203429
1203430
1203431
1203432
1203433
1203434
1203435
1203436
1203463
1203464
1203465
1203466
1203467
1203468
1203469
1203470
1203471
1203472
1203473
1203474
1203475
1203476
1203477
1203478
1203479
1203480
1203481
1203482
1203483
1203484
1203485
1203486
1203487
1203488
1203515
1203516
1203517
1203518
1203519
1203520
1203521
1203522
1203523
1203524
1203525
1203526
1203527
1203528
1203529
1203530
1203531
1203532
1203533
1203534
1203535
1203536
1203537
1203538
1203539
1203540
1203567
1203568
1203569
1203570
1203571
1203572
1203573
1203574
1203575
1203576
1203577
1203578
1203579
1203580
1203581
1203582
1203583
1203584
1203585
1203586
1203587
1203588
1203589
1203590
1203591
1203592
1203593
1203594
1203595
1203596
1203597
1203598
1203599
1203600
1203601
1203602
1203603
1203604
1203605
1203606
1203607
1203608
1203609
1203610
1203611
1203612
1203613
1203614
1203615
1203616
1203617
1203618
1203619
1203620
1203621
1203622
1203623
1203624
1203625
1203626
1203627
1203628
1203629
1203630
1203631
1203632
1203633
1203634
1203635
1203636
1203637
1203638
1203639
1203640
1203641
1203642
1203643
1203644
1203671
1203672
1203673
1203674
1203675
1203676
1203677
1203678
1203679
1203680
1203681
1203682
1203683
1203684
1203685
1203686
1203687
1203688
1203689
1203690
1203691
1203692
1203693
1203694
1203695
1203696
1203697
1203698
1203699
1203700
1203701
1203702
1203703
1203704
1203705
1203706
1203707
1203708
1203709
1203710
1203711
1203712
1203713
1203714
1203715
1203716
1203717
1203718
1203719
1203720
1203721
1203722
1203723
1203724
1203725
1203726
1203727
1203728
1203729
1203730
1203731
1203732
1203733
1203734
1203735
1203736
1203737
1203738
1203739
1203740
1203741
1203742
1203743
1203744
1203745
1203746
1203747
1203748
1203801
1203802
1203803
1203804
1203805
1203806
1203807
1203808
1203809
1203810
1203811
1203812
1203813
1203814
1203815
1203816
1203817
1203818
1203819
1203820
1203821
1203822
1203823
1203824
1203825
1203826
1203853
1203854
1203855
1203856
1203857
1203858
1203859
1203860
1203861
1203862
1203863
1203864
1203865
1203866
1203867
1203868
1203869
1203870
1203871
1203872
1203873
1203874
1203875
1203876
1203877
1203878
1203879
1203880
1203881
1203882
1203883
1203884
1203885
1203886
1203887
1203888
1203889
1203890
1203891
1203892
1203893
1203894
1203895
1203896
1203897
1203898
1203899
1203900
1203901
1203902
1203903
1203904
1203905
1203906
1203907
1203908
1203909
1203910
1203911
1203912
1203913
1203914
1203915
1203916
1203917
1203918
1203919
1203920
1203921
1203922
1203923
1203924
1203925
1203926
1203927
1203928
1203929
1203930
1203957
1203958
1203959
1203960
1203961
1203962
1203963
1203964
1203965
1203966
1203967
1203968
1203969
1203970
1203971
1203972
1203973
1203974
1203975
1203976
1203977
1203978
1203979
1203980
1203981
1203982
1204139
1204140
1204141
1204142
1204143
1204144
1204145
1204146
1204147
1204148
1204149
1204150
1204151
1204152
1204153
1204154
1204155
1204156
1204157
1204158
1204159
1204160
1204161
1204162
1204163
1204164
1204191
1204192
1204193
1204194
1204195
1204196
1204197
1204198
1204199
1204200
1204201
1204202
1204203
1204204
1204205
1204206
1204207
1204208
1204209
1204210
1204211
1204212
1204213
1204214
1204215
1204216
1204217
1204218
1204219
1204220
1204221
1204222
1204223
1204224
1204225
1204226
1204227
1204228
1204229
1204230
1204231
1204232
1204233
1204234
1204235
1204236
1204237
1204238
1204239
1204240
1204241
1204242
1204321
1204322
1204323
1204324
1204325
1204326
1204327
1204328
1204329
1204330
1204331
1204332
1204333
1204334
1204335
1204336
1204337
1204338
1204339
1204340
1204341
1204342
1204343
1204344
1204345
1204346
1204373
1204374
1204375
1204376
1204377
1204378
1204379
1204380
1204381
1204382
1204383
1204384
1204385
1204386
1204387
1204388
1204389
1204390
1204391
1204392
1204393
1204394
1204395
1204396
1204397
1204398
1204399
1204400
1204401
1204402
1204403
1204404
1204405
1204406
1204407
1204408
1204409
1204410
1204411
1204412
1204413
1204414
1204415
1204416
1204417
1204418
1204419
1204420
1204421
1204422
1204423
1204424
1204477
1204478
1204479
1204480
1204481
1204482
1204483
1204484
1204485
1204486
1204487
1204488
1204489
1204490
1204491
1204492
1204493
1204494
1204495
1204496
1204497
1204498
1204499
1204500
1204501
1204502
1204607
1204608
1204609
1204610
1204611
1204612
1204613
1204614
1204615
1204616
1204617
1204618
1204619
1204620
1204621
1204622
1204623
1204624
1204625
1204626
1204627
1204628
1204629
1204630
1204631
1204632
1204633
1204634
1204635
1204636
1204637
1204638
1204639
1204640
1204641
1204642
1204643
1204644
1204645
1204646
1204647
1204648
1204649
1204650
1204651
1204652
1204653
1204654
1204655
1204656
1204657
1204658
1204763
1204764
1204765
1204766
1204767
1204768
1204769
1204770
1204771
1204772
1204773
1204774
1204775
1204776
1204777
1204778
1204779
1204780
1204781
1204782
1204783
1204784
1204785
1204786
1204787
1204788
1204815
1204816
1204817
1204818
1204819
1204820
1204821
1204822
1204823
1204824
1204825
1204826
1204827
1204828
1204829
1204830
1204831
1204832
1204833
1204834
1204835
1204836
1204837
1204838
1204839
1204840
1204841
1204842
1204843
1204844
1204845
1204846
1204847
1204848
1204849
1204850
1204851
1204852
1204853
1204854
1204855
1204856
1204857
1204858
1204859
1204860
1204861
1204862
1204863
1204864
1204865
1204866
1204867
1204868
1204869
1204870
1204871
1204872
1204873
1204874
1204875
1204876
1204877
1204878
1204879
1204880
1204881
1204882
1204883
1204884
1204885
1204886
1204887
1204888
1204889
1204890
1204891
1204892
1204893
1204894
1204895
1204896
1204897
1204898
1204899
1204900
1204901
1204902
1204903
1204904
1204905
1204906
1204907
1204908
1204909
1204910
1204911
1204912
1204913
1204914
1204915
1204916
1204917
1204918
1204919
1204920
1204921
1204922
1204923
1204924
1204925
1204926
1204927
1204928
1204929
1204930
1204931
1204932
1204933
1204934
1204935
1204936
1204937
1204938
1204939
1204940
1204941
1204942
1204943
1204944
1204971
1204972
1204973
1204974
1204975
1204976
1204977
1204978
1204979
1204980
1204981
1204982
1204983
1204984
1204985
1204986
1204987
1204988
1204989
1204990
1204991
1204992
1204993
1204994
1204995
1204996
1205023
1205024
1205025
1205026
1205027
1205028
1205029
1205030
1205031
1205032
1205033
1205034
1205035
1205036
1205037
1205038
1205039
1205040
1205041
1205042
1205043
1205044
1205045
1205046
1205047
1205048
1205179
1205180
1205181
1205182
1205183
1205184
1205185
1205186
1205187
1205188
1205189
1205190
1205191
1205192
1205193
1205194
1205195
1205196
1205197
1205198
1205199
1205200
1205201
1205202
1205203
1205204
1205205
1205206
1205207
1205208
1205209
1205210
1205211
1205212
1205213
1205214
1205215
1205216
1205217
1205218
1205219
1205220
1205221
1205222
1205223
1205224
1205225
1205226
1205227
1205228
1205229
1205230
1205231
1205232
1205233
1205234
1205235
1205236
1205237
1205238
1205239
1205240
1205241
1205242
1205243
1205244
1205245
1205246
1205247
1205248
1205249
1205250
1205251
1205252
1205253
1205254
1205255
1205256
1205257
1205258
1205259
1205260
1205261
1205262
1205263
1205264
1205265
1205266
1205267
1205268
1205269
1205270
1205271
1205272
1205273
1205274
1205275
1205276
1205277
1205278
1205279
1205280
1205281
1205282
1205283
1205284
1205285
1205286
1205287
1205288
1205289
1205290
1205291
1205292
1205293
1205294
1205295
1205296
1205297
1205298
1205299
1205300
1205301
1205302
1205303
1205304
1205305
1205306
1205307
1205308
1205309
1205310
1205311
1205312
1205313
1205314
1205315
1205316
1205317
1205318
1205319
1205320
1205321
1205322
1205323
1205324
1205325
1205326
1205327
1205328
1205329
1205330
1205331
1205332
1205333
1205334
1205465
1205466
1205467
1205468
1205469
1205470
1205471
1205472
1205473
1205474
1205475
1205476
1205477
1205478
1205479
1205480
1205481
1205482
1205483
1205484
1205485
1205486
1205487
1205488
1205489
1205490
1205517
1205518
1205519
1205520
1205521
1205522
1205523
1205524
1205525
1205526
1205527
1205528
1205529
1205530
1205531
1205532
1205533
1205534
1205535
1205536
1205537
1205538
1205539
1205540
1205541
1205542
1205569
1205570
1205571
1205572
1205573
1205574
1205575
1205576
1205577
1205578
1205579
1205580
1205581
1205582
1205583
1205584
1205585
1205586
1205587
1205588
1205589
1205590
1205591
1205592
1205593
1205594
1205595
1205596
1205597
1205598
1205599
1205600
1205601
1205602
1205603
1205604
1205605
1205606
1205607
1205608
1205609
1205610
1205611
1205612
1205613
1205614
1205615
1205616
1205617
1205618
1205619
1205620
1205621
1205622
1205623
1205624
1205625
1205626
1205627
1205628
1205629
1205630
1205631
1205632
1205633
1205634
1205635
1205636
1205637
1205638
1205639
1205640
1205641
1205642
1205643
1205644
1205645
1205646
1205725
1205726
1205727
1205728
1205729
1205730
1205731
1205732
1205733
1205734
1205735
1205736
1205737
1205738
1205739
1205740
1205741
1205742
1205743
1205744
1205745
1205746
1205747
1205748
1205749
1205750
1205777
1205778
1205779
1205780
1205781
1205782
1205783
1205784
1205785
1205786
1205787
1205788
1205789
1205790
1205791
1205792
1205793
1205794
1205795
1205796
1205797
1205798
1205799
1205800
1205801
1205802
1205881
1205882
1205883
1205884
1205885
1205886
1205887
1205888
1205889
1205890
1205891
1205892
1205893
1205894
1205895
1205896
1205897
1205898
1205899
1205900
1205901
1205902
1205903
1205904
1205905
1205906
1205907
1205908
1205909
1205910
1205911
1205912
1205913
1205914
1205915
1205916
1205917
1205918
1205919
1205920
1205921
1205922
1205923
1205924
1205925
1205926
1205927
1205928
1205929
1205930
1205931
1205932
1205933
1205934
1205935
1205936
1205937
1205938
1205939
1205940
1205941
1205942
1205943
1205944
1205945
1205946
1205947
1205948
1205949
1205950
1205951
1205952
1205953
1205954
1205955
1205956
1205957
1205958
1206063
1206064
1206065
1206066
1206067
1206068
1206069
1206070
1206071
1206072
1206073
1206074
1206075
1206076
1206077
1206078
1206079
1206080
1206081
1206082
1206083
1206084
1206085
1206086
1206087
1206088
1206089
1206090
1206091
1206092
1206093
1206094
1206095
1206096
1206097
1206098
1206099
1206100
1206101
1206102
1206103
1206104
1206105
1206106
1206107
1206108
1206109
1206110
1206111
1206112
1206113
1206114
1206141
1206142
1206143
1206144
1206145
1206146
1206147
1206148
1206149
1206150
1206151
1206152
1206153
1206154
1206155
1206156
1206157
1206158
1206159
1206160
1206161
1206162
1206163
1206164
1206165
1206166
1206167
1206168
1206169
1206170
1206171
1206172
1206173
1206174
1206175
1206176
1206177
1206178
1206179
1206180
1206181
1206182
1206183
1206184
1206185
1206186
1206187
1206188
1206189
1206190
1206191
1206192
1206219
1206220
1206221
1206222
1206223
1206224
1206225
1206226
1206227
1206228
1206229
1206230
1206231
1206232
1206233
1206234
1206235
1206236
1206237
1206238
1206239
1206240
1206241
1206242
1206243
1206244
1206245
1206246
1206247
1206248
1206249
1206250
1206251
1206252
1206253
1206254
1206255
1206256
1206257
1206258
1206259
1206260
1206261
1206262
1206263
1206264
1206265
1206266
1206267
1206268
1206269
1206270
1206349
1206350
1206351
1206352
1206353
1206354
1206355
1206356
1206357
1206358
1206359
1206360
1206361
1206362
1206363
1206364
1206365
1206366
1206367
1206368
1206369
1206370
1206371
1206372
1206373
1206374
1206401
1206402
1206403
1206404
1206405
1206406
1206407
1206408
1206409
1206410
1206411
1206412
1206413
1206414
1206415
1206416
1206417
1206418
1206419
1206420
1206421
1206422
1206423
1206424
1206425
1206426
1206453
1206454
1206455
1206456
1206457
1206458
1206459
1206460
1206461
1206462
1206463
1206464
1206465
1206466
1206467
1206468
1206469
1206470
1206471
1206472
1206473
1206474
1206475
1206476
1206477
1206478
1206505
1206506
1206507
1206508
1206509
1206510
1206511
1206512
1206513
1206514
1206515
1206516
1206517
1206518
1206519
1206520
1206521
1206522
1206523
1206524
1206525
1206526
1206527
1206528
1206529
1206530
1206557
1206558
1206559
1206560
1206561
1206562
1206563
1206564
1206565
1206566
1206567
1206568
1206569
1206570
1206571
1206572
1206573
1206574
1206576
1206577
1206578
1206579
1206580
1206581
1206582
1206661
1206662
1206663
1206664
1206665
1206666
1206667
1206668
1206669
1206670
1206671
1206672
1206673
1206674
1206675
1206676
1206677
1206678
1206679
1206680
1206681
1206682
1206683
1206684
1206685
1206686
1206687
1206688
1206689
1206690
1206691
1206692
1206693
1206694
1206695
1206696
1206697
1206698
1206699
1206700
1206701
1206702
1206703
1206704
1206705
1206706
1206707
1206708
1206709
1206710
1206711
1206712
1206739
1206740
1206741
1206742
1206743
1206744
1206745
1206746
1206747
1206748
1206749
1206750
1206751
1206752
1206753
1206754
1206755
1206756
1206757
1206758
1206759
1206760
1206761
1206762
1206763
1206764
1206765
1206766
1206767
1206768
1206769
1206770
1206771
1206772
1206773
1206774
1206775
1206776
1206777
1206778
1206779
1206780
1206781
1206782
1206783
1206784
1206785
1206786
1206787
1206788
1206789
1206790
1206947
1206948
1206949
1206950
1206951
1206952
1206953
1206954
1206955
1206956
1206957
1206958
1206959
1206960
1206961
1206962
1206963
1206964
1206965
1206966
1206967
1206968
1206969
1206970
1206971
1206972
1207025
1207026
1207027
1207028
1207029
1207030
1207031
1207032
1207033
1207034
1207035
1207036
1207037
1207038
1207039
1207040
1207041
1207042
1207043
1207044
1207045
1207046
1207047
1207048
1207049
1207050
1207103
1207104
1207105
1207106
1207107
1207108
1207109
1207110
1207111
1207112
1207113
1207114
1207115
1207116
1207117
1207118
1207119
1207120
1207121
1207122
1207123
1207124
1207125
1207126
1207127
1207128
1207155
1207156
1207157
1207158
1207159
1207160
1207161
1207162
1207163
1207164
1207165
1207166
1207167
1207168
1207169
1207170
1207171
1207172
1207173
1207174
1207175
1207176
1207177
1207178
1207179
1207180
1207259
1207260
1207261
1207262
1207263
1207264
1207265
1207266
1207267
1207268
1207269
1207270
1207271
1207272
1207273
1207274
1207275
1207276
1207277
1207278
1207279
1207280
1207281
1207282
1207283
1207284
1207285
1207286
1207287
1207288
1207289
1207290
1207291
1207292
1207293
1207294
1207295
1207296
1207297
1207298
1207299
1207300
1207301
1207302
1207303
1207304
1207305
1207306
1207307
1207308
1207309
1207310
1207389
1207390
1207391
1207392
1207393
1207394
1207395
1207396
1207397
1207398
1207399
1207400
1207401
1207402
1207403
1207404
1207405
1207406
1207407
1207408
1207409
1207410
1207411
1207412
1207413
1207414
1207441
1207442
1207443
1207444
1207445
1207446
1207447
1207448
1207449
1207450
1207451
1207452
1207453
1207454
1207455
1207456
1207457
1207458
1207459
1207460
1207461
1207462
1207463
1207464
1207465
1207466
1207493
1207494
1207495
1207496
1207497
1207498
1207499
1207500
1207501
1207502
1207503
1207504
1207505
1207506
1207507
1207508
1207509
1207510
1207511
1207512
1207513
1207514
1207515
1207516
1207517
1207518
1207545
1207546
1207547
1207548
1207549
1207550
1207551
1207552
1207553
1207554
1207555
1207556
1207557
1207558
1207559
1207560
1207561
1207562
1207563
1207564
1207565
1207566
1207567
1207568
1207569
1207570
1207597
1207598
1207599
1207600
1207601
1207602
1207603
1207604
1207605
1207606
1207607
1207608
1207609
1207610
1207611
1207612
1207613
1207614
1207615
1207616
1207617
1207618
1207619
1207620
1207621
1207622
1207701
1207702
1207703
1207704
1207705
1207706
1207707
1207708
1207709
1207710
1207711
1207712
1207713
1207714
1207715
1207716
1207717
1207718
1207719
1207720
1207721
1207722
1207723
1207724
1207725
1207726
1207727
1207728
1207729
1207730
1207731
1207732
1207733
1207734
1207735
1207736
1207737
1207738
1207739
1207740
1207741
1207742
1207743
1207744
1207745
1207746
1207747
1207748
1207749
1207750
1207751
1207752
1207753
1207754
1207755
1207756
1207757
1207758
1207759
1207760
1207761
1207762
1207763
1207764
1207765
1207766
1207767
1207768
1207769
1207770
1207771
1207772
1207774
1207775
1207776
1207777
1207778
1207779
1207780
1207781
1207782
1207783
1207784
1207785
1207786
1207787
1207788
1207789
1207790
1207791
1207792
1207793
1207794
1207795
1207796
1207797
1207798
1207799
1207800
1207801
1207802
1207803
1207804
1207831
1207832
1207833
1207834
1207835
1207836
1207837
1207838
1207839
1207840
1207841
1207842
1207843
1207844
1207845
1207846
1207847
1207848
1207849
1207850
1207851
1207852
1207853
1207854
1207855
1207856
1207857
1207858
1207859
1207860
1207861
1207862
1207863
1207864
1207865
1207866
1207867
1207868
1207869
1207870
1207871
1207872
1207873
1207874
1207875
1207876
1207877
1207878
1207879
1207880
1207881
1207882
1207909
1207910
1207911
1207912
1207913
1207914
1207915
1207916
1207917
1207918
1207919
1207920
1207921
1207922
1207923
1207924
1207925
1207926
1207927
1207928
1207929
1207930
1207931
1207932
1207933
1207934
1208013
1208014
1208015
1208016
1208017
1208018
1208019
1208020
1208021
1208022
1208023
1208024
1208025
1208026
1208027
1208028
1208029
1208030
1208031
1208032
1208033
1208034
1208035
1208036
1208037
1208038
1208039
1208040
1208041
1208042
1208043
1208044
1208045
1208046
1208047
1208048
1208049
1208050
1208051
1208052
1208053
1208054
1208055
1208056
1208057
1208058
1208059
1208060
1208061
1208062
1208063
1208064
1208065
1208066
1208067
1208068
1208069
1208070
1208071
1208072
1208073
1208074
1208075
1208076
1208077
1208078
1208079
1208080
1208081
1208082
1208083
1208084
1208085
1208086
1208087
1208088
1208089
1208090
1208091
1208092
1208093
1208094
1208095
1208096
1208097
1208098
1208099
1208100
1208101
1208102
1208103
1208104
1208105
1208106
1208107
1208108
1208109
1208110
1208111
1208112
1208113
1208114
1208115
1208116
1208143
1208144
1208145
1208146
1208147
1208148
1208149
1208150
1208151
1208152
1208153
1208154
1208155
1208156
1208157
1208158
1208159
1208160
1208161
1208162
1208163
1208164
1208165
1208166
1208167
1208168
1208169
1208170
1208171
1208172
1208173
1208174
1208175
1208176
1208177
1208178
1208179
1208180
1208181
1208182
1208183
1208184
1208185
1208186
1208187
1208188
1208189
1208190
1208191
1208192
1208193
1208194
1208325
1208326
1208327
1208328
1208329
1208330
1208331
1208332
1208333
1208334
1208335
1208336
1208337
1208338
1208339
1208340
1208341
1208342
1208343
1208344
1208345
1208346
1208347
1208348
1208349
1208350
1208377
1208378
1208379
1208380
1208381
1208382
1208383
1208384
1208385
1208386
1208387
1208388
1208389
1208390
1208391
1208392
1208393
1208394
1208395
1208396
1208397
1208398
1208399
1208400
1208401
1208402
1208455
1208456
1208457
1208458
1208459
1208460
1208461
1208462
1208463
1208464
1208465
1208466
1208467
1208468
1208469
1208470
1208471
1208472
1208473
1208474
1208475
1208476
1208477
1208478
1208479
1208480
1208481
1208482
1208483
1208484
1208485
1208486
1208487
1208488
1208489
1208490
1208491
1208492
1208493
1208494
1208495
1208496
1208497
1208498
1208499
1208500
1208501
1208502
1208503
1208504
1208505
1208506
1208507
1208508
1208509
1208510
1208511
1208512
1208513
1208514
1208515
1208516
1208517
1208518
1208519
1208520
1208521
1208522
1208523
1208524
1208525
1208526
1208527
1208528
1208529
1208530
1208531
1208532
1208559
1208560
1208561
1208562
1208563
1208564
1208565
1208566
1208567
1208568
1208569
1208570
1208571
1208572
1208573
1208574
1208575
1208576
1208577
1208578
1208579
1208580
1208581
1208582
1208583
1208584
1208611
1208612
1208613
1208614
1208615
1208616
1208617
1208618
1208619
1208620
1208621
1208622
1208623
1208624
1208625
1208626
1208627
1208628
1208629
1208630
1208631
1208632
1208633
1208634
1208635
1208636
1208637
1208638
1208639
1208640
1208641
1208642
1208643
1208644
1208645
1208646
1208647
1208648
1208649
1208650
1208651
1208652
1208653
1208654
1208655
1208656
1208657
1208658
1208659
1208660
1208661
1208662
1208664
1208665
1208666
1208667
1208668
1208669
1208670
1208671
1208672
1208673
1208674
1208675
1208676
1208677
1208678
1208679
1208680
1208681
1208682
1208683
1208684
1208685
1208686
1208687
1208688
1208715
1208716
1208717
1208718
1208719
1208720
1208721
1208722
1208723
1208724
1208725
1208726
1208727
1208728
1208729
1208730
1208731
1208732
1208733
1208734
1208735
1208736
1208737
1208738
1208739
1208740
1208793
1208794
1208795
1208796
1208797
1208798
1208799
1208800
1208801
1208802
1208803
1208804
1208805
1208806
1208807
1208808
1208809
1208810
1208811
1208812
1208813
1208814
1208815
1208816
1208817
1208818
1208819
1208820
1208821
1208822
1208823
1208824
1208825
1208826
1208827
1208828
1208829
1208830
1208831
1208832
1208833
1208834
1208835
1208836
1208837
1208838
1208839
1208840
1208841
1208842
1208843
1208844
1208871
1208872
1208873
1208874
1208875
1208876
1208877
1208878
1208879
1208880
1208881
1208882
1208883
1208884
1208885
1208886
1208887
1208888
1208889
1208890
1208891
1208892
1208893
1208894
1208895
1208896
1208897
1208898
1208899
1208900
1208901
1208902
1208903
1208904
1208905
1208906
1208907
1208908
1208909
1208910
1208911
1208912
1208913
1208914
1208915
1208916
1208917
1208918
1208919
1208920
1208921
1208922
1209001
1209002
1209003
