1209004
1209005
1209006
1209007
1209008
1209009
1209010
1209011
1209012
1209013
1209014
1209015
1209016
1209017
1209018
1209019
1209020
1209021
1209022
1209023
1209024
1209025
1209026
1209053
1209054
1209055
1209056
1209057
1209058
1209059
1209060
1209061
1209062
1209063
1209064
1209065
1209066
1209067
1209068
1209069
1209070
1209071
1209072
1209073
1209074
1209075
1209076
1209077
1209078
1209079
1209080
1209081
1209082
1209083
1209084
1209085
1209086
1209087
1209088
1209089
1209090
1209091
1209092
1209093
1209094
1209095
1209096
1209097
1209098
1209099
1209100
1209101
1209102
1209103
1209104
1209157
1209158
1209159
1209160
1209161
1209162
1209163
1209164
1209165
1209166
1209167
1209168
1209169
1209170
1209171
1209172
1209173
1209174
1209175
1209176
1209177
1209178
1209179
1209180
1209181
1209182
1209183
1209184
1209185
1209186
1209187
1209188
1209189
1209190
1209191
1209192
1209193
1209194
1209195
1209196
1209197
1209198
1209199
1209200
1209201
1209202
1209203
1209204
1209205
1209206
1209207
1209208
1209209
1209210
1209211
1209212
1209213
1209214
1209215
1209216
1209217
1209218
1209219
1209220
1209221
1209222
1209223
1209224
1209225
1209226
1209227
1209228
1209229
1209230
1209231
1209232
1209233
1209234
1209235
1209236
1209237
1209238
1209239
1209240
1209241
1209242
1209243
1209244
1209245
1209246
1209247
1209248
1209249
1209250
1209251
1209252
1209253
1209254
1209255
1209256
1209257
1209258
1209259
1209260
1209339
1209340
1209341
1209342
1209343
1209344
1209345
1209346
1209347
1209348
1209349
1209350
1209351
1209352
1209353
1209354
1209355
1209356
1209357
1209358
1209359
1209360
1209361
1209362
1209363
1209364
1209443
1209444
1209445
1209446
1209447
1209448
1209449
1209450
1209451
1209452
1209453
1209454
1209455
1209456
1209457
1209458
1209459
1209460
1209461
1209462
1209463
1209464
1209465
1209466
1209467
1209468
1209495
1209496
1209497
1209498
1209499
1209500
1209501
1209502
1209503
1209504
1209505
1209506
1209507
1209508
1209509
1209510
1209511
1209512
1209513
1209514
1209515
1209516
1209517
1209518
1209519
1209520
1209599
1209600
1209601
1209602
1209603
1209604
1209605
1209606
1209607
1209608
1209609
1209610
1209611
1209612
1209613
1209614
1209615
1209616
1209617
1209618
1209619
1209620
1209621
1209622
1209623
1209624
1209625
1209626
1209627
1209628
1209629
1209630
1209631
1209632
1209633
1209634
1209635
1209636
1209637
1209638
1209639
1209640
1209641
1209642
1209643
1209644
1209645
1209646
1209647
1209648
1209649
1209650
1209677
1209678
1209679
1209680
1209681
1209682
1209683
1209684
1209685
1209686
1209687
1209688
1209689
1209690
1209691
1209692
1209693
1209694
1209695
1209696
1209697
1209698
1209699
1209700
1209701
1209702
1209703
1209704
1209705
1209706
1209707
1209708
1209709
1209710
1209711
1209712
1209713
1209714
1209715
1209716
1209717
1209718
1209719
1209720
1209721
1209722
1209723
1209724
1209725
1209726
1209727
1209728
1209755
1209756
1209757
1209758
1209759
1209760
1209761
1209762
1209763
1209764
1209765
1209766
1209767
1209768
1209769
1209770
1209771
1209772
1209773
1209774
1209775
1209776
1209777
1209778
1209779
1209780
1209807
1209808
1209809
1209810
1209811
1209812
1209813
1209814
1209815
1209816
1209817
1209818
1209819
1209820
1209821
1209822
1209823
1209824
1209825
1209826
1209827
1209828
1209829
1209830
1209831
1209832
1209833
1209834
1209835
1209836
1209837
1209838
1209839
1209840
1209841
1209842
1209843
1209844
1209845
1209846
1209847
1209848
1209849
1209850
1209851
1209852
1209853
1209854
1209855
1209856
1209857
1209858
1209885
1209886
1209887
1209888
1209889
1209890
1209891
1209892
1209893
1209894
1209895
1209896
1209897
1209898
1209899
1209900
1209901
1209902
1209903
1209904
1209905
1209906
1209907
1209908
1209909
1209910
1209989
1209990
1209991
1209992
1209993
1209994
1209995
1209996
1209997
1209998
1209999
1210000
1210001
1210002
1210003
1210004
1210005
1210006
1210007
1210008
1210009
1210010
1210011
1210012
1210013
1210014
1210067
1210068
1210069
1210070
1210071
1210072
1210073
1210074
1210075
1210076
1210077
1210078
1210079
1210080
1210081
1210082
1210083
1210084
1210085
1210086
1210087
1210088
1210089
1210090
1210091
1210092
1210093
1210094
1210095
1210096
1210097
1210098
1210099
1210100
1210101
1210102
1210103
1210104
1210105
1210106
1210107
1210108
1210109
1210110
1210111
1210112
1210113
1210114
1210115
1210116
1210117
1210118
1210119
1210120
1210121
1210122
1210123
1210124
1210125
1210126
1210127
1210128
1210129
1210130
1210131
1210132
1210133
1210134
1210135
1210136
1210137
1210138
1210139
1210140
1210141
1210142
1210143
1210144
1210145
1210146
1210147
1210148
1210149
1210150
1210151
1210152
1210153
1210154
1210155
1210156
1210157
1210158
1210159
1210160
1210161
1210162
1210163
1210164
1210165
1210166
1210167
1210168
1210169
1210170
1210171
1210172
1210173
1210174
1210175
1210176
1210177
1210178
1210179
1210180
1210181
1210182
1210183
1210184
1210185
1210186
1210187
1210188
1210189
1210190
1210191
1210192
1210193
1210194
1210195
1210196
1210249
1210250
1210251
1210252
1210253
1210254
1210255
1210256
1210257
1210258
1210259
1210260
1210261
1210262
1210263
1210264
1210265
1210266
1210267
1210268
1210269
1210270
1210271
1210272
1210273
1210274
1210275
1210276
1210277
1210278
1210279
1210280
1210281
1210282
1210283
1210284
1210285
1210286
1210287
1210288
1210289
1210290
1210291
1210292
1210293
1210294
1210295
1210296
1210297
1210298
1210299
1210300
1210301
1210302
1210303
1210304
1210305
1210306
1210307
1210308
1210309
1210310
1210311
1210312
1210313
1210314
1210315
1210316
1210317
1210318
1210319
1210320
1210321
1210322
1210323
1210324
1210325
1210326
1210327
1210328
1210329
1210330
1210331
1210332
1210333
1210334
1210335
1210336
1210337
1210338
1210339
1210340
1210341
1210342
1210343
1210344
1210345
1210346
1210347
1210348
1210349
1210350
1210351
1210352
1210353
1210354
1210355
1210356
1210357
1210358
1210359
1210360
1210361
1210362
1210363
1210364
1210365
1210366
1210367
1210368
1210369
1210370
1210371
1210372
1210373
1210374
1210375
1210376
1210377
1210378
1210431
1210432
1210433
1210434
1210435
1210436
1210437
1210438
1210439
1210440
1210441
1210442
1210443
1210444
1210445
1210446
1210447
1210448
1210449
1210450
1210451
1210452
1210453
1210454
1210455
1210456
1210457
1210458
1210459
1210460
1210461
1210462
1210463
1210464
1210465
1210466
1210467
1210468
1210469
1210470
1210471
1210472
1210473
1210474
1210475
1210476
1210477
1210478
1210479
1210480
1210481
1210482
1210483
1210484
1210485
1210486
1210487
1210488
1210489
1210490
1210491
1210492
1210493
1210494
1210495
1210496
1210497
1210498
1210499
1210500
1210501
1210502
1210503
1210504
1210505
1210506
1210507
1210508
1210561
1210562
1210563
1210564
1210565
1210566
1210567
1210568
1210569
1210570
1210571
1210572
1210573
1210574
1210575
1210576
1210577
1210578
1210579
1210580
1210581
1210582
1210583
1210584
1210585
1210586
1210743
1210744
1210745
1210746
1210747
1210748
1210749
1210750
1210751
1210752
1210753
1210754
1210755
1210756
1210757
1210758
1210759
1210760
1210761
1210762
1210763
1210764
1210765
1210766
1210767
1210768
1210769
1210770
1210771
1210772
1210773
1210774
1210775
1210776
1210777
1210778
1210779
1210780
1210781
1210782
1210783
1210784
1210785
1210786
1210787
1210788
1210789
1210790
1210791
1210792
1210793
1210794
1210821
1210822
1210823
1210824
1210825
1210826
1210827
1210828
1210829
1210830
1210831
1210832
1210833
1210834
1210835
1210836
1210837
1210838
1210839
1210840
1210841
1210842
1210843
1210844
1210845
1210846
1211029
1211030
1211031
1211032
1211033
1211034
1211035
1211036
1211037
1211038
1211039
1211040
1211041
1211042
1211043
1211044
1211045
1211046
1211047
1211048
1211049
1211050
1211051
1211052
1211053
1211054
1211185
1211186
1211187
1211188
1211189
1211190
1211191
1211192
1211193
1211194
1211195
1211196
1211197
1211198
1211199
1211200
1211201
1211202
1211203
1211204
1211205
1211206
1211207
1211208
1211209
1211210
1211211
1211212
1211213
1211214
1211215
1211216
1211217
1211218
1211219
1211220
1211221
1211222
1211223
1211224
1211225
1211226
1211227
1211228
1211229
1211230
1211231
1211232
1211233
1211234
1211235
1211236
1211315
1211316
1211317
1211318
1211319
1211320
1211321
1211322
1211323
1211324
1211325
1211326
1211327
1211328
1211329
1211330
1211331
1211332
1211333
1211334
1211335
1211336
1211337
1211338
1211339
1211340
1211367
1211368
1211369
1211370
1211371
1211372
1211373
1211374
1211375
1211376
1211377
1211378
1211379
1211380
1211381
1211382
1211383
1211384
1211385
1211386
1211387
1211388
1211389
1211390
1211391
1211392
1211419
1211420
1211421
1211422
1211423
1211424
1211425
1211426
1211427
1211428
1211429
1211430
1211431
1211432
1211433
1211434
1211435
1211436
1211437
1211438
1211439
1211440
1211441
1211442
1211443
1211444
1211445
1211446
1211447
1211448
1211449
1211450
1211451
1211452
1211453
1211454
1211455
1211456
1211457
1211458
1211459
1211460
1211461
1211462
1211463
1211464
1211465
1211466
1211467
1211468
1211469
1211470
1211549
1211550
1211551
1211552
1211553
1211554
1211555
1211556
1211557
1211558
1211559
1211560
1211561
1211562
1211563
1211564
1211565
1211566
1211567
1211568
1211569
1211570
1211571
1211572
1211573
1211574
1211627
1211628
1211629
1211630
1211631
1211632
1211633
1211634
1211635
1211636
1211637
1211638
1211639
1211640
1211641
1211642
1211643
1211644
1211645
1211647
1211648
1211649
1211650
1211651
1211652
1211653
1211654
1211655
1211656
1211657
1211658
1211659
1211660
1211661
1211662
1211663
1211664
1211665
1211666
1211667
1211668
1211669
1211670
1211671
1211672
1211673
1211674
1211675
1211676
1211677
1211678
1211861
1211862
1211863
1211864
1211865
1211866
1211867
1211868
1211869
1211870
1211871
1211872
1211873
1211874
1211875
1211876
1211877
1211878
1211879
1211880
1211881
1211882
1211883
1211884
1211885
1211886
1211887
1211888
1211889
1211890
1211891
1211892
1211893
1211894
1211895
1211896
1211897
1211898
1211899
1211900
1211901
1211902
1211903
1211904
1211905
1211906
1211907
1211908
1211909
1211910
1211911
1211912
1211991
1211992
1211993
1211994
1211995
1211996
1211997
1211998
1211999
1212000
1212001
1212002
1212003
1212004
1212005
1212006
1212007
1212008
1212009
1212010
1212011
1212012
1212013
1212014
1212015
1212016
1212043
1212044
1212045
1212046
1212047
1212048
1212049
1212050
1212051
1212052
1212053
1212054
1212055
1212056
1212057
1212058
1212059
1212060
1212061
1212062
1212063
1212064
1212065
1212066
1212067
1212068
1212069
1212070
1212071
1212072
1212073
1212074
1212075
1212076
1212077
1212078
1212079
1212080
1212081
1212082
1212083
1212084
1212085
1212086
1212087
1212088
1212089
1212090
1212091
1212092
1212093
1212094
1212121
1212122
1212123
1212124
1212125
1212126
1212127
1212128
1212129
1212130
1212131
1212132
1212133
1212134
1212135
1212136
1212137
1212138
1212139
1212140
1212141
1212142
1212143
1212144
1212145
1212146
1212199
1212200
1212201
1212202
1212203
1212204
1212205
1212206
1212207
1212208
1212209
1212210
1212211
1212212
1212213
1212214
1212215
1212216
1212217
1212218
1212219
1212220
1212221
1212222
1212223
1212224
1212225
1212226
1212227
1212228
1212229
1212230
1212231
1212232
1212233
1212234
1212235
1212236
1212237
1212238
1212239
1212240
1212241
1212242
1212243
1212244
1212245
1212246
1212247
1212248
1212249
1212250
1212277
1212278
1212279
1212280
1212281
1212282
1212283
1212284
1212285
1212286
1212287
1212288
1212289
1212290
1212291
1212292
1212293
1212294
1212295
1212296
1212297
1212298
1212299
1212300
1212301
1212302
1212329
1212330
1212331
1212332
1212333
1212334
1212335
1212336
1212337
1212338
1212339
1212340
1212341
1212342
1212343
1212344
1212345
1212346
1212347
1212348
1212349
1212350
1212351
1212352
1212353
1212354
1212433
1212434
1212435
1212436
1212437
1212438
1212439
1212440
1212441
1212442
1212443
1212444
1212445
1212446
1212447
1212448
1212449
1212450
1212451
1212452
1212453
1212454
1212455
1212456
1212457
1212458
1212459
1212460
1212461
1212462
1212463
1212464
1212465
1212466
1212467
1212468
1212469
1212470
1212471
1212472
1212473
1212474
1212475
1212476
1212477
1212478
1212479
1212480
1212481
1212482
1212483
1212484
1212485
1212486
1212487
1212488
1212489
1212490
1212491
1212492
1212493
1212494
1212495
1212496
1212497
1212498
1212499
1212500
1212501
1212502
1212503
1212504
1212505
1212506
1212507
1212508
1212509
1212510
1212511
1212512
1212513
1212514
1212515
1212516
1212517
1212518
1212519
1212520
1212521
1212522
1212523
1212524
1212525
1212526
1212527
1212528
1212529
1212530
1212531
1212532
1212533
1212534
1212535
1212536
1212615
1212616
1212617
1212618
1212619
1212620
1212621
1212622
1212623
1212624
1212625
1212626
1212627
1212628
1212629
1212630
1212631
1212632
1212633
1212634
1212635
1212636
1212637
1212638
1212639
1212640
1212693
1212694
1212695
1212696
1212697
1212698
1212699
1212700
1212701
1212702
1212703
1212704
1212705
1212706
1212707
1212708
1212709
1212710
1212711
1212712
1212713
1212714
1212715
1212716
1212717
1212718
1212745
1212746
1212747
1212748
1212749
1212750
1212751
1212752
1212753
1212754
1212755
1212756
1212757
1212758
1212759
1212760
1212761
1212762
1212763
1212764
1212765
1212766
1212767
1212768
1212769
1212770
1212771
1212772
1212773
1212774
1212775
1212776
1212777
1212778
1212779
1212780
1212781
1212782
1212783
1212784
1212785
1212786
1212787
1212788
1212789
1212790
1212791
1212792
1212793
1212794
1212795
1212796
1212823
1212824
1212825
1212826
1212827
1212828
1212829
1212830
1212831
1212832
1212833
1212834
1212835
1212836
1212837
1212838
1212839
1212840
1212841
1212842
1212843
1212844
1212845
1212846
1212847
1212848
1212875
1212876
1212877
1212878
1212879
1212880
1212881
1212882
1212883
1212884
1212885
1212886
1212887
1212888
1212889
1212890
1212891
1212892
1212893
1212894
1212895
1212896
1212897
1212898
1212899
1212900
1212953
1212954
1212955
1212956
1212957
1212958
1212959
1212960
1212961
1212962
1212963
1212964
1212965
1212966
1212967
1212968
1212969
1212970
1212971
1212972
1212973
1212974
1212975
1212976
1212977
1212978
1213005
1213006
1213007
1213008
1213009
1213010
1213011
1213012
1213013
1213014
1213015
1213016
1213017
1213018
1213019
1213020
1213021
1213022
1213023
1213024
1213025
1213026
1213027
1213028
1213029
1213030
1213057
1213058
1213059
1213060
1213061
1213062
1213063
1213064
1213065
1213066
1213067
1213068
1213069
1213070
1213071
1213072
1213073
1213074
1213075
1213076
1213077
1213078
1213079
1213080
1213081
1213082
1213083
1213084
1213085
1213086
1213087
1213088
1213089
1213090
1213091
1213092
1213093
1213094
1213095
1213096
1213097
1213098
1213099
1213100
1213101
1213102
1213103
1213104
1213105
1213106
1213107
1213108
1213161
1213162
1213163
1213164
1213165
1213166
1213167
1213168
1213169
1213170
1213171
1213172
1213173
1213174
1213175
1213176
1213177
1213178
1213179
1213180
1213181
1213182
1213183
1213184
1213185
1213186
1213265
1213266
1213267
1213268
1213269
1213270
1213271
1213272
1213273
1213274
1213275
1213276
1213277
1213278
1213279
1213280
1213281
1213282
1213283
1213284
1213285
1213286
1213287
1213288
1213289
1213290
1213395
1213396
1213397
1213398
1213399
1213400
1213401
1213402
1213403
1213404
1213405
1213406
1213407
1213408
1213409
1213410
1213411
1213412
1213413
1213414
1213415
1213416
1213417
1213418
1213419
1213420
1213421
1213422
1213423
1213424
1213425
1213426
1213427
1213428
1213429
1213430
1213431
1213432
1213433
1213434
1213435
1213436
1213437
1213438
1213439
1213440
1213441
1213442
1213443
1213444
1213445
1213446
1213447
1213448
1213449
1213450
1213451
1213452
1213453
1213454
1213455
1213456
1213457
1213458
1213459
1213460
1213461
1213462
1213463
1213464
1213465
1213466
1213467
1213468
1213469
1213470
1213471
1213472
1213525
1213526
1213527
1213528
1213529
1213530
1213531
1213532
1213533
1213534
1213535
1213536
1213537
1213538
1213539
1213540
1213541
1213542
1213543
1213544
1213545
1213546
1213547
1213548
1213549
1213550
1213551
1213552
1213553
1213554
1213555
1213556
1213557
1213558
1213559
1213560
1213561
1213562
1213563
1213564
1213565
1213566
1213567
1213568
1213569
1213570
1213571
1213572
1213573
1213574
1213575
1213576
1213577
1213578
1213579
1213580
1213581
1213582
1213583
1213584
1213585
1213586
1213587
1213588
1213589
1213590
1213591
1213592
1213593
1213594
1213595
1213596
1213597
1213598
1213599
1213600
1213601
1213602
1213629
1213630
1213631
1213632
1213633
1213634
1213635
1213636
1213637
1213638
1213639
1213640
1213641
1213642
1213643
1213644
1213645
1213646
1213647
1213648
1213649
1213650
1213651
1213652
1213653
1213654
1213681
1213682
1213683
1213684
1213685
1213686
1213687
1213688
1213689
1213690
1213691
1213692
1213693
1213694
1213695
1213696
1213697
1213698
1213699
1213700
1213701
1213702
1213703
1213704
1213705
1213706
1213733
1213734
1213735
1213736
1213737
1213738
1213739
1213740
1213741
1213742
1213743
1213744
1213745
1213746
1213747
1213748
1213749
1213750
1213751
1213752
1213753
1213754
1213755
1213756
1213757
1213758
1213811
1213812
1213813
1213814
1213815
1213816
1213817
1213818
1213819
1213820
1213821
1213822
1213823
1213824
1213825
1213826
1213827
1213828
1213829
1213830
1213831
1213832
1213833
1213834
1213835
1213836
1213837
1213838
1213839
1213840
1213841
1213842
1213843
1213844
1213845
1213846
1213847
1213848
1213849
1213850
1213851
1213852
1213853
1213854
1213855
1213856
1213857
1213858
1213859
1213860
1213861
1213862
1213863
1213864
1213865
1213866
1213867
1213868
1213869
1213870
1213871
1213872
1213873
1213874
1213875
1213876
1213877
1213878
1213879
1213880
1213881
1213882
1213883
1213884
1213885
1213886
1213887
1213888
1213915
1213916
1213917
1213918
1213919
1213920
1213921
1213922
1213923
1213924
1213925
1213926
1213927
1213928
1213929
1213930
1213931
1213932
1213933
1213934
1213935
1213936
1213937
1213938
1213939
1213940
1213941
1213942
1213943
1213944
1213945
1213946
1213947
1213948
1213949
1213950
1213951
1213952
1213953
1213954
1213955
1213956
1213957
1213958
1213959
1213960
1213961
1213962
1213963
1213964
1213965
1213966
1214045
1214046
1214047
1214048
1214049
1214050
1214051
1214052
1214053
1214054
1214055
1214056
1214057
1214058
1214059
1214060
1214061
1214062
1214063
1214064
1214065
1214066
1214067
1214068
1214069
1214070
1214149
1214150
1214151
1214152
1214153
1214154
1214155
1214156
1214157
1214158
1214159
1214160
1214161
1214162
1214163
1214164
1214165
1214166
1214167
1214168
1214169
1214170
1214171
1214172
1214173
1214174
1214201
1214202
1214203
1214204
1214205
1214206
1214207
1214208
1214209
1214210
1214211
1214212
1214213
1214214
1214215
1214216
1214217
1214218
1214219
1214220
1214221
1214222
1214223
1214224
1214225
1214226
1214253
1214254
1214255
1214256
1214257
1214258
1214259
1214260
1214261
1214262
1214263
1214264
1214265
1214266
1214267
1214268
1214269
1214270
1214271
1214272
1214273
1214274
1214275
1214276
1214277
1214278
1214305
1214306
1214307
1214308
1214309
1214310
1214311
1214312
1214313
1214314
1214315
1214316
1214317
1214319
1214320
1214321
1214322
1214323
1214324
1214325
1214326
1214327
1214328
1214329
1214330
1214331
1214332
1214333
1214334
1214335
1214336
1214337
1214338
1214339
1214340
1214341
1214342
1214343
1214344
1214345
1214346
1214347
1214348
1214349
1214350
1214351
1214352
1214353
1214354
1214355
1214356
1214357
1214358
1214359
1214360
1214361
1214362
1214363
1214364
1214365
1214366
1214367
1214368
1214369
1214370
1214371
1214372
1214373
1214374
1214375
1214376
1214377
1214378
1214379
1214380
1214381
1214382
1214461
1214462
1214463
1214464
1214465
1214466
1214467
1214468
1214469
1214470
1214471
1214472
1214473
1214474
1214475
1214476
1214477
1214478
1214479
1214480
1214481
1214482
1214483
1214484
1214485
1214486
1214669
1214670
1214671
1214672
1214673
1214674
1214675
1214676
1214677
1214678
1214679
1214680
1214681
1214682
1214683
1214684
1214685
1214686
1214687
1214688
1214689
1214690
1214691
1214692
1214693
1214694
1214773
1214774
1214775
1214776
1214777
1214778
1214779
1214780
1214781
1214782
1214783
1214784
1214785
1214786
1214787
1214788
1214789
1214790
1214791
1214792
1214793
1214794
1214795
1214796
1214797
1214798
1214799
1214800
1214801
1214802
1214803
1214804
1214805
1214806
1214807
1214808
1214809
1214810
1214811
1214812
1214813
1214814
1214815
1214816
1214817
1214818
1214819
1214820
1214821
1214822
1214823
1214824
1214851
1214852
1214853
1214854
1214855
1214856
1214857
1214858
1214859
1214860
1214861
1214862
1214863
1214864
1214865
1214866
1214867
1214868
1214869
1214870
1214871
1214872
1214873
1214874
1214875
1214876
1214878
1214879
1214880
1214881
1214882
1214883
1214884
1214885
1214886
1214887
1214888
1214889
1214890
1214891
1214892
1214893
1214894
1214895
1214896
1214897
1214898
1214899
1214900
1214901
1214902
1214955
1214956
1214957
1214958
1214959
1214960
1214961
1214962
1214963
1214964
1214965
1214966
1214967
1214968
1214969
1214970
1214971
1214972
1214973
1214974
1214975
1214976
1214977
1214978
1214979
1214980
1215059
1215060
1215061
1215062
1215063
1215064
1215065
1215066
1215067
1215068
1215069
1215070
1215071
1215072
1215073
1215074
1215075
1215076
1215077
1215078
1215079
1215080
1215081
1215082
1215083
1215084
1215085
1215086
1215087
1215088
1215089
1215090
1215091
1215092
1215093
1215094
1215095
1215096
1215097
1215098
1215099
1215100
1215101
1215102
1215103
1215104
1215105
1215106
1215107
1215108
1215109
1215110
1215137
1215138
1215139
1215140
1215141
1215142
1215143
1215144
1215145
1215146
1215147
1215148
1215149
1215150
1215151
1215152
1215153
1215154
1215155
1215156
1215157
1215158
1215159
1215160
1215161
1215162
1215189
1215190
1215191
1215192
1215193
1215194
1215195
1215196
1215197
1215198
1215199
1215200
1215201
1215202
1215203
1215204
1215205
1215206
1215207
1215208
1215209
1215210
1215211
1215212
1215213
1215214
1215215
1215216
1215217
1215218
1215219
1215220
1215221
1215222
1215223
1215224
1215225
1215226
1215227
1215228
1215229
1215230
1215231
1215233
1215234
1215235
1215236
1215237
1215238
1215239
1215240
