1215319
1215320
1215321
1215322
1215323
1215324
1215325
1215326
1215327
1215328
1215329
1215330
1215331
1215332
1215333
1215334
1215335
1215336
1215337
1215338
1215339
1215340
1215341
1215342
1215343
1215344
1215423
1215424
1215425
1215426
1215427
1215428
1215429
1215430
1215431
1215432
1215433
1215434
1215435
1215436
1215437
1215438
1215439
1215440
1215441
1215442
1215443
1215444
1215445
1215446
1215447
1215448
1215449
1215450
1215451
1215452
1215453
1215454
1215455
1215456
1215457
1215458
1215459
1215460
1215461
1215462
1215463
1215464
1215465
1215466
1215467
1215468
1215469
1215470
1215471
1215472
1215473
1215474
1215501
1215502
1215503
1215504
1215505
1215506
1215507
1215508
1215509
1215510
1215511
1215512
1215513
1215514
1215515
1215516
1215517
1215518
1215519
1215520
1215521
1215522
1215523
1215524
1215525
1215526
1215527
1215528
1215529
1215530
1215531
1215532
1215533
1215534
1215535
1215536
1215537
1215538
1215539
1215540
1215541
1215542
1215543
1215544
1215545
1215546
1215547
1215548
1215549
1215550
1215551
1215552
1215579
1215580
1215581
1215582
1215583
1215584
1215585
1215586
1215587
1215588
1215589
1215590
1215591
1215592
1215593
1215594
1215595
1215596
1215597
1215598
1215599
1215600
1215601
1215602
1215603
1215604
1215605
1215606
1215607
1215608
1215609
1215610
1215611
1215612
1215613
1215614
1215615
1215616
1215617
1215618
1215619
1215620
1215621
1215622
1215623
1215624
1215625
1215626
1215627
1215628
1215629
1215630
1215631
1215632
1215633
1215634
1215635
1215636
1215637
1215638
1215639
1215640
1215641
1215642
1215643
1215644
1215645
1215646
1215647
1215648
1215649
1215650
1215651
1215652
1215653
1215654
1215655
1215656
1215683
1215684
1215685
1215686
1215687
1215688
1215689
1215690
1215691
1215692
1215693
1215694
1215695
1215696
1215697
1215698
1215699
1215700
1215701
1215702
1215703
1215704
1215705
1215706
1215707
1215708
1215709
1215710
1215711
1215712
1215713
1215714
1215715
1215716
1215717
1215718
1215719
1215720
1215721
1215722
1215723
1215724
1215725
1215726
1215727
1215728
1215729
1215730
1215731
1215732
1215733
1215734
1215735
1215736
1215737
1215738
1215739
1215740
1215741
1215742
1215743
1215744
1215745
1215746
1215747
1215748
1215749
1215750
1215751
1215752
1215753
1215754
1215755
1215756
1215757
1215758
1215759
1215760
1215761
1215762
1215763
1215764
1215765
1215766
1215767
1215768
1215769
1215770
1215771
1215772
1215773
1215774
1215775
1215776
1215777
1215778
1215779
1215780
1215781
1215782
1215783
1215784
1215785
1215786
1215787
1215788
1215789
1215790
1215791
1215792
1215793
1215794
1215795
1215796
1215797
1215798
1215799
1215800
1215801
1215802
1215803
1215804
1215805
1215806
1215807
1215808
1215809
1215810
1215811
1215812
1215969
1215970
1215971
1215972
1215973
1215974
1215975
1215976
1215977
1215978
1215979
1215980
1215981
1215982
1215983
1215984
1215985
1215986
1215987
1215988
1215989
1215990
1215991
1215992
1215993
1215994
1215995
1215996
1215997
1215998
1215999
1216000
1216001
1216002
1216003
1216004
1216005
1216006
1216007
1216008
1216009
1216010
1216011
1216012
1216013
1216014
1216015
1216016
1216017
1216018
1216019
1216020
1216047
1216048
1216049
1216050
1216051
1216052
1216053
1216054
1216055
1216056
1216057
1216058
1216059
1216060
1216061
1216062
1216063
1216064
1216065
1216066
1216067
1216068
1216069
1216070
1216071
1216072
1216099
1216100
1216101
1216102
1216103
1216104
1216105
1216106
1216107
1216108
1216109
1216110
1216111
1216112
1216113
1216114
1216115
1216116
1216117
1216118
1216119
1216120
1216121
1216122
1216123
1216124
1216151
1216152
1216153
1216154
1216155
1216156
1216157
1216158
1216159
1216160
1216161
1216162
1216163
1216164
1216165
1216166
1216167
1216168
1216169
1216170
1216171
1216172
1216173
1216174
1216175
1216176
1216203
1216204
1216205
1216206
1216207
1216208
1216209
1216210
1216211
1216212
1216213
1216214
1216215
1216216
1216217
1216218
1216219
1216220
1216221
1216222
1216223
1216224
1216225
1216226
1216227
1216228
1216307
1216308
1216309
1216310
1216311
1216312
1216313
1216314
1216315
1216316
1216317
1216318
1216319
1216320
1216321
1216322
1216323
1216324
1216325
1216326
1216327
1216328
1216329
1216330
1216331
1216332
1216359
1216360
1216361
1216362
1216363
1216364
1216365
1216366
1216367
1216368
1216369
1216370
1216371
1216372
1216373
1216374
1216375
1216376
1216377
1216378
1216379
1216380
1216381
1216382
1216383
1216384
1216385
1216386
1216387
1216388
1216389
1216390
1216391
1216392
1216393
1216394
1216395
1216396
1216397
1216398
1216399
1216400
1216401
1216402
1216403
1216404
1216405
1216406
1216407
1216408
1216409
1216410
1216489
1216490
1216491
1216492
1216493
1216494
1216495
1216496
1216497
1216498
1216499
1216500
1216501
1216502
1216503
1216504
1216505
1216506
1216507
1216508
1216509
1216510
1216511
1216512
1216513
1216514
1216515
1216516
1216517
1216518
1216519
1216520
1216521
1216522
1216523
1216524
1216525
1216526
1216527
1216528
1216529
1216530
1216531
1216532
1216533
1216534
1216535
1216536
1216537
1216538
1216539
1216540
1216567
1216568
1216569
1216570
1216571
1216572
1216573
1216574
1216575
1216576
1216577
1216578
1216579
1216580
1216581
1216582
1216583
1216584
1216585
1216586
1216587
1216588
1216589
1216590
1216591
1216592
1216593
1216594
1216595
1216596
1216597
1216598
1216599
1216600
1216601
1216602
1216603
1216604
1216605
1216606
1216607
1216608
1216609
1216610
1216611
1216612
1216613
1216614
1216615
1216616
1216617
1216618
1216619
1216620
1216621
1216622
1216623
1216624
1216625
1216626
1216627
1216628
1216629
1216630
1216631
1216632
1216633
1216634
1216635
1216636
1216637
1216638
1216639
1216640
1216641
1216642
1216643
1216644
1216671
1216672
1216673
1216674
1216675
1216676
1216677
1216678
1216679
1216680
1216681
1216682
1216683
1216684
1216685
1216686
1216687
1216688
1216689
1216690
1216691
1216692
1216693
1216694
1216695
1216696
1216697
1216698
1216699
1216700
1216701
1216702
1216703
1216704
1216705
1216706
1216707
1216708
1216709
1216710
1216711
1216712
1216713
1216714
1216715
1216716
1216717
1216718
1216719
1216720
1216721
1216722
1216749
1216750
1216751
1216752
1216753
1216754
1216755
1216756
1216757
1216758
1216759
1216760
1216761
1216762
1216763
1216764
1216765
1216766
1216767
1216768
1216769
1216770
1216771
1216772
1216773
1216774
1216775
1216776
1216777
1216778
1216779
1216780
1216781
1216782
1216783
1216784
1216785
1216786
1216787
1216788
1216789
1216790
1216791
1216792
1216793
1216794
1216795
1216796
1216797
1216798
1216799
1216800
1216853
1216854
1216855
1216856
1216857
1216858
1216859
1216860
1216861
1216862
1216863
1216864
1216865
1216866
1216867
1216868
1216869
1216870
1216871
1216873
1216874
1216875
1216876
1216877
1216878
1216879
1216880
1216881
1216882
1216883
1216884
1216885
1216886
1216887
1216888
1216889
1216890
1216891
1216892
1216893
1216894
1216895
1216896
1216897
1216898
1216899
1216900
1216901
1216902
1216903
1216904
1217035
1217036
1217037
1217038
1217039
1217040
1217041
1217042
1217043
1217044
1217045
1217046
1217047
1217048
1217049
1217050
1217051
1217052
1217053
1217054
1217055
1217056
1217057
1217058
1217059
1217060
1217087
1217088
1217089
1217090
1217091
1217092
1217093
1217094
1217095
1217096
1217097
1217098
1217099
1217100
1217101
1217102
1217103
1217104
1217105
1217106
1217107
1217108
1217109
1217110
1217111
1217112
1217139
1217140
1217141
1217142
1217143
1217144
1217145
1217146
1217147
1217148
1217149
1217150
1217151
1217152
1217153
1217154
1217155
1217156
1217157
1217158
1217159
1217160
1217161
1217162
1217163
1217164
1217165
1217166
1217167
1217168
1217169
1217170
1217171
1217172
1217173
1217174
1217175
1217176
1217177
1217178
1217179
1217180
1217181
1217182
1217183
1217184
1217185
1217186
1217187
1217188
1217189
1217190
1217243
1217244
1217245
1217246
1217247
1217248
1217249
1217250
1217251
1217252
1217253
1217254
1217255
1217256
1217257
1217258
1217259
1217260
1217261
1217262
1217263
1217264
1217265
1217266
1217267
1217268
1217269
1217270
1217271
1217272
1217273
1217274
1217275
1217276
1217277
1217278
1217279
1217280
1217281
1217282
1217283
1217284
1217285
1217286
1217287
1217288
1217289
1217290
1217291
1217292
1217293
1217294
1217321
1217322
1217323
1217324
1217325
1217326
1217327
1217328
1217329
1217330
1217331
1217332
1217333
1217334
1217335
1217336
1217337
1217338
1217339
1217340
1217341
1217342
1217343
1217344
1217345
1217346
1217373
1217374
1217375
1217376
1217377
1217378
1217379
1217380
1217381
1217382
1217383
1217384
1217385
1217386
1217387
1217388
1217389
1217390
1217391
1217392
1217393
1217394
1217395
1217396
1217397
1217398
1217399
1217400
1217401
1217402
1217403
1217404
1217405
1217406
1217407
1217408
1217409
1217410
1217411
1217412
1217413
1217414
1217415
1217416
1217417
1217418
1217419
1217420
1217421
1217422
1217423
1217424
1217451
1217452
1217453
1217454
1217455
1217456
1217457
1217458
1217459
1217460
1217461
1217462
1217463
1217464
1217465
1217466
1217467
1217468
1217469
1217470
1217471
1217472
1217473
1217474
1217475
1217476
1217477
1217478
1217479
1217480
1217481
1217482
1217483
1217484
1217485
1217486
1217487
1217488
1217489
1217490
1217491
1217492
1217493
1217494
1217495
1217496
1217497
1217498
1217499
1217500
1217501
1217502
1217555
1217556
1217557
1217558
1217559
1217560
1217561
1217562
1217563
1217564
1217565
1217566
1217567
1217568
1217569
1217570
1217571
1217572
1217573
1217574
1217575
1217576
1217577
1217578
1217579
1217580
1217607
1217608
1217609
1217610
1217611
1217612
1217613
1217614
1217615
1217616
1217617
1217618
1217619
1217620
1217621
1217622
1217623
1217624
1217625
1217626
1217627
1217628
1217629
1217630
1217631
1217632
1217633
1217634
1217635
1217636
1217637
1217638
1217639
1217640
1217641
1217642
1217643
1217644
1217645
1217646
1217647
1217648
1217649
1217650
1217651
1217652
1217653
1217654
1217655
1217656
1217657
1217658
1217659
1217660
1217661
1217662
1217663
1217664
1217665
1217666
1217667
1217668
1217669
1217670
1217671
1217672
1217673
1217674
1217675
1217676
1217677
1217678
1217679
1217680
1217681
1217682
1217683
1217684
1217685
1217686
1217687
1217688
1217689
1217690
1217691
1217692
1217693
1217694
1217695
1217696
1217697
1217698
1217699
1217700
1217701
1217702
1217703
1217704
1217705
1217706
1217707
1217708
1217709
1217710
1217763
1217764
1217765
1217766
1217767
1217768
1217769
1217770
1217771
1217772
1217773
1217774
1217775
1217776
1217777
1217778
1217779
1217780
1217781
1217782
1217783
1217784
1217785
1217786
1217787
1217788
1217867
1217868
1217869
1217870
1217871
1217872
1217873
1217874
1217875
1217876
1217877
1217878
1217879
1217880
1217881
1217882
1217883
1217884
1217885
1217886
1217887
1217888
1217889
1217890
1217891
1217892
1217893
1217894
1217895
1217896
1217897
1217898
1217899
1217900
1217901
1217902
1217903
1217904
1217905
1217906
1217907
1217908
1217909
1217910
1217911
1217912
1217913
1217914
1217915
1217916
1217917
1217918
1217919
1217920
1217921
1217922
1217923
1217924
1217925
1217926
1217927
1217928
1217929
1217930
1217931
1217932
1217933
1217934
1217935
1217936
1217937
1217938
1217939
1217940
1217941
1217942
1217943
1217944
1217971
1217972
1217973
1217974
1217975
1217976
1217977
1217978
1217979
1217980
1217981
1217982
1217983
1217984
1217985
1217986
1217987
1217988
1217989
1217990
1217991
1217992
1217993
1217994
1217995
1217996
1217997
1217998
1217999
1218000
1218001
1218002
1218003
1218004
1218005
1218006
1218007
1218008
1218009
1218010
1218011
1218012
1218013
1218014
1218015
1218016
1218017
1218018
1218019
1218020
1218021
1218022
1218049
1218050
1218051
1218052
1218053
1218054
1218055
1218056
1218057
1218058
1218059
1218060
1218061
1218062
1218063
1218064
1218065
1218066
1218067
1218068
1218069
1218070
1218071
1218072
1218073
1218074
1218075
1218076
1218077
1218078
1218079
1218080
1218081
1218082
1218083
1218084
1218085
1218086
1218087
1218088
1218089
1218090
1218091
1218092
1218093
1218094
1218095
1218096
1218097
1218098
1218099
1218100
1218101
1218102
1218103
1218104
1218105
1218106
1218107
1218108
1218109
1218110
1218111
1218112
1218113
1218114
1218115
1218116
1218117
1218118
1218119
1218120
1218121
1218122
1218123
1218124
1218125
1218126
1218153
1218154
1218155
1218156
1218157
1218158
1218159
1218160
1218161
1218162
1218163
1218164
1218165
1218166
1218167
1218168
1218169
1218170
1218171
1218172
1218173
1218174
1218175
1218176
1218177
1218178
1218179
1218180
1218181
1218182
1218183
1218184
1218185
1218186
1218187
1218188
1218189
1218190
1218191
1218192
1218193
1218194
1218195
1218196
1218197
1218198
1218199
1218200
1218201
1218202
1218203
1218204
1218205
1218206
1218207
1218208
1218209
1218210
1218211
1218212
1218213
1218214
1218215
1218216
1218217
1218218
1218219
1218220
1218221
1218222
1218223
1218224
1218225
1218226
1218227
1218228
1218229
1218230
1218335
1218336
1218337
1218338
1218339
1218340
1218341
1218342
1218343
1218344
1218345
1218346
1218347
1218348
1218349
1218350
1218351
1218352
1218353
1218354
1218355
1218356
1218357
1218358
1218359
1218360
1218361
1218362
1218363
1218364
1218365
1218366
1218367
1218368
1218369
1218370
1218371
1218372
1218373
1218374
1218375
1218376
1218377
1218378
1218379
1218380
1218381
1218382
1218383
1218384
1218385
1218386
1218387
1218388
1218389
1218390
1218391
1218392
1218393
1218394
1218395
1218396
1218397
1218398
1218399
1218400
1218401
1218402
1218403
1218404
1218405
1218406
1218407
1218408
1218409
1218410
1218411
1218412
1218465
1218466
1218467
1218468
1218469
1218470
1218471
1218472
1218473
1218474
1218475
1218476
1218477
1218478
1218479
1218480
1218481
1218482
1218483
1218484
1218485
1218486
1218487
1218488
1218489
1218490
1218491
1218492
1218493
1218494
1218495
1218496
1218497
1218498
1218499
1218500
1218501
1218502
1218503
1218504
1218505
1218506
1218507
1218508
1218509
1218510
1218511
1218512
1218513
1218514
1218515
1218516
1218543
1218544
1218545
1218546
1218547
1218548
1218549
1218550
1218551
1218552
1218553
1218554
1218555
1218556
1218557
1218558
1218559
1218560
1218561
1218562
1218563
1218564
1218565
1218566
1218567
1218568
1218569
1218570
1218571
1218572
1218573
1218574
1218575
1218576
1218577
1218578
1218579
1218580
1218581
1218582
1218583
1218584
1218585
1218586
1218587
1218588
1218589
1218590
1218591
1218592
1218593
1218594
1218647
1218648
1218649
1218650
1218651
1218652
1218653
1218654
1218655
1218656
1218657
1218658
1218659
1218660
1218661
1218662
1218663
1218664
1218665
1218666
1218667
1218668
1218669
1218670
1218671
1218672
1218699
1218700
1218701
1218702
1218703
1218704
1218705
1218706
1218707
1218708
1218709
1218710
1218711
1218712
1218713
1218714
1218715
1218716
1218717
1218718
1218719
1218720
1218721
1218722
1218723
1218724
1218751
1218752
1218753
1218754
1218755
1218756
1218757
1218758
1218759
1218760
1218761
1218762
1218763
1218764
1218765
1218766
1218767
1218768
1218769
1218770
1218771
1218772
1218773
1218774
1218775
1218776
1218829
1218830
1218831
1218832
1218833
1218834
1218835
1218836
1218837
1218838
1218839
1218840
1218841
1218842
1218843
1218844
1218845
1218846
1218847
1218848
1218849
1218850
1218851
1218852
1218853
1218854
1218855
1218856
1218857
1218858
1218859
1218860
1218861
1218862
1218863
1218864
1218865
1218866
1218867
1218868
1218869
1218870
1218871
1218872
1218873
1218874
1218875
1218876
1218877
1218878
1218879
1218880
1218881
1218882
1218883
1218884
1218885
1218886
1218887
1218888
1218889
1218890
1218891
1218892
1218893
1218894
1218895
1218896
1218897
1218898
1218899
1218900
1218901
1218902
1218903
1218904
1218905
1218906
1218933
1218934
1218935
1218936
1218937
1218938
1218939
1218940
1218941
1218942
1218943
1218944
1218945
1218946
1218947
1218948
1218949
1218950
1218951
1218952
1218953
1218954
1218955
1218956
1218957
1218958
1218959
1218960
1218961
1218962
1218963
1218964
1218965
1218966
1218967
1218968
1218969
1218970
1218971
1218972
1218973
1218974
1218975
1218976
1218977
1218978
1218979
1218980
1218981
1218982
1218983
1218984
1218985
1218986
1218987
1218988
1218989
1218990
1218991
1218992
1218993
1218994
1218995
1218996
1218997
1218998
1218999
1219000
1219001
1219002
1219003
1219004
1219005
1219006
1219007
1219008
1219009
1219010
1219115
1219116
1219117
1219118
1219119
1219120
1219121
1219122
1219123
1219124
1219125
1219126
1219127
1219128
1219129
1219130
1219131
1219132
1219133
1219134
1219135
1219136
1219137
1219138
1219139
1219140
1219167
1219168
1219169
1219170
1219171
1219172
1219173
1219174
1219175
1219176
1219177
1219178
1219179
1219180
1219181
1219182
1219183
1219184
1219185
1219186
1219187
1219188
1219189
1219190
1219191
1219192
1219193
1219194
1219195
1219196
1219197
1219198
1219199
1219200
1219201
1219202
1219203
1219204
1219205
1219206
1219207
1219208
1219209
1219210
1219211
1219212
1219213
1219214
1219215
1219216
1219217
1219218
1219219
1219220
1219221
1219222
1219223
1219224
1219225
1219226
1219227
1219228
1219229
1219230
1219231
1219232
1219233
1219234
1219235
1219236
1219237
1219238
1219239
1219240
1219241
1219242
1219243
1219244
1219271
1219272
1219273
1219274
1219275
1219276
1219277
1219278
1219279
1219280
1219281
1219282
1219283
1219284
1219285
1219286
1219287
1219288
1219289
1219290
1219291
1219292
1219293
1219294
1219295
1219296
1219297
1219298
1219299
1219300
1219301
1219302
1219303
1219304
1219305
1219306
1219307
1219308
1219309
1219310
1219311
1219312
1219313
1219314
1219315
1219316
1219317
1219318
1219319
1219320
1219321
1219322
1219349
1219350
1219351
1219352
1219353
1219354
1219355
1219356
1219357
1219358
1219359
1219360
1219361
1219362
1219363
1219364
1219365
1219366
1219367
1219368
1219369
1219370
1219371
1219372
1219373
1219374
1219375
1219376
1219377
1219378
1219379
1219380
1219381
1219382
1219383
1219384
1219385
1219386
1219387
1219388
1219389
1219390
1219391
1219392
1219393
1219394
1219395
1219396
1219397
1219398
1219399
1219400
1219401
1219402
1219403
1219404
1219405
1219406
1219407
1219408
1219409
1219410
1219411
1219412
1219413
1219414
1219415
1219416
1219417
1219418
1219419
1219420
1219421
1219422
1219423
1219424
1219425
1219426
1219453
1219454
1219455
1219456
1219457
1219458
1219459
1219460
1219461
1219462
1219463
1219464
1219465
1219466
1219467
1219468
1219469
1219470
1219471
1219472
1219473
1219474
1219475
1219476
1219477
1219478
1219479
1219480
1219481
1219482
1219483
1219484
1219485
1219486
1219487
1219488
1219489
1219490
1219491
1219492
1219493
1219494
1219495
1219496
1219497
1219498
1219499
1219500
1219501
1219502
1219503
1219504
1219531
1219532
1219533
1219534
1219535
1219536
1219537
1219538
1219539
1219540
1219541
1219542
1219543
1219544
1219545
1219546
1219547
1219548
1219549
1219550
1219551
1219552
1219553
1219554
1219555
1219556
1219661
1219662
1219663
1219664
1219665
1219666
1219667
1219668
1219669
1219670
1219671
1219672
1219673
1219674
1219675
1219676
1219677
1219678
1219679
1219680
1219681
1219682
1219683
1219684
1219685
1219686
1219713
1219714
1219715
1219716
1219717
1219718
1219719
1219720
1219721
1219722
1219723
1219724
1219725
1219726
1219727
1219728
1219729
1219730
1219731
1219732
1219733
1219734
1219735
1219736
1219737
1219738
1219765
1219766
1219767
1219768
1219769
1219770
1219771
1219772
1219773
1219774
1219775
1219776
1219777
1219778
1219779
1219780
1219781
1219782
1219783
1219784
1219785
1219786
1219787
1219788
1219789
1219790
1219817
1219818
1219819
1219820
1219821
1219822
1219823
1219824
1219825
1219826
1219827
1219828
1219829
1219830
1219831
1219832
1219833
1219834
1219835
1219836
1219837
1219838
1219839
1219840
1219841
1219842
1219843
1219844
1219845
1219846
1219847
1219848
1219849
1219850
1219851
1219852
1219853
1219854
1219855
1219856
1219857
1219858
1219859
1219860
1219861
1219862
1219863
1219864
1219865
1219866
1219867
1219868
1219921
1219922
1219923
1219924
1219925
1219926
1219927
1219928
1219929
1219930
1219931
1219932
1219933
1219934
1219935
1219936
1219937
1219938
1219939
1219940
1219941
1219942
1219943
1219944
1219945
1219946
1219973
1219974
1219975
1219976
1219977
1219978
1219979
1219980
1219981
1219982
1219983
1219984
1219985
1219986
1219987
1219988
1219989
1219990
1219991
1219992
1219993
1219994
1219995
1219996
1219997
1219998
1219999
1220000
1220001
1220002
1220003
1220004
1220005
1220006
1220007
1220008
1220009
1220010
1220011
1220012
1220013
1220014
1220015
1220016
1220017
1220018
1220019
1220020
1220021
1220022
1220023
1220024
1220077
1220078
1220079
1220080
1220081
1220082
1220083
1220084
1220085
1220086
1220087
1220088
1220089
1220090
1220091
1220092
1220093
1220094
1220095
1220096
1220097
1220098
1220099
1220100
1220101
1220102
1220129
1220130
1220131
1220132
1220133
1220134
1220135
1220136
1220137
1220138
1220139
1220140
1220141
1220142
1220144
1220145
1220146
1220147
1220148
1220149
1220150
1220151
1220152
1220153
1220154
1220155
1220156
1220157
1220158
1220159
1220160
1220161
1220162
1220163
1220164
1220165
1220166
1220167
1220168
1220169
1220170
1220171
1220172
1220173
1220174
1220175
1220176
1220177
1220178
1220179
1220180
1220207
1220208
1220209
1220210
1220211
1220212
1220213
1220214
1220215
1220216
1220217
1220218
1220219
1220220
1220221
1220222
1220223
1220224
1220225
1220226
1220227
1220228
1220229
1220230
1220231
1220232
1220259
1220260
1220261
1220262
1220263
1220264
1220265
1220266
1220267
1220268
1220269
1220270
1220271
1220272
1220273
1220274
1220275
1220276
1220277
1220278
1220279
1220280
1220281
1220282
1220283
1220284
1220311
1220312
1220313
1220314
1220315
1220316
1220317
1220318
1220319
1220320
1220321
1220322
1220323
1220324
1220325
1220326
1220327
1220328
1220329
1220330
1220331
1220332
1220333
1220334
1220335
1220336
1220363
1220364
1220365
1220366
1220367
1220368
1220369
1220370
1220371
1220372
1220373
1220374
1220375
1220376
1220377
1220378
1220379
1220380
1220381
1220382
1220383
1220384
1220385
1220386
1220387
1220388
1220441
1220442
1220443
1220444
1220445
1220446
1220447
1220448
1220449
1220450
1220451
1220452
1220453
1220454
1220455
1220456
1220457
1220458
1220459
1220460
1220461
1220462
1220463
1220464
1220465
1220466
1220493
1220494
1220495
1220496
1220497
1220498
1220499
1220500
1220501
1220502
1220503
1220504
1220505
1220506
1220507
1220508
1220509
1220510
1220511
1220512
1220513
1220514
1220515
1220516
1220517
1220518
1220545
1220546
1220547
1220548
1220549
1220550
1220551
1220552
1220553
1220554
1220555
1220556
1220557
1220558
1220559
1220560
1220561
1220562
1220563
1220564
1220565
1220566
1220567
1220568
1220569
1220570
1220597
1220598
1220599
1220600
1220601
1220602
1220603
1220604
1220605
1220606
1220607
1220608
1220609
1220610
1220611
1220612
1220613
1220614
1220615
1220616
1220617
1220618
1220619
1220620
1220621
1220622
1220623
1220624
1220625
1220626
1220627
1220628
1220629
1220630
1220631
1220632
1220633
1220634
1220635
1220636
1220637
1220638
1220639
1220640
1220641
1220642
1220643
1220644
1220645
1220646
1220647
1220648
1220701
1220702
1220703
1220704
1220705
1220706
1220707
1220708
1220709
1220710
1220711
1220712
1220713
1220714
1220715
1220716
1220717
1220718
1220719
1220720
1220721
1220722
1220723
1220724
1220725
1220726
1220753
1220754
1220755
1220756
1220757
1220758
1220759
1220760
1220761
1220762
1220763
1220764
1220765
1220766
1220767
1220768
1220769
1220770
1220771
1220772
1220773
1220774
1220775
1220776
1220777
1220778
1220831
1220832
1220833
1220834
1220835
1220836
1220837
1220838
1220839
1220840
1220841
1220842
1220843
1220844
1220845
1220846
1220847
1220848
1220849
1220850
1220851
1220852
1220853
1220854
1220855
1220856
1220857
1220858
1220859
1220860
1220861
1220862
1220863
1220864
1220865
1220866
1220867
1220868
1220869
1220870
1220871
1220872
1220873
1220874
1220875
1220876
1220877
1220878
1220879
1220880
1220881
1220882
1220909
1220910
1220911
1220912
1220913
1220914
1220915
1220916
1220917
1220918
1220919
1220920
1220921
1220922
1220923
1220924
1220925
1220926
1220927
1220928
1220929
1220930
1220931
1220932
1220933
1220934
1220961
1220962
1220963
1220964
1220965
1220966
1220967
1220968
1220969
1220970
1220971
1220972
1220973
1220974
1220975
1220976
1220977
1220978
1220979
1220980
1220981
1220982
1220983
1220984
1220985
1220986
1221013
1221014
1221015
1221016
1221017
1221018
1221019
1221020
1221021
1221022
1221023
1221024
1221025
1221026
1221027
1221028
1221029
1221030
1221032
1221033
1221034
1221035
1221036
1221037
1221038
1221091
1221092
1221093
1221094
1221095
1221096
1221097
1221098
1221099
1221100
1221101
1221102
1221103
1221104
1221105
1221106
1221107
1221108
1221109
1221110
1221111
1221112
1221113
1221114
1221115
1221116
1221143
1221144
1221145
1221146
1221147
1221148
1221149
1221150
1221151
1221152
1221153
1221154
1221155
1221156
1221157
1221158
1221159
1221160
1221161
1221162
1221163
1221164
1221165
1221166
1221167
1221168
1221195
1221196
1221197
1221198
1221199
1221200
1221201
1221202
1221203
1221204
1221205
1221206
1221207
1221208
1221209
1221210
1221211
1221212
1221213
1221214
1221215
1221216
1221217
1221218
1221219
1221220
1221247
1221248
1221249
1221250
1221251
1221252
1221253
1221254
1221255
1221256
1221257
1221258
1221259
1221260
1221261
1221262
1221263
1221264
1221265
1221266
1221267
1221268
1221269
1221270
1221271
1221272
1221273
1221274
1221275
1221276
1221277
1221278
1221279
1221280
1221281
1221282
1221283
1221284
1221285
1221286
1221287
1221288
1221289
1221290
1221291
1221292
1221293
1221294
1221295
1221296
1221297
1221298
1221325
1221326
1221327
1221328
1221329
1221330
1221331
1221332
1221333
1221334
1221335
1221336
1221337
1221338
1221339
1221340
1221341
1221342
1221343
1221344
1221345
1221346
1221347
1221348
1221349
1221350
1221377
1221378
1221379
1221380
1221381
1221382
1221383
1221384
1221385
1221386
1221387
1221388
1221389
1221390
1221391
1221392
1221393
1221394
1221395
1221396
1221397
1221398
1221399
1221400
1221401
1221402
1221429
1221430
1221431
1221432
1221433
1221434
1221435
1221436
1221437
1221438
1221439
1221440
1221441
1221442
1221443
1221444
1221445
1221446
1221447
1221448
1221449
1221450
1221451
1221452
1221453
1221454
1221481
1221482
1221483
1221484
1221485
1221486
1221487
1221488
1221489
1221490
1221491
1221492
1221493
1221494
1221495
1221496
1221497
1221498
1221499
1221500
1221501
1221502
1221503
1221504
1221505
1221506
1221559
1221560
1221561
1221562
1221563
1221564
1221565
1221566
1221567
1221568
1221569
1221570
1221571
1221572
1221573
1221574
1221575
1221576
1221577
1221578
1221579
1221580
1221581
1221582
1221583
1221584
1221611
1221612
1221613
1221614
1221615
1221616
1221617
1221618
1221619
1221620
1221621
1221622
1221623
1221624
1221625
1221626
1221627
1221628
1221629
1221630
1221631
1221632
1221633
1221634
1221635
1221636
1221637
1221638
1221639
1221640
1221641
1221642
1221643
1221644
1221645
1221646
1221647
1221648
1221649
1221650
1221651
1221652
1221653
1221654
1221655
1221656
1221657
1221658
1221659
1221660
1221661
1221662
1221689
1221690
1221691
1221692
1221693
1221694
1221695
1221696
1221697
1221698
1221699
1221700
1221701
1221702
1221703
1221704
1221705
1221706
1221707
1221708
1221709
1221710
1221711
1221712
1221713
1221714
1221767
1221768
1221769
1221770
1221771
1221772
1221773
1221774
1221775
1221776
1221777
1221778
1221779
1221780
1221781
1221782
1221783
1221784
1221785
1221786
1221787
1221788
1221789
1221790
1221791
1221792
1221819
1221820
1221821
1221822
1221823
1221824
1221825
1221826
1221827
1221828
1221829
1221830
1221831
1221832
1221833
1221834
1221835
1221836
1221837
1222953
