1221838
1221839
1221840
1221841
1221842
1221843
1221844
1221845
1221846
1221847
1221848
1221849
1221850
1221851
1221852
1221853
1221854
1221855
1221856
1221857
1221858
1221859
1221860
1221861
1221862
1221863
1221864
1221865
1221866
1221867
1221868
1221869
1221870
1221923
1221924
1221925
1221926
1221927
1221928
1221929
1221930
1221931
1221932
1221933
1221934
1221935
1221936
1221937
1221938
1221939
1221940
1221941
1221942
1221943
1221944
1221945
1221946
1221947
1221948
1221949
1221950
1221951
1221952
1221953
1221954
1221955
1221956
1221957
1221958
1221959
1221960
1221961
1221962
1221963
1221964
1221965
1221966
1221967
1221968
1221969
1221970
1221971
1221972
1221973
1221974
1222027
1222028
1222029
1222030
1222031
1222032
1222033
1222034
1222035
1222036
1222037
1222038
1222039
1222040
1222041
1222042
1222043
1222044
1222045
1222046
1222047
1222048
1222049
1222050
1222051
1222052
1222079
1222080
1222081
1222082
1222083
1222084
1222085
1222086
1222087
1222088
1222089
1222090
1222091
1222092
1222093
1222094
1222095
1222096
1222097
1222098
1222099
1222100
1222101
1222102
1222103
1222104
1222157
1222158
1222159
1222160
1222161
1222162
1222163
1222164
1222165
1222166
1222167
1222168
1222169
1222170
1222171
1222172
1222173
1222174
1222175
1222176
1222177
1222178
1222179
1222180
1222181
1222182
1222183
1222184
1222185
1222186
1222187
1222188
1222189
1222190
1222191
1222192
1222193
1222194
1222195
1222196
1222197
1222198
1222199
1222200
1222201
1222202
1222203
1222204
1222205
1222206
1222207
1222208
1222261
1222262
1222263
1222264
1222265
1222266
1222267
1222268
1222269
1222270
1222271
1222272
1222273
1222274
1222275
1222276
1222277
1222278
1222279
1222280
1222281
1222282
1222283
1222284
1222285
1222286
1222287
1222288
1222289
1222290
1222291
1222292
1222293
1222294
1222295
1222296
1222297
1222298
1222299
1222300
1222301
1222302
1222303
1222304
1222305
1222306
1222307
1222308
1222309
1222310
1222311
1222312
1222339
1222340
1222341
1222342
1222343
1222344
1222345
1222346
1222347
1222348
1222349
1222350
1222351
1222352
1222353
1222354
1222355
1222356
1222357
1222358
1222359
1222360
1222361
1222362
1222363
1222364
1222417
1222418
1222419
1222420
1222421
1222422
1222423
1222424
1222425
1222426
1222427
1222428
1222429
1222430
1222431
1222432
1222433
1222434
1222435
1222436
1222437
1222438
1222439
1222440
1222441
1222442
1222443
1222444
1222445
1222446
1222447
1222448
1222449
1222450
1222451
1222452
1222453
1222454
1222455
1222456
1222457
1222458
1222459
1222460
1222461
1222462
1222463
1222464
1222465
1222466
1222467
1222468
1222495
1222496
1222497
1222498
1222499
1222500
1222501
1222502
1222503
1222504
1222505
1222506
1222507
1222508
1222509
1222510
1222511
1222512
1222513
1222514
1222515
1222516
1222517
1222518
1222519
1222520
1222573
1222574
1222575
1222576
1222577
1222578
1222579
1222580
1222581
1222582
1222583
1222584
1222585
1222586
1222587
1222588
1222589
1222590
1222591
1222592
1222593
1222594
1222595
1222596
1222597
1222598
1222625
1222626
1222627
1222628
1222629
1222630
1222631
1222632
1222633
1222634
1222635
1222636
1222637
1222638
1222639
1222640
1222641
1222642
1222643
1222644
1222645
1222646
1222647
1222648
1222649
1222650
1222651
1222652
1222653
1222654
1222655
1222656
1222657
1222658
1222659
1222660
1222661
1222662
1222663
1222664
1222665
1222666
1222667
1222668
1222669
1222670
1222671
1222672
1222673
1222674
1222675
1222676
1222703
1222704
1222705
1222706
1222707
1222708
1222709
1222710
1222711
1222712
1222713
1222714
1222715
1222716
1222717
1222718
1222719
1222720
1222721
1222722
1222723
1222724
1222725
1222726
1222727
1222728
1222755
1222756
1222757
1222758
1222759
1222760
1222761
1222762
1222763
1222764
1222765
1222766
1222767
1222768
1222769
1222770
1222771
1222772
1222773
1222774
1222775
1222776
1222777
1222778
1222779
1222780
1222807
1222808
1222809
1222810
1222811
1222812
1222813
1222814
1222815
1222816
1222817
1222818
1222819
1222820
1222821
1222822
1222823
1222824
1222825
1222826
1222827
1222828
1222829
1222830
1222831
1222832
1222859
1222860
1222861
1222862
1222863
1222864
1222865
1222866
1222867
1222868
1222869
1222870
1222871
1222872
1222873
1222874
1222875
1222876
1222877
1222878
1222879
1222880
1222881
1222882
1222883
1222884
1222937
1222938
1222939
1222940
1222941
1222942
1222943
1222944
1222945
1222946
1222947
1222948
1222949
1222950
1222951
1222952
1222954
1222955
1222956
1222957
1222958
1222959
1222960
1222961
1222962
1222989
1222990
1222991
1222992
1222993
1222994
1222995
1222996
1222997
1222998
1222999
1223000
1223001
1223002
1223003
1223004
1223005
1223006
1223007
1223008
1223009
1223010
1223011
1223012
1223013
1223014
1223041
1223042
1223043
1223044
1223045
1223046
1223047
1223048
1223049
1223050
1223051
1223052
1223053
1223054
1223055
1223056
1223057
1223058
1223059
1223060
1223061
1223062
1223063
1223064
1223065
1223066
1223093
1223094
1223095
1223096
1223097
1223098
1223099
1223100
1223101
1223102
1223103
1223104
1223105
1223106
1223107
1223108
1223109
1223110
1223111
1223112
1223113
1223114
1223115
1223116
1223117
1223118
1223119
1223120
1223121
1223122
1223123
1223124
1223125
1223126
1223127
1223128
1223129
1223130
1223131
1223132
1223133
1223134
1223135
1223136
1223137
1223138
1223139
1223140
1223141
1223142
1223143
1223144
1223171
1223172
1223173
1223174
1223175
1223176
1223177
1223178
1223179
1223180
1223181
1223182
1223183
1223184
1223185
1223186
1223187
1223188
1223189
1223190
1223191
1223192
1223193
1223194
1223195
1223196
1223249
1223250
1223251
1223252
1223253
1223254
1223255
1223256
1223257
1223258
1223259
1223260
1223261
1223262
1223263
1223264
1223265
1223266
1223267
1223268
1223269
1223270
1223271
1223272
1223273
1223274
1223275
1223276
1223277
1223278
1223279
1223280
1223281
1223282
1223283
1223284
1223285
1223286
1223287
1223288
1223289
1223290
1223291
1223292
1223293
1223294
1223295
1223296
1223297
1223298
1223299
1223300
1223353
1223354
1223355
1223356
1223357
1223358
1223359
1223360
1223361
1223362
1223363
1223364
1223365
1223366
1223367
1223368
1223369
1223370
1223371
1223372
1223373
1223374
1223375
1223376
1223377
1223378
1223405
1223406
1223407
1223408
1223409
1223410
1223411
1223412
1223414
1223415
1223416
1223417
1223418
1223419
1223420
1223421
1223422
1223423
1223424
1223425
1223426
1223427
1223428
1223429
1223430
1223431
1223432
1223433
1223434
1223435
1223436
1223437
1223438
1223439
1223440
1223441
1223442
1223443
1223444
1223445
1223446
1223447
1223448
1223449
1223450
1223451
1223452
1223453
1223454
1223455
1223456
1223509
1223510
1223511
1223512
1223513
1223514
1223515
1223516
1223517
1223518
1223519
1223520
1223521
1223522
1223523
1223524
1223525
1223526
1223527
1223528
1223529
1223530
1223531
1223532
1223533
1223534
1223587
1223588
1223589
1223590
1223591
1223592
1223593
1223594
1223595
1223596
1223597
1223598
1223599
1223600
1223601
1223602
1223603
1223604
1223605
1223606
1223607
1223608
1223609
1223610
1223611
1223612
1223613
1223614
1223615
1223616
1223617
1223618
1223619
1223620
1223621
1223622
1223623
1223624
1223625
1223626
1223627
1223628
1223629
1223630
1223631
1223632
1223633
1223634
1223635
1223636
1223637
1223638
1223665
1223666
1223667
1223668
1223669
1223670
1223671
1223672
1223673
1223674
1223675
1223676
1223677
1223678
1223679
1223680
1223681
1223682
1223683
1223684
1223685
1223686
1223687
1223688
1223689
1223690
1223743
1223744
1223745
1223746
1223747
1223748
1223749
1223750
1223751
1223752
1223753
1223754
1223755
1223756
1223757
1223758
1223759
1223760
1223761
1223762
1223763
1223764
1223765
1223766
1223767
1223768
1223795
1223796
1223797
1223798
1223799
1223800
1223801
1223802
1223803
1223804
1223805
1223806
1223807
1223808
1223809
1223810
1223811
1223812
1223813
1223814
1223815
1223816
1223817
1223818
1223819
1223820
1223821
1223822
1223823
1223824
1223825
1223826
1223827
1223828
1223829
1223830
1223831
1223832
1223833
1223834
1223835
1223836
1223837
1223838
1223839
1223840
1223841
1223842
1223843
1223844
1223845
1223846
1223873
1223874
1223875
1223876
1223877
1223878
1223879
1223880
1223881
1223882
1223883
1223884
1223885
1223886
1223887
1223888
1223889
1223890
1223891
1223892
1223893
1223894
1223895
1223896
1223897
1223898
1223951
1223952
1223953
1223954
1223955
1223956
1223957
1223958
1223959
1223960
1223961
1223962
1223963
1223964
1223965
1223966
1223967
1223968
1223969
1223970
1223971
1223972
1223973
1223974
1223975
1223976
1224003
1224004
1224005
1224006
1224007
1224008
1224009
1224010
1224011
1224012
1224013
1224014
1224015
1224016
1224017
1224018
1224019
1224020
1224021
1224022
1224023
1224024
1224025
1224026
1224027
1224028
1224055
1224056
1224057
1224058
1224059
1224060
1224061
1224062
1224063
1224064
1224065
1224066
1224067
1224068
1224069
1224070
1224071
1224072
1224073
1224074
1224075
1224076
1224077
1224078
1224079
1224080
1224107
1224108
1224109
1224110
1224111
1224112
1224113
1224114
1224115
1224116
1224117
1224118
1224119
1224120
1224121
1224122
1224123
1224124
1224125
1224126
1224127
1224128
1224129
1224130
1224131
1224132
1224133
1224134
1224135
1224136
1224137
1224138
1224139
1224140
1224141
1224142
1224143
1224144
1224145
1224146
1224147
1224148
1224149
1224150
1224151
1224152
1224153
1224154
1224155
1224156
1224157
1224158
1224185
1224186
1224187
1224188
1224189
1224190
1224191
1224192
1224193
1224194
1224195
1224196
1224197
1224198
1224199
1224200
1224201
1224202
1224203
1224204
1224205
1224206
1224207
1224208
1224209
1224210
1224237
1224238
1224239
1224240
1224241
1224242
1224243
1224244
1224245
1224246
1224247
1224248
1224249
1224250
1224251
1224252
1224253
1224254
1224255
1224256
1224257
1224258
1224259
1224260
1224261
1224262
1224264
1224265
1224266
1224267
1224268
1224269
1224270
1224271
1224272
1224273
1224274
1224275
1224276
1224277
1224278
1224279
1224280
1224281
1224282
1224283
1224284
1224285
1224286
1224287
1224288
1224341
1224342
1224343
1224344
1224345
1224346
1224347
1224348
1224349
1224350
1224351
1224352
1224353
1224354
1224355
1224356
1224357
1224358
1224359
1224360
1224361
1224362
1224363
1224364
1224365
1224366
1224393
1224394
1224395
1224396
1224397
1224398
1224399
1224400
1224401
1224402
1224403
1224404
1224405
1224406
1224407
1224408
1224409
1224410
1224411
1224412
1224413
1224414
1224415
1224416
1224417
1224418
1224445
1224446
1224447
1224448
1224449
1224450
1224451
1224452
1224453
1224454
1224455
1224456
1224457
1224458
1224459
1224460
1224461
1224462
1224463
1224464
1224465
1224466
1224467
1224468
1224469
1224470
1224471
1224472
1224473
1224474
1224475
1224476
1224477
1224478
1224479
1224480
1224481
1224482
1224483
1224484
1224485
1224486
1224487
1224488
1224489
1224490
1224491
1224492
1224493
1224494
1224495
1224496
1224497
1224498
1224499
1224500
1224501
1224502
1224503
1224504
1224505
1224506
1224507
1224508
1224509
1224510
1224511
1224512
1224513
1224514
1224515
1224516
1224517
1224518
1224519
1224520
1224521
1224522
1224549
1224550
1224551
1224552
1224553
1224554
1224555
1224556
1224557
1224558
1224559
1224560
1224561
1224562
1224563
1224564
1224565
1224566
1224567
1224568
1224569
1224570
1224571
1224572
1224573
1224574
1224627
1224628
1224629
1224630
1224631
1224632
1224633
1224634
1224635
1224636
1224637
1224638
1224639
1224640
1224641
1224642
1224643
1224644
1224645
1224646
1224647
1224648
1224649
1224650
1224651
1224652
1224653
1224654
1224655
1224656
1224657
1224658
1224659
1224660
1224661
1224662
1224663
1224664
1224665
1224666
1224667
1224668
1224669
1224670
1224671
1224672
1224673
1224674
1224675
1224676
1224677
1224678
1224705
1224706
1224707
1224708
1224709
1224710
1224711
1224712
1224713
1224714
1224715
1224716
1224717
1224718
1224719
1224720
1224721
1224722
1224723
1224724
1224725
1224726
1224727
1224728
1224729
1224730
1224757
1224758
1224759
1224760
1224761
1224762
1224763
1224764
1224765
1224766
1224767
1224768
1224769
1224770
1224771
1224772
1224773
1224774
1224775
1224776
1224777
1224778
1224779
1224780
1224781
1224782
1224835
1224836
1224837
1224838
1224839
1224840
1224841
1224842
1224843
1224844
1224845
1224846
1224847
1224848
1224849
1224850
1224851
1224852
1224853
1224854
1224855
1224856
1224857
1224858
1224859
1224860
1224887
1224888
1224889
1224890
1224891
1224892
1224893
1224894
1224895
1224896
1224897
1224898
1224899
1224900
1224901
1224902
1224903
1224904
1224905
1224906
1224907
1224908
1224909
1224910
1224911
1224912
1224939
1224940
1224941
1224942
1224943
1224944
1224945
1224946
1224947
1224948
1224949
1224950
1224951
1224952
1224953
1224954
1224955
1224956
1224957
1224958
1224959
1224960
1224961
1224962
1224963
1224964
1225017
1225018
1225019
1225020
1225021
1225022
1225023
1225024
1225025
1225026
1225027
1225028
1225029
1225030
1225031
1225032
1225033
1225034
1225035
1225036
1225037
1225038
1225039
1225040
1225041
1225042
1225043
1225044
1225045
1225046
1225047
1225048
1225049
1225050
1225051
1225052
1225053
1225054
1225055
1225056
1225057
1225058
1225059
1225060
1225061
1225062
1225063
1225064
1225065
1225066
1225067
1225068
1225069
1225070
1225071
1225072
1225073
1225074
1225075
1225076
1225077
1225078
1225079
1225080
1225081
1225082
1225083
1225084
1225085
1225086
1225087
1225088
1225089
1225090
1225091
1225092
1225093
1225094
1225147
1225148
1225149
1225150
1225151
1225152
1225153
1225154
1225155
1225156
1225157
1225158
1225159
1225160
1225161
1225162
1225163
1225164
1225165
1225166
1225167
1225168
1225169
1225170
1225171
1225172
1225199
1225200
1225201
1225202
1225203
1225204
1225205
1225206
1225207
1225208
1225209
1225210
1225211
1225212
1225213
1225214
1225215
1225216
1225217
1225218
1225219
1225220
1225221
1225222
1225223
1225224
1225251
1225252
1225253
1225254
1225255
1225256
1225257
1225258
1225259
1225260
1225261
1225262
1225263
1225264
1225265
1225266
1225267
1225268
1225269
1225270
1225271
1225272
1225273
1225274
1225275
1225276
1225303
1225304
1225305
1225306
1225307
1225308
1225309
1225310
1225311
1225313
1225314
1225315
1225316
1225317
1225318
1225319
1225320
1225321
1225322
1225323
1225324
1225325
1225326
1225327
1225328
1225355
1225356
1225357
1225358
1225359
1225360
1225361
1225362
1225363
1225364
1225365
1225366
1225367
1225368
1225369
1225370
1225371
1225372
1225373
1225374
1225375
1225376
1225377
1225378
1225379
1225380
1225433
1225434
1225435
1225436
1225437
1225438
1225439
1225440
1225441
1225442
1225443
1225444
1225445
1225446
1225447
1225448
1225449
1225450
1225451
1225452
1225453
1225454
1225455
1225456
1225457
1225458
1225485
1225486
1225487
1225488
1225490
1225491
1225492
1225493
1225494
1225495
1225496
1225497
1225498
1225499
1225500
1225501
1225502
1225503
1225504
1225505
1225506
1225507
1225508
1225509
1225510
1225511
1225512
1225513
1225514
1225515
1225516
1225517
1225518
1225519
1225520
1225521
1225522
1225523
1225524
1225525
1225526
1225527
1225528
1225529
1225530
1225531
1225532
1225533
1225534
1225535
1225536
1225563
1225564
1225565
1225566
1225567
1225568
1225569
1225570
1225571
1225572
1225573
1225574
1225575
1225576
1225577
1225578
1225579
1225580
1225581
1225582
1225583
1225584
1225585
1225586
1225587
1225588
1225589
1225590
1225591
1225592
1225593
1225594
1225595
1225596
1225597
1225598
1225599
1225600
1225601
1225602
1225603
1225604
1225605
1225606
1225607
1225608
1225609
1225610
1225611
1225612
1225613
1225614
1225615
1225616
1225617
1225618
1225619
1225620
1225621
1225622
1225623
1225624
1225625
1225626
1225627
1225628
1225629
1225630
1225631
1225632
1225633
1225634
1225635
1225636
1225637
1225638
1225639
1225640
1225693
1225694
1225695
1225696
1225697
1225698
1225699
1225700
1225701
1225702
1225703
1225704
1225705
1225706
1225707
1225708
1225709
1225710
1225711
1225712
1225713
1225714
1225715
1225716
1225717
1225718
1225745
1225746
1225747
1225748
1225749
1225750
1225751
1225752
1225753
1225754
1225755
1225756
1225757
1225758
1225759
1225760
1225761
1225762
1225763
1225764
1225765
1225766
1225767
1225768
1225769
1225770
1225797
1225798
1225799
1225800
1225801
1225802
1225803
1225804
1225805
1225806
1225807
1225808
1225809
1225810
1225811
1225812
1225813
1225814
1225815
1225816
1225817
1225818
1225819
1225820
1225821
1225822
1225849
1225850
1225851
1225852
1225853
1225854
1225855
1225856
1225857
1225858
1225859
1225860
1225861
1225862
1225863
1225864
1225865
1225866
1225867
1225868
1225869
1225870
1225871
1225872
1225873
1225874
1225875
1225876
1225877
1225878
1225879
1225880
1225881
1225882
1225883
1225884
1225885
1225886
1225887
1225888
1225889
1225890
1225891
1225892
1225893
1225894
1225895
1225896
1225897
1225898
1225899
1225900
1225953
1225954
1225955
1225956
1225957
1225958
1225959
1225960
1225961
1225962
1225963
1225964
1225965
1225966
1225967
1225968
1225969
1225970
1225971
1225972
1225973
1225974
1225975
1225976
1225977
1225978
1226005
1226006
1226007
1226008
1226009
1226010
1226011
1226012
1226013
1226014
1226015
1226016
1226017
1226018
1226019
1226020
1226021
1226022
1226023
1226024
1226025
1226026
1226027
1226028
1226029
1226030
1226057
1226058
1226059
1226060
1226061
1226062
1226063
1226064
1226065
1226066
1226067
1226068
1226069
1226070
1226071
1226072
1226073
1226074
1226075
1226076
1226077
1226078
1226079
1226080
1226081
1226082
1226083
1226084
1226085
1226086
1226087
1226088
1226089
1226090
1226091
1226092
1226093
1226094
1226095
1226096
1226097
1226098
1226099
1226100
1226101
1226102
1226103
1226104
1226105
1226106
1226107
1226108
1226135
1226136
1226137
1226138
1226139
1226140
1226141
1226142
1226143
1226144
1226145
1226146
1226147
1226148
1226149
1226150
1226151
1226152
1226153
1226154
1226155
1226156
1226157
1226158
1226159
1226160
1226213
1226214
1226215
1226216
1226217
1226218
1226219
1226220
1226221
1226222
1226223
1226224
1226225
1226226
1226227
1226228
1226229
1226230
1226231
1226232
1226233
1226234
1226235
1226236
1226237
1226238
1226265
1226266
1226267
1226268
1226269
1226270
1226271
1226272
1226273
1226274
1226275
1226276
1226277
1226278
1226279
1226280
1226281
1226282
1226283
1226284
1226285
1226286
1226287
1226288
1226289
1226290
1226291
1226292
1226293
1226294
1226295
1226296
1226297
1226298
1226299
1226300
1226301
1226302
1226303
1226304
1226305
1226306
1226307
1226308
1226309
1226310
1226311
1226312
1226313
1226314
1226315
1226316
1226395
1226396
1226397
1226398
1226399
1226400
1226401
1226402
1226403
1226404
1226405
1226406
1226407
1226408
1226409
1226410
1226411
1226412
1226413
1226414
1226415
1226416
1226417
1226418
1226419
1226420
1226447
1226448
1226449
1226450
1226451
1226452
1226453
1226454
1226455
1226456
1226457
1226458
1226459
1226460
1226461
1226462
1226463
1226464
1226465
1226466
1226467
1226468
1226469
1226470
1226471
1226472
1226499
1226500
1226501
1226502
1226503
1226504
1226505
1226506
1226507
1226508
1226509
1226510
1226511
1226512
1226513
1226514
1226515
1226516
1226517
1226518
1226519
1226520
1226521
1226522
1226523
1226524
1226551
1226552
1226553
1226554
1226555
1226556
1226557
1226558
1226559
1226560
1226561
1226562
1226563
1226564
1226565
1226566
1226567
1226568
1226569
1226570
1226571
1226572
1226573
1226574
1226575
1226576
1226603
1226604
1226605
1226606
1226607
1226608
1226609
1226610
1226611
1226612
1226613
1226614
1226615
1226616
1226617
1226618
1226619
1226620
1226621
1226622
1226623
1226624
1226625
1226626
1226627
1226628
1226629
1226630
1226631
1226632
1226633
1226634
1226635
1226636
1226637
1226638
1226639
1226640
1226641
1226642
1226643
1226644
1226645
1226646
1226647
1226648
1226649
1226650
1226651
1226652
1226653
1226654
1226681
1226682
1226683
1226684
1226685
1226686
1226687
1226688
1226689
1226690
1226691
1226692
1226693
1226694
1226695
1226696
1226697
1226698
1226699
1226700
1226701
1226702
1226703
1226704
1226705
1226706
1226759
1226760
1226761
1226762
1226763
1226764
1226765
1226766
1226767
1226768
1226769
1226770
1226771
1226772
1226773
1226774
1226775
1226776
1226777
1226778
1226779
1226780
1226781
1226782
1226783
1226784
1226811
1226812
1226813
1226814
1226815
1226816
1226817
1226818
1226819
1226820
1226821
1226822
1226823
1226824
1226825
1226826
1226827
1226828
1226829
1226830
1226831
1226832
1226833
1226834
1226835
1226836
1226837
1226838
1226839
1226840
1226841
1226842
1226843
1226844
1226845
1226846
1226847
1226848
1226849
1226850
1226851
1226852
1226853
1226854
1226855
1226856
1226857
1226858
1226859
1226860
1226861
1226862
1226890
1226891
1226892
1226893
1226894
1226895
1226896
1226897
1226898
1226899
1226900
1226901
1226902
1226903
1226904
1226905
1226906
1226907
1226908
1226909
1226910
1226911
1226912
1226913
1226914
1226967
1226968
1226969
1226970
1226971
1226972
1226973
1226974
1226975
1226976
1226977
1226978
1226979
1226980
1226981
1226982
1226983
1226984
1226985
1226986
1226987
1226988
1226989
1226990
1226991
1226992
1226993
1226994
1226995
1226996
1226997
1226998
1226999
1227000
1227001
1227002
1227003
1227004
1227005
1227006
1227007
1227008
1227009
1227010
1227011
1227012
1227013
1227014
1227015
1227016
1227017
1227018
1227071
1227072
1227073
1227074
1227075
1227076
1227077
1227078
1227079
1227080
1227081
1227082
1227083
1227084
1227085
1227086
1227087
1227088
1227089
1227090
1227091
1227092
1227093
1227094
1227095
1227096
1227123
1227124
1227125
1227126
1227127
1227128
1227129
1227130
1227131
1227132
1227133
1227134
1227135
1227136
1227137
1227138
1227139
1227140
1227141
1227142
1227143
1227144
1227145
1227146
1227147
1227148
1227175
1227176
1227177
1227178
1227179
1227180
1227181
1227182
1227183
1227184
1227185
1227186
1227187
1227188
1227189
1227190
1227191
1227192
1227193
1227194
1227195
1227196
1227197
1227198
1227199
1227200
1227227
1227228
1227229
1227230
1227231
1227232
1227233
1227234
1227235
1227236
1227237
1227238
1227239
1227240
1227241
1227242
1227243
1227244
1227245
1227246
1227247
1227248
1227249
1227250
1227251
1227252
1227279
1227280
1227281
1227282
1227283
1227284
1227285
1227286
1227287
1227288
1227289
1227290
1227291
1227292
1227293
1227294
1227295
1227296
1227297
1227298
1227299
1227300
1227301
1227302
1227303
1227304
1227331
1227332
1227333
1227334
1227335
1227336
1227337
1227338
1227339
1227340
1227341
1227342
1227343
1227344
1227345
1227346
1227347
1227348
1227349
1227350
1227351
1227352
1227353
1227354
1227355
1227356
1227357
1227358
1227359
1227360
1227361
1227362
1227363
1227364
1227365
1227366
1227367
1227368
1227369
1227370
1227371
1227372
1227373
1227374
1227375
1227376
1227377
1227378
1227379
1227380
1227381
1227382
1227409
1227410
1227411
1227412
1227413
1227414
1227415
1227416
1227417
1227418
1227419
1227420
1227421
1227422
1227423
1227424
1227425
1227426
1227427
1227428
1227429
1227430
1227431
1227432
1227433
1227434
1227461
1227462
1227463
1227464
1227465
1227466
1227467
1227468
1227469
1227470
1227471
1227472
1227473
1227474
1227475
1227476
1227477
1227478
1227479
1227480
1227481
1227482
1227483
1227484
1227485
1227486
1227539
1227540
1227541
1227542
1227543
1227544
1227545
1227546
1227547
1227548
1227549
1227550
1227551
1227552
1227553
1227554
1227555
1227556
1227557
1227558
1227559
1227560
1227561
1227562
1227563
1227564
1227565
1227566
1227567
1227568
1227569
1227570
1227571
1227572
1227573
1227574
1227575
1227576
1227577
1227578
1227579
1227580
1227581
1227582
1227583
1227584
1227585
1227586
1227587
1227588
1227589
1227590
1227617
1227618
1227619
1227620
1227621
1227622
1227623
1227624
1227625
1227626
1227627
1227628
1227629
1227630
1227631
1227632
1227633
1227634
1227635
1227636
1227637
1227638
1227639
1227640
1227641
1227642
1227695
1227696
1227697
1227698
1227699
1227700
1227701
1227702
1227703
1227704
1227705
1227706
1227707
1227708
1227709
1227710
1227711
1227712
1227713
1227714
1227715
1227716
1227717
1227718
1227719
1227720
1227721
1227722
1227723
1227724
1227725
1227726
1227727
1227728
1227729
1227730
1227731
1227732
1227733
1227734
1227735
1227736
1227737
1227738
1227739
1227740
1227741
1227742
1227743
1227744
1227745
1227746
1227773
1227774
1227775
1227776
1227777
1227778
1227779
1227780
1227781
1227782
1227783
1227784
1227785
1227786
1227787
1227788
1227789
1227790
1227791
1227792
1227793
1227794
1227795
1227796
1227797
1227798
1227851
1227852
1227853
1227854
1227855
1227856
