1230887
1230888
1230889
1230890
1230891
1230892
1230893
1230894
1230895
1230896
1230897
1230898
1230899
1230900
1230901
1230902
1230903
1230904
1230905
1230906
1230907
1230908
1230909
1230910
1230911
1230912
1230913
1230914
1230915
1230916
1230917
1230918
1230945
1230946
1230947
1230948
1230949
1230950
1230951
1230952
1230953
1230954
1230955
1230956
1230957
1230958
1230959
1230960
1230961
1230962
1230963
1230964
1230965
1230966
1230967
1230968
1230969
1230970
1231023
1231024
1231025
1231026
1231027
1231028
1231029
1231030
1231031
1231032
1231033
1231034
1231035
1231036
1231037
1231038
1231039
1231040
1231041
1231042
1231043
1231044
1231045
1231046
1231047
1231048
1231075
1231076
1231077
1231078
1231079
1231080
1231081
1231082
1231083
1231084
1231085
1231087
1231088
1231089
1231090
1231091
1231092
1231093
1231094
1231095
1231096
1231097
1231098
1231099
1231100
1231101
1231102
1231103
1231104
1231105
1231106
1231107
1231108
1231109
1231110
1231111
1231112
1231113
1231114
1231115
1231116
1231117
1231118
1231119
1231120
1231121
1231122
1231123
1231124
1231125
1231126
1231179
1231180
1231181
1231182
1231183
1231184
1231185
1231186
1231187
1231188
1231189
1231190
1231191
1231192
1231193
1231194
1231195
1231196
1231197
1231198
1231199
1231200
1231201
1231202
1231203
1231204
1231205
1231206
1231207
1231208
1231209
1231210
1231211
1231212
1231213
1231214
1231215
1231216
1231217
1231218
1231219
1231220
1231221
1231222
1231223
1231224
1231225
1231226
1231227
1231228
1231229
1231230
1231257
1231258
1231259
1231260
1231261
1231262
1231263
1231264
1231265
1231266
1231267
1231268
1231269
1231270
1231271
1231272
1231273
1231274
1231275
1231276
1231277
1231278
1231279
1231280
1231281
1231282
1231335
1231336
1231337
1231338
1231339
1231340
1231341
1231342
1231343
1231344
1231345
1231346
1231347
1231348
1231349
1231350
1231351
1231352
1231353
1231354
1231355
1231356
1231357
1231358
1231359
1231360
1231361
1231362
1231363
1231364
1231365
1231366
1231367
1231368
1231369
1231370
1231371
1231372
1231373
1231374
1231375
1231376
1231377
1231378
1231379
1231380
1231381
1231382
1231383
1231384
1231385
1231386
1231413
1231414
1231415
1231416
1231417
1231418
1231419
1231420
1231421
1231422
1231423
1231424
1231425
1231426
1231427
1231428
1231429
1231430
1231431
1231432
1231433
1231434
1231435
1231436
1231437
1231438
1231491
1231492
1231493
1231494
1231495
1231496
1231497
1231498
1231499
1231500
1231501
1231502
1231503
1231504
1231505
1231506
1231507
1231508
1231509
1231510
1231511
1231512
1231513
1231514
1231515
1231516
1231517
1231518
1231519
1231520
1231521
1231522
1231523
1231524
1231525
1231526
1231527
1231528
1231529
1231530
1231531
1231532
1231533
1231534
1231535
1231536
1231537
1231538
1231539
1231540
1231541
1231542
1231595
1231596
1231597
1231598
1231599
1231600
1231601
1231602
1231603
1231604
1231605
1231606
1231607
1231608
1231609
1231610
1231611
1231612
1231613
1231614
1231615
1231616
1231617
1231618
1231619
1231620
1231621
1231622
1231623
1231624
1231625
1231626
1231627
1231628
1231629
1231630
1231631
1231632
1231633
1231634
1231635
1231636
1231637
1231638
1231639
1231640
1231641
1231642
1231643
1231644
1231645
1231646
1231699
1231700
1231701
1231702
1231703
1231704
1231705
1231706
1231707
1231708
1231709
1231710
1231711
1231712
1231713
1231714
1231715
1231716
1231717
1231718
1231719
1231720
1231721
1231722
1231723
1231724
1231751
1231752
1231753
1231754
1231755
1231756
1231757
1231758
1231759
1231760
1231761
1231762
1231763
1231764
1231765
1231766
1231767
1231768
1231769
1231770
1231771
1231772
1231773
1231774
1231775
1231776
1231777
1231778
1231779
1231780
1231781
1231782
1231783
1231784
1231785
1231786
1231787
1231788
1231789
1231790
1231791
1231792
1231793
1231794
1231795
1231796
1231797
1231798
1231799
1231800
1231801
1231802
1231855
1231856
1231857
1231858
1231859
1231860
1231861
1231862
1231863
1231864
1231865
1231866
1231867
1231868
1231869
1231870
1231871
1231872
1231873
1231874
1231875
1231876
1231877
1231878
1231879
1231880
1231907
1231908
1231909
1231910
1231911
1231912
1231913
1231914
1231915
1231916
1231917
1231918
1231919
1231920
1231921
1231922
1231923
1231924
1231925
1231926
1231927
1231928
1231929
1231930
1231931
1231932
1231959
1231960
1231961
1231962
1231963
1231964
1231965
1231966
1231967
1231968
1231969
1231970
1231971
1231972
1231973
1231974
1231975
1231976
1231977
1231978
1231979
1231980
1231981
1231982
1231983
1231984
1231985
1231986
1231987
1231988
1231989
1231990
1231991
1231992
1231993
1231994
1231995
1231996
1231997
1231998
1231999
1232000
1232001
1232002
1232003
1232004
1232005
1232006
1232007
1232008
1232009
1232010
1232037
1232038
1232039
1232040
1232041
1232042
1232043
1232044
1232045
1232046
1232047
1232048
1232049
1232050
1232051
1232052
1232053
1232054
1232055
1232056
1232057
1232058
1232059
1232060
1232061
1232062
1232115
1232116
1232117
1232118
1232119
1232120
1232121
1232122
1232123
1232124
1232125
1232126
1232127
1232128
1232129
1232130
1232131
1232132
1232133
1232134
1232135
1232136
1232137
1232138
1232139
1232140
1232141
1232142
1232143
1232144
1232145
1232146
1232147
1232148
1232149
1232150
1232151
1232152
1232153
1232154
1232155
1232156
1232157
1232158
1232159
1232160
1232161
1232162
1232163
1232164
1232165
1232166
1232219
1232220
1232221
1232222
1232223
1232224
1232225
1232226
1232227
1232228
1232229
1232230
1232231
1232232
1232233
1232234
1232235
1232236
1232237
1232238
1232239
1232240
1232241
1232242
1232243
1232244
1232245
1232246
1232247
1232248
1232249
1232250
1232251
1232252
1232253
1232254
1232255
1232256
1232257
1232258
1232259
1232260
1232261
1232262
1232263
1232264
1232265
1232266
1232267
1232268
1232269
1232270
1232323
1232324
1232325
1232326
1232327
1232328
1232329
1232330
1232331
1232332
1232333
1232334
1232335
1232336
1232337
1232338
1232339
1232340
1232341
1232342
1232343
1232344
1232345
1232346
1232347
1232348
1232349
1232350
1232351
1232352
1232353
1232354
1232355
1232356
1232357
1232358
1232359
1232360
1232361
1232362
1232363
1232364
1232365
1232366
1232367
1232368
1232369
1232370
1232371
1232372
1232373
1232374
1232453
1232454
1232455
1232456
1232457
1232458
1232459
1232460
1232461
1232462
1232463
1232464
1232465
1232466
1232467
1232468
1232469
1232470
1232471
1232472
1232473
1232474
1232475
1232476
1232477
1232478
1232505
1232506
1232507
1232508
1232509
1232510
1232511
1232512
1232513
1232514
1232515
1232516
1232517
1232518
1232519
1232520
1232521
1232522
1232523
1232524
1232525
1232526
1232527
1232528
1232529
1232530
1232557
1232558
1232559
1232560
1232561
1232562
1232563
1232564
1232565
1232566
1232567
1232568
1232569
1232570
1232571
1232572
1232573
1232574
1232575
1232576
1232577
1232578
1232579
1232580
1232581
1232582
1232583
1232584
1232585
1232586
1232587
1232588
1232589
1232590
1232591
1232592
1232593
1232594
1232595
1232596
1232597
1232598
1232599
1232600
1232601
1232602
1232603
1232604
1232605
1232606
1232607
1232608
1232635
1232636
1232637
1232638
1232639
1232640
1232641
1232642
1232643
1232644
1232645
1232646
1232647
1232648
1232649
1232650
1232651
1232652
1232653
1232654
1232655
1232656
1232657
1232658
1232659
1232660
1232713
1232714
1232715
1232716
1232717
1232718
1232719
1232720
1232721
1232722
1232723
1232724
1232725
1232726
1232727
1232728
1232729
1232730
1232731
1232732
1232733
1232734
1232735
1232736
1232737
1232738
1232739
1232740
1232741
1232742
1232743
1232744
1232745
1232746
1232747
1232748
1232749
1232750
1232751
1232752
1232753
1232754
1232755
1232756
1232757
1232758
1232759
1232760
1232761
1232762
1232763
1232764
1232817
1232818
1232819
1232820
1232821
1232822
1232823
1232824
1232825
1232826
1232827
1232828
1232829
1232830
1232831
1232832
1232833
1232834
1232835
1232836
1232837
1232838
1232839
1232840
1232841
1232842
1232843
1232844
1232845
1232846
1232847
1232848
1232849
1232850
1232851
1232852
1232853
1232854
1232855
1232856
1232857
1232858
1232859
1232860
1232861
1232862
1232863
1232864
1232865
1232866
1232867
1232868
1232895
1232896
1232897
1232898
1232899
1232900
1232901
1232902
1232903
1232904
1232905
1232906
1232907
1232908
1232909
1232910
1232911
1232912
1232913
1232914
1232915
1232916
1232917
1232918
1232919
1232920
1232947
1232948
1232949
1232950
1232951
1232952
1232953
1232954
1232955
1232956
1232957
1232958
1232959
1232960
1232961
1232962
1232963
1232964
1232965
1232966
1232967
1232968
1232969
1232970
1232971
1232972
1233025
1233026
1233027
1233028
1233029
1233030
1233031
1233032
1233033
1233034
1233035
1233036
1233037
1233038
1233039
1233040
1233041
1233042
1233043
1233044
1233045
1233046
1233047
1233048
1233049
1233050
1233077
1233078
1233079
1233080
1233081
1233082
1233083
1233084
1233085
1233086
1233087
1233088
1233089
1233090
1233091
1233092
1233093
1233094
1233095
1233096
1233097
1233098
1233099
1233100
1233101
1233102
1233129
1233130
1233131
1233132
1233133
1233134
1233135
1233136
1233137
1233138
1233139
1233140
1233141
1233142
1233143
1233144
1233145
1233146
1233147
1233148
1233149
1233150
1233151
1233152
1233153
1233154
1233155
1233156
1233157
1233158
1233159
1233160
1233161
1233162
1233163
1233164
1233165
1233166
1233167
1233168
1233169
1233170
1233171
1233172
1233173
1233174
1233175
1233176
1233177
1233178
1233179
1233180
1233233
1233234
1233235
1233236
1233237
1233238
1233239
1233240
1233241
1233242
1233243
1233244
1233245
1233246
1233247
1233248
1233249
1233250
1233251
1233252
1233253
1233254
1233255
1233256
1233257
1233258
1233285
1233286
1233287
1233288
1233289
1233290
1233291
1233292
1233293
1233294
1233295
1233296
1233297
1233298
1233299
1233300
1233301
1233302
1233303
1233304
1233305
1233306
1233307
1233308
1233309
1233310
1233311
1233312
1233313
1233314
1233315
1233316
1233317
1233318
1233319
1233320
1233321
1233322
1233323
1233324
1233325
1233326
1233327
1233328
1233329
1233330
1233331
1233332
1233333
1233334
1233335
1233336
1233363
1233364
1233365
1233366
1233367
1233368
1233369
1233370
1233371
1233372
1233373
1233374
1233375
1233376
1233377
1233378
1233379
1233380
1233381
1233382
1233383
1233384
1233385
1233386
1233387
1233388
1233415
1233416
1233417
1233418
1233419
1233420
1233421
1233422
1233423
1233424
1233425
1233426
1233427
1233428
1233429
1233430
1233431
1233432
1233433
1233434
1233435
1233436
1233437
1233438
1233439
1233440
1233467
1233468
1233469
1233470
1233471
1233472
1233473
1233474
1233475
1233476
1233477
1233478
1233479
1233480
1233481
1233482
1233483
1233484
1233485
1233486
1233487
1233488
1233489
1233490
1233491
1233492
1233519
1233520
1233521
1233522
1233523
1233524
1233525
1233526
1233527
1233528
1233529
1233530
1233531
1233532
1233533
1233534
1233535
1233536
1233537
1233538
1233539
1233540
1233541
1233542
1233543
1233544
1233597
1233598
1233599
1233600
1233601
1233602
1233603
1233604
1233605
1233606
1233607
1233608
1233609
1233610
1233611
1233612
1233613
1233614
1233615
1233616
1233617
1233618
1233619
1233620
1233621
1233622
1233623
1233624
1233625
1233626
1233627
1233628
1233629
1233630
1233631
1233632
1233633
1233634
1233635
1233636
1233637
1233638
1233639
1233640
1233641
1233642
1233643
1233644
1233645
1233646
1233647
1233648
1233675
1233676
1233677
1233678
1233679
1233680
1233681
1233682
1233683
1233684
1233685
1233686
1233687
1233688
1233689
1233690
1233691
1233692
1233693
1233694
1233695
1233696
1233697
1233698
1233699
1233700
1233727
1233728
1233729
1233730
1233731
1233732
1233733
1233734
1233735
1233736
1233737
1233738
1233739
1233740
1233741
1233742
1233743
1233744
1233745
1233746
1233747
1233748
1233749
1233750
1233751
1233752
1233779
1233780
1233781
1233782
1233783
1233784
1233785
1233786
1233787
1233788
1233790
1233791
1233792
1233793
1233794
1233795
1233796
1233797
1233798
1233799
1233800
1233801
1233802
1233803
1233804
1233857
1233858
1233859
1233860
1233861
1233862
1233863
1233864
1233865
1233866
1233867
1233868
1233869
1233870
1233871
1233872
1233873
1233874
1233875
1233876
1233877
1233878
1233879
1233880
1233881
1233882
1233909
1233910
1233911
1233912
1233913
1233914
1233915
1233916
1233917
1233918
1233919
1233920
1233922
1233923
1233924
1233925
1233926
1233927
1233928
1233929
1233930
1233931
1233932
1233933
1233934
1233961
1233962
1233963
1233964
1233965
1233966
1233967
1233968
1233969
1233970
1233971
1233972
1233973
1233974
1233975
1233976
1233977
1233978
1233979
1233980
1233981
1233982
1233983
1233984
1233985
1233986
1234013
1234014
1234015
1234016
1234017
1234018
1234019
1234020
1234021
1234022
1234023
1234024
1234025
1234026
1234027
1234028
1234029
1234030
1234031
1234032
1234033
1234034
1234035
1234036
1234037
1234038
1234065
1234066
1234067
1234068
1234069
1234070
1234071
1234072
1234073
1234074
1234075
1234076
1234077
1234078
1234079
1234080
1234081
1234082
1234083
1234084
1234085
1234086
1234087
1234088
1234089
1234090
1234117
1234118
1234119
1234120
1234121
1234122
1234123
1234124
1234125
1234126
1234127
1234128
1234129
1234130
1234131
1234132
1234133
1234134
1234135
1234136
1234137
1234138
1234139
1234140
1234141
1234142
1234143
1234144
1234145
1234146
1234147
1234148
1234149
1234150
1234151
1234152
1234153
1234154
1234155
1234156
1234157
1234158
1234159
1234160
1234161
1234162
1234163
1234164
1234165
1234166
1234167
1234168
1234221
1234222
1234223
1234224
1234225
1234226
1234227
1234228
1234229
1234230
1234231
1234232
1234233
1234234
1234235
1234236
1234237
1234238
1234239
1234240
1234241
1234242
1234243
1234244
1234245
1234246
1234273
1234274
1234275
1234276
1234277
1234278
1234279
1234280
1234281
1234282
1234283
1234284
1234285
1234286
1234287
1234288
1234289
1234290
1234291
1234292
1234293
1234294
1234295
1234296
1234297
1234298
1234325
1234326
1234327
1234328
1234329
1234330
1234331
1234332
1234333
1234334
1234335
1234336
1234337
1234338
1234339
1234340
1234341
1234342
1234343
1234344
1234345
1234346
1234347
1234348
1234349
1234350
1234377
1234378
1234379
1234380
1234381
1234382
1234383
1234384
1234385
1234386
1234387
1234388
1234389
1234390
1234391
1234392
1234393
1234394
1234395
1234396
1234397
1234398
1234399
1234400
1234401
1234402
1234403
1234404
1234405
1234406
1234407
1234408
1234409
1234410
1234411
1234412
1234413
1234414
1234415
1234416
1234417
1234418
1234419
1234420
1234421
1234422
1234423
1234424
1234425
1234426
1234427
1234428
1234455
1234456
1234457
1234458
1234459
1234460
1234461
1234462
1234463
1234464
1234465
1234466
1234467
1234468
1234469
1234470
1234471
1234472
1234473
1234474
1234475
1234476
1234477
1234478
1234479
1234480
1234507
1234508
1234509
1234510
1234511
1234512
1234513
1234514
1234515
1234516
1234517
1234518
1234519
1234520
1234521
1234522
1234523
1234524
1234525
1234526
1234527
1234528
1234529
1234530
1234531
1234532
1234585
1234586
1234587
1234588
1234589
1234590
1234591
1234592
1234593
1234594
1234595
1234596
1234597
1234598
1234599
1234600
1234601
1234602
1234603
1234604
1234605
1234606
1234607
1234608
1234609
1234610
1234611
1234612
1234613
1234614
1234615
1234616
1234617
1234618
1234619
1234620
1234621
1234622
1234623
1234624
1234625
1234626
1234627
1234628
1234629
1234630
1234631
1234632
1234633
1234634
1234635
1234636
1234663
1234664
1234665
1234666
1234667
1234668
1234669
1234670
1234671
1234672
1234673
1234674
1234675
1234676
1234677
1234678
1234679
1234680
1234681
1234682
1234683
1234684
1234685
1234686
1234687
1234688
1234715
1234716
1234717
1234718
1234719
1234720
1234721
1234722
1234723
1234724
1234725
1234726
1234727
1234728
1234729
1234730
1234731
1234732
1234733
1234734
1234735
1234736
1234737
1234738
1234739
1234740
1234819
1234820
1234821
1234822
1234823
1234824
1234825
1234826
1234827
1234828
1234829
1234830
1234831
1234832
1234833
1234834
1234835
1234836
1234837
1234838
1234839
1234840
1234841
1234842
1234843
1234844
1234871
1234872
1234873
1234874
1234875
1234876
1234877
1234878
1234879
1234880
1234881
1234882
1234883
1234884
1234885
1234886
1234887
1234888
1234889
1234890
1234891
1234892
1234893
1234894
1234895
1234896
1234897
1234898
1234899
1234900
1234901
1234902
1234903
1234904
1234905
1234906
1234907
1234908
1234909
1234910
1234911
1234912
1234913
1234914
1234915
1234916
1234917
1234918
1234919
1234920
1234921
1234922
1234975
1234976
1234977
1234978
1234979
1234980
1234981
1234982
1234983
1234984
1234985
1234986
1234987
1234988
1234989
1234990
1234991
1234992
1234993
1234994
1234995
1234996
1234997
1234998
1234999
1235000
1235001
1235002
1235003
1235004
1235005
1235006
1235007
1235008
1235009
1235010
1235011
1235012
1235013
1235014
1235015
1235016
1235017
1235018
1235019
1235020
1235021
1235022
1235023
1235024
1235025
1235026
1235053
1235054
1235055
1235056
1235057
1235058
1235059
1235060
1235061
1235062
1235063
1235064
1235065
1235066
1235067
1235068
1235069
1235070
1235071
1235072
1235073
1235074
1235075
1235076
1235077
1235078
1235131
1235132
1235133
1235134
1235135
1235136
1235137
1235138
1235139
1235140
1235141
1235142
1235143
1235144
1235145
1235146
1235147
1235148
1235149
1235150
1235151
1235152
1235153
1235154
1235155
1235156
1235157
1235158
1235159
1235160
1235161
1235162
1235163
1235164
1235165
1235166
1235167
1235168
1235169
1235170
1235171
1235172
1235173
1235174
1235175
1235176
1235177
1235178
1235179
1235180
1235181
1235182
1235235
1235236
1235237
1235238
1235239
1235240
1235241
1235242
1235243
1235244
1235245
1235246
1235247
1235248
1235249
1235250
1235251
1235252
1235253
1235254
1235255
1235256
1235257
1235258
1235259
1235260
1235287
1235288
1235289
1235290
1235291
1235292
1235293
1235294
1235295
1235296
1235297
1235298
1235299
1235300
1235301
1235302
1235303
1235304
1235305
1235306
1235307
1235308
1235309
1235310
1235311
1235312
1235313
1235314
1235315
1235316
1235317
1235318
1235319
1235320
1235321
1235322
1235323
1235324
1235325
1235326
1235327
1235328
1235329
1235330
1235331
1235332
1235333
1235334
1235335
1235336
1235337
1235338
1235365
1235366
1235367
1235368
1235369
1235370
1235371
1235372
1235373
1235374
1235375
1235376
1235377
1235378
1235379
1235380
1235381
1235382
1235383
1235384
1235385
1235386
1235387
1235388
1235389
1235390
1235417
1235418
1235419
1235420
1235421
1235422
1235423
1235424
1235425
1235426
1235427
1235428
1235429
1235430
1235431
1235432
1235433
1235434
1235435
1235436
1235437
1235438
1235439
1235440
1235441
1235442
1235495
1235496
1235497
1235498
1235499
1235500
1235501
1235502
1235503
1235504
1235505
1235506
1235507
1235508
1235509
1235510
1235511
1235512
1235513
1235514
1235515
1235516
1235517
1235518
1235519
1235520
1235521
1235522
1235523
1235524
1235525
1235526
1235527
1235528
1235529
1235530
1235531
1235532
1235533
1235534
1235535
1235536
1235537
1235538
1235539
1235540
1235541
1235542
1235543
1235544
1235545
1235546
1235625
1235626
1235627
1235628
1235629
1235630
1235631
1235632
1235633
1235634
1235635
1235636
1235637
1235638
1235639
1235640
1235641
1235642
1235643
1235644
1235645
1235646
1235647
1235648
1235649
1235650
1235651
1235652
1235653
1235654
1235655
1235656
1235657
1235658
1235659
1235660
1235661
1235662
1235663
1235664
1235665
1235666
1235667
1235668
1235669
1235670
1235671
1235672
1235673
1235674
1235675
1235676
1235729
1235730
1235731
1235732
1235733
1235734
1235735
1235736
1235737
1235738
1235739
1235740
1235741
1235742
1235743
1235744
1235745
1235746
1235747
1235748
1235749
1235750
1235751
1235752
1235753
1235754
1235781
1235782
1235783
1235784
1235785
1235786
1235787
1235788
1235789
1235790
1235791
1235792
1235793
1235794
1235795
1235796
1235797
1235798
1235799
1235800
1235801
1235802
1235803
1235804
1235805
1235806
1235833
1235834
1235835
1235836
1235837
1235838
1235839
1235840
1235841
1235842
1235843
1235844
1235845
1235846
1235847
1235848
1235849
1235850
1235851
1235852
1235853
1235854
1235855
1235856
1235857
1235858
1235885
1235886
1235887
1235888
1235889
1235890
1235891
1235892
1235893
1235894
1235895
1235896
1235897
1235898
1235899
1235900
1235901
1235902
1235903
1235904
1235905
1235906
1235907
1235908
1235909
1235910
1235911
1235912
1235913
1235914
1235915
1235916
1235917
1235918
1235919
1235920
1235921
1235922
1235923
1235924
1235925
1235926
1235927
1235928
1235929
1235930
1235931
1235932
1235933
1235934
1235935
1235936
1235963
1235964
1235965
1235966
1235967
1235968
1235969
1235970
1235971
1235972
1235973
1235974
1235975
1235976
1235977
1235978
1235979
1235980
1235981
1235982
1235983
1235984
1235985
1235986
1235987
1235988
1236067
1236068
1236069
1236070
1236071
1236072
1236073
1236074
1236075
1236076
1236077
1236078
1236079
1236080
1236081
1236082
1236083
1236084
1236085
1236086
1236087
1236088
1236089
1236090
1236091
1236092
1236119
1236120
1236121
1236122
1236123
1236124
1236125
1236126
1236127
1236128
1236129
1236130
1236131
1236132
1236133
1236134
1236135
1236136
1236137
1236138
1236139
1236140
1236141
1236142
1236143
1236144
1236171
1236172
1236173
1236174
1236175
1236176
1236177
1236178
1236179
1236180
1236181
1236182
1236183
1236184
1236185
1236186
1236187
1236188
1236189
1236190
1236191
1236192
1236193
1236194
1236195
1236196
1236197
1236198
1236199
1236200
1236201
1236202
1236203
1236204
1236205
1236206
1236207
1236208
1236209
1236210
1236211
1236212
1236213
1236214
1236215
1236216
1236217
1236218
1236219
1236220
1236221
1236222
1236249
1236250
1236251
1236252
1236253
1236254
1236255
1236256
1236257
1236258
1236259
1236260
1236261
1236262
1236263
1236264
1236265
1236266
1236267
1236268
1236269
1236270
1236271
1236272
1236273
1236274
1236327
1236328
1236329
1236330
1236331
1236332
1236333
1236334
1236335
1236336
1236337
1236338
1236339
1236340
1236341
1236342
1236343
1236344
1236345
1236346
1236347
1236348
1236349
1236350
1236351
1236352
1236353
1236354
1236355
1236356
1236357
1236358
1236359
1236360
1236361
1236362
1236363
1236364
1236365
1236366
1236367
1236368
1236369
1236370
1236371
1236372
1236373
1236374
1236375
1236376
1236377
1236378
1236457
1236458
1236459
1236460
1236461
1236462
1236463
1236464
1236465
1236466
1236467
1236468
1236469
1236470
1236471
1236472
1236473
1236474
1236475
1236476
1236477
1236478
1236479
1236480
1236481
1236482
1236509
1236510
1236511
1236512
1236513
1236514
1236515
1236516
1236517
1236518
1236519
1236520
1236521
1236522
1236523
1236524
1236525
1236526
1236527
1236528
1236529
1236530
1236531
1236532
1236533
1236534
1236587
1236588
1236589
1236590
1236591
1236592
1236593
1236594
1236595
1236596
1236597
1236598
1236599
1236600
1236601
1236602
1236603
1236604
1236605
1236606
1236607
1236608
1236609
1236610
1236611
1236612
1236613
1236614
1236615
1236616
1236617
1236618
1236619
1236620
1236621
1236622
1236623
1236624
1236625
1236626
1236627
1236628
1236629
1236630
1236631
1236632
1236633
1236634
1236635
1236636
1236637
1236638
1236665
1236666
1236667
1236668
1236669
1236670
1236671
1236672
1236673
1236674
1236675
1236676
1236677
1236678
1236679
1236680
1236681
1236682
1236683
1236684
1236685
1236686
1236687
1236688
1236689
1236690
1236743
1236744
1236745
1236746
1236747
1236748
1236749
1236750
1236751
1236752
1236753
1236754
1236755
1236756
1236757
1236758
1236759
1236760
1236761
1236762
1236763
1236764
1236765
1236766
1236767
1236768
1236795
1236796
1236797
1236798
1236799
1236800
1236801
1236802
1236803
1236804
1236805
1236806
1236807
1236808
1236809
1236810
1236811
1236812
1236813
1236814
1236815
1236816
1236817
1236818
1236819
1236820
1236821
1236822
1236823
1236824
1236825
1236826
1236827
1236828
1236829
1236830
1236831
1236832
1236833
1236834
1236835
1236836
1236837
1236838
1236839
1236840
1236841
1236842
1236843
1236844
1236845
1236846
1236899
1236900
1236901
1236902
1236903
1236904
1236905
1236906
1236907
1236908
1236909
1236910
1236911
1236912
1236913
1236914
1236915
1236916
1236917
1236918
1236919
1236920
1236921
1236922
1236923
1236924
1236951
1236952
1236953
1236954
1236955
1236956
1236957
1236958
1236959
1236960
1236961
1236962
1236963
1236964
1236965
1236966
1236967
1236968
1236969
1236970
1236971
1236972
1236973
1236974
1236975
1236976
1237003
1237004
1237005
1237006
1237007
1237008
1237009
1237010
1237011
1237012
1237013
1237014
1237015
1237016
1237017
1237018
1237019
1237020
1237021
1237022
1237023
1237024
1237025
1237026
1237027
1237028
1237055
1237056
1237057
1237058
1237059
1237060
1237061
1237062
1237063
1237064
1237065
1237066
1237067
1237068
1237069
1237070
1237071
1237072
1237073
1237074
1237075
1237076
1237077
1237078
1237079
1237080
1237133
1237134
1237135
1237136
1237137
1237138
1237139
1237140
1237141
1237142
1237143
1237144
1237145
1237146
1237147
1237148
1237149
1237150
1237151
1237152
1237153
1237154
1237155
1237156
1237157
1237158
1237159
1237160
1237161
1237162
1237163
1237164
1237165
1237166
1237167
1237168
1237169
1237170
1237171
1237172
1237173
1237174
1237175
1237176
1237177
1237178
1237179
1237180
1237181
1237182
1237183
1237184
1237211
1237212
1237213
1237214
1237215
1237216
1237217
1237218
1237219
1237220
1237221
1237222
1237223
1237224
1237225
1237226
1237227
1237228
1237229
1237230
1237231
1237232
1237233
1237234
1237235
1237236
1237263
1237264
1237265
1237266
1237267
1237268
1237269
1237270
1237271
1237272
1237273
1237274
1237275
1237276
1237277
1237278
1237279
1237280
1237281
1237282
1237283
1237284
1237285
1237286
1237287
1237288
