1237341
1237342
1237343
1237344
1237345
1237346
1237347
1237348
1237349
1237350
1237351
1237352
1237353
1237354
1237355
1237356
1237357
1237358
1237359
1237360
1237361
1237362
1237363
1237364
1237365
1237366
1237367
1237368
1237369
1237370
1237371
1237372
1237373
1237374
1237375
1237376
1237377
1237378
1237379
1237380
1237381
1237382
1237383
1237384
1237385
1237386
1237387
1237388
1237389
1237390
1237391
1237392
1237419
1237420
1237421
1237422
1237423
1237424
1237425
1237426
1237427
1237428
1237429
1237430
1237431
1237432
1237433
1237434
1237435
1237436
1237437
1237438
1237439
1237440
1237441
1237442
1237443
1237444
1237497
1237498
1237499
1237500
1237501
1237502
1237503
1237504
1237505
1237506
1237507
1237508
1237509
1237510
1237511
1237512
1237513
1237514
1237515
1237516
1237517
1237518
1237519
1237520
1237521
1237522
1237523
1237524
1237525
1237526
1237527
1237528
1237529
1237530
1237531
1237532
1237533
1237534
1237535
1237536
1237537
1237538
1237539
1237540
1237541
1237542
1237543
1237544
1237545
1237546
1237547
1237548
1237601
1237602
1237603
1237604
1237605
1237606
1237607
1237608
1237609
1237610
1237611
1237612
1237613
1237614
1237615
1237616
1237617
1237618
1237619
1237620
1237621
1237622
1237623
1237624
1237625
1237626
1237653
1237654
1237655
1237656
1237657
1237658
1237659
1237660
1237661
1237662
1237663
1237664
1237665
1237666
1237667
1237668
1237669
1237670
1237671
1237672
1237673
1237674
1237675
1237676
1237677
1237678
1237679
1237680
1237681
1237682
1237683
1237684
1237685
1237686
1237687
1237688
1237689
1237690
1237691
1237692
1237693
1237694
1237695
1237696
1237697
1237698
1237699
1237700
1237701
1237702
1237703
1237704
1237757
1237758
1237759
1237760
1237761
1237762
1237763
1237764
1237765
1237766
1237767
1237768
1237769
1237770
1237771
1237772
1237773
1237774
1237775
1237776
1237777
1237778
1237779
1237780
1237781
1237782
1237783
1237784
1237785
1237786
1237787
1237788
1237789
1237790
1237791
1237792
1237793
1237794
1237795
1237796
1237797
1237798
1237799
1237800
1237801
1237802
1237803
1237804
1237805
1237806
1237807
1237808
1237861
1237862
1237863
1237864
1237865
1237866
1237867
1237868
1237869
1237870
1237871
1237872
1237873
1237874
1237875
1237876
1237877
1237878
1237879
1237880
1237881
1237882
1237883
1237884
1237885
1237886
1237913
1237914
1237915
1237916
1237917
1237918
1237919
1237920
1237921
1237922
1237923
1237924
1237925
1237926
1237927
1237928
1237929
1237930
1237931
1237932
1237933
1237934
1237935
1237936
1237937
1237938
1237939
1237940
1237941
1237942
1237943
1237944
1237945
1237946
1237947
1237948
1237949
1237950
1237951
1237952
1237953
1237954
1237955
1237956
1237957
1237958
1237959
1237960
1237961
1237962
1237963
1237964
1237991
1237992
1237993
1237994
1237995
1237996
1237997
1237998
1237999
1238000
1238001
1238002
1238003
1238004
1238005
1238006
1238007
1238008
1238009
1238010
1238011
1238012
1238013
1238014
1238015
1238016
1238043
1238044
1238045
1238046
1238047
1238048
1238049
1238050
1238051
1238052
1238053
1238054
1238055
1238056
1238057
1238058
1238059
1238060
1238061
1238062
1238063
1238064
1238065
1238066
1238067
1238068
1238121
1238122
1238123
1238124
1238125
1238126
1238128
1238129
1238130
1238131
1238132
1238133
1238134
1238135
1238136
1238137
1238138
1238139
1238140
1238141
1238142
1238143
1238144
1238145
1238146
1238173
1238174
1238175
1238176
1238177
1238178
1238179
1238180
1238181
1238182
1238183
1238184
1238185
1238186
1238187
1238188
1238189
1238190
1238191
1238192
1238193
1238194
1238195
1238196
1238197
1238198
1238225
1238226
1238227
1238228
1238229
1238230
1238231
1238232
1238233
1238234
1238235
1238236
1238237
1238238
1238239
1238240
1238241
1238242
1238243
1238244
1238245
1238246
1238247
1238248
1238249
1238250
1238277
1238278
1238279
1238280
1238281
1238282
1238283
1238284
1238285
1238286
1238287
1238288
1238289
1238290
1238291
1238292
1238293
1238294
1238295
1238296
1238297
1238298
1238299
1238300
1238301
1238302
1238329
1238330
1238331
1238332
1238333
1238334
1238335
1238336
1238337
1238338
1238339
1238340
1238341
1238342
1238343
1238344
1238345
1238346
1238347
1238348
1238349
1238350
1238351
1238352
1238353
1238354
1238355
1238356
1238357
1238358
1238359
1238360
1238361
1238362
1238363
1238364
1238365
1238366
1238367
1238368
1238369
1238370
1238371
1238372
1238373
1238374
1238375
1238376
1238377
1238378
1238379
1238380
1238433
1238434
1238435
1238436
1238437
1238438
1238439
1238440
1238441
1238442
1238443
1238444
1238445
1238446
1238447
1238448
1238449
1238450
1238451
1238452
1238453
1238454
1238455
1238456
1238457
1238458
1238459
1238460
1238461
1238462
1238463
1238464
1238465
1238466
1238467
1238468
1238469
1238470
1238471
1238472
1238473
1238474
1238475
1238476
1238477
1238478
1238479
1238480
1238481
1238482
1238483
1238484
1238511
1238512
1238513
1238514
1238515
1238516
1238517
1238518
1238519
1238520
1238521
1238522
1238523
1238524
1238525
1238526
1238527
1238528
1238529
1238530
1238531
1238532
1238533
1238534
1238535
1238536
1238563
1238564
1238565
1238566
1238567
1238568
1238569
1238570
1238571
1238572
1238573
1238574
1238575
1238576
1238577
1238578
1238579
1238580
1238581
1238582
1238583
1238584
1238585
1238586
1238587
1238588
1238615
1238616
1238617
1238618
1238619
1238620
1238621
1238622
1238623
1238624
1238625
1238626
1238627
1238628
1238629
1238630
1238631
1238632
1238633
1238634
1238635
1238636
1238637
1238638
1238639
1238640
1238667
1238668
1238669
1238670
1238671
1238672
1238673
1238674
1238675
1238676
1238677
1238678
1238679
1238680
1238681
1238682
1238683
1238684
1238685
1238686
1238687
1238688
1238689
1238690
1238691
1238692
1238719
1238720
1238721
1238722
1238723
1238724
1238725
1238726
1238727
1238728
1238729
1238730
1238731
1238732
1238733
1238734
1238735
1238736
1238737
1238738
1238739
1238740
1238741
1238742
1238743
1238744
1238771
1238772
1238773
1238774
1238775
1238776
1238777
1238778
1238779
1238780
1238781
1238782
1238783
1238784
1238785
1238786
1238787
1238788
1238789
1238790
1238791
1238792
1238793
1238794
1238795
1238796
1238849
1238850
1238851
1238852
1238853
1238854
1238855
1238856
1238857
1238858
1238859
1238860
1238861
1238862
1238863
1238864
1238865
1238866
1238867
1238868
1238869
1238870
1238871
1238872
1238873
1238874
1238901
1238902
1238903
1238904
1238905
1238906
1238907
1238908
1238909
1238910
1238911
1238912
1238913
1238914
1238915
1238916
1238917
1238918
1238919
1238920
1238921
1238922
1238923
1238924
1238925
1238926
1238953
1238954
1238955
1238956
1238957
1238958
1238959
1238960
1238961
1238962
1238963
1238964
1238965
1238966
1238967
1238968
1238969
1238970
1238971
1238972
1238973
1238974
1238975
1238976
1238977
1238978
1238979
1238980
1238981
1238982
1238983
1238984
1238985
1238986
1238987
1238988
1238989
1238990
1238991
1238992
1238993
1238994
1238995
1238996
1238997
1238998
1238999
1239000
1239001
1239002
1239003
1239004
1239031
1239032
1239033
1239034
1239035
1239036
1239037
1239038
1239039
1239040
1239041
1239042
1239043
1239044
1239045
1239046
1239047
1239048
1239049
1239050
1239051
1239052
1239053
1239054
1239055
1239056
1239109
1239110
1239111
1239112
1239113
1239114
1239115
1239116
1239117
1239118
1239119
1239120
1239121
1239122
1239123
1239124
1239125
1239126
1239127
1239128
1239129
1239130
1239131
1239132
1239133
1239134
1239161
1239162
1239163
1239164
1239165
1239166
1239167
1239168
1239169
1239170
1239171
1239172
1239173
1239174
1239175
1239176
1239177
1239178
1239179
1239180
1239181
1239182
1239183
1239184
1239185
1239186
1239187
1239188
1239189
1239190
1239191
1239192
1239193
1239194
1239195
1239196
1239197
1239198
1239199
1239200
1239201
1239202
1239203
1239204
1239205
1239206
1239207
1239208
1239209
1239210
1239211
1239212
1239265
1239266
1239267
1239268
1239269
1239270
1239271
1239272
1239273
1239274
1239275
1239276
1239277
1239278
1239279
1239280
1239281
1239282
1239283
1239284
1239285
1239286
1239287
1239288
1239289
1239290
1239291
1239292
1239293
1239294
1239295
1239296
1239297
1239298
1239299
1239300
1239301
1239302
1239303
1239304
1239305
1239306
1239307
1239308
1239309
1239310
1239311
1239312
1239313
1239314
1239315
1239316
1239343
1239344
1239345
1239346
1239347
1239348
1239349
1239350
1239351
1239352
1239353
1239354
1239355
1239356
1239357
1239358
1239359
1239360
1239361
1239362
1239363
1239364
1239365
1239366
1239367
1239368
1239421
1239422
1239423
1239424
1239425
1239426
1239427
1239428
1239429
1239430
1239431
1239432
1239433
1239434
1239435
1239436
1239437
1239438
1239439
1239440
1239441
1239442
1239443
1239444
1239445
1239446
1239473
1239474
1239475
1239476
1239477
1239478
1239479
1239480
1239481
1239482
1239483
1239484
1239485
1239486
1239487
1239488
1239489
1239490
1239491
1239492
1239493
1239494
1239495
1239496
1239497
1239498
1239525
1239526
1239527
1239528
1239529
1239530
1239531
1239532
1239533
1239534
1239535
1239536
1239537
1239538
1239539
1239540
1239541
1239542
1239543
1239544
1239545
1239546
1239547
1239548
1239549
1239550
1239577
1239578
1239579
1239580
1239581
1239582
1239583
1239584
1239585
1239586
1239587
1239588
1239589
1239590
1239591
1239592
1239593
1239594
1239595
1239596
1239597
1239598
1239599
1239600
1239601
1239602
1239603
1239604
1239605
1239606
1239607
1239608
1239609
1239610
1239611
1239612
1239613
1239614
1239615
1239616
1239617
1239618
1239619
1239620
1239621
1239622
1239623
1239624
1239625
1239626
1239627
1239628
1239655
1239656
1239657
1239658
1239659
1239660
1239661
1239662
1239663
1239664
1239665
1239666
1239667
1239668
1239669
1239670
1239671
1239672
1239673
1239674
1239675
1239676
1239677
1239678
1239679
1239680
1239707
1239708
1239709
1239710
1239711
1239712
1239713
1239714
1239715
1239716
1239717
1239718
1239719
1239720
1239721
1239722
1239723
1239724
1239725
1239726
1239727
1239728
1239729
1239730
1239731
1239732
1239785
1239786
1239787
1239788
1239789
1239790
1239791
1239792
1239793
1239794
1239795
1239796
1239797
1239798
1239799
1239800
1239801
1239802
1239803
1239804
1239805
1239806
1239807
1239808
1239809
1239810
1239837
1239838
1239839
1239840
1239841
1239842
1239843
1239844
1239845
1239846
1239847
1239848
1239849
1239850
1239851
1239852
1239853
1239854
1239855
1239856
1239857
1239858
1239859
1239860
1239861
1239862
1239889
1239890
1239891
1239892
1239893
1239894
1239895
1239896
1239897
1239898
1239899
1239900
1239901
1239902
1239903
1239904
1239905
1239906
1239907
1239908
1239909
1239910
1239911
1239912
1239913
1239914
1239915
1239916
1239917
1239918
1239919
1239920
1239921
1239922
1239923
1239924
1239925
1239926
1239927
1239928
1239929
1239930
1239931
1239932
1239933
1239934
1239935
1239936
1239937
1239938
1239939
1239940
1239967
1239968
1239969
1239970
1239971
1239972
1239973
1239974
1239975
1239976
1239977
1239978
1239979
1239980
1239981
1239982
1239983
1239984
1239985
1239986
1239987
1239988
1239989
1239990
1239991
1239992
1240045
1240046
1240047
1240048
1240049
1240050
1240051
1240052
1240053
1240054
1240055
1240056
1240057
1240058
1240059
1240060
1240061
1240062
1240063
1240064
1240065
1240066
1240067
1240068
1240069
1240070
1240097
1240098
1240099
1240100
1240101
1240102
1240103
1240104
1240105
1240106
1240107
1240108
1240109
1240110
1240111
1240112
1240113
1240114
1240115
1240116
1240117
1240118
1240119
1240120
1240121
1240122
1240123
1240124
1240125
1240126
1240127
1240128
1240129
1240130
1240131
1240132
1240133
1240134
1240135
1240136
1240137
1240138
1240139
1240140
1240141
1240142
1240143
1240144
1240145
1240146
1240147
1240148
1240175
1240176
1240177
1240178
1240179
1240180
1240181
1240182
1240183
1240184
1240185
1240186
1240187
1240188
1240189
1240190
1240191
1240192
1240193
1240194
1240195
1240196
1240197
1240198
1240199
1240200
1240227
1240228
1240229
1240230
1240231
1240232
1240233
1240234
1240235
1240236
1240237
1240238
1240239
1240240
1240241
1240242
1240243
1240244
1240245
1240246
1240247
1240248
1240249
1240250
1240251
1240252
1240279
1240280
1240281
1240282
1240283
1240284
1240285
1240286
1240287
1240288
1240289
1240290
1240291
1240292
1240293
1240294
1240295
1240296
1240297
1240298
1240299
1240300
1240301
1240302
1240303
1240304
1240357
1240358
1240359
1240360
1240361
1240362
1240363
1240364
1240365
1240366
1240367
1240368
1240369
1240370
1240371
1240372
1240373
1240374
1240375
1240376
1240377
1240378
1240379
1240380
1240381
1240382
1240383
1240384
1240385
1240386
1240387
1240388
1240389
1240390
1240391
1240392
1240393
1240394
1240395
1240396
1240397
1240398
1240399
1240400
1240401
1240402
1240403
1240404
1240405
1240406
1240407
1240408
1240461
1240462
1240463
1240464
1240465
1240466
1240467
1240468
1240469
1240470
1240471
1240472
1240473
1240474
1240475
1240476
1240477
1240478
1240479
1240480
1240481
1240482
1240483
1240484
1240485
1240486
1240513
1240514
1240515
1240516
1240517
1240518
1240519
1240520
1240521
1240522
1240523
1240524
1240525
1240526
1240527
1240528
1240529
1240530
1240531
1240532
1240533
1240534
1240535
1240536
1240537
1240538
1240539
1240540
1240541
1240542
1240543
1240544
1240545
1240546
1240547
1240548
1240549
1240550
1240551
1240552
1240553
1240554
1240555
1240556
1240557
1240558
1240559
1240560
1240561
1240562
1240563
1240564
1240591
1240592
1240593
1240594
1240595
1240596
1240597
1240598
1240599
1240600
1240601
1240602
1240603
1240604
1240605
1240606
1240607
1240608
1240609
1240610
1240611
1240612
1240613
1240614
1240615
1240616
1240643
1240644
1240645
1240646
1240647
1240648
1240649
1240650
1240651
1240652
1240653
1240654
1240655
1240656
1240657
1240658
1240659
1240660
1240661
1240662
1240663
1240664
1240665
1240666
1240667
1240668
1240721
1240722
1240723
1240724
1240725
1240726
1240727
1240728
1240729
1240730
1240731
1240732
1240733
1240734
1240735
1240736
1240738
1240739
1240740
1240741
1240742
1240743
1240744
1240745
1240746
1240773
1240774
1240775
1240776
1240777
1240778
1240779
1240780
1240781
1240782
1240783
1240784
1240785
1240786
1240787
1240788
1240789
1240790
1240791
1240792
1240793
1240794
1240795
1240796
1240797
1240798
1240799
1240800
1240801
1240802
1240803
1240804
1240805
1240806
1240807
1240808
1240809
1240810
1240811
1240812
1240813
1240814
1240815
1240816
1240817
1240818
1240819
1240820
1240821
1240822
1240823
1240824
1240851
1240852
1240853
1240854
1240855
1240856
1240857
1240858
1240859
1240860
1240861
1240862
1240863
1240864
1240865
1240866
1240867
1240868
1240869
1240870
1240871
1240872
1240873
1240874
1240875
1240876
1240903
1240904
1240905
1240906
1240907
1240908
1240909
1240910
1240911
1240912
1240913
1240914
1240915
1240916
1240917
1240918
1240919
1240920
1240921
1240922
1240923
1240924
1240925
1240926
1240927
1240928
1240955
1240956
1240957
1240958
1240959
1240960
1240961
1240962
1240963
1240964
1240965
1240966
1240967
1240968
1240969
1240970
1240971
1240972
1240973
1240974
1240975
1240976
1240977
1240978
1240979
1240980
1241007
1241008
1241009
1241010
1241011
1241012
1241013
1241014
1241015
1241016
1241017
1241018
1241019
1241020
1241021
1241022
1241023
1241024
1241025
1241026
1241027
1241028
1241029
1241030
1241031
1241032
1241059
1241060
1241061
1241062
1241063
1241064
1241065
1241066
1241067
1241068
1241069
1241070
1241071
1241072
1241073
1241074
1241075
1241076
1241077
1241078
1241079
1241080
1241081
1241082
1241083
1241084
1241137
1241138
1241139
1241140
1241141
1241143
1241144
1241145
1241146
1241147
1241148
1241149
1241150
1241151
1241152
1241153
1241154
1241155
1241156
1241157
1241158
1241159
1241160
1241161
1241162
1241163
1241164
1241165
1241166
1241167
1241168
1241169
1241170
1241171
1241172
1241173
1241174
1241175
1241176
1241177
1241178
1241179
1241180
1241181
1241182
1241183
1241184
1241185
1241186
1241187
1241188
1241241
1241242
1241243
1241244
1241245
1241246
1241247
1241248
1241249
1241250
1241251
1241252
1241253
1241254
1241255
1241256
1241257
1241258
1241259
1241260
1241261
1241262
1241263
1241264
1241265
1241266
1241293
1241294
1241295
1241296
1241297
1241298
1241299
1241300
1241301
1241302
1241303
1241304
1241305
1241306
1241307
1241308
1241309
1241310
1241311
1241312
1241313
1241314
1241315
1241316
1241317
1241318
1241345
1241346
1241347
1241348
1241349
1241350
1241351
1241352
1241353
1241354
1241355
1241356
1241357
1241358
1241359
1241360
1241361
1241362
1241363
1241364
1241365
1241366
1241367
1241368
1241369
1241370
1241397
1241398
1241399
1241400
1241401
1241402
1241403
1241404
1241405
1241406
1241407
1241408
1241409
1241410
1241411
1241412
1241413
1241414
1241415
1241416
1241417
1241418
1241419
1241420
1241421
1241422
1241449
1241450
1241451
1241452
1241453
1241454
1241455
1241456
1241457
1241458
1241459
1241460
1241461
1241462
1241463
1241464
1241465
1241466
1241467
1241468
1241469
1241470
1241471
1241472
1241473
1241474
1241501
1241502
1241503
1241504
1241505
1241506
1241507
1241508
1241509
1241510
1241511
1241512
1241513
1241514
1241515
1241516
1241517
1241518
1241519
1241520
1241521
1241522
1241523
1241524
1241525
1241526
1241527
1241528
1241529
1241530
1241531
1241532
1241533
1241534
1241535
1241536
1241537
1241538
1241539
1241540
1241541
1241542
1241543
1241544
1241545
1241546
1241547
1241548
1241549
1241550
1241551
1241552
1241605
1241606
1241607
1241608
1241609
1241610
1241611
1241612
1241613
1241614
1241615
1241616
1241617
1241618
1241619
1241620
1241621
1241622
1241623
1241624
1241625
1241626
1241627
1241628
1241629
1241630
1241631
1241632
1241633
1241634
1241635
1241636
1241637
1241638
1241639
1241640
1241641
1241642
1241643
1241644
1241645
1241646
1241647
1241648
1241649
1241650
1241651
1241652
1241653
1241654
1241655
1241656
1241709
1241710
1241711
1241712
1241713
1241714
1241715
1241716
1241717
1241718
1241719
1241720
1241721
1241722
1241723
1241724
1241725
1241726
1241727
1241728
1241729
1241730
1241731
1241732
1241733
1241734
1241761
1241762
1241763
1241764
1241765
1241766
1241767
1241768
1241769
1241770
1241771
1241772
1241773
1241774
1241775
1241776
1241777
1241778
1241779
1241780
1241781
1241782
1241783
1241784
1241785
1241786
1241813
1241814
1241815
1241816
1241817
1241818
1241819
1241820
1241821
1241822
1241823
1241824
1241825
1241826
1241827
1241828
1241829
1241830
1241831
1241832
1241833
1241834
1241835
1241836
1241837
1241838
1241917
1241918
1241919
1241920
1241921
1241922
1241923
1241924
1241925
1241926
1241927
1241928
1241929
1241930
1241931
1241932
1241933
1241934
1241935
1241936
1241937
1241938
1241939
1241940
1241941
1241942
1241969
1241970
1241971
1241972
1241973
1241974
1241975
1241976
1241977
1241978
1241979
1241980
1241981
1241982
1241983
1241984
1241985
1241986
1241987
1241988
1241989
1241990
1241991
1241992
1241993
1241994
1242021
1242022
1242023
1242024
1242025
1242026
1242027
1242028
1242029
1242030
1242031
1242032
1242033
1242034
1242035
1242036
1242037
1242038
1242039
1242040
1242041
1242042
1242043
1242044
1242045
1242046
1242073
1242074
1242075
1242076
1242077
1242078
1242079
1242080
1242081
1242082
1242083
1242084
1242085
1242086
1242087
1242088
1242089
1242090
1242091
1242092
1242093
1242094
1242095
1242096
1242097
1242098
1242099
1242100
1242101
1242102
1242103
1242104
1242105
1242106
1242107
1242108
1242109
1242110
1242111
1242112
1242113
1242114
1242115
1242116
1242117
1242118
1242119
1242120
1242121
1242122
1242123
1242124
1242151
1242152
1242153
1242154
1242155
1242156
1242157
1242158
1242159
1242160
1242161
1242162
1242163
1242164
1242165
1242166
1242167
1242168
1242169
1242170
1242171
1242172
1242173
1242174
1242175
1242176
1242229
1242230
1242231
1242232
1242233
1242234
1242235
1242236
1242237
1242238
1242239
1242240
1242241
1242242
1242243
1242244
1242245
1242246
1242247
1242248
1242249
1242250
1242251
1242252
1242253
1242254
1242255
1242256
1242257
1242258
1242259
1242260
1242261
1242262
1242263
1242264
1242265
1242266
1242267
1242268
1242269
1242270
1242271
1242272
1242273
1242274
1242275
1242276
1242277
1242278
1242279
1242280
1242307
1242308
1242309
1242310
1242311
1242312
1242313
1242314
1242315
1242316
1242317
1242318
1242319
1242320
1242321
1242322
1242323
1242324
1242325
1242326
1242327
1242328
1242329
1242330
1242331
1242332
1242385
1242386
1242387
1242388
1242389
1242390
1242391
1242392
1242393
1242394
1242395
1242396
1242397
1242398
1242399
1242400
1242401
1242402
1242403
1242404
1242405
1242406
1242407
1242408
1242409
1242410
1242411
1242412
1242413
1242414
1242415
1242416
1242417
1242418
1242419
1242420
1242421
1242422
1242423
1242424
1242425
1242426
1242427
1242428
1242429
1242430
1242431
1242432
1242433
1242434
1242435
1242436
1242463
1242464
1242465
1242466
1242467
1242468
1242469
1242470
1242471
1242472
1242473
1242474
1242475
1242476
1242477
1242478
1242479
1242480
1242481
1242482
1242483
1242484
1242485
1242486
1242487
1242488
1242541
1242542
1242543
1242544
1242545
1242546
1242547
1242548
1242549
1242550
1242551
1242552
1242553
1242554
1242555
1242556
1242557
1242558
1242559
1242560
1242561
1242562
1242563
1242564
1242565
1242566
1242593
1242594
1242595
1242596
1242597
1242598
1242599
1242600
1242601
1242602
1242603
1242604
1242605
1242606
1242607
1242608
1242609
1242610
1242611
1242612
1242613
1242614
1242615
1242616
1242617
1242618
1242645
1242646
1242647
1242648
1242649
1242650
1242651
1242652
1242653
1242654
1242655
1242656
1242657
1242658
1242659
1242660
1242661
1242662
1242663
1242664
1242665
1242666
1242667
1242668
1242669
1242670
1242697
1242698
1242699
1242700
1242701
1242702
1242703
1242704
1242705
1242706
1242707
1242708
1242709
1242710
1242711
1242712
1242713
1242714
1242715
1242716
1242717
1242718
1242719
1242720
1242721
1242722
1242723
1242724
1242725
1242726
1242727
1242728
1242729
1242730
1242731
1242732
1242733
1242734
1242735
1242736
1242737
1242738
1242739
1242740
1242741
1242742
1242743
1242744
1242745
1242746
1242747
1242748
1242775
1242776
1242777
1242778
1242779
1242780
1242781
1242782
1242783
1242784
1242785
1242786
1242787
1242788
1242789
1242790
1242791
1242792
1242793
1242794
1242795
1242796
1242797
1242798
1242799
1242800
1242853
1242854
1242855
1242856
1242857
1242858
1242859
1242860
1242861
1242862
1242863
1242864
1242865
1242866
1242867
1242868
1242869
1242870
1242871
1242872
1242873
1242874
1242875
1242876
1242877
1242878
1242905
1242906
1242907
1242908
1242909
1242910
1242911
1242912
1242913
1242914
1242915
1242916
1242917
1242918
1242919
1242920
1242921
1242922
1242923
1242924
1242925
1242926
1242927
1242928
1242929
1242930
1242957
1242958
1242959
1242960
1242961
1242962
1242963
1242964
1242965
1242966
1242967
1242968
1242969
1242970
1242971
1242972
1242973
1242974
1242975
1242976
1242977
1242978
1242979
1242980
1242981
1242982
1243009
1243010
1243011
1243012
1243013
1243014
1243015
1243016
1243017
1243018
1243019
1243020
1243021
1243022
1243023
1243024
1243025
1243026
1243027
1243028
1243029
1243030
1243031
1243032
1243033
1243034
1243061
1243062
1243063
1243064
1243065
1243066
1243067
1243068
1243069
1243070
1243071
1243072
1243073
1243074
1243075
1243076
1243077
1243078
1243079
1243080
1243081
1243082
1243083
1243084
1243085
1243086
1243087
1243088
1243089
1243090
1243091
1243092
1243093
1243094
1243095
1243096
1243097
1243098
1243099
1243100
1243101
1243102
1243103
1243104
1243105
1243106
1243107
1243108
1243109
1243110
1243111
1243112
1243139
1243140
1243141
1243142
1243143
1243144
1243145
1243146
1243147
1243148
1243149
1243150
1243151
1243152
1243153
1243154
1243155
1243156
1243157
1243158
1243159
1243160
1243161
1243162
1243163
1243164
1243191
1243192
1243193
1243194
1243195
1243196
1243197
1243198
1243199
1243200
1243201
1243202
1243203
1243204
1243205
1243206
1243207
1243208
1243209
1243210
1243211
1243212
1243213
1243214
1243215
1243216
1243243
1243244
1243245
1243246
1243247
1243248
1243249
1243250
1243251
1243252
1243253
1243254
1243255
1243256
1243257
1243258
1243259
1243260
1243261
1243262
1243263
1243264
1243265
1243266
1243267
1243268
1243321
1243322
1243323
1243324
1243325
1243326
1243327
1243328
1243329
1243330
1243331
1243332
1243333
1243334
1243335
1243336
1243337
1243338
1243339
1243340
1243341
1243342
1243343
1243344
1243345
1243346
1243348
1243349
1243350
1243351
1243352
1243353
1243354
1243355
1243356
1243357
1243358
1243359
1243360
1243361
1243362
1243363
1243364
1243365
1243366
1243367
1243368
1243369
1243370
1243371
1243372
1243399
1243400
1243401
1243402
1243403
1243404
1243405
1243406
1243407
1243408
1243409
1243410
1243411
1243412
1243413
1243414
1243415
1243416
1243417
1243418
1243419
1243420
1243421
1243422
1243423
1243424
1243477
1243478
1243479
1243480
1243481
1243482
1243483
1243484
1243485
1243486
1243487
1243488
1243489
1243490
1243491
1243492
1243493
1243494
1243495
1243496
1243497
1243498
1243499
1243500
1243501
1243502
1243503
1243504
1243505
1243506
1243507
1243508
1243509
1243510
1243511
1243512
1243513
1243514
1243515
1243516
1243517
1243518
1243519
1243520
1243521
1243522
1243523
1243524
1243525
1243526
1243527
1243528
1243555
1243556
1243557
1243558
1243559
1243560
1243561
1243562
1243563
1243564
1243565
1243566
1243567
1243568
1243569
1243570
1243571
1243572
1243573
1243574
1243575
1243576
1243577
1243578
1243579
1243580
1243633
1243634
1243635
1243636
1243637
1243638
1243639
1243640
1243641
1243642
1243643
1243644
1243645
1243646
1243647
1243648
1243649
1243650
1243651
1243652
1243653
1243654
1243655
1243656
1243657
1243658
1243685
1243686
1243687
1243688
1243689
1243690
1243691
1243692
1243693
1243694
1243695
1243696
1243697
1243698
1243699
1243700
1243701
1243702
1243703
1243704
1243705
1243706
1243707
1243708
1243709
1243710
1243711
1243712
1243713
1243714
1243715
1243716
1244041
