1243717
1243718
1243719
1243720
1243721
1243722
1243723
1243724
1243725
1243726
1243727
1243728
1243729
1243730
1243731
1243732
1243733
1243734
1243735
1243736
1243789
1243790
1243791
1243792
1243793
1243794
1243795
1243796
1243797
1243798
1243799
1243800
1243801
1243802
1243803
1243804
1243805
1243806
1243807
1243808
1243809
1243810
1243811
1243812
1243813
1243814
1243841
1243842
1243843
1243844
1243845
1243846
1243847
1243848
1243849
1243850
1243851
1243852
1243853
1243854
1243855
1243856
1243857
1243858
1243859
1243860
1243861
1243862
1243863
1243864
1243865
1243866
1243867
1243868
1243869
1243870
1243871
1243872
1243873
1243874
1243875
1243876
1243877
1243878
1243879
1243880
1243881
1243882
1243883
1243884
1243885
1243886
1243887
1243888
1243889
1243890
1243891
1243892
1243919
1243920
1243921
1243922
1243923
1243924
1243925
1243926
1243927
1243928
1243929
1243930
1243931
1243932
1243933
1243934
1243935
1243936
1243937
1243938
1243939
1243940
1243941
1243942
1243943
1243944
1243997
1243998
1243999
1244000
1244001
1244002
1244003
1244004
1244005
1244006
1244007
1244008
1244009
1244010
1244011
1244012
1244013
1244014
1244015
1244016
1244017
1244018
1244019
1244020
1244021
1244022
1244024
1244025
1244026
1244027
1244028
1244029
1244030
1244031
1244032
1244033
1244034
1244035
1244036
1244037
1244038
1244039
1244040
1244042
1244043
1244044
1244045
1244046
1244047
1244048
1244101
1244102
1244103
1244104
1244105
1244106
1244107
1244108
1244109
1244110
1244111
1244112
1244113
1244114
1244115
1244116
1244117
1244118
1244119
1244120
1244121
1244122
1244123
1244124
1244125
1244126
1244179
1244180
1244181
1244182
1244183
1244184
1244185
1244186
1244187
1244188
1244189
1244190
1244191
1244192
1244193
1244194
1244195
1244196
1244197
1244198
1244199
1244200
1244201
1244202
1244203
1244204
1244205
1244206
1244207
1244208
1244209
1244210
1244211
1244212
1244213
1244214
1244215
1244216
1244217
1244218
1244219
1244220
1244221
1244222
1244223
1244224
1244225
1244226
1244227
1244228
1244229
1244230
1244257
1244258
1244259
1244260
1244261
1244262
1244263
1244264
1244265
1244266
1244267
1244268
1244269
1244270
1244271
1244272
1244273
1244274
1244275
1244276
1244277
1244278
1244279
1244280
1244281
1244282
1244309
1244310
1244311
1244312
1244313
1244314
1244315
1244316
1244317
1244318
1244319
1244320
1244321
1244322
1244323
1244324
1244325
1244326
1244327
1244328
1244329
1244330
1244331
1244332
1244333
1244334
1244387
1244388
1244389
1244390
1244391
1244392
1244393
1244394
1244395
1244396
1244397
1244398
1244399
1244400
1244401
1244402
1244403
1244404
1244405
1244406
1244407
1244408
1244409
1244410
1244411
1244412
1244439
1244440
1244441
1244442
1244443
1244444
1244445
1244446
1244447
1244448
1244449
1244450
1244451
1244452
1244453
1244454
1244455
1244456
1244457
1244458
1244459
1244460
1244461
1244462
1244463
1244464
1244465
1244466
1244467
1244468
1244469
1244470
1244471
1244472
1244473
1244474
1244475
1244476
1244477
1244478
1244479
1244480
1244481
1244482
1244483
1244484
1244485
1244486
1244487
1244488
1244489
1244490
1244517
1244518
1244519
1244520
1244521
1244522
1244523
1244524
1244525
1244526
1244527
1244528
1244529
1244530
1244531
1244532
1244533
1244534
1244535
1244536
1244537
1244538
1244539
1244540
1244541
1244542
1244595
1244596
1244597
1244598
1244599
1244600
1244601
1244602
1244603
1244604
1244605
1244606
1244607
1244608
1244609
1244610
1244611
1244612
1244613
1244614
1244615
1244616
1244617
1244618
1244619
1244620
1244647
1244648
1244649
1244650
1244651
1244652
1244653
1244654
1244655
1244656
1244657
1244658
1244659
1244660
1244661
1244662
1244663
1244664
1244665
1244666
1244667
1244668
1244669
1244670
1244671
1244672
1244699
1244700
1244701
1244702
1244703
1244704
1244705
1244706
1244707
1244708
1244709
1244710
1244711
1244712
1244713
1244714
1244715
1244716
1244717
1244718
1244719
1244720
1244721
1244722
1244723
1244724
1244751
1244752
1244753
1244754
1244755
1244756
1244757
1244758
1244759
1244760
1244761
1244762
1244763
1244764
1244765
1244766
1244767
1244768
1244769
1244770
1244771
1244772
1244773
1244774
1244775
1244776
1244777
1244778
1244779
1244780
1244782
1244783
1244784
1244785
1244786
1244787
1244788
1244789
1244790
1244791
1244792
1244793
1244794
1244795
1244796
1244797
1244798
1244799
1244800
1244801
1244802
1244803
1244804
1244805
1244806
1244807
1244808
1244809
1244810
1244811
1244812
1244813
1244814
1244815
1244816
1244817
1244818
1244819
1244820
1244821
1244822
1244823
1244824
1244825
1244826
1244827
1244828
1244881
1244882
1244883
1244884
1244885
1244886
1244887
1244888
1244889
1244890
1244891
1244892
1244893
1244894
1244895
1244896
1244897
1244898
1244899
1244900
1244901
1244902
1244903
1244904
1244905
1244906
1244959
1244960
1244961
1244962
1244963
1244964
1244965
1244966
1244967
1244968
1244969
1244970
1244971
1244972
1244973
1244974
1244975
1244976
1244977
1244978
1244979
1244980
1244981
1244982
1244983
1244984
1244985
1244986
1244987
1244988
1244989
1244990
1244991
1244992
1244993
1244994
1244995
1244996
1244997
1244998
1244999
1245000
1245001
1245002
1245003
1245004
1245005
1245006
1245007
1245008
1245009
1245010
1245063
1245064
1245065
1245066
1245067
1245068
1245069
1245070
1245071
1245072
1245073
1245074
1245075
1245076
1245077
1245078
1245079
1245080
1245081
1245082
1245083
1245084
1245085
1245086
1245087
1245088
1245115
1245116
1245117
1245118
1245119
1245120
1245121
1245122
1245123
1245124
1245125
1245126
1245127
1245128
1245129
1245130
1245131
1245132
1245133
1245134
1245135
1245136
1245137
1245138
1245139
1245140
1245167
1245168
1245169
1245170
1245171
1245172
1245173
1245174
1245175
1245176
1245177
1245178
1245179
1245180
1245181
1245182
1245183
1245184
1245185
1245186
1245187
1245188
1245189
1245190
1245191
1245192
1245193
1245194
1245195
1245196
1245197
1245198
1245199
1245200
1245201
1245202
1245203
1245204
1245205
1245206
1245207
1245208
1245209
1245210
1245211
1245212
1245213
1245214
1245215
1245216
1245217
1245218
1245245
1245246
1245247
1245248
1245249
1245250
1245251
1245252
1245253
1245254
1245255
1245256
1245257
1245258
1245259
1245260
1245261
1245262
1245263
1245264
1245265
1245266
1245267
1245268
1245269
1245270
1245323
1245324
1245325
1245326
1245327
1245328
1245329
1245330
1245331
1245332
1245333
1245334
1245335
1245336
1245337
1245338
1245339
1245340
1245341
1245342
1245343
1245344
1245345
1245346
1245347
1245348
1245375
1245376
1245377
1245378
1245379
1245380
1245381
1245382
1245383
1245384
1245385
1245386
1245387
1245388
1245389
1245390
1245391
1245392
1245393
1245394
1245395
1245396
1245397
1245398
1245399
1245400
1245401
1245402
1245403
1245404
1245405
1245406
1245407
1245408
1245409
1245410
1245411
1245412
1245413
1245414
1245415
1245416
1245417
1245418
1245419
1245420
1245421
1245422
1245423
1245424
1245425
1245426
1245453
1245454
1245455
1245456
1245457
1245458
1245459
1245460
1245461
1245462
1245463
1245464
1245465
1245466
1245467
1245468
1245469
1245470
1245471
1245472
1245473
1245474
1245475
1245476
1245477
1245478
1245531
1245532
1245533
1245534
1245535
1245536
1245537
1245538
1245539
1245540
1245541
1245542
1245543
1245544
1245545
1245546
1245547
1245548
1245549
1245550
1245551
1245552
1245553
1245554
1245555
1245556
1245557
1245558
1245559
1245560
1245561
1245562
1245563
1245564
1245565
1245566
1245567
1245568
1245569
1245570
1245571
1245572
1245573
1245574
1245575
1245576
1245577
1245578
1245579
1245580
1245581
1245582
1245609
1245610
1245611
1245612
1245613
1245614
1245615
1245616
1245617
1245618
1245619
1245620
1245621
1245622
1245623
1245624
1245625
1245626
1245627
1245628
1245629
1245630
1245631
1245632
1245633
1245634
1245661
1245662
1245663
1245664
1245665
1245666
1245667
1245668
1245669
1245670
1245671
1245672
1245673
1245674
1245675
1245676
1245677
1245678
1245679
1245680
1245681
1245682
1245683
1245684
1245685
1245686
1245713
1245714
1245715
1245716
1245717
1245718
1245719
1245720
1245721
1245722
1245723
1245724
1245725
1245726
1245727
1245728
1245729
1245730
1245731
1245732
1245733
1245734
1245735
1245736
1245737
1245738
1245791
1245792
1245793
1245794
1245795
1245796
1245797
1245798
1245799
1245800
1245801
1245802
1245803
1245804
1245805
1245806
1245807
1245808
1245809
1245810
1245811
1245812
1245813
1245814
1245815
1245816
1245843
1245844
1245845
1245846
1245847
1245848
1245849
1245850
1245851
1245852
1245853
1245854
1245855
1245856
1245857
1245858
1245859
1245860
1245861
1245862
1245863
1245864
1245865
1245866
1245867
1245868
1245869
1245870
1245871
1245872
1245873
1245874
1245875
1245876
1245877
1245878
1245879
1245880
1245881
1245882
1245883
1245884
1245885
1245886
1245887
1245888
1245889
1245890
1245891
1245892
1245893
1245894
1245921
1245922
1245923
1245924
1245925
1245926
1245927
1245928
1245929
1245930
1245931
1245932
1245933
1245934
1245935
1245936
1245937
1245938
1245939
1245940
1245941
1245942
1245943
1245944
1245945
1245946
1245947
1245948
1245949
1245950
1245951
1245952
1245953
1245954
1245955
1245956
1245957
1245958
1245959
1245960
1245961
1245962
1245963
1245964
1245965
1245966
1245967
1245968
1245969
1245970
1245971
1245972
1245999
1246000
1246001
1246002
1246003
1246004
1246005
1246006
1246007
1246008
1246009
1246010
1246011
1246012
1246013
1246014
1246015
1246016
1246017
1246018
1246019
1246020
1246021
1246022
1246023
1246024
1246051
1246052
1246053
1246054
1246055
1246056
1246057
1246058
1246059
1246060
1246061
1246062
1246063
1246064
1246065
1246066
1246067
1246068
1246069
1246070
1246071
1246072
1246073
1246074
1246075
1246076
1246077
1246078
1246079
1246080
1246081
1246082
1246083
1246084
1246085
1246086
1246087
1246088
1246089
1246090
1246091
1246092
1246093
1246094
1246095
1246096
1246097
1246098
1246099
1246100
1246101
1246102
1246129
1246130
1246131
1246132
1246133
1246134
1246135
1246136
1246137
1246138
1246139
1246140
1246141
1246142
1246143
1246144
1246145
1246146
1246147
1246148
1246149
1246150
1246151
1246152
1246153
1246154
1246207
1246208
1246209
1246210
1246211
1246212
1246213
1246214
1246215
1246216
1246217
1246218
1246219
1246220
1246221
1246222
1246223
1246224
1246225
1246226
1246227
1246228
1246229
1246230
1246231
1246232
1246233
1246234
1246235
1246236
1246237
1246238
1246239
1246240
1246241
1246242
1246243
1246244
1246245
1246246
1246247
1246248
1246249
1246250
1246251
1246252
1246253
1246254
1246255
1246256
1246257
1246258
1246311
1246312
1246313
1246314
1246315
1246316
1246317
1246318
1246319
1246320
1246321
1246322
1246323
1246324
1246325
1246326
1246327
1246328
1246329
1246330
1246331
1246332
1246333
1246334
1246335
1246336
1246363
1246364
1246365
1246366
1246367
1246368
1246369
1246370
1246371
1246372
1246373
1246374
1246375
1246376
1246377
1246378
1246379
1246380
1246381
1246382
1246383
1246384
1246385
1246386
1246387
1246388
1246389
1246390
1246391
1246392
1246393
1246394
1246395
1246396
1246397
1246398
1246399
1246400
1246401
1246402
1246403
1246404
1246405
1246406
1246407
1246408
1246409
1246410
1246411
1246412
1246413
1246414
1246441
1246442
1246443
1246444
1246445
1246446
1246447
1246448
1246449
1246450
1246451
1246452
1246453
1246454
1246455
1246456
1246457
1246458
1246459
1246460
1246461
1246462
1246463
1246464
1246465
1246466
1246493
1246494
1246495
1246496
1246497
1246498
1246499
1246500
1246501
1246502
1246503
1246504
1246505
1246506
1246507
1246508
1246509
1246510
1246511
1246512
1246513
1246514
1246515
1246516
1246517
1246518
1246571
1246572
1246573
1246574
1246575
1246576
1246577
1246578
1246579
1246580
1246581
1246582
1246583
1246584
1246585
1246586
1246587
1246588
1246589
1246590
1246591
1246592
1246593
1246594
1246595
1246596
1246623
1246624
1246625
1246626
1246627
1246628
1246629
1246630
1246631
1246632
1246633
1246634
1246635
1246636
1246637
1246638
1246639
1246640
1246641
1246642
1246643
1246644
1246645
1246646
1246647
1246648
1246701
1246702
1246703
1246704
1246705
1246706
1246707
1246708
1246709
1246710
1246711
1246712
1246713
1246714
1246715
1246716
1246717
1246718
1246719
1246720
1246721
1246722
1246723
1246724
1246725
1246726
1246753
1246754
1246755
1246756
1246757
1246758
1246759
1246760
1246761
1246762
1246763
1246764
1246765
1246766
1246767
1246768
1246769
1246770
1246771
1246772
1246773
1246774
1246775
1246776
1246777
1246778
1246805
1246806
1246807
1246808
1246809
1246810
1246811
1246812
1246813
1246814
1246815
1246816
1246817
1246818
1246819
1246820
1246821
1246822
1246823
1246824
1246825
1246826
1246827
1246828
1246829
1246830
1246831
1246832
1246833
1246834
1246835
1246836
1246837
1246838
1246839
1246840
1246841
1246842
1246843
1246844
1246845
1246846
1246847
1246848
1246849
1246850
1246851
1246852
1246853
1246854
1246855
1246856
1246883
1246884
1246885
1246886
1246887
1246888
1246889
1246890
1246891
1246892
1246893
1246894
1246895
1246896
1246897
1246898
1246899
1246900
1246901
1246902
1246903
1246904
1246905
1246906
1246907
1246908
1246935
1246936
1246937
1246938
1246939
1246940
1246941
1246942
1246943
1246944
1246945
1246946
1246947
1246948
1246949
1246950
1246951
1246952
1246953
1246954
1246955
1246956
1246957
1246958
1246959
1246960
1246987
1246988
1246989
1246990
1246991
1246992
1246993
1246994
1246995
1246996
1246997
1246998
1246999
1247000
1247001
1247002
1247003
1247004
1247005
1247006
1247007
1247008
1247009
1247010
1247011
1247012
1247065
1247066
1247067
1247068
1247069
1247070
1247071
1247072
1247073
1247074
1247075
1247076
1247077
1247078
1247079
1247080
1247081
1247082
1247083
1247084
1247085
1247086
1247087
1247088
1247089
1247090
1247117
1247118
1247119
1247120
1247121
1247122
1247123
1247124
1247125
1247126
1247127
1247128
1247129
1247130
1247131
1247132
1247133
1247134
1247135
1247136
1247137
1247138
1247139
1247140
1247141
1247142
1247169
1247170
1247171
1247172
1247173
1247174
1247175
1247176
1247177
1247178
1247179
1247180
1247181
1247182
1247183
1247184
1247185
1247186
1247187
1247188
1247189
1247190
1247191
1247192
1247193
1247194
1247195
1247196
1247197
1247198
1247199
1247200
1247201
1247202
1247203
1247204
1247205
1247206
1247207
1247208
1247209
1247210
1247211
1247212
1247213
1247214
1247215
1247216
1247217
1247218
1247219
1247220
1247247
1247248
1247249
1247250
1247251
1247252
1247253
1247254
1247255
1247256
1247257
1247258
1247259
1247260
1247261
1247262
1247263
1247264
1247265
1247266
1247267
1247268
1247269
1247270
1247271
1247272
1247325
1247326
1247327
1247328
1247329
1247330
1247331
1247332
1247333
1247334
1247336
1247337
1247338
1247339
1247340
1247341
1247342
1247343
1247344
1247345
1247346
1247347
1247348
1247349
1247350
1247377
1247378
1247379
1247380
1247381
1247382
1247383
1247384
1247385
1247386
1247387
1247388
1247389
1247390
1247391
1247392
1247393
1247394
1247395
1247396
1247397
1247398
1247399
1247400
1247401
1247402
1247403
1247404
1247405
1247406
1247407
1247408
1247409
1247410
1247411
1247412
1247413
1247414
1247415
1247416
1247417
1247418
1247419
1247420
1247421
1247422
1247423
1247424
1247425
1247426
1247427
1247428
1247481
1247482
1247483
1247484
1247485
1247487
1247488
1247489
1247490
1247491
1247492
1247493
1247494
1247495
1247496
1247497
1247498
1247499
1247500
1247501
1247502
1247503
1247504
1247505
1247506
1247507
1247508
1247509
1247510
1247511
1247512
1247513
1247514
1247515
1247516
1247517
1247518
1247519
1247520
1247521
1247522
1247523
1247524
1247525
1247526
1247527
1247528
1247529
1247530
1247531
1247532
1247585
1247586
1247587
1247588
1247589
1247590
1247591
1247592
1247593
1247594
1247595
1247596
1247597
1247598
1247599
1247600
1247601
1247602
1247603
1247604
1247605
1247606
1247607
1247608
1247609
1247610
1247637
1247638
1247639
1247640
1247641
1247642
1247643
1247644
1247645
1247646
1247647
1247648
1247649
1247650
1247651
1247652
1247653
1247654
1247655
1247656
1247657
1247658
1247659
1247660
1247661
1247662
1247689
1247690
1247691
1247692
1247693
1247694
1247695
1247696
1247697
1247698
1247699
1247700
1247701
1247702
1247703
1247704
1247705
1247706
1247707
1247708
1247709
1247710
1247711
1247712
1247713
1247714
1247715
1247716
1247717
1247718
1247719
1247720
1247721
1247722
1247723
1247724
1247725
1247726
1247727
1247728
1247729
1247730
1247731
1247732
1247733
1247734
1247735
1247736
1247737
1247738
1247739
1247740
1247793
1247794
1247795
1247796
1247797
1247798
1247799
1247800
1247801
1247802
1247803
1247804
1247805
1247806
1247807
1247808
1247809
1247810
1247811
1247812
1247813
1247814
1247815
1247816
1247817
1247818
1247819
1247820
1247821
1247822
1247823
1247824
1247825
1247826
1247827
1247828
1247829
1247830
1247831
1247832
1247833
1247834
1247835
1247836
1247837
1247838
1247839
1247840
1247841
1247842
1247843
1247844
1247897
1247898
1247899
1247900
1247901
1247902
1247903
1247904
1247905
1247906
1247907
1247908
1247909
1247910
1247911
1247912
1247913
1247914
1247915
1247916
1247917
1247918
1247919
1247920
1247921
1247922
1247949
1247950
1247951
1247952
1247953
1247954
1247955
1247956
1247957
1247958
1247959
1247960
1247961
1247962
1247963
1247964
1247965
1247966
1247967
1247968
1247969
1247970
1247971
1247972
1247973
1247974
1248001
1248002
1248003
1248004
1248005
1248006
1248007
1248008
1248009
1248010
1248011
1248012
1248013
1248014
1248015
1248016
1248017
1248018
1248019
1248020
1248021
1248022
1248023
1248024
1248025
1248026
1248053
1248054
1248055
1248056
1248057
1248058
1248059
1248060
1248061
1248062
1248063
1248064
1248065
1248066
1248067
1248068
1248069
1248070
1248071
1248072
1248073
1248074
1248075
1248076
1248077
1248078
1248079
1248080
1248081
1248082
1248083
1248084
1248085
1248086
1248087
1248088
1248089
1248090
1248091
1248092
1248093
1248094
1248095
1248096
1248097
1248098
1248099
1248100
1248101
1248102
1248103
1248104
1248157
1248158
1248159
1248160
1248161
1248162
1248163
1248164
1248165
1248166
1248167
1248168
1248169
1248170
1248171
1248172
1248173
1248174
1248175
1248176
1248177
1248178
1248179
1248180
1248181
1248182
1248183
1248184
1248185
1248186
1248187
1248188
1248189
1248190
1248191
1248192
1248193
1248194
1248195
1248196
1248197
1248198
1248199
1248200
1248201
1248202
1248203
1248204
1248205
1248206
1248207
1248208
1248261
1248262
1248263
1248264
1248265
1248266
1248267
1248268
1248269
1248270
1248271
1248272
1248273
1248274
1248275
1248276
1248277
1248278
1248279
1248280
1248281
1248282
1248283
1248284
1248285
1248286
1248287
1248288
1248289
1248290
1248291
1248292
1248293
1248294
1248295
1248296
1248297
1248298
1248299
1248300
1248301
1248302
1248303
1248304
1248305
1248306
1248307
1248308
1248309
1248310
1248311
1248312
1248339
1248340
1248341
1248342
1248343
1248344
1248345
1248346
1248347
1248348
1248349
1248350
1248351
1248352
1248353
1248354
1248355
1248356
1248357
1248358
1248359
1248360
1248361
1248362
1248363
1248364
1248391
1248392
1248393
1248394
1248395
1248396
1248397
1248398
1248399
1248400
1248401
1248402
1248403
1248404
1248405
1248406
1248407
1248408
1248409
1248410
1248411
1248412
1248413
1248414
1248415
1248416
1248443
1248444
1248445
1248446
1248447
1248448
1248449
1248450
1248451
1248452
1248453
1248454
1248455
1248456
1248457
1248458
1248459
1248460
1248461
1248462
1248463
1248464
1248465
1248466
1248467
1248468
1248495
1248496
1248497
1248498
1248499
1248500
1248501
1248502
1248503
1248504
1248505
1248506
1248507
1248508
1248509
1248510
1248512
1248513
1248514
1248515
1248516
1248517
1248518
1248519
1248520
1248547
1248548
1248549
1248550
1248551
1248552
1248553
1248554
1248555
1248556
1248557
1248558
1248559
1248560
1248561
1248562
1248563
1248564
1248565
1248566
1248567
1248568
1248569
1248570
1248571
1248572
1248625
1248626
1248627
1248628
1248629
1248630
1248631
1248632
1248633
1248634
1248635
1248636
1248637
1248638
1248639
1248640
1248641
1248642
1248643
1248644
1248645
1248646
1248647
1248648
1248649
1248650
1248651
1248652
1248653
1248654
1248655
1248656
1248657
1248658
1248659
1248660
1248661
1248662
1248663
1248664
1248665
1248666
1248667
1248668
1248669
1248670
1248671
1248672
1248673
1248674
1248675
1248676
1248729
1248730
1248731
1248732
1248733
1248734
1248735
1248736
1248737
1248738
1248739
1248740
1248741
1248742
1248743
1248744
1248745
1248746
1248747
1248748
1248749
1248750
1248751
1248752
1248753
1248754
1248781
1248782
1248783
1248784
1248785
1248786
1248787
1248788
1248789
1248790
1248791
1248792
1248793
1248794
1248795
1248796
1248797
1248798
1248799
1248800
1248801
1248802
1248803
1248804
1248805
1248806
1248807
1248808
1248809
1248810
1248811
1248812
1248813
1248814
1248815
1248816
1248817
1248818
1248819
1248820
1248821
1248822
1248823
1248824
1248825
1248826
1248827
1248828
1248829
1248830
1248831
1248832
1248885
1248886
1248887
1248888
1248889
1248890
1248891
1248892
1248893
1248894
1248895
1248896
1248897
1248898
1248899
1248900
1248901
1248902
1248903
1248904
1248905
1248906
1248907
1248908
1248909
1248910
1248937
1248938
1248939
1248940
1248941
1248942
1248943
1248944
1248945
1248946
1248947
1248948
1248949
1248950
1248951
1248952
1248953
1248954
1248955
1248956
1248957
1248958
1248959
1248960
1248961
1248962
1248989
1248991
1248992
1248993
1248994
1248995
1248996
1248997
1248998
1248999
1249000
1249001
1249002
1249003
1249004
1249005
1249006
1249007
1249008
1249009
1249010
1249011
1249012
1249013
1249014
1249041
1249042
1249043
1249044
1249045
1249046
1249047
1249048
1249049
1249050
1249051
1249052
1249053
1249054
1249055
1249056
1249057
1249058
1249059
1249060
1249061
1249062
1249063
1249064
1249065
1249066
1249067
1249068
1249069
1249070
1249071
1249072
1249073
1249074
1249075
1249076
1249077
1249078
1249079
1249080
1249081
1249082
1249083
1249084
1249085
1249086
1249087
1249088
1249089
1249090
1249091
1249092
1249145
1249146
1249147
1249148
1249149
1249150
1249151
1249152
1249153
1249154
1249155
1249156
1249157
1249158
1249159
1249160
1249161
1249162
1249163
1249164
1249165
1249166
1249167
1249168
1249169
1249170
1249197
1249198
1249199
1249200
1249201
1249202
1249203
1249204
1249205
1249206
1249207
1249208
1249209
1249210
1249211
1249212
1249213
1249214
1249215
1249216
1249217
1249218
1249219
1249220
1249221
1249222
1249249
1249250
1249251
1249252
1249253
1249254
1249255
1249256
1249257
1249258
1249259
1249260
1249261
1249262
1249263
1249264
1249265
1249266
1249267
1249268
1249269
1249270
1249271
1249272
1249273
1249274
1249275
1249276
1249277
1249278
1249279
1249280
1249281
1249282
1249283
1249284
1249285
1249286
1249287
1249288
1249289
1249290
1249291
1249292
1249293
1249294
1249295
1249296
1249297
1249298
1249299
1249300
1249327
1249328
1249329
1249330
1249331
1249332
1249333
1249334
1249335
1249336
1249337
1249338
1249339
1249340
1249341
1249342
1249343
1249344
1249345
1249346
1249347
1249348
1249349
1249350
1249351
1249352
1249379
1249380
1249381
1249382
1249383
1249384
1249385
1249386
1249387
1249388
1249389
1249390
1249391
1249392
1249393
1249394
1249395
1249396
1249397
1249398
1249399
1249400
1249401
1249402
1249403
1249404
1249431
1249432
1249433
1249434
1249435
1249436
1249437
1249438
1249439
1249440
1249441
1249442
1249443
1249444
1249445
1249446
1249447
1249448
1249449
1249450
1249451
1249452
1249453
1249454
1249455
1249456
1249509
1249510
1249511
1249512
1249513
1249514
1249515
1249516
1249517
1249518
1249519
1249520
1249521
1249522
1249523
1249524
1249525
1249526
1249527
1249528
1249529
1249530
1249531
1249532
1249533
1249534
1249561
1249562
1249563
1249564
1249565
1249566
1249567
1249568
1249569
1249570
1249571
1249572
1249573
1249574
1249575
1249576
1249577
1249578
1249579
1249580
1249581
1249582
1249583
1249584
1249585
1249586
1249587
1249588
1249589
1249590
1249591
1249592
1249593
1249594
1249595
1249596
1249597
1249598
1249599
1249600
1249601
1249602
1249603
1249604
1249605
1249606
1249607
1249608
1249609
1249610
1249611
1249612
1249639
1249640
1249641
1249642
1249643
1249644
1249645
1249646
1249647
1249648
1249649
1249650
1249651
1249652
1249653
1249654
1249655
1249656
1249657
1249658
1249659
1249660
1249661
1249662
1249663
1249664
1249691
1249692
1249693
1249694
1249695
1249696
1249697
1249698
1249699
1249700
1249701
1249702
1249703
1249704
1249705
1249706
1249707
1249708
1249709
1249710
1249711
1249712
1249713
1249714
1249715
1249716
1249743
1249744
1249745
1249746
1249747
1249748
1249749
1249750
1249751
1249752
1249753
1249754
1249755
1249756
1249757
1249758
1249759
1249760
1249761
1249762
1249763
1249764
1249765
1249766
1249767
1249768
1249769
1249770
1249771
1249772
1249773
1249774
1249775
1249776
1249777
1249778
1249779
1249780
1249781
1249782
1249783
1249784
1249785
1249786
1249787
1249788
1249789
1249790
1249791
1249792
1249793
1249794
1249795
1249796
1249797
1249798
1249799
1249800
1249801
1249802
1249803
1249804
1249805
1249806
1249807
1249808
1249809
1249810
1249811
1249812
1249813
1249814
1249815
1249816
1249817
1249818
1249819
1249820
1249822
1249823
1249824
1249825
1249826
1249827
1249828
1249829
1249830
1249831
1249832
1249833
1249834
1249835
1249836
1249837
1249838
1249839
1249840
1249841
1249842
1249843
1249844
1249845
1249846
1249873
1249874
1249875
1249876
1249877
1249878
1249879
1249880
1249881
1249882
1249883
1249884
1249885
1249886
1249887
1249888
1249889
1249890
1249891
1249892
1249893
1249894
1249895
1249896
1249897
1249898
1249925
1249926
1249927
1249928
1249929
1249930
1249931
1249932
1249933
1249934
1249935
1249936
1249937
1249938
1249939
1249940
1249941
1249942
1249943
1249944
1249945
1249946
1249947
1249948
1249949
1249950
1249977
1249978
1249979
1249980
1249981
1249982
1249983
1249984
1249985
1249986
1249987
1249988
1249989
1249990
1249991
1249992
1249993
1249994
1249995
1249996
1249997
1249998
1249999
1250000
1250001
1250002
1250055
1250056
1250057
1250058
1250059
1250060
1250061
1250062
1250063
1250064
1250065
1250066
1250067
1250068
1250069
1250070
1250071
1250072
1250073
1250074
1250075
1250076
1250077
1250078
1250079
1250080
1250107
1250108
1250109
1250110
1250111
1250112
1250113
1250114
1250115
1250116
1250117
1250118
1250119
1250120
1250121
1250122
1250123
1250124
1250125
1250126
1250127
1250128
1250129
1250130
1250131
1250132
1250159
1250160
1250161
1250162
1250163
1250164
1250165
1250166
1250167
1250168
1250169
1250170
1250171
1250172
1250173
1250174
1250175
1250176
1250177
1250178
1250179
1250180
1250181
1250182
1250183
1250184
