119602
119603
119604
119605
119606
119607
119608
119609
119610
119611
119612
119613
119614
119615
119616
119617
119618
119619
119620
119621
119622
119623
119624
119625
119626
119679
119680
119681
119682
119683
119684
119685
119686
119687
119688
119689
119690
119691
119692
119693
119694
119695
119696
119697
119698
119699
119700
119701
119702
119703
119704
119705
119706
119707
119708
119709
119710
119711
119712
119713
119714
119715
119716
119717
119718
119719
119720
119721
119722
119723
119724
119725
119726
119727
119728
119729
119730
119783
119784
119785
119786
119787
119788
119789
119790
119791
119792
119793
119794
119795
119796
119797
119798
119799
119800
119801
119802
119803
119804
119805
119806
119807
119808
119835
119836
119837
119838
119839
119840
119841
119842
119843
119844
119845
119846
119847
119848
119849
119850
119851
119852
119853
119854
119855
119856
119857
119858
119859
119860
119887
119888
119889
119890
119891
119892
119893
119894
119895
119896
119897
119898
119899
119900
119901
119902
119903
119904
119905
119906
119907
119908
119909
119910
119911
119912
119965
119966
119967
119968
119969
119970
119971
119972
119973
119974
119975
119976
119977
119978
119979
119980
119981
119982
119983
119984
119985
119987
119988
119989
119990
120017
120018
120019
120020
120021
120022
120023
120024
120025
120026
120027
120028
120029
120030
120031
120032
120033
120034
120035
120036
120037
120038
120039
120040
120041
120042
120043
120044
120046
120047
120048
120049
120050
120051
120052
120053
120054
120055
120056
120057
120058
120059
120060
120061
120062
120063
120064
120065
120066
120067
120068
120121
120122
120123
120124
120125
120126
120127
120128
120129
120130
120131
120132
120133
120134
120135
120136
120137
120138
120139
120140
120141
120142
120143
120144
120145
120146
120199
120200
120201
120202
120203
120204
120205
120206
120207
120208
120209
120210
120211
120212
120213
120214
120215
120216
120217
120218
120219
120220
120221
120222
120223
120224
120251
120252
120253
120254
120255
120256
120257
120258
120259
120260
120261
120262
120263
120264
120265
120266
120267
120268
120269
120270
120271
120272
120273
120274
120275
120276
120303
120304
120305
120306
120307
120308
120309
120310
120311
120312
120313
120314
120315
120316
120317
120318
120319
120320
120321
120322
120323
120324
120325
120326
120327
120328
120329
120330
120332
120333
120334
120335
120336
120337
120338
120339
120340
120341
120342
120343
120344
120345
120346
120347
120348
120349
120350
120351
120352
120353
120354
120407
120408
120409
120410
120411
120412
120413
120414
120415
120416
120417
120418
120419
120420
120421
120422
120423
120424
120425
120426
120427
120428
120429
120430
120431
120432
120434
120435
120436
120437
120438
120439
120440
120441
120442
120443
120444
120445
120446
120447
120448
120449
120450
120451
120452
120453
120454
120455
120456
120457
120458
120485
120486
120487
120488
120489
120490
120491
120492
120493
120494
120495
120496
120497
120498
120499
120500
120501
120502
120503
120504
120505
120506
120507
120508
120509
120510
120537
120538
120539
120540
120541
120542
120543
120544
120545
120546
120547
120548
120549
120550
120551
120552
120553
120554
120555
120556
120557
120558
120559
120560
120561
120562
120615
120616
120617
120618
120619
120620
120621
120622
120623
120624
120625
120626
120627
120628
120629
120630
120631
120632
120633
120634
120635
120636
120637
120638
120639
120640
120667
120668
120669
120670
120671
120672
120673
120674
120675
120676
120677
120678
120679
120680
120681
120682
120683
120684
120685
120686
120687
120688
120689
120690
120691
120692
120719
120720
120721
120722
120723
120724
120725
120726
120727
120728
120729
120730
120731
120732
120733
120734
120735
120736
120737
120738
120739
120741
120742
120743
120744
120745
120746
120747
120748
120749
120750
120751
120752
120753
120754
120755
120756
120757
120758
120759
120760
120761
120762
120763
120764
120765
120766
120767
120768
120769
120770
120797
120798
120799
120800
120801
120802
120803
120804
120805
120806
120807
120808
120809
120810
120811
120812
120813
120814
120815
120816
120817
120818
120819
120820
120821
120822
120849
120850
120851
120852
120853
120854
120855
120856
120857
120858
120859
120860
120861
120862
120863
120864
120865
120866
120867
120868
120869
120870
120871
120872
120873
120874
120901
120902
120903
120904
120905
120906
120907
120908
120909
120910
120911
120912
120913
120914
120915
120916
120917
120918
120919
120920
120921
120922
120923
120924
120925
120926
120953
120954
120955
120956
120957
120958
120959
120960
120961
120962
120963
120964
120965
120966
120967
120968
120969
120970
120971
120972
120973
120974
120975
120976
120977
120978
120979
120980
120982
120983
120984
120985
120986
120987
120988
120989
120990
120991
120992
120993
120994
120995
120996
120997
120998
120999
121000
121001
121002
121003
121004
121031
121032
121033
121034
121035
121036
121037
121038
121039
121040
121041
121042
121043
121044
121045
121046
121047
121048
121049
121050
121051
121052
121053
121054
121055
121056
121083
121084
121085
121086
121087
121088
121089
121090
121091
121092
121093
121094
121095
121096
121097
121098
121099
121100
121101
121102
121103
121104
121105
121106
121107
121108
121135
121136
121137
121138
121139
121140
121141
121142
121143
121144
121145
121146
121147
121148
121149
121150
121151
121152
121153
121154
121155
121156
121157
121158
121159
121160
121213
121214
121215
121216
121217
121218
121219
121220
121221
121222
121223
121224
121225
121226
121227
121228
121229
121230
121231
121232
121233
121234
121235
121236
121237
121238
121239
121242
121244
121245
121246
121247
121248
121249
121250
121251
121252
121253
121254
121255
121256
121257
121258
121259
121260
121261
121262
121263
121264
121291
121292
121293
121294
121295
121296
121297
121298
121299
121300
121301
121302
121303
121304
121305
121306
121307
121308
121309
121310
121311
121312
121313
121314
121315
121316
121343
121344
121345
121346
121347
121348
121349
121350
121351
121352
121353
121354
121355
121356
121357
121358
121359
121360
121361
121362
121363
121364
121365
121366
121367
121368
121395
121396
121397
121398
121399
121400
121401
121402
121403
121404
121405
121406
121407
121408
121409
121410
121411
121412
121413
121414
121415
121416
121417
121418
121419
121420
121447
121448
121449
121450
121451
121452
121453
121454
121455
121456
121457
121458
121459
121460
121461
121462
121463
121464
121465
121466
121467
121468
121469
121470
121471
121472
121474
121476
121477
121478
121479
121480
121481
121482
121483
121484
121485
121486
121487
121488
121489
121490
121491
121492
121493
121494
121495
121496
121497
121498
121525
121526
121527
121528
121529
121530
121531
121532
121533
121534
121535
121536
121537
121538
121539
121540
121541
121542
121543
121544
121545
121546
121547
121548
121549
121550
121603
121604
121605
121606
121607
121608
121609
121610
121611
121612
121613
121614
121615
121616
121617
121618
121619
121620
121622
121623
121624
121625
121626
121627
121628
121655
121656
121657
121658
121659
121660
121661
121662
121663
121664
121665
121666
121667
121668
121669
121670
121671
121672
121673
121674
121675
121676
121677
121678
121679
121680
121681
121683
121685
121686
121687
121688
121689
121690
121691
121692
121693
121694
121695
121696
121697
121698
121699
121700
121701
121702
121703
121704
121705
121706
121733
121734
121735
121736
121737
121738
121739
121740
121741
121742
121743
121744
121745
121746
121747
121748
121749
121750
121751
121752
121753
121754
121755
121756
121757
121758
121785
121787
121788
121789
121790
121791
121792
121793
121794
121795
121796
121797
121798
121799
121800
121801
121802
121803
121804
121805
121806
121807
121808
121809
121810
121863
121864
121865
121866
121867
121868
121869
121870
121871
121872
121873
121874
121875
121876
121877
121878
121879
121880
121881
121882
121883
121884
121885
121886
121887
121888
121889
121890
121891
121892
121893
121894
121895
121896
121897
121898
121899
121900
121901
121902
121903
121904
121905
121906
121907
121908
121909
121910
121911
121912
121913
121914
121941
121942
121943
121944
121945
121946
121947
121948
121949
121950
121951
121952
121953
121954
121955
121956
121957
121958
121959
121960
121961
121962
121963
121964
121965
121966
122019
122020
122021
122022
122023
122024
122025
122026
122027
122028
122029
122030
122031
122032
122033
122034
122035
122036
122037
122038
122039
122040
122041
122042
122043
122044
122071
122072
122073
122075
122076
122077
122078
122079
122080
122081
122082
122083
122084
122085
122086
122087
122088
122089
122090
122091
122092
122093
122094
122095
122096
122099
122100
122103
122104
122105
122106
122107
122108
122109
122110
122111
122112
122113
122114
122115
122116
122117
122118
122119
122120
122121
122122
122149
122150
122151
122152
122153
122154
122155
122156
122157
122158
122159
122160
122161
122162
122163
122164
122165
122166
122167
122168
122169
122170
122171
122172
122173
122174
122227
122228
122229
122230
122231
122232
122233
122234
122235
122236
122237
122238
122239
122240
122241
122242
122243
122244
122245
122246
122247
122248
122249
122250
122251
122252
122305
122306
122307
122308
122309
122310
122311
122312
122313
122314
122315
122316
122317
122318
122319
122320
122321
122322
122323
122324
122325
122326
122327
122328
122329
122330
122331
122333
122334
122335
122337
122338
122339
122340
122341
122342
122343
122344
122345
122346
122347
122348
122349
122350
122351
122352
122353
122354
122355
122356
122409
122410
122411
122413
122414
122415
122416
122417
122418
122419
122420
122421
122423
122424
122425
122426
122427
122428
122429
122430
122431
122432
122433
122434
122461
122462
122463
122464
122465
122466
122467
122468
122469
122470
122471
122472
122473
122474
122475
122476
122477
122478
122479
122480
122481
122482
122483
122484
122485
122486
122513
122514
122515
122516
122517
122518
122519
122520
122521
122522
122523
122524
122525
122526
122527
122528
122529
122530
122531
122532
122533
122534
122535
122536
122537
122538
122565
122566
122567
122568
122569
122570
122571
122572
122573
122574
122575
122576
122577
122578
122579
122580
122581
122582
122583
122584
122585
122586
122587
122588
122589
122590
122617
122618
122619
122620
122621
122622
122623
122624
122625
122626
122627
122628
122629
122630
122631
122632
122633
122634
122635
122636
122637
122638
122639
122640
122641
122642
122669
122670
122671
122672
122673
122674
122675
122676
122677
122678
122679
122680
122681
122682
122683
122684
122685
122686
122687
122688
122689
122690
122691
122692
122693
122694
122696
122698
122699
122700
122701
122702
122703
122704
122706
122707
122708
122709
122710
122711
122712
122713
122714
122715
122716
122717
122718
122719
122720
122773
122774
122775
122776
122777
122778
122779
122780
122781
122782
122783
122784
122785
122786
122787
122788
122789
122790
122791
122792
122793
122794
122795
122796
122797
122798
122799
122800
122801
122802
122803
122804
122805
122806
122807
122808
122809
122810
122811
122812
122813
122814
122815
122816
122817
122818
122819
122820
122821
122822
122823
122824
122877
122878
122879
122880
122881
122882
122883
122884
122885
122886
122887
122888
122889
122890
122891
122892
122893
122894
122895
122896
122897
122898
122899
122900
122901
122902
122904
122905
122906
122907
122908
122909
122910
122911
122912
122913
122914
122915
122916
122917
122918
122919
122920
122921
122922
122923
122924
122925
122926
122927
122928
122955
122956
122957
122958
122959
122960
122961
122962
122963
122964
122965
122966
122967
122968
122969
122970
122971
122972
122973
122974
122975
122976
122977
122978
122979
122980
123033
123034
123035
123036
123037
123038
123039
123040
123041
123042
123043
123044
123045
123046
123047
123048
123049
123050
123051
123052
123053
123054
123055
123056
123057
123058
123085
123086
123087
123088
123089
123092
123093
123094
123095
123096
123097
123098
123100
123101
123102
123103
123104
123105
123106
123107
123108
123109
123110
123112
123113
123114
123116
123118
123120
123122
123123
123124
123125
123126
123128
123129
123130
123132
123133
123134
123135
123164
123165
123167
123168
123169
123171
123172
123173
123174
123178
123179
123183
123188
