1250211
1250212
1250213
1250214
1250215
1250216
1250217
1250218
1250219
1250220
1250221
1250222
1250223
1250224
1250225
1250226
1250227
1250228
1250229
1250230
1250231
1250232
1250233
1250234
1250235
1250236
1250263
1250264
1250265
1250266
1250267
1250268
1250269
1250270
1250271
1250272
1250273
1250274
1250275
1250276
1250277
1250278
1250279
1250280
1250281
1250282
1250283
1250284
1250285
1250286
1250287
1250288
1250367
1250368
1250369
1250370
1250371
1250372
1250373
1250374
1250375
1250376
1250377
1250378
1250379
1250380
1250381
1250382
1250383
1250384
1250385
1250386
1250387
1250388
1250389
1250390
1250391
1250392
1250419
1250420
1250421
1250422
1250423
1250424
1250425
1250426
1250427
1250428
1250429
1250430
1250431
1250432
1250433
1250434
1250435
1250436
1250437
1250438
1250439
1250440
1250441
1250442
1250443
1250444
1250445
1250446
1250447
1250448
1250449
1250450
1250451
1250452
1250453
1250454
1250455
1250456
1250457
1250458
1250459
1250460
1250461
1250462
1250463
1250464
1250465
1250466
1250467
1250468
1250469
1250470
1250497
1250498
1250499
1250500
1250501
1250502
1250503
1250504
1250505
1250506
1250507
1250508
1250509
1250510
1250511
1250512
1250513
1250514
1250515
1250516
1250517
1250518
1250519
1250520
1250521
1250522
1250575
1250576
1250577
1250578
1250579
1250580
1250581
1250582
1250583
1250584
1250585
1250586
1250587
1250588
1250589
1250590
1250591
1250592
1250593
1250594
1250595
1250596
1250597
1250598
1250599
1250600
1250601
1250602
1250603
1250604
1250605
1250606
1250607
1250608
1250609
1250610
1250611
1250612
1250613
1250614
1250615
1250616
1250617
1250618
1250619
1250620
1250621
1250622
1250623
1250624
1250625
1250626
1250679
1250680
1250681
1250682
1250683
1250684
1250685
1250686
1250687
1250688
1250689
1250690
1250691
1250692
1250693
1250694
1250695
1250696
1250697
1250698
1250699
1250700
1250701
1250702
1250703
1250704
1250731
1250732
1250733
1250734
1250735
1250736
1250737
1250738
1250739
1250740
1250741
1250742
1250743
1250744
1250745
1250746
1250747
1250748
1250749
1250750
1250751
1250752
1250753
1250754
1250755
1250756
1250757
1250758
1250759
1250760
1250761
1250762
1250763
1250764
1250765
1250766
1250767
1250768
1250769
1250770
1250771
1250772
1250773
1250774
1250775
1250776
1250777
1250778
1250779
1250780
1250781
1250782
1250835
1250836
1250837
1250838
1250839
1250840
1250841
1250842
1250843
1250844
1250845
1250846
1250847
1250848
1250849
1250850
1250851
1250852
1250853
1250854
1250855
1250856
1250857
1250858
1250859
1250860
1250887
1250888
1250889
1250890
1250891
1250892
1250893
1250894
1250895
1250896
1250897
1250898
1250899
1250900
1250901
1250902
1250903
1250904
1250905
1250906
1250907
1250908
1250909
1250910
1250911
1250912
1250913
1250914
1250915
1250916
1250917
1250918
1250919
1250920
1250921
1250922
1250923
1250924
1250925
1250926
1250927
1250928
1250929
1250930
1250931
1250932
1250933
1250934
1250935
1250936
1250937
1250938
1250965
1250966
1250967
1250968
1250969
1250970
1250971
1250972
1250973
1250974
1250975
1250976
1250977
1250978
1250979
1250980
1250981
1250982
1250983
1250984
1250985
1250986
1250987
1250988
1250989
1250990
1251017
1251018
1251019
1251020
1251021
1251022
1251023
1251024
1251025
1251026
1251027
1251028
1251029
1251030
1251031
1251032
1251033
1251034
1251035
1251036
1251037
1251038
1251039
1251040
1251041
1251042
1251069
1251070
1251071
1251072
1251073
1251074
1251075
1251076
1251077
1251078
1251079
1251080
1251081
1251082
1251083
1251084
1251085
1251086
1251087
1251088
1251089
1251090
1251091
1251092
1251093
1251094
1251121
1251122
1251123
1251124
1251125
1251126
1251127
1251128
1251129
1251130
1251131
1251132
1251133
1251134
1251135
1251136
1251137
1251138
1251139
1251140
1251141
1251142
1251143
1251144
1251145
1251146
1251147
1251148
1251149
1251150
1251151
1251152
1251153
1251154
1251155
1251156
1251157
1251158
1251159
1251160
1251161
1251162
1251163
1251164
1251165
1251166
1251167
1251168
1251169
1251170
1251171
1251172
1251173
1251174
1251175
1251176
1251177
1251178
1251179
1251180
1251181
1251182
1251183
1251184
1251185
1251186
1251187
1251188
1251189
1251190
1251191
1251192
1251193
1251194
1251195
1251196
1251197
1251198
1251225
1251226
1251227
1251228
1251229
1251230
1251231
1251232
1251233
1251234
1251235
1251236
1251237
1251238
1251239
1251240
1251241
1251242
1251243
1251244
1251245
1251246
1251247
1251248
1251249
1251250
1251277
1251278
1251279
1251280
1251281
1251282
1251283
1251284
1251285
1251286
1251287
1251288
1251289
1251290
1251291
1251292
1251293
1251294
1251295
1251296
1251297
1251298
1251299
1251300
1251301
1251302
1251329
1251330
1251331
1251332
1251333
1251334
1251335
1251336
1251337
1251338
1251339
1251340
1251341
1251342
1251343
1251344
1251345
1251346
1251347
1251348
1251349
1251350
1251351
1251352
1251353
1251354
1251355
1251356
1251357
1251358
1251359
1251360
1251361
1251362
1251363
1251364
1251365
1251366
1251367
1251368
1251369
1251370
1251371
1251372
1251373
1251374
1251375
1251376
1251377
1251378
1251379
1251380
1251459
1251460
1251461
1251462
1251463
1251464
1251465
1251466
1251467
1251468
1251469
1251470
1251471
1251472
1251473
1251474
1251475
1251476
1251477
1251478
1251479
1251480
1251481
1251482
1251483
1251484
1251511
1251512
1251513
1251514
1251515
1251516
1251517
1251518
1251519
1251520
1251521
1251522
1251523
1251524
1251525
1251526
1251527
1251528
1251529
1251530
1251531
1251532
1251534
1251535
1251536
1251563
1251564
1251565
1251566
1251567
1251568
1251569
1251570
1251571
1251572
1251573
1251574
1251575
1251576
1251577
1251578
1251579
1251580
1251581
1251582
1251583
1251584
1251585
1251586
1251587
1251588
1251641
1251642
1251643
1251644
1251645
1251646
1251647
1251648
1251649
1251650
1251651
1251652
1251653
1251654
1251655
1251656
1251657
1251658
1251659
1251660
1251661
1251662
1251663
1251664
1251665
1251666
1251693
1251694
1251695
1251696
1251697
1251698
1251699
1251700
1251701
1251702
1251703
1251704
1251705
1251706
1251707
1251708
1251709
1251710
1251711
1251712
1251713
1251714
1251715
1251716
1251717
1251718
1251797
1251798
1251799
1251800
1251801
1251802
1251803
1251804
1251805
1251806
1251807
1251808
1251809
1251810
1251811
1251812
1251813
1251814
1251815
1251816
1251817
1251818
1251819
1251820
1251821
1251822
1251823
1251824
1251825
1251826
1251827
1251828
1251829
1251830
1251831
1251832
1251833
1251834
1251835
1251836
1251837
1251838
1251839
1251840
1251841
1251842
1251843
1251844
1251845
1251846
1251847
1251848
1251901
1251902
1251903
1251904
1251905
1251906
1251907
1251908
1251909
1251910
1251911
1251912
1251913
1251914
1251915
1251916
1251917
1251918
1251919
1251920
1251921
1251922
1251923
1251924
1251925
1251926
1251953
1251954
1251955
1251956
1251957
1251958
1251959
1251960
1251961
1251962
1251963
1251964
1251965
1251966
1251967
1251968
1251969
1251970
1251971
1251972
1251973
1251974
1251975
1251976
1251977
1251978
1252005
1252006
1252007
1252008
1252009
1252010
1252011
1252012
1252013
1252014
1252015
1252016
1252017
1252018
1252019
1252020
1252021
1252022
1252023
1252024
1252025
1252026
1252027
1252028
1252029
1252030
1252031
1252032
1252033
1252034
1252035
1252036
1252037
1252038
1252039
1252040
1252041
1252042
1252043
1252044
1252045
1252046
1252047
1252048
1252049
1252050
1252051
1252052
1252053
1252054
1252055
1252056
1252083
1252084
1252085
1252086
1252087
1252088
1252089
1252090
1252091
1252092
1252093
1252094
1252095
1252096
1252097
1252098
1252099
1252100
1252101
1252102
1252103
1252104
1252105
1252106
1252107
1252108
1252135
1252136
1252137
1252138
1252139
1252140
1252141
1252142
1252143
1252144
1252145
1252146
1252147
1252148
1252149
1252150
1252151
1252152
1252153
1252154
1252155
1252156
1252157
1252158
1252159
1252160
1252187
1252188
1252189
1252190
1252191
1252192
1252193
1252194
1252195
1252196
1252197
1252198
1252199
1252200
1252201
1252202
1252203
1252204
1252205
1252206
1252207
1252208
1252209
1252210
1252211
1252212
1252239
1252240
1252241
1252242
1252243
1252244
1252245
1252246
1252247
1252248
1252249
1252250
1252251
1252252
1252253
1252254
1252255
1252256
1252257
1252258
1252259
1252260
1252261
1252262
1252263
1252264
1252291
1252292
1252293
1252294
1252295
1252296
1252297
1252298
1252299
1252300
1252301
1252302
1252303
1252304
1252305
1252306
1252307
1252308
1252309
1252310
1252311
1252312
1252313
1252314
1252315
1252316
1252343
1252344
1252345
1252346
1252347
1252348
1252349
1252350
1252351
1252352
1252353
1252354
1252355
1252356
1252357
1252358
1252359
1252360
1252361
1252362
1252363
1252364
1252365
1252366
1252367
1252368
1252421
1252422
1252423
1252424
1252425
1252426
1252427
1252428
1252429
1252430
1252431
1252432
1252433
1252434
1252435
1252436
1252437
1252438
1252439
1252440
1252441
1252442
1252443
1252444
1252445
1252446
1252473
1252474
1252475
1252476
1252477
1252478
1252479
1252480
1252481
1252482
1252483
1252484
1252485
1252486
1252487
1252488
1252489
1252490
1252491
1252492
1252493
1252494
1252495
1252496
1252497
1252498
1252525
1252526
1252527
1252528
1252529
1252530
1252531
1252532
1252533
1252534
1252535
1252536
1252537
1252538
1252539
1252540
1252541
1252542
1252543
1252544
1252545
1252546
1252547
1252548
1252549
1252550
1252551
1252552
1252553
1252554
1252555
1252556
1252557
1252558
1252559
1252560
1252561
1252562
1252563
1252564
1252565
1252566
1252567
1252568
1252569
1252570
1252571
1252572
1252573
1252574
1252575
1252576
1252629
1252630
1252631
1252632
1252633
1252634
1252635
1252636
1252637
1252638
1252639
1252640
1252641
1252642
1252643
1252644
1252645
1252646
1252647
1252648
1252649
1252650
1252651
1252652
1252653
1252654
1252655
1252656
1252657
1252658
1252659
1252660
1252661
1252662
1252663
1252664
1252665
1252666
1252667
1252668
1252669
1252670
1252671
1252672
1252673
1252674
1252675
1252676
1252677
1252678
1252679
1252680
1252707
1252708
1252709
1252710
1252711
1252712
1252713
1252714
1252715
1252716
1252717
1252718
1252719
1252720
1252721
1252722
1252723
1252724
1252725
1252726
1252727
1252728
1252729
1252730
1252731
1252732
1252759
1252760
1252761
1252762
1252763
1252764
1252765
1252766
1252767
1252768
1252769
1252770
1252771
1252772
1252773
1252774
1252775
1252776
1252777
1252778
1252779
1252780
1252781
1252782
1252783
1252784
1252837
1252838
1252839
1252840
1252841
1252842
1252843
1252844
1252845
1252846
1252847
1252848
1252849
1252850
1252851
1252852
1252853
1252854
1252855
1252856
1252857
1252858
1252859
1252860
1252861
1252862
1252863
1252864
1252865
1252866
1252867
1252868
1252869
1252870
1252871
1252872
1252873
1252874
1252875
1252876
1252877
1252878
1252879
1252880
1252881
1252882
1252883
1252884
1252885
1252886
1252887
1252888
1252915
1252916
1252917
1252918
1252919
1252920
1252921
1252922
1252923
1252924
1252925
1252926
1252927
1252928
1252929
1252930
1252931
1252932
1252933
1252934
1252935
1252936
1252937
1252938
1252939
1252940
1252967
1252968
1252969
1252970
1252971
1252972
1252973
1252974
1252975
1252976
1252977
1252978
1252979
1252980
1252981
1252982
1252983
1252984
1252985
1252986
1252987
1252988
1252989
1252990
1252991
1252992
1253045
1253046
1253047
1253048
1253049
1253050
1253051
1253052
1253053
1253054
1253055
1253056
1253057
1253058
1253059
1253060
1253061
1253062
1253063
1253064
1253065
1253066
1253067
1253068
1253069
1253070
1253071
1253072
1253073
1253074
1253075
1253076
1253077
1253078
1253079
1253080
1253081
1253082
1253083
1253084
1253085
1253086
1253087
1253088
1253089
1253090
1253091
1253092
1253093
1253094
1253095
1253096
1253123
1253124
1253125
1253126
1253127
1253128
1253129
1253130
1253131
1253132
1253133
1253134
1253135
1253136
1253137
1253138
1253139
1253140
1253141
1253142
1253143
1253144
1253145
1253146
1253147
1253148
1253175
1253176
1253177
1253178
1253179
1253180
1253181
1253182
1253183
1253184
1253185
1253186
1253187
1253188
1253189
1253190
1253191
1253192
1253193
1253194
1253195
1253196
1253197
1253198
1253199
1253200
1253227
1253228
1253229
1253230
1253231
1253232
1253233
1253234
1253235
1253236
1253237
1253238
1253239
1253240
1253241
1253242
1253243
1253244
1253245
1253246
1253247
1253248
1253249
1253250
1253251
1253252
1253279
1253280
1253281
1253282
1253283
1253284
1253285
1253286
1253287
1253288
1253289
1253290
1253291
1253292
1253293
1253294
1253295
1253296
1253297
1253298
1253299
1253300
1253301
1253302
1253303
1253304
1253357
1253358
1253359
1253360
1253361
1253362
1253363
1253364
1253365
1253366
1253367
1253368
1253369
1253370
1253371
1253372
1253373
1253374
1253375
1253376
1253377
1253378
1253379
1253380
1253381
1253382
1253383
1253384
1253385
1253386
1253387
1253388
1253389
1253390
1253391
1253392
1253393
1253394
1253395
1253396
1253397
1253398
1253399
1253400
1253401
1253402
1253403
1253404
1253405
1253406
1253407
1253408
1253461
1253462
1253463
1253464
1253465
1253466
1253467
1253468
1253469
1253470
1253471
1253472
1253473
1253474
1253475
1253476
1253477
1253478
1253479
1253480
1253481
1253482
1253483
1253484
1253485
1253486
1253513
1253514
1253515
1253516
1253517
1253518
1253519
1253520
1253521
1253522
1253523
1253524
1253525
1253526
1253527
1253528
1253529
1253530
1253531
1253532
1253533
1253534
1253535
1253536
1253537
1253538
1253539
1253540
1253541
1253542
1253543
1253544
1253545
1253546
1253547
1253548
1253549
1253550
1253551
1253552
1253553
1253554
1253555
1253556
1253557
1253558
1253559
1253560
1253561
1253562
1253563
1253564
1253617
1253618
1253619
1253620
1253621
1253622
1253623
1253624
1253625
1253626
1253627
1253628
1253629
1253630
1253631
1253632
1253633
1253634
1253635
1253636
1253637
1253638
1253639
1253640
1253641
1253642
1253669
1253670
1253671
1253672
1253673
1253674
1253675
1253676
1253677
1253678
1253679
1253680
1253681
1253682
1253683
1253684
1253685
1253686
1253687
1253688
1253689
1253690
1253691
1253692
1253693
1253694
1253721
1253722
1253723
1253724
1253725
1253726
1253727
1253728
1253729
1253730
1253731
1253732
1253733
1253734
1253735
1253736
1253737
1253738
1253739
1253740
1253741
1253742
1253743
1253744
1253745
1253746
1253773
1253774
1253775
1253776
1253777
1253778
1253779
1253780
1253781
1253782
1253783
1253784
1253785
1253786
1253787
1253788
1253789
1253790
1253791
1253792
1253793
1253794
1253795
1253796
1253797
1253798
1253825
1253826
1253827
1253828
1253829
1253830
1253831
1253832
1253833
1253834
1253835
1253836
1253837
1253838
1253839
1253840
1253841
1253842
1253843
1253844
1253845
1253846
1253847
1253848
1253849
1253850
1253877
1253878
1253879
1253880
1253881
1253882
1253883
1253884
1253885
1253886
1253887
1253888
1253889
1253890
1253891
1253892
1253893
1253894
1253895
1253896
1253897
1253898
1253899
1253900
1253901
1253902
1253929
1253930
1253931
1253932
1253933
1253934
1253935
1253936
1253937
1253938
1253939
1253940
1253941
1253942
1253943
1253944
1253945
1253946
1253947
1253948
1253949
1253950
1253951
1253952
1253953
1253954
1253981
1253982
1253983
1253984
1253985
1253986
1253987
1253988
1253989
1253990
1253991
1253992
1253993
1253994
1253995
1253996
1253997
1253998
1253999
1254000
1254001
1254002
1254003
1254004
1254005
1254006
1254033
1254034
1254035
1254036
1254037
1254038
1254039
1254040
1254041
1254042
1254043
1254044
1254045
1254046
1254047
1254048
1254049
1254050
1254051
1254052
1254053
1254054
1254055
1254056
1254057
1254058
1254085
1254086
1254087
1254088
1254089
1254090
1254091
1254092
1254093
1254094
1254095
1254096
1254097
1254098
1254099
1254100
1254101
1254102
1254103
1254104
1254105
1254106
1254107
1254108
1254109
1254110
1254137
1254138
1254139
1254140
1254141
1254142
1254143
1254144
1254145
1254146
1254147
1254148
1254149
1254150
1254151
1254152
1254153
1254154
1254155
1254156
1254157
1254158
1254159
1254160
1254161
1254162
1254189
1254190
1254191
1254192
1254193
1254194
1254195
1254196
1254197
1254198
1254199
1254200
1254201
1254202
1254203
1254204
1254205
1254206
1254207
1254208
1254209
1254210
1254211
1254212
1254213
1254214
1254241
1254242
1254243
1254244
1254245
1254246
1254247
1254248
1254249
1254250
1254251
1254252
1254253
1254254
1254255
1254256
1254257
1254258
1254259
1254260
1254261
1254262
1254263
1254264
1254265
1254266
1254293
1254294
1254295
1254296
1254297
1254298
1254299
1254300
1254301
1254302
1254303
1254304
1254305
1254306
1254307
1254308
1254309
1254310
1254311
1254312
1254313
1254314
1254315
1254316
1254317
1254318
1254345
1254346
1254347
1254348
1254349
1254350
1254351
1254352
1254353
1254354
1254355
1254356
1254357
1254358
1254359
1254360
1254361
1254362
1254363
1254364
1254365
1254366
1254367
1254368
1254369
1254370
1254371
1254372
1254373
1254374
1254375
1254376
1254377
1254378
1254379
1254380
1254381
1254382
1254383
1254384
1254385
1254386
1254387
1254388
1254389
1254390
1254391
1254392
1254393
1254394
1254395
1254396
1254423
1254424
1254425
1254426
1254427
1254428
1254429
1254430
1254431
1254432
1254433
1254434
1254435
1254436
1254437
1254438
1254439
1254440
1254441
1254442
1254443
1254444
1254445
1254446
1254447
1254448
1254475
1254476
1254477
1254478
1254479
1254480
1254481
1254482
1254483
1254484
1254485
1254486
1254487
1254488
1254489
1254490
1254491
1254492
1254493
1254494
1254495
1254496
1254497
1254498
1254499
1254500
1254553
1254554
1254555
1254556
1254557
1254558
1254559
1254560
1254561
1254562
1254563
1254564
1254565
1254566
1254567
1254568
1254569
1254570
1254571
1254572
1254573
1254574
1254575
1254576
1254577
1254578
1254579
1254580
1254581
1254582
1254583
1254584
1254585
1254586
1254587
1254588
1254589
1254590
1254591
1254592
1254593
1254594
1254595
1254596
1254597
1254598
1254599
1254600
1254601
1254602
1254603
1254604
1254631
1254632
1254633
1254634
1254635
1254636
1254637
1254638
1254639
1254640
1254641
1254642
1254643
1254644
1254645
1254646
1254647
1254648
1254649
1254650
1254651
1254652
1254653
1254654
1254655
1254656
1254709
1254710
1254711
1254712
1254713
1254714
1254715
1254716
1254717
1254718
1254719
1254720
1254721
1254722
1254723
1254724
1254725
1254726
1254727
1254728
1254729
1254730
1254731
1254732
1254733
1254734
1254761
1254762
1254763
1254764
1254765
1254766
1254767
1254768
1254769
1254770
1254771
1254772
1254773
1254774
1254775
1254776
1254777
1254778
1254779
1254780
1254781
1254782
1254783
1254784
1254785
1254786
1254813
1254814
1254815
1254816
1254817
1254818
1254819
1254820
1254821
1254822
1254823
1254824
1254825
1254826
1254827
1254828
1254829
1254830
1254831
1254832
1254833
1254834
1254835
1254836
1254837
1254838
1254839
1254840
1254841
1254842
1254843
1254844
1254845
1254846
1254847
1254848
1254849
1254850
1254851
1254852
1254853
1254854
1254855
1254856
1254857
1254858
1254859
1254860
1254861
1254862
1254863
1254864
1254917
1254918
1254919
1254920
1254921
1254922
1254923
1254924
1254925
1254926
1254927
1254928
1254929
1254930
1254931
1254932
1254933
1254934
1254935
1254936
1254937
1254938
1254940
1254941
1254942
1254943
1254944
1254945
1254946
1254947
1254948
1254949
1254950
1254951
1254952
1254953
1254954
1254955
1254956
1254957
1254958
1254959
1254960
1254961
1254962
1254963
1254964
1254965
1254966
1254967
1254968
1254995
1254996
1254997
1254998
1254999
1255000
1255001
1255002
1255003
1255004
1255005
1255006
1255007
1255008
1255009
1255010
1255011
1255012
1255013
1255014
1255015
1255016
1255017
1255018
1255019
1255020
1255021
1255022
1255023
1255024
1255025
1255026
1255027
1255028
1255029
1255030
1255031
1255032
1255033
1255034
1255035
1255036
1255037
1255038
1255039
1255040
1255041
1255042
1255043
1255044
1255045
1255046
1255073
1255074
1255075
1255076
1255077
1255078
1255079
1255080
1255081
1255082
1255083
1255084
1255085
1255086
1255087
1255088
1255089
1255090
1255091
1255092
1255093
1255094
1255095
1255096
1255097
1255098
1255151
1255152
1255153
1255154
1255155
1255156
1255157
1255158
1255159
1255160
1255161
1255162
1255163
1255164
1255165
1255166
1255167
1255168
1255169
1255170
1255171
1255172
1255173
1255174
1255175
1255176
1255177
1255178
1255179
1255180
1255181
1255182
1255183
1255184
1255185
1255186
1255187
1255188
1255189
1255190
1255191
1255192
1255193
1255194
1255195
1255196
1255197
1255198
1255199
1255200
1255201
1255202
1255281
1255282
1255283
1255284
1255285
1255286
1255287
1255288
1255289
1255290
1255291
1255292
1255293
1255294
1255296
1255297
1255298
1255299
1255300
1255301
1255302
1255303
1255304
1255305
1255306
1255333
1255334
1255335
1255336
1255337
1255338
1255339
1255340
1255341
1255342
1255343
1255344
1255345
1255346
1255347
1255348
1255349
1255350
1255351
1255352
1255353
1255354
1255355
1255356
1255357
1255358
1255359
1255360
1255361
1255362
1255363
1255364
1255365
1255366
1255367
1255368
1255369
1255370
1255371
1255372
1255373
1255374
1255375
1255376
1255377
1255378
1255379
1255380
1255381
1255382
1255383
1255384
1255411
1255412
1255413
1255414
1255415
1255416
1255417
1255418
1255419
1255420
1255421
1255422
1255423
1255424
1255425
1255426
1255427
1255428
1255429
1255430
1255431
1255432
1255433
1255434
1255435
1255436
1255437
1255438
1255439
1255440
1255441
1255442
1255443
1255444
1255445
1255446
1255447
1255448
1255449
1255450
1255451
1255452
1255453
1255454
1255455
1255456
1255457
1255458
1255459
1255460
1255461
1255462
1255515
1255516
1255517
1255518
1255519
1255520
1255521
1255522
1255523
1255524
1255525
1255526
1255527
1255528
1255529
1255530
1255531
1255532
1255533
1255534
1255535
1255536
1255537
1255538
1255539
1255540
1255567
1255568
1255569
1255570
1255571
1255572
1255573
1255574
1255575
1255576
1255577
1255578
1255579
1255580
1255581
1255582
1255583
1255584
1255585
1255586
1255587
1255588
1255589
1255590
1255591
1255592
1255619
1255620
1255621
1255622
1255623
1255624
1255625
1255626
1255627
1255628
1255629
1255630
1255631
1255632
1255633
1255634
1255635
1255636
1255637
1255638
1255639
1255640
1255641
1255642
1255643
1255644
1255671
1255672
1255673
1255674
1255675
1255676
1255677
1255678
1255679
1255680
1255681
1255682
1255683
1255684
1255685
1255686
1255687
1255688
1255689
1255690
1255691
1255692
1255693
1255694
1255695
1255696
1255723
1255724
1255725
1255726
1255727
1255728
1255729
1255730
1255731
1255732
1255733
1255734
1255735
1255736
1255737
1255738
1255739
1255740
1255741
1255742
1255743
1255744
1255745
1255746
1255747
1255748
1255775
1255776
1255777
1255778
1255779
1255780
1255781
1255782
1255783
1255784
1255785
1255786
1255787
1255788
1255789
1255790
1255791
1255792
1255793
1255794
1255795
1255796
1255797
1255798
1255799
1255800
1255801
1255802
1255803
1255804
1255805
1255806
1255807
1255808
1255809
1255810
1255811
1255812
1255813
1255814
1255815
1255816
1255817
1255818
1255819
1255820
1255821
1255822
1255823
1255824
1255825
1255826
1255853
1255854
1255855
1255856
1255857
1255858
1255859
1255860
1255861
1255862
1255863
1255864
1255865
1255866
1255867
1255868
1255869
1255870
1255871
1255872
1255873
1255874
1255875
1255876
1255877
1255878
1255905
1255906
1255907
1255908
1255909
1255910
1255911
1255912
1255913
1255914
1255915
1255916
1255917
1255918
1255919
1255920
1255921
1255922
1255923
1255924
1255925
1255926
1255927
1255928
1255929
1255930
1255957
1255958
1255959
1255960
1255961
1255962
1255963
1255964
1255965
1255966
1255967
1255968
1255969
1255970
1255971
1255972
1255973
1255974
1255975
1255976
1255977
1255978
1255979
1255980
1255981
1255982
1255983
1255984
1255985
1255986
1255987
1255988
1255989
1255990
1255991
1255992
1255993
1255994
1255995
1255996
1255997
1255998
1255999
1256000
1256001
1256002
1256003
1256004
1256005
1256006
1256007
1256008
1256035
1256036
1256037
1256038
1256039
1256040
1256041
1256042
1256043
1256044
1256045
1256046
1256047
1256048
1256049
1256050
1256051
1256052
1256053
1256054
1256055
1256056
1256057
1256058
1256059
1256060
1256061
1256062
1256063
1256064
1256065
1256066
1256067
1256068
1256069
1256070
1256071
1256072
1256073
1256074
1256075
1256076
1256077
1256078
1256079
1256080
1256081
1256082
1256083
1256084
1256085
1256086
1256113
1256114
1256115
1256116
1256117
1256118
1256119
1256120
1256121
1256122
1256123
1256124
1256125
1256126
1256127
1256128
1256129
1256130
1256131
1256132
1256133
1256134
1256135
1256136
1256137
1256138
1256165
1256166
1256167
1256168
1256169
1256170
1256171
1256172
1256173
1256174
1256175
1256176
1256177
1256178
1256179
1256180
1256181
1256182
1256183
1256184
1256185
1256186
1256187
1256188
1256189
1256190
1256191
1256192
1256193
1256194
1256195
1256196
1256197
1256198
1256199
1256200
1256201
1256202
1256203
1256204
1256205
1256206
1256207
1256208
1256209
1256210
1256211
1256212
1256213
1256214
1256215
1256216
1256243
1256244
1256245
1256246
1256247
1256248
1256249
1256250
1256251
1256252
1256253
1256254
1256255
1256256
1256257
1256258
1256259
1256260
1256261
1256262
1256263
1256264
1256265
1256266
1256267
1256268
1256295
1256296
1256297
1256298
1256299
1256300
1256301
1256302
1256303
1256304
1256305
1256306
1256307
1256308
1256309
1256310
1256311
1256312
1256313
1256314
1256315
1256316
1256317
1256318
1256319
1256320
1256373
1256374
1256375
1256376
1256377
1256378
1256379
1256380
1256381
1256382
1256383
1256384
1256385
1256386
1256387
1256388
1256389
1256390
1256391
1256392
1256393
1256394
1256395
1256396
1256397
1256398
1256399
1256400
1256401
1256402
1256403
1256404
1256405
1256406
1256407
1256408
1256409
1256410
1256411
1256412
1256413
1256414
1256415
1256416
1256417
1256418
1256419
1256420
1256421
1256422
1256423
1256424
1256451
1256452
1256453
1256454
1256455
1256456
1256457
1256458
1256459
1256460
1256461
1256462
1256463
1256464
1256465
1256466
1256467
1256468
1256469
1256470
1256471
1256472
1256473
1256474
1256475
1256476
1256503
1256504
1256505
1256506
1256507
1256508
1256509
1256510
1256511
1256512
1256513
1256514
1256515
1256516
1256517
1256518
1256519
1256520
1256521
1256522
1256523
1256524
1256525
1256526
1256527
1256528
1256555
1256556
1256557
1256558
1256559
1256560
1256561
1256562
1256563
1256564
1256565
1256566
1256567
1256568
1256569
1256570
1256571
1256572
1256573
1256574
1256575
1256576
1256577
1256578
1256579
1256580
1256633
1256634
1256635
1256636
1256637
1256638
1256639
1256640
1256641
1256642
1256643
1256644
1256645
1256646
1256647
1256648
1256649
1256650
1256651
1256652
1256653
1256654
1256655
1256656
1256657
1256658
1256685
1256686
1256687
1256688
1256689
1256690
1256691
1256692
1256693
1256694
1256695
1256696
1256697
1256698
1256699
1256700
1256701
1256702
1256703
1256704
1256705
1256706
1256707
1256708
1256709
1256710
1256711
1256712
1256713
1256714
1256715
1256716
1256717
1256718
1256719
1256720
1256721
1256722
1256723
1256724
1256725
1256726
1256727
1256728
1256729
1256730
1256731
1256732
1256733
1256734
1256735
1256736
1256789
1256790
1256791
1256792
1256793
1256794
1258210
