1256795
1256796
1256797
1256798
1256799
1256800
1256801
1256802
1256803
1256804
1256805
1256806
1256807
1256808
1256809
1256810
1256811
1256812
1256813
1256814
1256815
1256816
1256817
1256818
1256819
1256820
1256821
1256822
1256823
1256824
1256825
1256826
1256827
1256828
1256829
1256830
1256831
1256832
1256833
1256834
1256835
1256836
1256837
1256838
1256839
1256840
1256893
1256894
1256895
1256896
1256897
1256898
1256899
1256900
1256901
1256902
1256903
1256904
1256905
1256906
1256907
1256908
1256909
1256910
1256911
1256912
1256913
1256914
1256915
1256916
1256917
1256918
1256919
1256920
1256921
1256922
1256923
1256924
1256925
1256926
1256927
1256928
1256929
1256930
1256931
1256932
1256933
1256934
1256935
1256936
1256937
1256938
1256939
1256940
1256941
1256942
1256943
1256944
1256997
1256998
1256999
1257000
1257001
1257002
1257003
1257004
1257005
1257006
1257007
1257008
1257009
1257010
1257011
1257012
1257013
1257014
1257015
1257016
1257017
1257018
1257019
1257020
1257021
1257022
1257023
1257024
1257025
1257026
1257027
1257028
1257029
1257030
1257031
1257032
1257033
1257034
1257035
1257036
1257037
1257038
1257039
1257040
1257041
1257042
1257043
1257044
1257045
1257046
1257047
1257048
1257075
1257076
1257077
1257078
1257079
1257080
1257081
1257082
1257083
1257084
1257085
1257086
1257087
1257088
1257089
1257090
1257091
1257092
1257093
1257094
1257095
1257096
1257097
1257098
1257099
1257100
1257127
1257128
1257129
1257130
1257131
1257132
1257133
1257134
1257135
1257136
1257137
1257138
1257139
1257140
1257141
1257142
1257143
1257144
1257145
1257146
1257147
1257148
1257149
1257150
1257151
1257152
1257205
1257206
1257207
1257208
1257209
1257210
1257211
1257212
1257213
1257214
1257215
1257216
1257217
1257218
1257219
1257220
1257221
1257222
1257223
1257224
1257225
1257226
1257227
1257228
1257229
1257230
1257257
1257258
1257259
1257260
1257261
1257262
1257263
1257264
1257265
1257266
1257267
1257268
1257269
1257270
1257271
1257272
1257273
1257274
1257275
1257276
1257277
1257278
1257279
1257280
1257281
1257282
1257309
1257310
1257311
1257312
1257313
1257314
1257315
1257316
1257317
1257318
1257319
1257320
1257321
1257322
1257323
1257324
1257325
1257326
1257327
1257328
1257329
1257330
1257331
1257332
1257333
1257334
1257361
1257362
1257363
1257364
1257365
1257366
1257367
1257368
1257369
1257370
1257371
1257372
1257373
1257374
1257375
1257376
1257377
1257378
1257379
1257380
1257381
1257382
1257383
1257384
1257385
1257386
1257413
1257414
1257415
1257416
1257417
1257418
1257419
1257420
1257421
1257422
1257423
1257424
1257425
1257426
1257427
1257428
1257429
1257430
1257431
1257432
1257433
1257434
1257435
1257436
1257437
1257438
1257439
1257440
1257441
1257442
1257443
1257444
1257445
1257446
1257447
1257448
1257449
1257450
1257451
1257452
1257453
1257454
1257455
1257456
1257457
1257458
1257459
1257460
1257461
1257462
1257463
1257464
1257517
1257518
1257519
1257520
1257521
1257522
1257523
1257524
1257525
1257526
1257527
1257528
1257529
1257530
1257531
1257532
1257533
1257534
1257535
1257536
1257537
1257538
1257539
1257540
1257541
1257542
1257569
1257570
1257571
1257572
1257573
1257574
1257575
1257576
1257577
1257578
1257579
1257580
1257581
1257582
1257583
1257584
1257585
1257586
1257587
1257588
1257589
1257590
1257591
1257592
1257593
1257594
1257595
1257596
1257597
1257598
1257599
1257600
1257601
1257602
1257603
1257604
1257605
1257606
1257607
1257608
1257609
1257610
1257611
1257612
1257613
1257614
1257615
1257616
1257617
1257618
1257619
1257620
1257673
1257674
1257675
1257676
1257677
1257678
1257679
1257680
1257681
1257682
1257683
1257684
1257685
1257686
1257687
1257688
1257689
1257690
1257691
1257692
1257693
1257694
1257695
1257696
1257697
1257698
1257699
1257700
1257701
1257702
1257703
1257704
1257705
1257706
1257707
1257708
1257709
1257710
1257711
1257712
1257713
1257714
1257715
1257716
1257717
1257718
1257719
1257720
1257721
1257722
1257723
1257724
1257751
1257752
1257753
1257754
1257755
1257756
1257757
1257758
1257759
1257760
1257761
1257762
1257763
1257764
1257765
1257766
1257767
1257768
1257769
1257770
1257771
1257772
1257773
1257774
1257775
1257776
1257803
1257804
1257805
1257806
1257807
1257808
1257809
1257810
1257811
1257812
1257813
1257814
1257815
1257816
1257817
1257818
1257819
1257820
1257821
1257822
1257823
1257824
1257825
1257826
1257827
1257828
1257881
1257882
1257883
1257884
1257885
1257886
1257887
1257888
1257889
1257890
1257891
1257892
1257893
1257894
1257895
1257896
1257897
1257898
1257899
1257900
1257901
1257902
1257903
1257904
1257905
1257906
1257933
1257934
1257935
1257936
1257937
1257938
1257939
1257940
1257941
1257942
1257943
1257944
1257945
1257946
1257947
1257948
1257949
1257950
1257951
1257952
1257953
1257954
1257955
1257956
1257957
1257958
1257959
1257960
1257961
1257962
1257963
1257964
1257965
1257966
1257967
1257968
1257969
1257970
1257971
1257972
1257973
1257974
1257975
1257976
1257977
1257978
1257979
1257980
1257981
1257982
1257983
1257984
1258011
1258012
1258013
1258014
1258015
1258016
1258017
1258018
1258019
1258020
1258021
1258022
1258023
1258024
1258025
1258026
1258027
1258028
1258029
1258030
1258031
1258032
1258033
1258034
1258035
1258036
1258089
1258090
1258091
1258092
1258093
1258094
1258095
1258096
1258097
1258098
1258099
1258100
1258101
1258102
1258103
1258104
1258105
1258106
1258107
1258108
1258109
1258110
1258111
1258112
1258113
1258114
1258141
1258142
1258143
1258144
1258145
1258146
1258147
1258148
1258149
1258150
1258151
1258152
1258153
1258154
1258155
1258156
1258157
1258158
1258159
1258160
1258161
1258162
1258163
1258164
1258165
1258166
1258193
1258194
1258195
1258196
1258197
1258198
1258199
1258200
1258201
1258202
1258203
1258204
1258205
1258206
1258207
1258208
1258209
1258211
1258212
1258213
1258214
1258215
1258216
1258217
1258218
1258219
1258220
1258221
1258222
1258223
1258224
1258225
1258226
1258227
1258228
1258229
1258230
1258231
1258232
1258233
1258234
1258235
1258236
1258237
1258238
1258239
1258240
1258241
1258242
1258243
1258244
1258271
1258272
1258273
1258274
1258275
1258276
1258277
1258278
1258279
1258280
1258281
1258282
1258283
1258284
1258285
1258286
1258287
1258288
1258289
1258290
1258291
1258292
1258293
1258294
1258295
1258296
1258349
1258350
1258351
1258352
1258353
1258354
1258355
1258356
1258357
1258358
1258359
1258360
1258361
1258362
1258363
1258364
1258365
1258366
1258367
1258368
1258369
1258370
1258371
1258372
1258373
1258374
1258401
1258402
1258403
1258404
1258405
1258406
1258407
1258408
1258409
1258410
1258411
1258412
1258413
1258414
1258415
1258416
1258417
1258418
1258419
1258420
1258421
1258422
1258423
1258424
1258425
1258426
1258453
1258454
1258455
1258456
1258457
1258458
1258459
1258460
1258461
1258462
1258463
1258464
1258465
1258466
1258467
1258468
1258469
1258470
1258471
1258472
1258473
1258474
1258475
1258476
1258477
1258478
1258479
1258480
1258481
1258482
1258483
1258484
1258485
1258486
1258487
1258488
1258489
1258490
1258491
1258492
1258493
1258494
1258495
1258496
1258497
1258498
1258499
1258500
1258501
1258502
1258503
1258504
1258531
1258532
1258533
1258534
1258535
1258536
1258537
1258538
1258539
1258540
1258541
1258542
1258543
1258544
1258545
1258546
1258547
1258548
1258549
1258550
1258551
1258552
1258553
1258554
1258555
1258556
1258609
1258610
1258611
1258612
1258613
1258614
1258615
1258616
1258617
1258618
1258619
1258620
1258621
1258622
1258623
1258624
1258625
1258626
1258627
1258628
1258629
1258630
1258631
1258632
1258633
1258634
1258661
1258662
1258663
1258664
1258665
1258666
1258667
1258668
1258669
1258670
1258671
1258672
1258673
1258674
1258675
1258676
1258677
1258678
1258679
1258680
1258681
1258682
1258683
1258684
1258685
1258686
1258713
1258714
1258715
1258716
1258717
1258718
1258719
1258720
1258721
1258722
1258723
1258724
1258725
1258726
1258727
1258728
1258729
1258730
1258731
1258732
1258733
1258734
1258735
1258736
1258737
1258738
1258765
1258766
1258767
1258768
1258769
1258770
1258771
1258772
1258773
1258774
1258775
1258776
1258777
1258778
1258779
1258780
1258781
1258782
1258783
1258784
1258785
1258786
1258787
1258788
1258789
1258790
1258791
1258792
1258793
1258794
1258795
1258796
1258797
1258798
1258799
1258800
1258801
1258802
1258803
1258804
1258805
1258806
1258807
1258808
1258809
1258810
1258811
1258812
1258813
1258814
1258815
1258816
1258843
1258844
1258845
1258846
1258847
1258848
1258849
1258850
1258851
1258852
1258853
1258854
1258855
1258856
1258857
1258858
1258859
1258860
1258861
1258862
1258863
1258864
1258865
1258866
1258867
1258868
1258921
1258922
1258923
1258924
1258925
1258926
1258927
1258928
1258929
1258930
1258931
1258932
1258933
1258934
1258935
1258936
1258937
1258938
1258939
1258940
1258941
1258942
1258943
1258944
1258945
1258946
1258973
1258974
1258975
1258976
1258977
1258978
1258979
1258980
1258981
1258982
1258983
1258984
1258985
1258986
1258987
1258988
1258989
1258990
1258991
1258992
1258993
1258994
1258995
1258996
1258997
1258998
1259025
1259026
1259027
1259028
1259029
1259030
1259031
1259032
1259033
1259034
1259035
1259036
1259037
1259038
1259039
1259040
1259041
1259042
1259043
1259044
1259045
1259046
1259047
1259048
1259049
1259050
1259077
1259078
1259079
1259080
1259081
1259082
1259083
1259084
1259085
1259086
1259087
1259088
1259089
1259090
1259091
1259092
1259093
1259094
1259095
1259096
1259097
1259098
1259099
1259100
1259101
1259102
1259129
1259130
1259131
1259132
1259133
1259134
1259135
1259136
1259137
1259138
1259139
1259140
1259141
1259142
1259143
1259144
1259145
1259146
1259147
1259148
1259149
1259150
1259151
1259152
1259153
1259154
1259181
1259182
1259183
1259184
1259185
1259186
1259187
1259188
1259189
1259190
1259191
1259192
1259193
1259194
1259195
1259196
1259197
1259198
1259199
1259200
1259201
1259202
1259203
1259204
1259205
1259206
1259233
1259234
1259235
1259236
1259237
1259238
1259239
1259240
1259241
1259242
1259243
1259244
1259245
1259246
1259247
1259248
1259249
1259250
1259251
1259252
1259253
1259254
1259255
1259256
1259257
1259258
1259259
1259260
1259261
1259262
1259263
1259264
1259265
1259266
1259267
1259268
1259269
1259270
1259271
1259272
1259273
1259274
1259275
1259276
1259277
1259278
1259279
1259280
1259281
1259282
1259283
1259284
1259311
1259312
1259313
1259314
1259315
1259316
1259317
1259318
1259319
1259320
1259321
1259322
1259323
1259324
1259325
1259326
1259327
1259328
1259329
1259330
1259331
1259332
1259333
1259334
1259335
1259336
1259389
1259390
1259391
1259392
1259393
1259394
1259395
1259396
1259397
1259398
1259399
1259400
1259401
1259402
1259403
1259404
1259405
1259406
1259407
1259408
1259409
1259410
1259411
1259412
1259413
1259414
1259441
1259442
1259443
1259444
1259445
1259446
1259447
1259448
1259449
1259450
1259451
1259452
1259453
1259454
1259455
1259456
1259457
1259458
1259459
1259460
1259461
1259462
1259463
1259464
1259465
1259466
1259493
1259494
1259495
1259496
1259497
1259498
1259499
1259500
1259501
1259502
1259503
1259504
1259505
1259506
1259507
1259508
1259509
1259510
1259511
1259512
1259513
1259514
1259515
1259516
1259517
1259518
1259545
1259546
1259547
1259548
1259549
1259550
1259551
1259552
1259553
1259554
1259555
1259556
1259557
1259558
1259559
1259560
1259561
1259562
1259563
1259564
1259565
1259566
1259567
1259568
1259569
1259570
1259571
1259572
1259573
1259574
1259575
1259576
1259577
1259578
1259579
1259580
1259581
1259582
1259583
1259584
1259585
1259586
1259587
1259588
1259589
1259590
1259591
1259592
1259593
1259594
1259595
1259596
1259623
1259624
1259625
1259626
1259627
1259628
1259629
1259630
1259631
1259632
1259633
1259634
1259635
1259636
1259637
1259638
1259639
1259640
1259641
1259642
1259643
1259644
1259645
1259646
1259647
1259648
1259701
1259702
1259703
1259704
1259705
1259706
1259707
1259708
1259709
1259710
1259711
1259712
1259713
1259714
1259715
1259716
1259717
1259718
1259719
1259720
1259721
1259722
1259723
1259724
1259725
1259726
1259753
1259754
1259755
1259756
1259757
1259758
1259759
1259760
1259761
1259762
1259763
1259764
1259765
1259766
1259767
1259768
1259769
1259770
1259771
1259772
1259773
1259774
1259775
1259776
1259777
1259778
1259805
1259806
1259807
1259808
1259809
1259810
1259811
1259812
1259813
1259815
1259816
1259817
1259818
1259819
1259820
1259821
1259822
1259823
1259824
1259825
1259826
1259827
1259828
1259829
1259830
1259831
1259832
1259833
1259834
1259835
1259836
1259837
1259838
1259839
1259840
1259841
1259842
1259843
1259844
1259845
1259846
1259847
1259848
1259849
1259850
1259851
1259852
1259853
1259854
1259855
1259856
1259909
1259910
1259911
1259912
1259913
1259914
1259915
1259916
1259917
1259918
1259919
1259920
1259921
1259922
1259923
1259924
1259925
1259926
1259927
1259928
1259929
1259930
1259931
1259932
1259933
1259934
1259935
1259936
1259937
1259938
1259939
1259940
1259941
1259942
1259943
1259944
1259945
1259946
1259947
1259948
1259949
1259950
1259951
1259952
1259953
1259954
1259955
1259956
1259957
1259958
1259959
1259960
1259987
1259988
1259989
1259990
1259991
1259992
1259993
1259994
1259995
1259996
1259997
1259998
1259999
1260000
1260001
1260002
1260003
1260004
1260005
1260006
1260007
1260008
1260009
1260010
1260011
1260012
1260065
1260066
1260067
1260068
1260069
1260070
1260071
1260072
1260074
1260075
1260076
1260077
1260078
1260079
1260080
1260081
1260082
1260083
1260084
1260085
1260086
1260087
1260088
1260089
1260090
1260117
1260118
1260119
1260120
1260121
1260122
1260123
1260124
1260125
1260126
1260127
1260128
1260129
1260130
1260131
1260132
1260133
1260134
1260135
1260136
1260137
1260138
1260139
1260140
1260141
1260142
1260169
1260170
1260171
1260172
1260173
1260174
1260175
1260176
1260177
1260178
1260179
1260180
1260181
1260182
1260183
1260184
1260185
1260186
1260187
1260188
1260189
1260190
1260191
1260192
1260193
1260194
1260195
1260196
1260197
1260198
1260199
1260200
1260201
1260202
1260203
1260204
1260205
1260206
1260207
1260208
1260209
1260210
1260211
1260212
1260213
1260214
1260215
1260216
1260217
1260218
1260219
1260220
1260273
1260274
1260275
1260276
1260277
1260278
1260279
1260280
1260281
1260282
1260283
1260284
1260285
1260286
1260287
1260288
1260289
1260290
1260291
1260292
1260293
1260294
1260295
1260296
1260297
1260298
1260299
1260300
1260301
1260302
1260303
1260304
1260305
1260306
1260307
1260308
1260309
1260310
1260311
1260312
1260313
1260314
1260315
1260316
1260317
1260318
1260319
1260320
1260321
1260322
1260323
1260324
1260377
1260378
1260379
1260380
1260381
1260382
1260383
1260384
1260385
1260386
1260387
1260388
1260389
1260390
1260391
1260392
1260393
1260394
1260395
1260396
1260397
1260398
1260399
1260400
1260401
1260402
1260403
1260404
1260405
1260406
1260407
1260408
1260409
1260410
1260411
1260412
1260413
1260414
1260415
1260416
1260417
1260418
1260419
1260420
1260421
1260422
1260423
1260424
1260425
1260426
1260427
1260428
1260481
1260482
1260483
1260484
1260485
1260486
1260487
1260488
1260489
1260490
1260491
1260492
1260493
1260494
1260495
1260496
1260497
1260498
1260499
1260500
1260501
1260502
1260503
1260504
1260505
1260506
1260507
1260508
1260509
1260510
1260511
1260512
1260513
1260514
1260515
1260516
1260517
1260518
1260519
1260520
1260521
1260522
1260523
1260524
1260525
1260526
1260527
1260528
1260529
1260530
1260531
1260532
1260585
1260586
1260587
1260588
1260589
1260590
1260591
1260592
1260593
1260594
1260595
1260596
1260597
1260598
1260599
1260600
1260601
1260602
1260603
1260604
1260605
1260606
1260607
1260608
1260609
1260610
1260637
1260638
1260639
1260640
1260641
1260642
1260643
1260644
1260645
1260646
1260647
1260648
1260649
1260650
1260651
1260652
1260653
1260654
1260655
1260656
1260657
1260658
1260659
1260660
1260661
1260662
1260663
1260664
1260665
1260666
1260667
1260668
1260669
1260670
1260671
1260672
1260673
1260674
1260675
1260676
1260677
1260678
1260679
1260680
1260681
1260682
1260683
1260684
1260685
1260686
1260687
1260688
1260741
1260742
1260743
1260744
1260745
1260746
1260747
1260748
1260749
1260750
1260751
1260752
1260753
1260754
1260755
1260756
1260757
1260758
1260759
1260760
1260761
1260762
1260763
1260764
1260765
1260766
1260793
1260794
1260795
1260796
1260797
1260798
1260799
1260800
1260801
1260802
1260803
1260804
1260805
1260806
1260807
1260808
1260809
1260810
1260811
1260812
1260813
1260814
1260815
1260816
1260817
1260818
1260819
1260820
1260821
1260822
1260823
1260824
1260825
1260826
1260827
1260828
1260829
1260830
1260831
1260832
1260833
1260834
1260835
1260836
1260837
1260838
1260839
1260840
1260841
1260842
1260843
1260844
1260897
1260898
1260899
1260900
1260901
1260902
1260903
1260904
1260905
1260906
1260907
1260908
1260909
1260910
1260911
1260912
1260913
1260914
1260915
1260916
1260917
1260918
1260919
1260920
1260921
1260922
1260923
1260924
1260925
1260926
1260927
1260928
1260929
1260930
1260931
1260932
1260933
1260934
1260935
1260936
1260937
1260938
1260939
1260940
1260941
1260942
1260943
1260944
1260945
1260946
1260947
1260948
1260975
1260976
1260977
1260978
1260979
1260980
1260981
1260982
1260983
1260984
1260985
1260986
1260987
1260988
1260989
1260990
1260991
1260992
1260993
1260994
1260995
1260996
1260997
1260998
1260999
1261000
1261053
1261054
1261055
1261056
1261057
1261058
1261059
1261060
1261061
1261062
1261063
1261064
1261065
1261066
1261067
1261068
1261069
1261070
1261071
1261072
1261073
1261074
1261075
1261076
1261077
1261078
1261105
1261106
1261107
1261108
1261109
1261110
1261111
1261112
1261113
1261114
1261115
1261116
1261117
1261118
1261119
1261120
1261121
1261122
1261123
1261124
1261125
1261126
1261127
1261128
1261129
1261130
1261157
1261158
1261159
1261160
1261161
1261162
1261163
1261164
1261165
1261166
1261167
1261168
1261169
1261170
1261171
1261172
1261173
1261174
1261175
1261176
1261177
1261178
1261179
1261180
1261181
1261182
1261183
1261184
1261185
1261186
1261187
1261188
1261189
1261190
1261191
1261192
1261193
1261194
1261195
1261196
1261197
1261198
1261199
1261200
1261201
1261202
1261203
1261204
1261205
1261206
1261207
1261208
1261261
1261262
1261263
1261264
1261265
1261266
1261267
1261268
1261269
1261270
1261271
1261272
1261273
1261274
1261275
1261276
1261277
1261278
1261279
1261280
1261281
1261282
1261283
1261284
1261285
1261286
1261313
1261314
1261315
1261316
1261317
1261318
1261319
1261320
1261321
1261322
1261323
1261324
1261325
1261326
1261327
1261328
1261329
1261330
1261331
1261332
1261333
1261334
1261335
1261336
1261337
1261338
1261339
1261340
1261341
1261342
1261343
1261344
1261345
1261346
1261347
1261348
1261349
1261350
1261351
1261352
1261353
1261354
1261355
1261356
1261357
1261358
1261359
1261360
1261361
1261362
1261363
1261364
1261417
1261418
1261419
1261420
1261421
1261422
1261423
1261424
1261425
1261426
1261427
1261428
1261429
1261430
1261431
1261432
1261433
1261434
1261435
1261436
1261437
1261438
1261439
1261440
1261441
1261442
1261469
1261470
1261471
1261472
1261473
1261474
1261475
1261476
1261477
1261478
1261479
1261480
1261481
1261482
1261483
1261484
1261485
1261486
1261487
1261488
1261489
1261490
1261491
1261492
1261493
1261494
1261521
1261522
1261523
1261524
1261525
1261526
1261527
1261528
1261529
1261530
1261531
1261532
1261533
1261534
1261535
1261536
1261537
1261538
1261539
1261540
1261541
1261542
1261543
1261544
1261545
1261546
1261573
1261574
1261575
1261576
1261577
1261578
1261579
1261580
1261581
1261582
1261583
1261584
1261585
1261586
1261587
1261588
1261589
1261590
1261591
1261592
1261593
1261594
1261595
1261596
1261597
1261598
1261625
1261626
1261627
1261628
1261629
1261630
1261631
1261632
1261633
1261634
1261635
1261636
1261637
1261638
1261639
1261640
1261641
1261642
1261643
1261644
1261645
1261646
1261647
1261648
1261649
1261650
1261677
1261678
1261679
1261680
1261681
1261682
1261683
1261684
1261685
1261686
1261687
1261688
1261689
1261690
1261691
1261692
1261693
1261694
1261695
1261696
1261697
1261698
1261699
1261700
1261701
1261702
1261703
1261704
1261705
1261706
1261707
1261708
1261709
1261710
1261711
1261712
1261713
1261714
1261715
1261716
1261717
1261718
1261719
1261720
1261721
1261722
1261723
1261724
1261725
1261726
1261727
1261728
1261755
1261756
1261757
1261758
1261759
1261760
1261761
1261762
1261763
1261764
1261765
1261767
1261768
1261769
1261770
1261771
1261772
1261773
1261774
1261775
1261776
1261777
1261778
1261779
1261780
1261833
1261834
1261835
1261836
1261837
1261838
1261839
1261840
1261841
1261842
1261843
1261844
1261845
1261846
1261847
1261848
1261849
1261850
1261851
1261852
1261853
1261854
1261855
1261856
1261857
1261858
1261885
1261886
1261887
1261888
1261889
1261890
1261891
1261892
1261893
1261894
1261895
1261896
1261897
1261898
1261899
1261900
1261901
1261902
1261903
1261904
1261905
1261906
1261907
1261908
1261909
1261910
1261937
1261938
1261939
1261940
1261941
1261942
1261943
1261944
1261945
1261946
1261947
1261948
1261949
1261950
1261951
1261952
1261953
1261954
1261955
1261956
1261957
1261958
1261959
1261960
1261961
1261962
1261989
1261990
1261991
1261992
1261993
1261994
1261995
1261996
1261997
1261998
1261999
1262000
1262001
1262002
1262003
1262004
1262005
1262006
1262007
1262008
1262009
1262010
1262011
1262012
1262013
1262014
1262041
1262042
1262043
1262044
1262045
1262046
1262047
1262048
1262049
1262050
1262051
1262052
1262053
1262054
1262055
1262056
1262057
1262058
1262059
1262060
1262061
1262062
1262063
1262064
1262065
1262066
1262067
1262068
1262069
1262070
1262071
1262072
1262073
1262074
1262075
1262076
1262077
1262078
1262079
1262080
1262081
1262082
1262083
1262084
1262085
1262086
1262087
1262088
1262089
1262090
1262091
1262092
1262145
1262146
1262147
1262148
1262149
1262150
1262151
1262152
1262153
1262154
1262155
1262156
1262157
1262158
1262159
1262160
1262161
1262162
1262163
1262164
1262165
1262166
1262167
1262168
1262169
1262170
1262171
1262172
1262173
1262174
1262175
1262176
1262177
1262178
1262179
1262180
1262181
1262182
1262183
1262184
1262185
1262186
1262187
1262188
1262189
1262190
1262191
1262192
1262193
1262194
1262195
1262196
1262223
1262224
1262225
1262226
1262227
1262228
1262229
1262230
1262231
1262232
1262233
1262234
1262235
1262236
1262237
1262238
1262239
1262240
1262241
1262242
1262243
1262244
1262245
1262246
1262247
1262248
1262301
1262302
1262303
1262304
1262305
1262306
1262307
1262308
1262309
1262310
1262311
1262312
1262313
1262314
1262315
1262316
1262317
1262318
1262319
1262320
1262321
1262322
1262323
1262324
1262325
1262326
1262327
1262328
1262329
1262330
1262331
1262332
1262333
1262334
1262335
1262336
1262337
1262338
1262339
1262340
1262341
1262342
1262343
1262344
1262345
1262346
1262347
1262348
1262349
1262350
1262351
1262352
1262379
1262380
1262381
1262382
1262383
1262384
1262385
1262386
1262387
1262388
1262389
1262390
1262391
1262392
1262393
1262394
1262395
1262396
1262397
1262398
1262399
1262400
1262401
1262402
1262403
1262404
1262457
1262458
1262459
1262460
1262461
1262462
1262463
1262464
1262465
1262466
1262467
1262468
1262469
1262470
1262471
1262472
1262473
1262474
1262475
1262476
1262477
1262478
1262479
1262480
1262481
1262482
1262483
1262484
1262485
1262486
1262487
1262488
1262489
1262490
1262491
1262492
1262493
1262494
1262495
1262496
1262497
1262498
1262499
1262500
1262501
1262502
1262503
1262504
1262505
1262506
1262507
1262508
1262535
1262536
1262537
1262538
1262539
1262540
1262541
1262542
1262543
1262544
1262545
1262546
1262547
1262548
1262549
1262550
1262551
1262552
1262553
1262554
1262555
1262556
1262557
1262558
1262559
1262560
1262587
1262588
1262589
1262590
1262591
1262592
1262593
1262594
1262595
1262596
1262597
1262598
1262599
1262600
1262601
1262602
1262603
1262604
1262605
1262606
1262607
1262608
1262609
1262610
1262611
1262612
1262639
1262640
1262641
1262642
1262643
1262644
1262645
1262646
1262647
1262648
1262649
1262650
1262651
1262652
1262653
1262654
1262655
1262656
1262657
1262658
1262659
1262660
1262661
1262662
1262663
1262664
1262717
1262718
1262719
1262720
1262721
1262722
1262723
1262724
1262725
1262726
1262727
1262728
1262729
1262730
1262731
1262732
1262733
1262734
1262735
1262736
1262737
1262738
1262739
1262740
1262741
1262742
1262743
1262744
1262745
1262746
1262747
1262748
1262749
1262750
1262751
1262752
1262753
1262754
1262755
1262756
1262757
1262758
1262759
1262760
1262761
1262762
1262763
1262764
1262765
1262766
1262767
1262768
1262795
1262796
1262797
1262798
1262799
1262800
1262801
1262802
1262803
1262804
1262805
1262806
1262807
1262808
1262809
1262810
1262811
1262812
1262813
1262814
1262815
1262816
1262817
1262818
1262819
1262820
1262873
1262874
1262875
1262876
1262877
1262878
1262879
1262880
1262881
1262882
1262883
1262884
1262885
1262886
1262887
1262888
1262889
1262890
1262891
1262892
1262893
1262894
1262895
1262896
1262897
1262898
1262925
1262926
1262927
1262928
1262929
1262930
1262931
1262932
1262933
1262934
1262935
1262936
1262937
1262938
1262939
1262940
1262941
1262942
1262943
1262944
1262945
1262946
1262947
1262948
1262949
1262950
1269454
1269457
1269472
1269498
