1262977
1262978
1262979
1262980
1262981
1262982
1262983
1262984
1262985
1262986
1262987
1262988
1262989
1262990
1262991
1262992
1262993
1262994
1262995
1262996
1262997
1262998
1262999
1263000
1263001
1263002
1263003
1263004
1263005
1263006
1263007
1263008
1263009
1263010
1263011
1263012
1263013
1263014
1263015
1263016
1263017
1263018
1263019
1263020
1263021
1263022
1263023
1263024
1263025
1263026
1263027
1263028
1263055
1263056
1263057
1263058
1263059
1263060
1263061
1263062
1263063
1263064
1263065
1263066
1263067
1263068
1263069
1263070
1263071
1263072
1263073
1263074
1263075
1263076
1263077
1263078
1263079
1263080
1263107
1263108
1263109
1263110
1263111
1263112
1263113
1263114
1263115
1263116
1263117
1263118
1263119
1263120
1263121
1263122
1263123
1263124
1263125
1263126
1263127
1263128
1263129
1263130
1263131
1263132
1263159
1263160
1263161
1263162
1263163
1263164
1263165
1263166
1263167
1263168
1263169
1263170
1263171
1263172
1263173
1263174
1263175
1263176
1263177
1263178
1263179
1263180
1263181
1263182
1263183
1263184
1263237
1263238
1263239
1263240
1263241
1263242
1263243
1263244
1263245
1263246
1263247
1263248
1263249
1263250
1263251
1263252
1263253
1263254
1263255
1263256
1263257
1263258
1263259
1263260
1263261
1263262
1263289
1263290
1263291
1263292
1263293
1263294
1263295
1263296
1263297
1263298
1263299
1263300
1263301
1263302
1263303
1263304
1263305
1263306
1263307
1263308
1263309
1263310
1263311
1263312
1263313
1263314
1263315
1263316
1263317
1263318
1263319
1263320
1263321
1263322
1263323
1263324
1263325
1263326
1263327
1263328
1263329
1263330
1263331
1263332
1263333
1263334
1263335
1263336
1263337
1263338
1263339
1263340
1263367
1263368
1263369
1263370
1263371
1263372
1263373
1263374
1263375
1263376
1263377
1263378
1263379
1263380
1263381
1263382
1263383
1263384
1263385
1263386
1263387
1263388
1263389
1263390
1263391
1263392
1263445
1263446
1263447
1263448
1263449
1263450
1263451
1263452
1263453
1263454
1263455
1263456
1263457
1263458
1263459
1263460
1263461
1263462
1263463
1263464
1263465
1263466
1263467
1263468
1263469
1263470
1263497
1263498
1263499
1263500
1263501
1263502
1263503
1263504
1263505
1263506
1263507
1263508
1263510
1263511
1263512
1263513
1263514
1263515
1263516
1263517
1263518
1263519
1263520
1263521
1263522
1263575
1263576
1263577
1263578
1263579
1263580
1263581
1263582
1263583
1263584
1263585
1263586
1263587
1263588
1263589
1263590
1263591
1263592
1263593
1263594
1263595
1263596
1263597
1263598
1263599
1263600
1263627
1263628
1263629
1263630
1263631
1263632
1263633
1263634
1263635
1263636
1263637
1263638
1263639
1263640
1263641
1263642
1263643
1263644
1263645
1263646
1263647
1263648
1263649
1263650
1263651
1263652
1263679
1263680
1263681
1263682
1263683
1263684
1263685
1263686
1263687
1263688
1263689
1263690
1263691
1263692
1263693
1263694
1263695
1263696
1263697
1263698
1263699
1263700
1263701
1263702
1263703
1263704
1263731
1263732
1263733
1263734
1263735
1263736
1263737
1263738
1263739
1263740
1263741
1263742
1263743
1263744
1263745
1263746
1263747
1263748
1263749
1263750
1263751
1263752
1263753
1263754
1263755
1263756
1263783
1263784
1263785
1263786
1263787
1263788
1263789
1263790
1263791
1263792
1263793
1263794
1263795
1263796
1263797
1263798
1263799
1263800
1263801
1263802
1263803
1263804
1263805
1263806
1263807
1263808
1263861
1263862
1263863
1263864
1263865
1263866
1263867
1263868
1263869
1263870
1263871
1263872
1263873
1263874
1263875
1263876
1263877
1263878
1263879
1263880
1263881
1263882
1263883
1263884
1263885
1263886
1263887
1263888
1263889
1263890
1263891
1263892
1263893
1263894
1263895
1263896
1263897
1263898
1263899
1263900
1263901
1263902
1263903
1263904
1263905
1263906
1263907
1263908
1263909
1263910
1263911
1263912
1263965
1263966
1263967
1263968
1263969
1263970
1263971
1263972
1263973
1263974
1263975
1263976
1263977
1263978
1263979
1263980
1263981
1263982
1263983
1263984
1263985
1263986
1263987
1263988
1263989
1263990
1263991
1263992
1263993
1263994
1263995
1263996
1263997
1263998
1263999
1264000
1264001
1264002
1264003
1264004
1264005
1264006
1264007
1264008
1264009
1264010
1264011
1264012
1264013
1264014
1264015
1264016
1264069
1264070
1264071
1264072
1264073
1264074
1264075
1264076
1264077
1264078
1264079
1264080
1264081
1264082
1264083
1264084
1264085
1264086
1264087
1264088
1264089
1264090
1264091
1264092
1264093
1264094
1264121
1264122
1264123
1264124
1264125
1264126
1264127
1264128
1264129
1264130
1264131
1264132
1264133
1264134
1264135
1264136
1264137
1264138
1264139
1264140
1264141
1264142
1264143
1264144
1264145
1264146
1264147
1264148
1264149
1264150
1264151
1264152
1264153
1264154
1264155
1264156
1264157
1264158
1264159
1264160
1264161
1264162
1264163
1264164
1264165
1264166
1264167
1264168
1264169
1264170
1264171
1264172
1264199
1264200
1264201
1264202
1264203
1264204
1264205
1264206
1264207
1264208
1264209
1264210
1264211
1264212
1264213
1264214
1264215
1264216
1264217
1264218
1264219
1264220
1264221
1264222
1264223
1264224
1264251
1264252
1264253
1264254
1264255
1264256
1264257
1264258
1264259
1264260
1264261
1264262
1264263
1264264
1264265
1264266
1264267
1264268
1264269
1264270
1264271
1264272
1264273
1264274
1264275
1264276
1264303
1264304
1264305
1264306
1264307
1264308
1264309
1264310
1264311
1264312
1264313
1264314
1264315
1264316
1264317
1264318
1264319
1264320
1264321
1264322
1264323
1264324
1264325
1264326
1264327
1264328
1264355
1264356
1264357
1264358
1264359
1264360
1264361
1264362
1264363
1264364
1264365
1264366
1264367
1264368
1264369
1264370
1264371
1264372
1264373
1264374
1264375
1264376
1264377
1264378
1264379
1264380
1264407
1264408
1264409
1264410
1264411
1264412
1264413
1264414
1264415
1264416
1264417
1264418
1264419
1264420
1264421
1264422
1264423
1264424
1264425
1264426
1264427
1264428
1264429
1264430
1264431
1264432
1264459
1264460
1264461
1264462
1264463
1264464
1264465
1264466
1264467
1264468
1264469
1264470
1264471
1264472
1264473
1264474
1264475
1264476
1264477
1264478
1264479
1264480
1264481
1264482
1264483
1264484
1264537
1264538
1264539
1264540
1264541
1264542
1264543
1264544
1264545
1264546
1264547
1264548
1264549
1264550
1264551
1264552
1264553
1264554
1264555
1264556
1264557
1264558
1264559
1264560
1264561
1264562
1264589
1264590
1264591
1264592
1264593
1264594
1264595
1264596
1264597
1264598
1264599
1264600
1264601
1264602
1264603
1264604
1264605
1264606
1264607
1264608
1264609
1264610
1264611
1264612
1264613
1264614
1264641
1264642
1264643
1264644
1264645
1264646
1264647
1264648
1264649
1264650
1264651
1264652
1264653
1264654
1264655
1264656
1264657
1264658
1264659
1264660
1264661
1264662
1264663
1264664
1264665
1264666
1264693
1264694
1264695
1264696
1264697
1264698
1264699
1264700
1264701
1264702
1264703
1264704
1264705
1264706
1264707
1264708
1264709
1264710
1264711
1264712
1264713
1264714
1264715
1264716
1264717
1264718
1264745
1264746
1264747
1264748
1264749
1264750
1264751
1264752
1264753
1264754
1264755
1264756
1264757
1264758
1264759
1264760
1264761
1264762
1264763
1264764
1264765
1264766
1264767
1264768
1264769
1264770
1264771
1264772
1264773
1264774
1264775
1264776
1264777
1264778
1264779
1264780
1264781
1264782
1264783
1264784
1264785
1264786
1264787
1264788
1264789
1264790
1264791
1264792
1264793
1264794
1264795
1264796
1264823
1264824
1264825
1264826
1264827
1264828
1264829
1264830
1264831
1264832
1264833
1264834
1264835
1264836
1264837
1264838
1264839
1264840
1264841
1264842
1264843
1264844
1264845
1264846
1264847
1264848
1264901
1264902
1264903
1264904
1264905
1264906
1264907
1264908
1264909
1264910
1264911
1264912
1264913
1264914
1264915
1264916
1264917
1264918
1264919
1264920
1264921
1264922
1264923
1264924
1264925
1264926
1264953
1264954
1264955
1264956
1264957
1264958
1264959
1264960
1264961
1264962
1264963
1264964
1264965
1264966
1264967
1264968
1264969
1264970
1264971
1264972
1264973
1264974
1264975
1264976
1264977
1264978
1265005
1265006
1265007
1265008
1265009
1265010
1265011
1265012
1265013
1265014
1265015
1265016
1265017
1265018
1265019
1265020
1265021
1265022
1265023
1265024
1265025
1265026
1265027
1265028
1265029
1265030
1265031
1265032
1265033
1265034
1265035
1265036
1265037
1265038
1265039
1265040
1265041
1265042
1265043
1265044
1265045
1265046
1265047
1265048
1265049
1265050
1265051
1265052
1265053
1265054
1265055
1265056
1265109
1265110
1265111
1265112
1265113
1265114
1265115
1265116
1265117
1265118
1265119
1265120
1265121
1265122
1265123
1265124
1265125
1265126
1265127
1265128
1265129
1265130
1265131
1265132
1265133
1265134
1265161
1265162
1265163
1265164
1265165
1265166
1265167
1265168
1265169
1265170
1265171
1265172
1265173
1265174
1265175
1265176
1265177
1265178
1265179
1265180
1265181
1265182
1265183
1265184
1265185
1265186
1265213
1265214
1265215
1265216
1265217
1265218
1265219
1265220
1265221
1265222
1265223
1265224
1265225
1265226
1265227
1265228
1265229
1265230
1265231
1265232
1265233
1265234
1265235
1265236
1265237
1265238
1265239
1265240
1265241
1265242
1265243
1265244
1265245
1265246
1265247
1265248
1265249
1265250
1265251
1265252
1265253
1265254
1265255
1265256
1265257
1265258
1265259
1265260
1265261
1265262
1265263
1265264
1265317
1265318
1265319
1265320
1265321
1265322
1265323
1265324
1265325
1265326
1265327
1265328
1265329
1265330
1265331
1265332
1265333
1265334
1265335
1265336
1265337
1265338
1265339
1265340
1265341
1265342
1265343
1265344
1265345
1265346
1265347
1265348
1265349
1265350
1265351
1265352
1265353
1265354
1265355
1265356
1265357
1265358
1265359
1265360
1265361
1265362
1265363
1265364
1265365
1265366
1265367
1265368
1265395
1265396
1265397
1265398
1265399
1265400
1265401
1265402
1265403
1265404
1265405
1265406
1265407
1265408
1265409
1265410
1265412
1265413
1265414
1265415
1265416
1265417
1265418
1265419
1265420
1265473
1265474
1265475
1265476
1265477
1265478
1265479
1265480
1265481
1265482
1265483
1265484
1265485
1265486
1265487
1265488
1265489
1265490
1265491
1265492
1265493
1265494
1265495
1265496
1265497
1265498
1265499
1265500
1265501
1265502
1265503
1265504
1265505
1265506
1265507
1265508
1265509
1265510
1265511
1265512
1265513
1265514
1265515
1265516
1265517
1265518
1265519
1265520
1265521
1265522
1265523
1265524
1265551
1265552
1265553
1265554
1265555
1265556
1265557
1265558
1265559
1265560
1265561
1265562
1265563
1265564
1265565
1265566
1265567
1265568
1265569
1265570
1265571
1265572
1265573
1265574
1265575
1265576
1265603
1265604
1265605
1265606
1265607
1265608
1265609
1265610
1265611
1265612
1265613
1265614
1265615
1265616
1265617
1265618
1265619
1265620
1265621
1265622
1265623
1265624
1265625
1265626
1265627
1265628
1265681
1265682
1265683
1265684
1265685
1265686
1265687
1265688
1265689
1265690
1265691
1265692
1265693
1265694
1265695
1265696
1265697
1265698
1265699
1265700
1265701
1265702
1265703
1265704
1265705
1265706
1265707
1265708
1265709
1265710
1265711
1265712
1265713
1265714
1265715
1265716
1265717
1265718
1265719
1265720
1265721
1265722
1265723
1265724
1265725
1265726
1265727
1265728
1265729
1265730
1265731
1265732
1265759
1265760
1265761
1265762
1265763
1265764
1265765
1265766
1265767
1265768
1265769
1265770
1265771
1265772
1265773
1265774
1265775
1265776
1265777
1265778
1265779
1265780
1265781
1265782
1265783
1265784
1265811
1265812
1265813
1265814
1265815
1265816
1265817
1265818
1265819
1265820
1265821
1265822
1265823
1265824
1265825
1265826
1265827
1265828
1265829
1265830
1265831
1265832
1265833
1265834
1265835
1265836
1265889
1265890
1265891
1265892
1265893
1265894
1265895
1265896
1265897
1265898
1265899
1265900
1265901
1265902
1265903
1265904
1265905
1265906
1265907
1265908
1265909
1265910
1265911
1265912
1265913
1265914
1265915
1265916
1265917
1265918
1265919
1265920
1265921
1265922
1265923
1265924
1265925
1265926
1265927
1265928
1265929
1265930
1265931
1265932
