1265933
1265934
1265935
1265936
1265937
1265938
1265939
1265940
1265967
1265968
1265969
1265970
1265971
1265972
1265973
1265974
1265975
1265976
1265977
1265978
1265979
1265980
1265981
1265982
1265983
1265984
1265985
1265986
1265987
1265988
1265989
1265990
1265991
1265992
1266019
1266020
1266021
1266022
1266023
1266024
1266025
1266026
1266027
1266028
1266029
1266030
1266031
1266032
1266033
1266034
1266035
1266036
1266037
1266038
1266039
1266040
1266041
1266042
1266043
1266044
1266071
1266072
1266073
1266074
1266075
1266076
1266077
1266078
1266079
1266080
1266081
1266082
1266083
1266084
1266085
1266086
1266087
1266088
1266089
1266090
1266091
1266092
1266093
1266094
1266095
1266096
1266123
1266124
1266125
1266126
1266127
1266128
1266129
1266130
1266131
1266132
1266133
1266134
1266135
1266136
1266137
1266138
1266139
1266140
1266141
1266142
1266143
1266144
1266145
1266146
1266147
1266148
1266175
1266176
1266177
1266178
1266179
1266180
1266181
1266182
1266183
1266184
1266185
1266186
1266187
1266188
1266189
1266190
1266191
1266192
1266193
1266194
1266195
1266196
1266197
1266198
1266199
1266200
1266227
1266228
1266229
1266230
1266231
1266232
1266233
1266234
1266235
1266236
1266237
1266238
1266239
1266240
1266241
1266242
1266243
1266244
1266245
1266246
1266247
1266248
1266249
1266250
1266251
1266252
1266279
1266280
1266281
1266282
1266283
1266284
1266285
1266286
1266287
1266288
1266289
1266290
1266291
1266292
1266293
1266294
1266295
1266296
1266297
1266298
1266299
1266300
1266301
1266302
1266303
1266304
1266357
1266358
1266359
1266360
1266361
1266362
1266363
1266364
1266365
1266366
1266367
1266368
1266369
1266370
1266371
1266372
1266373
1266374
1266375
1266376
1266377
1266378
1266379
1266380
1266382
1266409
1266410
1266411
1266412
1266413
1266414
1266415
1266416
1266417
1266418
1266419
1266420
1266421
1266422
1266423
1266424
1266425
1266426
1266427
1266428
1266429
1266430
1266431
1266432
1266433
1266434
1266435
1266436
1266437
1266438
1266439
1266440
1266441
1266442
1266443
1266444
1266445
1266446
1266447
1266448
1266449
1266450
1266451
1266452
1266453
1266454
1266455
1266456
1266457
1266458
1266459
1266460
1266487
1266488
1266489
1266490
1266491
1266492
1266493
1266494
1266495
1266496
1266497
1266498
1266499
1266500
1266501
1266502
1266503
1266504
1266505
1266506
1266507
1266508
1266509
1266510
1266511
1266512
1266565
1266566
1266567
1266568
1266569
1266570
1266571
1266572
1266573
1266574
1266575
1266576
1266577
1266578
1266579
1266580
1266581
1266582
1266583
1266584
1266585
1266586
1266587
1266588
1266589
1266590
1266591
1266592
1266593
1266594
1266595
1266596
1266597
1266598
1266599
1266600
1266601
1266602
1266603
1266604
1266605
1266606
1266608
1266609
1266610
1266611
1266612
1266613
1266614
1266615
1266616
1266643
1266644
1266645
1266646
1266647
1266648
1266649
1266650
1266651
1266652
1266653
1266654
1266655
1266656
1266657
1266658
1266659
1266660
1266661
1266662
1266663
1266664
1266665
1266666
1266667
1266668
1266721
1266722
1266723
1266724
1266725
1266726
1266727
1266728
1266729
1266730
1266731
1266732
1266733
1266734
1266735
1266736
1266737
1266738
1266739
1266740
1266741
1266742
1266743
