1266744
1266745
1266746
1266773
1266774
1266775
1266776
1266777
1266778
1266779
1266780
1266781
1266782
1266783
1266784
1266785
1266786
1266787
1266788
1266789
1266790
1266791
1266792
1266793
1266794
1266795
1266796
1266797
1266798
1266825
1266826
1266827
1266828
1266829
1266830
1266831
1266832
1266833
1266834
1266835
1266836
1266837
1266838
1266839
1266840
1266841
1266842
1266843
1266844
1266845
1266846
1266847
1266848
1266849
1266850
1266851
1266852
1266853
1266854
1266855
1266856
1266857
1266858
1266859
1266860
1266861
1266862
1266863
1266864
1266865
1266866
1266867
1266868
1266869
1266870
1266871
1266872
1266873
1266874
1266875
1266876
1266903
1266904
1266905
1266906
1266907
1266908
1266909
1266910
1266911
1266912
1266913
1266914
1266915
1266916
1266917
1266918
1266919
1266920
1266921
1266922
1266923
1266924
1266925
1266926
1266927
1266928
1266929
1266930
1266931
1266932
1266933
1266934
1266935
1266936
1266937
1266938
1266939
1266940
1266941
1266942
1266943
1266944
1266945
1266946
1266947
1266948
1266949
1266950
1266951
1266952
1266953
1266954
1267007
1267008
1267009
1267010
1267011
1267012
1267013
1267014
1267015
1267016
1267017
1267018
1267019
1267020
1267021
1267022
1267023
1267024
1267025
1267026
1267027
1267028
1267029
1267030
1267031
1267032
1267033
1267034
1267035
1267036
1267037
1267038
1267039
1267040
1267041
1267042
1267043
1267044
1267045
1267046
1267047
1267048
1267049
1267050
1267051
1267052
1267053
1267054
1267055
1267056
1267057
1267058
1267111
1267112
1267113
1267114
1267115
1267116
1267117
1267118
1267119
1267120
1267121
1267122
1267123
1267124
1267125
1267126
1267127
1267128
1267129
1267130
1267131
1267132
1267133
1267134
1267135
1267136
1267163
1267164
1267165
1267166
1267167
1267168
1267169
1267170
1267171
1267172
1267173
1267174
1267175
1267176
1267177
1267178
1267179
1267180
1267181
1267182
1267183
1267184
1267185
1267186
1267187
1267188
1267189
1267190
1267191
1267192
1267193
1267194
1267195
1267196
1267197
1267198
1267199
1267200
1267201
1267202
1267203
1267204
1267205
1267206
1267207
1267208
1267209
1267210
1267211
1267212
1267213
1267214
1267267
1267268
1267269
1267270
1267271
1267272
1267273
1267274
1267275
1267276
1267277
1267278
1267279
1267280
1267281
1267282
1267283
1267284
1267285
1267286
1267287
1267288
1267289
1267290
1267291
1267292
1267319
1267320
1267321
1267322
1267323
1267324
1267325
1267326
1267327
1267328
1267329
1267330
1267331
1267332
1267333
1267334
1267335
1267336
1267337
1267338
1267339
1267340
1267341
1267342
1267343
1267344
1267345
1267346
1267347
1267348
1267349
1267350
1267351
1267352
1267353
1267354
1267355
1267356
1267357
1267358
1267359
1267360
1267361
1267362
1267363
1267364
1267365
1267366
1267367
1267368
1267369
1267370
1267397
1267398
1267399
1267400
1267401
1267402
1267403
1267404
1267405
1267406
1267407
1267408
1267409
1267410
1267411
1267412
1267413
1267414
1267415
1267416
1267417
1267418
1267419
1267420
1267421
1267422
1267449
1267450
1267451
1267452
1267453
1267454
1267455
1267456
1267457
1267458
1267459
1267460
1267461
1267462
1267463
1267464
1267465
1267466
1267467
1267468
1267469
1267470
1267471
1267472
1267473
1267474
1267527
1267528
1267529
1267530
1267531
1267532
1267533
1267534
1267535
1267536
1267537
1267538
1267539
1267540
1267541
1267542
1267543
1267544
1267545
1267546
1267547
1267548
1267549
1267550
1267551
1267552
1267553
1267554
1267555
1267556
1267557
1267558
1267559
1267560
1267561
1267562
1267563
1267564
1267565
1267566
1267567
1267568
1267569
1267570
1267571
1267572
1267573
1267574
1267575
1267576
1267577
1267578
1267605
1267606
1267607
1267608
1267609
1267610
1267611
1267612
1267613
1267614
1267615
1267616
1267617
1267618
1267619
1267620
1267621
1267622
1267623
1267624
1267625
1267626
1267627
1267628
1267629
1267630
1267657
1267658
1267659
1267660
1267661
1267662
1267663
1267664
1267665
1267666
1267667
1267668
1267669
1267670
1267671
1267672
1267673
1267674
1267675
1267676
1267677
1267678
1267679
1267680
1267681
1267682
1267709
1267710
1267711
1267712
1267713
1267714
1267715
1267716
1267717
1267718
1267719
1267720
1267721
1267722
1267723
1267724
1267725
1267726
1267727
1267728
1267729
1267730
1267731
1267732
1267733
1267734
1267761
1267762
1267763
1267764
1267765
1267766
1267767
1267768
1267769
1267770
1267771
1267772
1267773
1267774
1267775
1267776
1267777
1267778
1267779
1267780
1267781
1267782
1267783
1267784
1267785
1267786
1267813
1267814
1267815
1267816
1267817
1267818
1267819
1267820
1267821
1267822
1267823
1267824
1267825
1267826
1267827
1267828
1267829
1267830
1267831
1267832
1267833
1267834
1267835
1267836
1267837
1267838
1267891
1267892
1267893
1267894
1267895
1267896
1267897
1267898
1267899
1267900
1267901
1267902
1267903
1267904
1267905
1267906
1267907
1267908
1267909
1267910
1267911
1267912
1267913
1267914
1267915
1267916
1267917
1267918
1267919
1267920
1267921
1267922
1267923
1267924
1267925
1267926
1267927
1267928
1267929
1267930
1267931
1267932
1267933
1267934
1267935
1267936
1267937
1267938
1267939
1267940
1267941
1267942
1267969
1267970
1267971
1267972
1267973
1267974
1267975
1267976
1267977
1267978
1267979
1267980
1267981
1267982
1267983
1267984
1267985
1267986
1267987
1267988
1267989
1267990
1267991
1267992
1267993
1267994
1268021
1268022
1268023
1268024
1268025
1268026
1268027
1268028
1268029
1268030
1268031
1268032
1268033
1268034
1268035
1268036
1268037
1268038
1268039
1268040
1268041
1268042
1268043
1268044
1268045
1268046
1268073
1268074
1268075
1268076
1268077
1268078
1268079
1268080
1268081
1268082
1268083
1268084
1268085
1268086
1268087
1268088
1268089
1268090
1268091
1268092
1268093
1268094
1268095
1268096
1268097
1268098
