1260073
1268151
1268152
1268153
1268154
1268155
1268156
1268157
1268158
1268159
1268160
1268161
1268162
1268163
1268164
1268165
1268166
1268167
1268168
1268169
1268170
1268171
1268172
1268173
1268174
1268175
1268176
1268177
1268178
1268179
1268180
1268181
1268182
1268183
1268184
1268185
1268186
1268187
1268188
1268189
1268190
1268191
1268192
1268193
1268194
1268195
1268196
1268197
1268198
1268199
1268200
1268201
1268202
1268255
1268256
1268257
1268258
1268259
1268260
1268261
1268262
1268263
1268264
1268265
1268266
1268267
1268268
1268269
1268270
1268271
1268272
1268273
1268274
1268275
1268276
1268277
1268278
1268279
1268280
1268307
1268308
1268309
1268310
1268311
1268312
1268313
1268314
1268315
1268316
1268317
1268318
1268319
1268320
1268321
1268322
1268323
1268324
1268325
1268326
1268327
1268328
1268329
1268330
1268331
1268332
1268333
1268334
1268335
1268336
1268337
1268338
1268339
1268340
1268341
1268342
1268343
1268344
1268345
1268346
1268347
1268348
1268349
1268350
1268351
1268352
1268353
1268354
1268355
1268356
1268357
1268358
1268411
1268412
1268413
1268414
1268415
1268416
1268417
1268418
1268419
1268420
1268421
1268422
1268423
1268424
1268425
1268426
1268427
1268428
1268429
1268430
1268431
1268432
1268433
1268434
1268435
1268436
1268463
1268464
1268465
1268466
1268467
1268468
1268469
1268470
1268471
1268472
1268473
1268474
1268475
1268476
1268477
1268478
1268479
1268480
1268481
1268482
1268483
1268484
1268485
1268486
1268487
1268488
1268515
1268516
1268517
1268518
1268519
1268520
1268521
1268522
1268523
1268524
1268525
1268526
1268527
1268528
1268529
1268530
1268531
1268532
1268533
1268534
1268535
1268536
1268537
1268538
1268539
1268540
1268541
1268542
1268543
1268544
1268545
1268546
1268547
1268548
1268549
1268550
1268551
1268552
1268553
1268554
1268555
1268556
1268557
1268558
1268559
1268560
1268561
1268562
1268563
1268564
1268565
1268566
1268593
1268594
1268595
1268596
1268597
1268598
1268599
1268600
1268601
1268602
1268603
1268604
1268605
1268606
1268607
1268608
1268609
1268610
1268611
1268612
1268613
1268614
1268615
1268616
1268617
1268618
1268645
1268646
1268647
1268648
1268649
1268650
1268651
1268652
1268653
1268654
1268655
1268656
1268657
1268658
1268659
1268660
1268661
1268662
1268663
1268664
1268665
1268666
1268667
1268668
1268669
1268670
1268697
1268698
1268699
1268700
1268701
1268702
1268703
1268704
1268705
1268706
1268707
1268708
1268709
1268710
1268711
1268712
1268713
1268714
1268715
1268716
1268717
1268718
1268719
1268720
1268721
1268722
1268749
1268750
1268751
1268752
1268753
1268754
1268755
1268756
1268757
1268758
1268759
1268760
1268761
1268762
1268763
1268764
1268765
1268766
1268767
1268768
1268769
1268770
1268771
1268772
1268773
1268774
1268801
1268802
1268803
1268804
1268805
1268806
1268807
1268808
1268809
1268810
1268811
1268812
1268813
1268814
1268815
1268816
1268817
1268818
1268819
1268820
1268821
1268822
1268823
1268824
1268825
1268826
1268853
1268854
1268855
1268856
1268857
1268858
1268859
1268860
1268861
1268862
1268863
1268864
1268865
1268866
1268867
1268868
1268869
1268870
1268871
1268872
1268873
1268874
1268875
1268876
1268877
1268878
1268931
1268932
1268933
1268934
1268935
1268936
1268937
1268938
1268939
1268940
1268941
1268942
1268943
1268944
1268945
1268946
1268947
1268948
1268949
1268950
1268951
1268952
1268953
1268954
1268955
1268956
1268957
1268958
1268959
1268960
1268961
1268962
1268963
1268964
1268965
1268966
1268967
1268968
1268969
1268970
1268971
1268972
1268973
1268974
1268975
1268976
1268977
1268978
1268979
1268980
1268981
1268982
1269035
1269036
1269037
1269038
1269039
1269040
1269041
1269042
1269043
1269044
1269045
1269046
1269047
1269048
1269049
1269050
1269051
1269052
1269053
1269054
1269055
1269056
1269057
1269058
1269059
1269060
1269087
1269088
1269089
1269090
1269091
1269092
1269093
1269094
1269095
1269096
1269097
1269098
1269099
1269100
1269101
1269102
1269103
1269104
1269105
1269106
1269107
1269108
1269109
1269110
1269111
1269112
1269113
1269114
1269115
1269116
1269117
1269118
1269119
1269120
1269121
1269122
1269123
1269124
1269125
1269126
1269127
1269128
1269129
1269130
1269131
1269132
1269133
1269134
1269135
1269136
1269137
1269138
1269165
1269166
1269167
1269168
1269169
1269170
1269171
1269172
1269173
1269174
1269175
1269176
1269177
1269178
1269179
1269180
1269181
1269182
1269183
1269184
1269185
1269186
1269187
1269188
1269189
1269190
1269243
1269244
1269245
1269246
1269247
1269248
1269249
1269250
1269251
1269252
1269253
1269254
1269255
1269256
1269257
1269258
1269259
1269260
1269261
1269262
1269263
1269264
1269265
1269266
1269267
1269268
1269269
1269270
1269271
1269272
1269273
1269274
1269275
1269276
1269277
1269278
1269279
1269280
1269281
1269282
1269283
1269284
1269285
1269286
1269287
1269288
1269289
1269290
1269291
1269292
1269293
1269294
1269347
1269348
1269349
1269350
1269351
1269352
1269353
1269354
1269355
1269356
1269357
1269358
1269359
1269360
1269361
1269362
1269363
1269364
1269365
1269366
1269367
1269368
1269369
1269370
1269371
1269372
1269399
1269400
1269401
1269402
1269403
1269404
1269405
1269406
1269407
1269408
1269409
1269410
1269411
1269412
1269413
1269414
1269415
1269416
1269417
1269418
1269419
1269420
1269421
1269422
1269423
1269424
1269451
1269452
1269453
1269455
1269456
1269458
1269459
1269460
1269461
1269462
1269463
1269464
1269465
1269466
1269467
1269468
1269469
1269470
1269471
1269473
1269474
1269475
1269476
1269477
1269478
1269479
1269480
1269481
1269482
1269483
1269484
1269485
1269486
1269487
1269488
1269489
1269490
1269491
1269492
1269493
1269494
1269495
1269496
1269497
1269499
1269500
1269501
1269502
1269529
1269530
1269531
1269532
1269533
1269534
1269535
1269536
1269537
1269538
1269539
1269540
1269541
1269542
1269543
1269544
1269545
1269546
1269547
1269548
1269549
1269550
1269551
1269552
1269553
1269554
1269607
1269608
1269609
1269610
1269611
1269612
1269613
1269614
1269615
1269616
1269617
1269618
1269619
1269620
1269621
1269622
1269623
1269624
1269625
1269626
1269627
1269628
1269629
1269630
1269631
1269632
1269659
1269660
1269661
1269662
1269663
1269664
1269665
1269666
1269667
1269668
1269669
1269670
1269671
1269672
1269673
1269674
1269675
1269676
1269677
1269678
1269679
1269680
1269681
1269682
1269683
1269684
1269685
1269686
1269687
1269688
1269689
1269690
1269691
1269692
1269693
1269694
1269695
1269696
1269697
1269698
1269699
1269700
1269701
1269702
1269703
1269704
1269705
1269706
1269707
1269708
1269709
1269710
