1269763
1269764
1269765
1269766
1269767
1269768
1269769
1269770
1269771
1269772
1269773
1269774
1269775
1269776
1269777
1269778
1269779
1269780
1269781
1269782
1269783
1269784
1269785
1269786
1269787
1269788
1269815
1269816
1269817
1269818
1269819
1269820
1269821
1269822
1269823
1269824
1269825
1269826
1269827
1269828
1269829
1269830
1269831
1269832
1269833
1269834
1269835
1269836
1269837
1269838
1269839
1269840
1269841
1269842
1269843
1269844
1269845
1269846
1269847
1269848
1269849
1269850
1269851
1269852
1269853
1269854
1269855
1269856
1269857
1269858
1269859
1269860
1269861
1269862
1269863
1269864
1269865
1269866
1269893
1269894
1269895
1269896
1269897
1269898
1269899
1269900
1269901
1269902
1269903
1269904
1269905
1269906
1269907
1269908
1269909
1269910
1269911
1269912
1269913
1269914
1269915
1269916
1269917
1269918
1269945
1269946
1269947
1269948
1269949
1269950
1269951
1269952
1269953
1269954
1269955
1269956
1269957
1269958
1269959
1269960
1269961
1269962
1269963
1269964
1269965
1269966
1269967
1269968
1269969
1269970
1270023
1270024
1270025
1270026
1270027
1270028
1270029
1270030
1270031
1270032
1270033
1270034
1270035
1270036
1270037
1270038
1270039
1270040
1270041
1270042
1270043
1270044
1270045
1270046
1270047
1270048
1270049
1270050
1270051
1270052
1270053
1270054
1270055
1270056
1270057
1270058
1270059
1270060
1270061
1270062
1270063
1270064
1270065
1270066
1270067
1270068
1270069
1270070
1270071
1270072
1270073
1270074
1270127
1270128
1270129
1270130
1270131
1270132
1270133
1270134
1270135
1270136
1270137
1270138
1270139
1270140
1270141
1270142
1270143
1270144
1270145
1270146
1270147
1270148
1270149
1270150
1270151
1270152
1270179
1270180
1270181
1270182
1270183
1270184
1270185
1270186
1270187
1270188
1270189
1270190
1270191
1270192
1270193
1270194
1270195
1270196
1270197
1270198
1270199
1270200
1270201
1270202
1270203
1270204
1270205
1270206
1270207
1270208
1270209
1270210
1270211
1270212
1270213
1270214
1270215
1270216
1270217
1270218
1270219
1270220
1270221
1270222
1270223
1270224
1270225
1270226
1270227
1270228
1270229
1270230
1270283
1270284
1270285
1270286
1270287
1270288
1270289
1270290
1270291
1270292
1270293
1270294
1270295
1270296
1270297
1270298
1270299
1270300
1270301
1270302
1270303
1270304
1270305
1270306
1270307
1270308
1270309
1270310
1270311
1270312
1270313
1270314
1270315
1270316
1270317
1270318
1270319
1270320
1270321
1270322
1270323
1270324
1270325
1270326
1270327
1270328
1270329
1270330
1270331
1270332
1270333
1270334
1270387
1270388
1270389
1270390
1270391
1270392
1270393
1270394
1270395
1270396
1270397
1270398
1270399
1270400
1270401
1270402
1270403
1270404
1270405
1270406
1270407
1270408
1270409
1270410
1270411
1270412
1270413
1270414
1270415
1270416
1270417
1270418
1270419
1270420
1270421
1270422
1270423
1270424
1270425
1270426
1270427
1270428
1270429
1270430
1270431
1270432
1270433
1270434
1270435
1270436
1270437
1270438
1270491
1270492
1270493
1270494
1270495
1270496
1270497
1270498
1270499
1270500
1270501
1270502
1270503
1270504
1270505
1270506
1270507
1270508
1270509
1270510
1270511
1270512
1270513
1270514
1270515
1270516
1270517
1270518
1270519
1270520
1270521
1270522
1270523
1270524
1270525
1270526
1270527
1270528
1270529
1270530
1270531
1270532
1270533
1270534
1270535
1270536
1270537
1270538
1270539
1270540
1270541
1270542
1270595
1270596
1270597
1270598
1270599
1270600
1270601
1270602
1270603
1270604
1270605
1270606
1270607
1270608
1270609
1270610
1270611
1270612
1270613
1270614
1270615
1270616
1270617
1270618
1270619
1270620
1270621
1270622
1270623
1270624
1270625
1270626
1270627
1270628
1270629
1270630
1270631
1270632
1270633
1270634
1270635
1270636
1270637
1270638
1270639
1270640
1270641
1270642
1270643
1270644
1270645
1270646
1270699
1270700
1270701
1270702
1270703
1270704
1270705
1270706
1270707
1270708
1270709
1270710
1270711
1270712
1270713
1270714
1270715
1270716
1270717
1270718
1270719
1270720
1270721
1270722
1270723
1270724
1270751
1270752
1270753
1270754
1270755
1270756
1270757
1270758
1270759
1270760
1270761
1270762
1270763
1270764
1270765
1270766
1270767
1270768
1270769
1270770
1270771
1270772
1270773
1270774
1270775
1270776
1270803
1270804
1270805
1270806
1270807
1270808
1270809
1270810
1270811
1270812
1270813
1270814
1270815
1270816
1270817
1270818
1270819
1270820
1270821
1270822
1270823
1270824
1270825
1270826
1270827
1270828
1270855
1270856
1270857
1270858
1270859
1270860
1270861
1270862
1270863
1270864
1270865
1270866
1270867
1270868
1270869
1270870
1270871
1270872
1270873
1270874
1270875
1270876
1270877
1270878
1270879
1270880
1270907
1270908
1270909
1270910
1270911
1270912
1270913
1270914
1270915
1270916
1270917
1270918
1270919
1270920
1270921
1270922
1270923
1270924
1270925
1270926
1270927
1270928
1270929
1270930
1270931
1270932
1270959
1270960
1270961
1270962
1270963
1270964
1270965
1270966
1270967
1270968
1270969
1270970
1270971
1270972
1270973
1270974
1270975
1270976
1270977
1270978
1270979
1270980
1270981
1270982
1270984
1271011
1271012
1271013
1271014
1271015
1271016
1271017
1271018
1271019
1271020
1271021
1271022
1271023
1271024
1271025
1271026
1271027
1271028
1271029
1271030
1271031
1271032
1271033
1271034
1271035
1271036
1271063
1271064
1271065
1271066
1271067
1271068
1271069
1271070
1271071
1271072
1271073
1271074
1271075
1271076
1271077
1271078
1271079
1271080
1271081
1271082
1271083
1271084
1271085
1271086
1271087
1271088
1271115
1271116
1271117
1271118
1271119
1271120
1271121
1271122
1271123
1271124
1271125
1271126
1271127
1271128
1271129
1271130
1271131
1271132
1271133
1271134
1271135
1271136
1271137
1271138
1271139
1271140
1271167
1271168
1271169
1271170
1271171
1271172
1271173
1271174
1271175
1271176
1271177
1271178
1271179
1271180
1271181
1271182
1271183
1271184
1271185
1271186
1271187
1271188
1271189
1271190
1271191
1271192
1271219
1271220
1271221
1271222
1271223
1271224
1271225
1271226
1271227
1271228
1271229
1271230
1271231
1271232
1271233
1271234
1271235
1271236
1271237
1271238
1271239
1271240
1271241
1271242
1271243
1271244
1271271
1271272
1271273
1271274
1271275
1271276
1271277
1271278
1271279
1271280
1271281
1271282
1271283
1271284
1271285
1271286
1271287
1271288
1271289
1271290
1271291
1271292
1271293
1271294
1271295
1271296
1271323
1271324
1271325
1271326
1271327
1271328
1271329
1271330
1271331
1271332
1271333
1271334
1271335
1271336
1271337
1271338
1271339
1271340
1271341
1271342
1271343
1271344
1271345
1271346
1271347
1271348
1271349
1271350
1271351
1271352
1271353
1271354
1271355
1271356
1271357
1271358
1271359
1271360
1271361
1271362
1271363
1271364
1271365
1271366
1271367
1271368
1271369
1271370
1271371
1271372
1271373
1271374
1271401
1271402
1271403
1271404
1271405
1271406
1271407
1271408
1271409
1271410
1271411
1271412
1271413
1271414
1271415
1271416
1271417
1271418
1271419
1271420
1271421
1271422
1271423
1271424
1271425
1271426
1271453
1271454
1271455
1271456
1271457
1271458
1271459
1271460
1271461
1271462
1271463
1271464
1271465
1271466
1271467
1271468
1271469
1271470
1271471
1271472
1271473
1271474
1271475
1271476
1271477
1271478
1271505
1271506
1271507
1271508
1271509
1271510
1271511
1271512
1271513
1271514
1271515
1271516
1271517
1271518
1271519
1271520
1271521
1271522
1271523
1271524
1271525
1271526
1271527
1271528
1271529
1271530
1271557
1271558
1271559
1271560
1271561
1271562
1271563
1271564
1271565
1271566
1271567
1271568
1271569
1271570
1271571
1271572
1271573
1271574
1271575
1271576
1271577
1271578
1271579
1271580
1271581
1271582
1271635
1271636
1271637
1271638
1271639
1271640
1271641
1271642
1271643
1271644
1271645
1271646
1271647
1271648
1271649
1271650
1271651
1271652
1271653
1271654
1271655
1271656
1271657
1271658
1271659
1271660
1271687
1271688
1271689
1271690
1271691
1271692
1271693
1271694
1271695
1271696
1271697
1271698
1271699
1271700
1271701
1271702
1271703
1271704
1271705
1271706
1271707
1271708
1271709
1271710
1271711
1271712
1271739
1271740
1271741
1271742
1271743
1271744
1271745
1271746
1271747
1271748
1271749
1271750
1271751
1271752
1271753
1271754
1271755
1271756
1271757
1271758
1271759
1271760
1271761
1271762
1271763
1271764
1271765
1271766
1271767
1271768
1271769
1271770
1271771
1271772
1271773
1271774
1271775
1271776
1271777
1271778
1271779
1271780
1271781
1271782
1271783
1271784
1271785
1271786
1271787
1271788
1271789
1271790
1271921
1271922
1271923
1271924
1271925
1271926
1271927
1271928
1271929
1271930
1271931
1271932
1271933
1271934
1271935
1271936
1271937
1271938
1271939
1271940
1271941
1271942
1271943
1271944
1271945
1271946
1271973
1271974
1271975
1271976
1271977
1271978
1271979
1271980
1271981
1271982
1271983
1271984
1271985
1271986
1271987
1271988
1271989
1271990
1271991
1271992
1271993
1271994
1271995
1271996
1271997
1271998
1272025
1272026
1272027
1272028
1272029
1272030
1272031
1272032
1272033
1272034
1272035
1272036
1272037
1272038
1272039
1272040
1272041
1272042
1272043
1272044
1272045
1272046
1272047
1272048
1272049
1272050
1272077
1272078
1272079
1272080
1272081
1272082
1272083
1272084
1272085
1272086
1272087
1272088
1272089
1272090
1272091
1272092
1272093
1272094
1272095
1272096
1272097
1272098
1272099
1272100
1272101
1272102
1272129
1272130
1272131
1272132
1272133
1272134
1272135
1272136
1272137
1272138
1272139
1272140
1272141
1272142
1272143
1272144
1272145
1272146
1272147
1272148
1272149
1272150
1272151
1272152
1272153
1272154
1272155
1272156
1272157
1272158
1272159
1272160
1272161
1272162
1272163
1272164
1272165
1272166
1272167
1272168
1272169
1272170
1272171
1272172
1272173
1272174
1272175
1272176
1272177
1272178
1272179
1272180
1272259
1272260
1272261
1272262
1272263
1272264
1272265
1272266
1272267
1272268
1272269
1272270
1272271
1272272
1272273
1272274
1272275
1272276
1272277
1272278
1272279
1272280
1272281
1272282
1272283
1272284
1272285
1272286
1272287
1272288
1272289
1272290
1272291
1272292
1272293
1272294
1272295
1272296
1272297
1272298
1272299
1272300
1272301
1272302
1272303
1272304
1272305
1272306
1272307
1272308
1272309
1272310
1272389
1272390
1272391
1272392
1272393
1272394
1272395
1272396
1272397
1272398
1272399
1272400
1272401
1272402
1272403
1272404
1272405
1272406
1272407
1272408
1272409
1272410
1272411
1272412
1272413
1272414
1272415
1272416
1272417
1272418
1272419
1272420
1272421
1272422
1272423
1272424
1272425
1272426
1272427
1272428
1272429
1272430
1272431
1272432
1272433
1272434
1272435
1272436
1272437
1272438
1272439
1272440
1272441
1272442
1272443
1272444
1272445
1272446
1272447
1272448
1272449
1272450
1272451
1272452
1272453
1272454
1272455
1272456
1272457
1272458
1272459
1272460
1272461
1272462
1272463
1272464
1272465
1272466
1272493
1272494
1272495
1272496
1272497
1272498
1272499
1272500
1272501
1272502
1272503
1272504
1272505
1272506
1272507
1272508
1272509
1272510
1272511
1272512
1272513
1272514
1272515
1272516
1272517
1272518
1272519
1272520
1272521
1272522
1272523
1272524
1272525
1272526
1272527
1272528
1272529
1272530
1272531
1272532
1272533
1272534
1272535
1272536
1272537
1272538
1272539
1272540
1272541
1272542
1272543
1272544
1272571
1272572
1272573
1272574
1272575
1272576
1272577
1272578
1272579
1272580
1272581
1272582
1272583
1272584
1272585
1272586
1272587
1272588
1272589
1272590
1272591
1272592
1272593
1272594
1272595
1272596
1272623
1272624
1272625
1272626
1272627
1272628
1272629
1272630
1272631
1272632
1272633
1272634
1272635
1272636
1272637
1272638
1272639
1272640
1272641
1272642
1272643
1272644
1272645
1272646
1272647
1272648
1272675
1272676
1272677
1272678
1272679
1272680
1272681
1272682
1272683
1272684
1272685
1272686
1272687
1272688
1272689
1272690
1272691
1272692
1272693
1272694
1272695
1272696
1272697
1272698
1272699
1272700
1272727
1272728
1272729
1272730
1272731
1272732
1272733
1272734
1272735
1272736
1272737
1272738
1272739
1272740
1272741
1272742
1272743
1272744
1272745
1272746
1272747
1272748
1272749
1272750
1272751
1272752
1272753
1272754
1272755
1272756
1272757
1272758
1272759
1272760
1272761
1272762
1272763
1272764
1272765
1272766
1272767
1272768
1272769
1272770
1272771
1272772
1272773
1272774
1272775
1272776
1272777
1272778
1272779
1272780
1272781
1272782
1272783
1272784
1272785
1272786
1272787
1272788
1272789
1272790
1272791
1272792
1272793
1272794
1272795
1272796
1272797
1272798
1272799
1272800
1272801
1272802
1272803
1272804
1272831
1272832
1272833
1272834
1272835
1272836
1272837
1272838
1272839
1272840
1272841
1272842
1272843
1272844
1272845
1272846
1272847
1272848
1272849
1272850
1272851
1272852
1272853
1272854
1272855
1272856
1272909
1272910
1272911
1272912
1272913
1272914
1272915
1272916
1272917
1272918
1272919
1272920
1272921
1272922
1272923
1272924
1272925
1272926
1272927
1272928
1272929
1272930
1272931
1272932
1272933
1272934
1272935
1272936
1272937
1272938
1272939
1272940
1272941
1272942
1272943
1272944
1272945
1272946
1272947
1272948
1272949
1272950
1272951
1272952
1272953
1272954
1272955
1272956
1272957
1272958
1272959
1272960
1272987
1272988
1272989
1272990
1272991
1272992
1272993
1272994
1272995
1272996
1272997
1272998
1272999
1273000
1273001
1273002
1273003
1273004
1273005
1273006
1273007
1273008
1273009
1273010
1273011
1273012
1273039
1273040
1273041
1273042
1273043
1273044
1273045
1273046
1273047
1273048
1273049
1273050
1273051
1273052
1273053
1273054
1273055
1273056
1273057
1273058
1273059
1273060
1273061
1273062
1273063
1273064
1273065
1273066
1273067
1273068
1273069
1273070
1273071
1273072
1273073
1273074
1273075
1273076
1273077
1273078
1273079
1273080
1273081
1273082
1273083
1273084
1273085
1273086
1273087
1273088
1273089
1273090
1273143
1273144
1273145
1273146
1273147
1273148
1273149
1273150
1273151
1273152
1273153
1273154
1273155
1273156
1273157
1273158
1273159
1273160
1273161
1273162
1273163
1273164
1273165
1273166
1273167
1273168
1273195
1273196
1273197
1273198
1273199
1273200
1273201
1273202
1273203
1273204
1273205
1273206
1273207
1273208
1273209
1273210
1273211
1273212
1273213
1273214
1273215
1273216
1273217
1273218
1273219
1273220
1273247
1273248
1273249
1273250
1273251
1273252
1273253
1273254
1273255
1273256
1273257
1273258
1273259
1273260
1273261
1273262
1273263
1273264
1273265
1273266
1273267
1273268
1273269
1273270
1273271
1273272
1273325
1273326
1273327
1273328
1273329
1273330
1273331
1273332
1273333
1273334
1273335
1273336
1273337
1273338
1273339
1273340
1273341
1273342
1273343
1273344
1273345
1273346
1273347
1273348
1273349
1273350
1273377
1273378
1273379
1273380
1273381
1273382
1273383
1273384
1273385
1273386
1273387
1273388
1273389
1273390
1273391
1273392
1273393
1273394
1273395
1273396
1273397
1273398
1273399
1273400
1273401
1273402
1273403
1273404
1273405
1273406
1273407
1273408
1273409
1273410
1273411
1273412
1273413
1273414
1273415
1273416
1273417
1273418
1273419
1273420
1273421
1273422
1273423
1273424
1273425
1273426
1273427
1273428
1273481
1273482
1273483
1273484
1273485
1273486
1273487
1273488
1273489
1273490
1273491
1273492
1273493
1273494
1273495
1273496
1273497
1273498
1273499
1273500
1273501
1273502
1273503
1273504
1273505
1273506
1273533
1273534
1273535
1273536
1273537
1273538
1273539
1273540
1273541
1273542
1273543
1273544
1273545
1273546
1273547
1273548
1273549
1273550
1273551
1273552
1273553
1273554
1273555
1273556
1273557
1273558
1273585
1273586
1273587
1273588
1273589
1273590
1273591
1273592
1273593
1273594
1273595
1273596
1273597
1273598
1273599
1273600
1273601
1273602
1273603
1273604
1273605
1273606
1273607
1273608
1273609
1273610
1273637
1273638
1273639
1273640
1273641
1273642
1273643
1273644
1273645
1273646
1273647
1273648
1273649
1273650
1273651
1273652
1273653
1273654
1273655
1273656
1273657
1273658
1273659
1273660
1273661
1273662
1273689
1273690
1273691
1273692
1273693
1273694
1273695
1273696
1273697
1273698
1273699
1273700
1273701
1273702
1273703
1273704
1273705
1273706
1273707
1273708
1273709
1273710
1273711
1273712
1273713
1273714
1273767
1273768
1273769
1273770
1273771
1273772
1273773
1273774
1273775
1273776
1273777
1273778
1273779
1273780
1273781
1273782
1273783
1273784
1273785
1273786
1273787
1273788
1273789
1273790
1273791
1273792
1273793
1273794
1273795
1273796
1273797
1273798
1273799
1273800
1273801
1273802
1273803
1273804
1273805
1273806
1273807
1273808
1273809
1273810
1273811
1273812
1273813
1273814
1273815
1273816
1273817
1273818
1273871
1273872
1273873
1273874
1273875
1273876
1273877
1273878
1273879
1273880
1273881
1273882
1273883
1273884
1273885
1273886
1273887
1273888
1273889
1273890
1273891
1273892
1273893
1273894
1273895
1273896
1273897
1273898
1273899
1273900
1273901
1273902
1273903
1273904
1273905
1273906
1273907
1273908
1273909
1273910
1273911
1273912
1273913
1273914
1273915
1273916
1273917
1273918
1273919
1273920
1273921
1273922
1273975
1273976
1273977
1273978
1273979
1273980
1273981
1273982
1273983
1273984
1273985
1273986
1273987
1273988
1273989
1273990
1273991
1273992
1273993
1273994
1273995
1273996
1273997
1273998
1273999
1274000
1274027
1274028
1274029
1274030
1274031
1274032
1274033
1274034
1274035
1274036
1274037
1274038
1274039
1274040
1274041
1274042
1274043
1274044
1274045
1274046
1274047
1274048
1274049
1274050
1274051
1274052
1274053
1274054
1274055
1274056
1274057
1274058
1274059
1274060
1274061
1274062
1274063
1274064
1274065
1274066
1274067
1274068
1274069
1274070
1274071
1274072
1274073
1274074
1274075
1274076
1274077
1274078
1274105
1274106
1274107
1274108
1274109
1274110
1274111
1274112
1274113
1274114
1274115
1274116
1274117
1274118
1274119
1274120
1274121
1274122
1274123
1274124
1274125
1274126
1274127
1274128
1274129
1274130
1274183
1274184
1274185
1274186
1274187
1274188
1274189
1274190
1274191
1274192
1274193
1274194
1274195
1274196
1274197
1274198
1274199
1274200
1274201
1274202
1274203
1274204
1274205
1274206
1274207
1274208
1274235
1274236
1274237
1274238
1274239
1274240
1274241
1274242
1274243
1274244
1274245
1274246
1274247
1274248
1274249
1274250
1274251
1274252
1274253
1274254
1274255
1274256
1274257
1274258
1274259
1274260
1274261
1274262
1274263
1274264
1274265
1274266
1274267
1274268
1274269
1274270
1274271
1274272
1274273
1274274
1274275
1274276
1274277
1274278
1274279
1274280
1274281
1274282
1274283
1274284
1274285
1274286
1274339
1274340
1274341
1274342
1274343
1274344
1274345
1274346
1274347
1274348
1274349
1274350
1274351
1274352
1274353
1274354
1274355
1274356
1274357
1274358
1274359
1274360
1274361
1274362
1274363
1274364
1274365
1274366
1274367
1274368
1274369
1274370
1274371
1274372
1274373
1274374
1274375
1274376
1274377
1274378
1274379
1274380
1274381
1274382
1274383
1274384
1274385
1274386
1274387
1274388
1274389
1274390
1274443
1274444
1274445
1274446
1274447
1274448
1274449
1274450
1274451
1274452
1274453
1274454
1274455
1274456
1274457
1274458
1274459
1274460
1274461
1274462
1274463
1274464
1274465
1274466
1274467
1274468
1274495
1274496
1274497
1274498
1274499
1274500
1274501
1274502
1274503
1274504
1274505
1274506
1274507
1274508
1274509
1274510
1274511
1274512
1274513
1274514
1274515
1274516
1274517
1274518
1274519
1274520
1274547
1274548
1274549
1274550
1274551
1274552
1274553
1274554
1274555
1274556
1274557
1274558
1274559
1274560
1274561
1274562
1274563
1274564
1274565
1274566
1274567
1274568
1274569
1274570
1274571
1274572
1274599
1274600
1274601
1274602
1274603
1274604
1274605
1274606
1274607
1274608
1274609
1274610
1274611
1274612
1274613
1274614
1274615
1274616
1274617
1274618
1274619
1274620
1274621
1274622
1274623
1274624
1274651
1274652
1274653
1274654
1274655
1274656
1274657
1274658
1274659
1274660
1274661
1274662
1274663
1274664
1274665
1274666
1274667
1274669
1274670
1274671
1274672
1274673
1274674
1274675
1274676
1274703
1274704
1274705
1274706
1274707
1274708
1274709
1274710
1274711
1274712
1274713
1274714
1274715
1274716
1274717
1274718
1274719
1274720
1274721
1274722
1274723
1274724
1274725
1274726
1274727
1274728
1274755
1274756
1274757
1274758
1274759
1274760
1274761
1274762
1274763
1274764
1274765
1274766
1274767
1274768
1274769
1274770
1274771
1274772
1274773
1274774
1274775
1274776
1274777
1274778
1274779
1274780
1274807
1274808
1274809
1274810
1274811
1274812
1274813
1274814
1274815
1274816
1274817
1274818
1274819
1274820
1274821
1274822
1274823
1274824
1274825
1274826
1274827
1274828
1274829
1274830
1274831
1274832
1274833
1274834
1274835
1274836
1274837
1274838
1274839
1274840
1274841
1274842
1274843
1274844
1274845
1274846
1274847
1274848
1274849
1274850
1274851
1274852
1274853
1274854
1274855
1274856
1274857
1274858
1274911
1274912
1274913
1274914
1274915
1274916
1274917
1274918
1274919
1274920
1274921
1274922
1274923
1274924
1274925
1274926
1274927
1274928
1274929
1274930
1274931
1274932
1274933
1274934
1274935
1274936
1274937
1274938
1274939
1274940
1274941
1274942
1274943
1274944
1274945
1274946
1274947
1274948
1274949
1274950
1274951
1274952
1274953
1274954
1274955
1274956
1274957
1274958
1274959
1274960
1274961
1274962
1275015
1275016
1275017
1275018
1275019
1275020
1275021
1275022
1275023
1275024
1275025
1275026
1275027
1275028
1275029
1275030
1275031
1275032
1275033
1275034
1275035
1275036
1275037
1275038
1275039
1275040
1275067
1275068
1275069
1275070
1275072
1275073
1275074
1275075
1275076
1275077
1275078
1275079
1275080
1275081
1275082
1275083
1275084
1275085
1275086
1275087
1275088
1275089
1275090
1275091
1275092
1275093
1275094
1275095
1275096
1275097
1275098
1275099
1275100
1275101
1275102
1275103
1275104
1275105
1275106
1275107
1275108
1275109
1275110
1275111
1275112
1275113
1275114
1275115
1275116
1275117
1275118
1275171
1275172
1275173
1275174
1275175
1275176
1275177
1275178
1275179
1275180
1275181
1275182
1275183
1275184
1275185
1275186
1275187
1275188
1275189
1275190
1275191
1275192
1275193
1275194
1275195
1275196
1275223
1275224
1275225
1275226
1275227
1275228
1275229
1275230
1275231
1275232
1275233
1275234
1275235
1275236
1275237
1275238
1275239
1275240
1275241
1275242
1275243
1275244
1275245
1275246
1275247
1275248
1275275
1275276
1275277
1275278
1275279
1275280
1275281
1275282
1275283
1275284
1275285
1275286
1275287
1275288
1275289
1275290
1275291
1275292
1275293
1275294
1275295
1275296
1275297
1275298
1275299
1275300
1275327
1275328
1275329
1275330
1275331
1275332
1275333
1275334
1275335
1275336
1275337
1275338
1275339
1275340
1275341
1275342
1275343
1275344
1275345
1275346
1275347
1275348
1275349
1275350
1275351
1275352
1275379
1275380
1275381
1275382
1275383
1275384
1275385
1275386
1275387
1275388
1275389
1275390
1275391
1275392
1275393
1275394
1275395
1275396
1275397
1275398
1275399
1275400
1275401
1275402
1275403
1275404
1275405
1275406
1275407
1275408
1275409
1275410
1275411
1275412
1275413
1275414
1275415
1275416
1275417
1275418
1275419
1275420
1275421
1275422
1275423
1275424
1275425
1275426
1275427
1275428
1275429
1275430
1275483
1275484
1275485
1275486
1275487
1275488
1275489
1275490
1275491
1275492
1275493
1275494
1275495
1275496
1275497
1275498
1275499
1275500
1275501
1275502
1275503
1275504
1275505
1275506
1275507
1275508
1275509
1275510
1275511
1275512
1275513
1275514
1275515
1275516
1275517
1275518
1275519
1275520
1275521
1275522
1275523
1275524
1275525
1275526
1275527
1275528
1275529
1275530
1275531
1275532
1275533
1275534
1275561
1275562
1275563
1275564
1275565
1275566
1275567
1275568
1275569
1275570
1275571
1275572
1275573
1275574
1275575
1275576
1275577
1275578
1275579
1275580
1275581
1275582
1275583
1275584
1275585
1275586
1275639
1275640
1275641
1275642
1275643
1275644
1275645
1275646
1275647
1275648
1275649
1275650
1275651
1275652
1275653
1275654
1275655
1275656
1275657
1275658
1275659
1275660
1275661
1275662
1275663
1275664
1275691
1275692
1275693
1275694
1275695
1275696
1275697
1275698
1275699
1275700
1275701
1275702
1275703
1275704
1275705
1275706
1275707
1275708
1275709
1275710
1275711
1275712
1275713
1275714
1275715
1275716
1275743
1275744
1275745
1275746
1275747
1275748
1275749
1275750
1275751
1275752
1275753
1275754
1275755
1275756
1275757
1275758
1275759
1275760
1275761
1275762
1275763
1275764
1275765
1275766
1275767
1275768
1275795
1275796
1275797
1275798
1275799
1275800
1275801
1275802
1275803
1275804
1275805
1275806
1275807
1275808
1275809
1275810
1275811
1275812
1275813
1275814
1275815
1275816
1275817
1275818
1275819
1275820
1275847
1275848
1275849
1275850
1275851
1275852
1275853
1275854
1275855
1275856
1275857
1275858
1275859
1275860
1275861
1275862
1275863
1275864
1275865
1275866
1275867
1275868
1275869
1275870
1275871
1275872
1275899
1275900
1275901
1275902
1275903
1275904
1275905
1275906
1275907
1275908
1275909
1275910
1275911
1275912
1275913
1275914
1275915
1275916
1275917
1275918
1275919
1275920
1275921
1275922
1275923
1275924
1275925
1275926
1275927
1275928
1275929
1275930
1275931
1275932
1275933
1275934
1275935
1275936
1275937
1275938
1275939
1275940
1275941
1275942
1275943
1275944
1275945
1275946
1275947
1275948
1275949
1275950
1275977
1275978
1275979
1275980
1275981
1275982
1275983
1275984
1275985
1275986
1275987
1275988
1275989
1275990
1275991
1275992
1275993
1275994
1275995
1275996
1275997
1275998
1275999
1276000
1276001
1276002
1276055
1276056
1276057
1276058
1276059
1276060
1276061
1276062
1276063
1276064
1276065
1276066
1276067
1276068
1276069
1276070
1276071
1276072
1276073
1276074
1276075
1276076
1276077
1276078
1276079
1276080
1276081
1276082
1276083
1276084
1276085
1276086
1276087
1276088
1276089
1276090
1276091
1276092
1276093
1276094
1276095
1276096
1276097
1276098
1276099
1276100
1276101
1276102
1276103
1276104
1276105
1276106
1276133
1276134
1276135
1276136
1276137
1276138
1276139
1276140
1276141
1276142
1276143
1276144
1276145
