1276146
1276147
1276148
1276149
1276150
1276151
1276152
1276153
1276154
1276155
1276156
1276157
1276158
1276211
1276212
1276213
1276214
1276215
1276216
1276217
1276218
1276219
1276220
1276221
1276222
1276223
1276224
1276225
1276226
1276227
1276228
1276229
1276230
1276231
1276232
1276233
1276234
1276235
1276236
1276263
1276264
1276265
1276266
1276267
1276268
1276269
1276270
1276271
1276272
1276273
1276274
1276275
1276276
1276277
1276278
1276279
1276280
1276281
1276282
1276283
1276284
1276285
1276286
1276287
1276288
1276315
1276316
1276317
1276318
1276319
1276320
1276321
1276322
1276323
1276324
1276325
1276326
1276327
1276328
1276329
1276330
1276331
1276332
1276333
1276334
1276335
1276336
1276337
1276338
1276339
1276340
1276341
1276342
1276343
1276344
1276345
1276346
1276347
1276348
1276349
1276350
1276351
1276352
1276353
1276354
1276355
1276356
1276357
1276358
1276359
1276360
1276361
1276362
1276363
1276364
1276365
1276366
1276393
1276394
1276395
1276396
1276397
1276398
1276399
1276400
1276401
1276402
1276403
1276404
1276405
1276406
1276407
1276408
1276409
1276410
1276411
1276412
1276413
1276414
1276415
1276416
1276417
1276418
1276471
1276472
1276473
1276474
1276475
1276476
1276477
1276478
1276479
1276480
1276481
1276482
1276483
1276484
1276485
1276486
1276487
1276488
1276489
1276490
1276491
1276492
1276493
1276494
1276495
1276496
1276497
1276498
1276499
1276500
1276501
1276502
1276503
1276504
1276505
1276506
1276507
1276508
1276509
1276510
1276511
1276512
1276513
1276514
1276515
1276516
1276517
1276518
1276519
1276520
1276521
1276522
1276549
1276550
1276551
1276552
1276553
1276554
1276555
1276556
1276557
1276558
1276559
1276560
1276561
1276562
1276563
1276564
1276565
1276566
1276567
1276568
1276569
1276570
1276571
1276572
1276573
1276574
1276627
1276628
1276629
1276630
1276631
1276632
1276633
1276634
1276635
1276636
1276637
1276638
1276639
1276640
1276641
1276642
1276643
1276644
1276645
1276646
1276647
1276648
1276649
1276650
1276651
1276652
1276653
1276654
1276655
1276656
1276657
1276658
1276659
1276660
1276661
1276662
1276663
1276664
1276665
1276666
1276667
1276668
1276669
1276670
1276671
1276672
1276673
1276674
1276675
1276676
1276677
1276678
1276705
1276706
1276707
1276708
1276709
1276710
1276711
1276712
1276713
1276714
1276715
1276716
1276717
1276718
1276719
1276720
1276721
1276722
1276723
1276724
1276725
1276726
1276727
1276728
1276729
1276730
1276783
1276784
1276785
1276786
1276787
1276788
1276789
1276790
1276791
1276792
1276793
1276794
1276795
1276796
1276797
1276798
1276799
1276800
1276801
1276802
1276803
1276804
1276805
1276806
1276807
1276808
1276835
1276836
1276837
1276838
1276839
1276840
1276841
1276842
1276843
1276844
1276845
1276846
1276847
1276848
1276849
1276850
1276851
1276852
1276853
1276854
1276855
1276857
1276858
1276859
1276860
1276887
1276888
1276889
1276890
1276891
1276892
1276893
1276894
1276895
1276896
1276897
1276898
1276899
1276900
1276901
1276902
1276903
1276904
1276905
1276906
1276907
1276908
1276909
1276910
1276911
1276912
1276939
1276940
1276941
1276942
1276943
1276944
1276945
1276946
1276947
1276948
1276949
1276950
1276951
1276952
1276953
1276954
1276955
1276956
1276957
1276958
1276959
1276960
1276961
1276962
1276963
1276964
1276991
1276992
1276993
1276994
1276995
1276996
1276997
1276998
1276999
1277000
1277001
1277002
1277003
1277004
1277005
1277006
1277007
1277008
1277009
1277010
1277011
1277012
1277013
1277014
1277015
1277016
1277017
1277018
1277019
1277020
1277021
1277022
1277023
1277024
1277025
1277026
1277027
1277028
1277029
1277030
1277031
1277032
1277033
1277034
1277035
1277036
1277037
1277038
1277039
1277040
1277041
1277042
1277095
1277096
1277097
1277098
1277099
1277100
1277101
1277102
1277103
1277104
1277105
1277106
1277107
1277108
1277109
1277110
1277111
1277112
1277113
1277114
1277115
1277116
1277117
1277118
1277119
1277120
1277121
1277122
1277123
1277124
1277125
1277126
1277127
1277128
1277129
1277130
1277131
1277132
1277133
1277134
1277135
1277136
1277137
1277138
1277139
1277140
1277141
1277142
1277143
1277144
1277145
1277146
1277173
1277174
1277175
1277176
1277177
1277178
1277179
1277180
1277181
1277182
1277183
1277184
1277185
1277186
1277187
1277188
1277189
1277190
1277191
1277192
1277193
1277194
1277195
1277196
1277197
1277198
1277251
1277252
1277253
1277254
1277255
1277256
1277257
1277258
1277259
1277260
1277261
1277262
1277263
1277264
1277265
1277266
1277267
1277268
1277269
1277270
1277271
1277272
1277273
1277274
1277275
1277276
1277277
1277278
1277279
1277280
1277281
1277282
1277283
1277284
1277285
1277286
1277287
1277288
1277289
1277290
1277291
1277292
1277293
1277294
1277295
1277296
1277297
1277298
1277299
1277300
1277301
1277302
1277329
1277330
1277331
1277332
1277333
1277334
1277335
1277336
1277337
1277338
1277339
1277340
1277341
1277342
1277343
1277344
1277345
1277346
1277347
1277348
1277349
1277350
1277351
1277352
1277353
1277354
1277407
1277408
1277409
1277410
1277411
1277412
1277413
1277414
1277415
1277416
1277417
1277418
1277419
1277420
1277421
1277422
1277423
1277424
1277425
1277426
1277427
1277428
1277429
1277430
1277431
1277432
1277459
1277460
1277461
1277462
1277463
1277464
1277465
1277466
1277467
1277468
1277469
1277470
1277471
1277472
1277473
1277474
1277475
1277476
1277477
1277478
1277479
1277480
1277481
1277482
1277483
1277484
1277511
1277512
1277513
1277514
1277515
1277516
1277517
1277518
1277519
1277520
1277521
1277522
1277523
1277524
1277525
1277526
1277527
1277528
1277529
1277530
1277531
1277532
1277533
1277534
1277535
1277536
1277563
1277564
1277565
1277566
1277567
1277568
1277569
1277570
1277571
1277572
1277573
1277574
1277575
1277576
1277577
1277578
1277579
1277580
1277581
1277582
1277583
1277584
1277585
1277586
1277587
1277588
1277615
1277616
1277617
1277618
1277619
1277620
1277621
1277622
1277623
1277624
1277625
1277626
1277627
1277628
1277629
1277630
1277631
1277632
1277633
1277634
1277635
1277636
1277637
1277638
1277639
1277640
1277693
1277694
1277695
1277696
1277697
1277698
1277699
1277700
1277701
1277702
1277703
1277704
1277705
1277706
1277707
1277708
1277709
1277710
1277711
1277712
1277713
1277714
1277715
1277716
1277717
1277718
1277745
1277747
1277748
1277749
1277750
1277751
1277752
1277753
1277754
1277755
1277756
1277757
1277758
1277759
1277760
1277761
1277762
1277763
1277764
1277765
1277766
1277767
1277768
1277769
1277770
1277797
1277798
1277799
1277800
1277801
1277802
1277803
1277804
1277805
1277806
1277807
1277808
1277809
1277810
1277811
1277812
1277813
1277814
1277815
1277816
1277817
1277818
1277819
1277820
1277821
1277822
1277849
1277850
1277851
1277852
1277853
1277854
1277855
1277856
1277857
1277858
1277859
1277860
1277861
1277862
1277863
1277864
1277865
1277866
1277867
1277868
1277869
1277870
1277871
1277872
1277873
1277874
1277901
1277902
1277903
1277904
1277905
1277906
1277907
1277908
1277909
1277910
1277911
1277912
1277913
1277914
1277915
1277916
1277917
1277918
1277919
1277920
1277921
1277922
1277923
1277924
1277925
1277926
1277953
1277954
1277955
1277956
1277957
1277958
1277959
1277960
1277961
1277962
1277963
1277964
1277965
1277966
1277967
1277968
1277969
1277970
1277971
1277972
1277973
1277974
1277975
1277976
1277977
1277978
1277979
1277980
1277981
1277982
1277983
1277984
1277985
1277986
1277987
1277988
1277989
1277990
1277991
1277992
1277993
1277994
1277995
1277996
1277997
1277998
1277999
1278000
1278001
1278002
1278003
1278004
1278057
1278058
1278059
1278060
1278061
1278062
1278063
1278064
1278065
1278066
1278067
1278068
1278069
1278070
1278071
1278072
1278073
1278074
1278075
1278076
1278077
1278078
1278079
1278080
1278081
1278082
1278109
1278110
1278111
1278112
1278113
1278114
1278115
1278116
1278117
1278118
1278119
1278120
1278121
1278122
1278123
1278124
1278125
1278126
1278127
1278128
1278129
1278130
1278131
1278132
1278133
1278134
1278135
1278136
1278137
1278138
1278139
1278140
1278141
1278142
1278143
1278144
1278145
1278146
1278147
1278148
1278149
1278150
1278151
1278152
1278153
1278154
1278155
1278156
1278157
1278158
1278159
1278160
1278187
1278188
1278189
1278190
1278191
1278192
1278193
1278194
1278195
1278196
1278197
1278198
1278199
1278200
1278201
1278202
1278203
1278204
1278205
1278206
1278207
1278208
1278209
1278210
1278211
1278212
1278239
1278240
1278241
1278242
1278243
1278244
1278245
1278246
1278247
1278248
1278249
1278250
1278251
1278252
1278253
1278254
1278255
1278256
1278257
1278258
1278259
1278260
1278261
1278262
1278263
1278264
1278291
1278292
1278293
1278294
1278295
1278296
1278297
1278298
1278299
1278300
1278301
1278302
1278303
1278304
1278305
1278306
1278307
1278308
1278309
1278310
1278311
1278312
1278313
1278314
1278315
1278316
1278317
1278318
1278319
1278320
1278321
1278322
1278323
1278324
1278325
1278326
1278327
1278328
1278329
1278330
1278331
1278332
1278333
1278334
1278335
1278336
1278337
1278338
1278339
1278340
1278341
1278342
1278395
1278396
1278397
1278398
1278399
1278400
1278401
1278402
1278403
1278404
1278405
1278406
1278407
1278408
1278409
1278410
1278411
1278412
1278413
1278414
1278415
1278416
1278417
1278418
1278419
1278420
1278421
1278422
1278423
1278424
1278425
1278426
1278427
1278428
1278429
1278430
1278431
1278432
1278433
1278434
1278435
1278436
1278437
1278438
1278439
1278440
1278441
1278442
1278443
1278444
1278445
1278446
1278473
1278474
1278475
1278476
1278477
1278478
1278479
1278480
1278481
1278482
1278483
1278484
1278485
1278486
1278487
1278488
1278489
1278490
1278491
1278492
1278493
1278494
1278495
1278496
1278497
1278498
1278551
1278552
1278553
1278554
1278555
1278556
1278557
1278558
1278559
1278560
1278561
1278562
1278563
1278564
1278565
1278566
1278567
1278568
1278569
1278570
1278571
1278572
1278573
1278574
1278575
1278576
1278603
1278604
1278605
1278606
1278607
1278608
1278609
1278610
1278611
1278612
1278613
1278614
1278615
1278616
1278617
1278618
1278619
1278620
1278621
1278622
1278623
1278624
1278625
1278626
1278627
1278628
1278629
1278630
1278631
1278632
1278633
1278634
1278635
1278636
1278637
1278638
1278639
1278640
1278641
1278642
1278643
1278644
1278645
1278646
1278647
1278648
1278649
1278650
1278651
1278652
1278653
1278654
1278707
1278708
1278709
1278710
1278711
1278712
1278713
1278714
1278715
1278716
1278717
1278718
1278719
1278720
1278721
1278722
1278723
1278724
1278725
1278726
1278727
1278728
1278729
1278730
1278731
1278732
1278759
1278760
1278761
1278762
1278763
1278764
1278765
1278766
1278767
1278768
1278769
1278770
1278771
1278772
1278773
1278774
1278775
1278776
1278777
1278778
1278779
1278780
1278781
1278782
1278783
1278784
1278785
1278786
1278787
1278788
1278789
1278790
1278791
1278792
1278793
1278794
1278795
1278796
1278797
1278798
1278799
1278800
1278801
1278802
1278803
1278804
1278805
1278806
1278807
1278808
1278809
1278810
1278863
1278864
1278865
1278866
1278867
1278868
1278869
1278870
1278871
1278872
1278873
1278874
1278875
1278876
1278877
1278878
1278879
1278880
1278881
1278882
1278883
1278884
1278885
1278886
1278887
1278888
1278889
1278891
1278892
1278893
1278894
1278895
1278896
1278897
1278898
1278899
1278900
1278901
1278902
1278903
1278904
1278905
1278906
1278907
1278908
1278909
1278910
1278911
1278912
1278913
1278914
1278967
1278968
1278969
1278970
1278971
1278972
1278973
1278974
1278975
1278976
1278977
1278978
1278979
1278980
1278981
1278982
1278983
1278984
1278985
1278986
1278987
1278988
1278989
1278990
1278991
1278992
1279045
1279046
1279047
1279048
1279049
1279050
1279051
1279052
1279053
1279054
1279055
1279056
1279057
1279058
1279059
1279060
1279061
1279062
1279063
1279064
1279065
1279066
1279067
1279068
1279069
1279070
1279071
1279072
1279073
1279074
1279075
1279076
1279077
1279078
1279079
1279080
1279081
1279082
1279083
1279084
1279085
1279086
1279087
1279088
1279089
1279090
1279091
1279092
1279093
1279094
1279095
1279096
1279123
1279124
1279125
1279126
1279127
1279128
1279129
1279130
1279131
1279132
1279133
1279134
1279135
1279136
1279137
1279138
1279139
1279140
1279141
1279142
1279143
1279144
1279145
1279146
1279147
1279148
1279201
1279202
1279203
1279204
1279205
1279206
1279207
1279208
1279209
1279210
1279211
1279212
1279213
1279214
1279215
1279216
1279217
1279218
1279219
1279220
1279221
1279222
1279223
1279224
1279225
1279226
1279227
1279228
1279229
1279230
1279231
1279232
1279233
1279234
1279235
1279236
1279237
1279238
1279239
1279240
1279241
1279242
1279243
1279244
1279245
1279246
1279247
1279248
1279249
1279250
1279251
1279252
1279279
1279280
1279281
1279282
1279283
1279284
1279285
1279286
1279287
1279288
1279289
1279290
1279291
1279292
1279293
1279294
1279295
1279296
1279297
1279298
1279299
1279300
1279301
1279302
1279303
1279304
1279357
1279358
1279359
1279360
1279361
1279362
1279363
1279364
1279365
1279366
1279367
1279368
1279369
1279370
1279371
1279372
1279373
1279374
1279375
1279376
1279377
1279378
1279379
1279380
1279381
1279382
1279409
1279410
1279411
1279412
1279413
1279414
1279415
1279416
1279417
1279418
1279419
1279420
1279421
1279422
1279423
1279424
1279425
1279426
1279427
1279428
1279429
1279430
1279431
1279432
1279433
1279434
1279461
1279462
1279463
1279464
1279465
1279466
1279467
1279468
1279469
1279470
1279471
1279472
1279473
1279474
1279475
1279476
1279477
1279478
1279479
1279480
1279481
1279482
1279483
1279484
1279485
1279486
1279487
1279488
1279489
1279490
1279491
1279492
1279493
1279494
1279495
1279496
1279497
1279498
1279499
1279500
1279501
1279502
1279503
1279504
1279505
1279506
1279507
1279508
1279509
1279510
1279511
1279512
1279565
1279566
1279567
1279568
1279569
1279570
1279571
1279572
1279573
1279574
1279575
1279576
1279577
1279578
1279579
1279580
1279581
1279582
1279583
1279584
1279585
1279586
1279587
1279588
1279589
1279590
1279591
1279592
1279593
1279594
1279595
1279596
1279597
1279598
1279599
1279600
1279601
1279602
1279603
1279604
1279605
1279606
1279607
1279608
1279609
1279610
1279611
1279612
1279613
1279614
1279615
1279616
1279643
1279644
1279645
1279646
1279647
1279648
1279649
1279650
1279651
1279652
1279653
1279654
1279655
1279656
1279657
1279658
1279659
1279660
1279661
1279662
1279663
1279664
1279665
1279666
1279667
1279668
1279721
1279722
1279723
1279724
1279725
1279726
1279727
1279728
1279729
1279730
1279731
1279732
1279733
1279734
1279735
1279736
1279737
1279738
1279739
1279740
1279741
1279742
1279743
1279744
1279745
1279746
1279747
1279748
1279749
1279750
1279751
1279752
1279753
1279754
1279755
1279756
1279757
1279758
1279759
1279760
1279761
1279762
1279763
1279764
1279765
1279766
1279767
1279768
1279769
1279770
1279771
1279772
1279825
1279826
1279827
1279828
1279829
1279830
1279831
1279832
1279833
1279834
1279835
1279836
1279837
1279838
1279839
1279840
1279841
1279842
1279843
1279844
1279845
1279846
1279847
1279848
1279849
1279850
1279851
1279852
1279853
1279854
1279855
1279856
1279857
1279858
1279859
1279860
1279861
1279862
1279863
1279864
1279865
1279866
1279867
1279868
1279869
1279870
1279871
1279872
1279873
1279874
1279875
1279876
1279903
1279904
1279905
1279906
1279907
1279908
1279909
1279910
1279911
1279912
1279913
1279914
1279915
1279916
1279917
1279918
1279919
1279920
1279921
1279922
1279923
1279924
1279925
1279926
1279927
1279928
1279929
1279930
1279931
1279932
1279933
1279934
1279935
1279936
1279937
1279938
1279939
1279940
1279941
1279942
1279943
1279944
1279945
1279946
1279947
1279948
1279949
1279950
1279951
1279952
1279953
1279954
1279981
1279982
1279983
1279984
1279985
1279986
1279987
1279988
1279989
1279990
1279991
1279992
1279993
1279994
1279995
1279996
1279997
1279998
1279999
1280000
1280001
1280002
1280003
1280004
1280005
1280006
1280059
1280060
1280061
1280062
1280063
1280064
1280065
1280066
1280067
1280068
1280069
1280070
1280071
1280072
1280073
1280074
1280075
1280076
1280077
1280078
1280079
1280080
1280081
1280082
1280083
1280084
1280111
1280112
1280113
1280114
1280115
1280116
1280117
1280118
1280119
1280120
1280121
1280122
1280123
1280124
1280125
1280126
1280127
1280128
1280129
1280130
1280131
1280132
1280133
1280134
1280135
1280136
1280137
1280138
1280139
1280140
1280141
1280142
1280143
1280144
1280145
1280146
1280147
1280148
1280149
1280150
1280151
1280152
1280153
1280154
1280155
1280156
1280157
1280158
1280159
1280160
1280161
1280162
1280215
1280216
1280217
1280218
1280219
1280220
1280221
1280222
1280223
1280224
1280225
1280226
1280227
1280228
1280229
1280230
1280231
1280232
1280233
1280234
1280235
1280236
1280237
1280238
1280239
1280240
1280267
1280268
1280269
1280270
1280271
1280272
1280273
1280274
1280275
1280276
1280277
1280278
1280279
1280280
1280281
1280282
1280283
1280284
1280285
1280286
1280287
1280288
1280289
1280290
1280291
1280292
1280293
1280294
1280295
1280296
1280297
1280298
1280299
1280300
1280301
1280302
1280303
1280304
1280305
1280306
1280307
1280308
1280309
1280310
1280311
1280312
1280313
1280314
1280315
1280316
1280317
1280318
1280345
1280346
1280347
1280348
1280349
1280350
1280351
1280352
1280353
1280354
1280355
1280356
1280357
1280358
1280359
1280360
1280361
1280362
1280363
1280364
1280365
1280366
1280367
1280368
1280369
1280370
1280423
1280424
1280425
1280426
1280427
1280428
1280429
1280430
1280431
1280432
1280433
1280434
1280435
1280436
1280437
1280438
1280439
1280440
1280441
1280442
1280443
1280444
1280445
1280446
1280447
1280448
1280449
1280450
1280451
1280452
1280453
1280454
1280455
1280456
1280457
1280458
1280459
1280460
1280461
1280462
1280463
1280464
1280465
1280466
1280467
1280468
1280469
1280470
1280471
1280472
1280473
1280474
1280501
1280502
1280503
1280504
1280505
1280506
1280507
1280508
1280509
1280510
1280511
1280512
1280513
1280514
1280515
1280516
1280517
1280518
1280519
1280520
1280521
1280522
1280523
1280524
1280525
1280526
1280553
1280554
1280555
1280556
1280557
1280558
1280559
1280560
1280561
1280562
1280563
1280564
1280565
1280566
1280567
1280568
1280569
1280570
1280571
1280572
1280573
1280574
1280575
1280576
1280577
1280578
1280631
1280632
1280633
1280634
1280635
1280636
1280637
1280638
1280639
1280640
1280641
1280642
1280643
1280644
1280645
1280646
1280647
1280648
1280649
1280650
1280651
1280652
1280653
1280654
1280655
1280656
1280657
1280658
1280659
1280660
1280661
1280662
1280663
1280664
1280665
1280666
1280667
1280668
1280669
1280670
1280671
1280672
1280673
1280674
1280675
1280676
1280677
1280678
1280679
1280680
1280681
1280682
1280709
1280710
1280711
1280712
1280713
1280714
1280715
1280716
1280717
1280718
1280719
1280720
1280721
1280722
1280723
1280724
1280725
1280726
1280727
1280728
1280729
1280730
1280731
1280732
1280733
1280734
1280761
1280762
1280763
1280764
1280765
1280766
1280767
1280768
1280769
1280770
1280771
1280772
1280773
1280774
1280775
1280776
1280777
1280778
1280779
1280780
1280781
1280782
1280783
1280784
1280785
1280786
1280813
1280814
1280815
1280816
1280817
1280818
1280819
1280820
1280821
1280822
1280823
1280824
1280825
1280826
1280827
1280828
1280829
1280830
1280831
1280832
1280833
1280834
1280835
1280836
1280837
1280838
1280865
1280866
1280867
1280868
1280869
1280870
1280871
1280872
1280873
1280874
1280875
1280876
1280877
1280878
1280879
1280880
1280881
1280882
1280883
1280884
1280885
1280886
1280887
1280888
1280889
1280890
1280917
1280918
1280919
1280920
1280921
1280922
1280923
1280924
1280925
1280926
1280927
1280928
1280929
1280930
1280931
1280932
1280933
1280934
1280935
1280936
1280937
1280938
1280939
1280940
1280941
1280942
1280969
1280970
1280971
1280972
1280973
1280974
1280975
1280976
1280977
1280978
1280979
1280980
1280981
1280982
1280983
1280984
1280985
1280986
1280987
1280988
1280989
1280990
1280991
1280992
1280993
1280994
1281021
1281022
1281023
1281024
1281025
1281026
1281027
1281028
1281029
1281030
1281031
1281032
1281033
1281034
1281035
1281036
1281037
1281038
1281039
1281040
1281041
1281042
1281043
1281044
1281045
1281046
1281047
1281048
1281049
1281050
1281051
1281052
1281053
1281054
1281055
1281056
1281057
1281058
1281059
1281060
1281061
1281062
1281063
1281064
1281065
1281066
1281067
1281068
1281069
1281070
1281071
1281072
1281099
1281100
1281101
1281102
1281103
1281104
1281105
1281106
1281107
1281108
1281109
1281110
1281111
1281112
1281113
1281114
1281115
1281116
1281117
1281118
1281119
1281120
1281121
1281122
1281123
1281124
1281151
1281152
1281153
1281154
1281155
1281156
1281157
1281158
1281159
1281160
1281161
1281162
1281163
1281164
1281165
1281166
1281167
1281168
1281169
1281170
1281171
1281172
1281173
1281174
1281175
1281176
1281203
1281204
1281205
1281206
1281207
1281208
1281209
1281210
1281211
1281212
1281213
1281214
1281215
1281216
1281217
1281218
1281219
1281220
1281221
1281222
1281223
1281224
1281225
1281226
1281227
1281228
1281255
1281256
1281257
1281258
1281259
1281260
1281261
1281262
1281263
1281264
1281265
1281266
1281267
1281268
1281269
1281270
1281271
1281272
1281273
1281274
1281275
1281276
1281277
1281278
1281279
1281280
1281333
1281334
1281335
1281336
1281337
1281338
1281339
1281340
1281341
1281342
1281343
1281344
1281345
1281346
1281347
1281348
1281349
1281350
1281351
1281352
1281353
1281354
1281355
1281356
1281357
1281358
1281385
1281386
1281387
1281388
1281389
1281390
1281391
1281392
1281393
1281394
1281395
1281396
1281397
1281398
1281399
1281400
1281401
1281402
1281403
1281404
1281405
1281406
1281407
1281408
1281409
1281410
1281437
1281438
1281439
1281440
1281441
1281442
1281443
1281444
1281445
1281446
1281447
1281448
1281449
1281450
1281451
1281452
1281453
1281454
1281455
1281456
1281457
1281458
1281459
1281460
1281461
1281462
1281489
1281490
1281491
1281492
1281493
1281494
1281495
1281496
1281497
1281498
1281499
1281500
1281501
1281502
1281503
1281504
1281505
1281506
1281507
1281508
1281509
1281510
1281511
1281512
1281513
1281514
1281541
1281542
1281543
1281544
1281545
1281546
1281547
1281548
1281549
1281550
1281551
1281552
1281553
1281554
1281555
1281556
1281557
1281558
1281559
1281560
1281561
1281562
1281563
1281564
1281565
1281566
1281593
1281594
1281595
1281596
1281597
1281598
1281599
1281600
1281601
1281602
1281603
1281604
1281605
1281606
1281607
1281608
1281609
1281610
1281611
1281612
1281613
1281614
1281615
1281616
1281617
1281618
1281671
1281672
1281673
1281674
1281675
1281676
1281677
1281678
1281679
1281680
1281681
1281682
1281683
1281684
1281685
1281686
1281687
1281688
1281689
1281690
1281691
1281692
1281693
1281694
1281695
1281696
1281723
1281724
1281725
1281726
1281727
1281728
1281729
1281730
1281731
1281732
1281733
1281734
1281735
1281736
1281737
1281738
1281739
1281740
1281741
1281742
1281743
1281744
1281745
1281746
1281747
1281748
1281749
1281750
1281751
1281752
1281753
1281754
1281755
1281756
1281757
1281758
1281759
1281760
1281761
1281762
1281763
1281764
1281765
1281766
1281767
1281768
1281769
1281770
1281771
1281772
1281773
1281774
1281801
1281802
1281803
1281804
1281805
1281806
1281807
1281808
1281809
1281810
1281811
1281812
1281813
1281814
1281815
1281816
1281817
1281818
1281819
1281820
1281821
1281822
1281823
1281824
1281825
1281826
1281931
1281932
1281933
1281934
1281935
1281936
1281937
1281938
1281939
1281940
1281941
1281942
1281943
1281944
1281945
1281946
1281947
1281948
1281949
1281950
1281951
1281952
1281953
1281954
1281955
1281956
1281983
1281984
1281985
1281986
1281987
1281988
1281989
1281990
1281991
1281992
1281993
1281994
1281995
1281996
1281997
1281998
1281999
1282000
1282001
1282002
1282003
1282004
1282005
1282006
1282007
1282008
1282009
1282010
1282011
1282012
1282013
1282014
1282015
1282016
1282017
1282018
1282019
1282020
1282021
1282022
1282023
1282024
1282025
1282026
1282027
1282028
1282029
1282030
1282031
1282032
1282033
1282034
1282061
1282062
1282063
1282064
1282065
1282066
1282067
1282068
1282069
1282070
1282071
1282072
1282073
1282074
1282075
1282076
1282077
1282078
1282079
1282080
1282081
1282082
1282083
1282084
1282085
1282086
1282113
1282114
1282115
1282116
1282117
1282118
1282119
1282120
1282121
1282122
1282123
1282124
1282125
1282126
1282127
1282128
1282129
1282130
1282131
1282132
1282133
1282134
1282135
1282136
1282137
1282138
1282165
1282166
1282167
1282168
1282169
1282170
1282171
1282172
1282173
1282174
1282175
1282176
1282177
1282178
1282179
1282180
1282181
1282182
1282183
1282184
1282185
1282186
1282187
1282188
1282189
1282190
1282243
1282244
1282245
1282246
1282247
1282248
1282249
1282250
1282251
1282252
1282253
1282254
1282255
1282256
1282257
1282258
1282259
1282260
1282261
1282262
1282263
1282264
1282265
1282266
1282267
1282268
1282295
1282296
1282297
1282298
1282299
1282300
1282301
1282302
1282303
1282304
1282305
1282306
1282307
1282308
1282309
1282310
1282311
1282312
1282313
1282314
1282315
1282316
1282317
1282318
1282319
1282320
1282347
1282348
1282349
1282350
1282351
1282352
1282353
1282354
1282355
1282356
1282357
1282358
1282359
1282360
1282361
1282362
1282363
1282364
1282365
1282366
1282367
1282368
1282369
1282370
1282371
1282372
1282399
1282400
1282401
1282402
1282403
1282404
1282405
1282406
1282407
1282408
1282409
1282410
1282411
1282412
1282413
1282414
1282415
1282416
1282417
1282418
1282419
1282420
1282421
1282422
1282423
1282424
1282426
1282427
1282428
1282429
1282430
1282431
1282432
1282433
1282434
1282435
1282436
1282437
1282438
1282439
1282440
1282441
1282442
1282443
1282444
1282445
1282446
1282447
1282448
1282449
1282450
