123215
123216
123217
123218
123219
123220
123221
123222
123223
123224
123225
123226
123227
123228
123229
123230
123231
123232
123233
123234
123235
123236
123237
123238
123239
123240
123267
123268
123269
123270
123271
123272
123273
123274
123275
123276
123277
123278
123279
123280
123281
123282
123283
123284
123285
123286
123287
123288
123289
123290
123291
123292
123345
123346
123347
123348
123349
123350
123351
123352
123353
123354
123355
123356
123357
123358
123359
123360
123361
123362
123363
123364
123365
123366
123368
123369
123370
123371
123372
123373
123374
123375
123376
123377
123378
123379
123380
123381
123382
123383
123384
123385
123386
123387
123388
123389
123390
123391
123392
123393
123394
123395
123396
123449
123450
123451
123452
123453
123454
123455
123456
123457
123458
123459
123460
123461
123462
123463
123464
123465
123466
123467
123468
123469
123470
123471
123472
123473
123474
123476
123477
123478
123479
123480
123481
123482
123483
123484
123485
123486
123487
123488
123489
123490
123491
123492
123493
123494
123495
123496
123497
123498
123499
123500
123553
123554
123555
123556
123557
123558
123559
123560
123561
123562
123563
123564
123565
123566
123567
123568
123569
123570
123571
123572
123573
123574
123575
123576
123577
123578
123605
123606
123607
123608
123609
123610
123611
123612
123613
123614
123615
123616
123617
123618
123619
123620
123621
123622
123623
123624
123625
123626
123627
123628
123629
123630
123657
123658
123659
123660
123661
123662
123663
123664
123665
123666
123667
123668
123669
123670
123671
123672
123673
123674
123675
123676
123677
123678
123679
123680
123681
123682
123735
123736
123737
123738
123739
123740
123741
123742
123743
123744
123745
123746
123747
123748
123749
123750
123751
123752
123753
123754
123755
123756
123757
123758
123759
123760
123762
123763
123764
123765
123766
123767
123768
123769
123770
123771
123772
123773
123774
123775
123776
123777
123778
123779
123780
123781
123782
123783
123784
123785
123786
123813
123814
123815
123816
123817
123818
123819
123820
123821
123822
123823
123824
123825
123826
123827
123828
123829
123830
123831
123832
123833
123834
123835
123836
123837
123838
123865
123866
123867
123868
123869
123870
123871
123872
123873
123874
123875
123876
123877
123878
123879
123880
123881
123882
123883
123884
123885
123886
123887
123888
123889
123890
123917
123918
123919
123920
123921
123922
123923
123924
123925
123926
123927
123928
123929
123930
123931
123932
123933
123934
123935
123936
123937
123938
123939
123940
123941
123942
123995
123996
123997
123998
123999
124000
124001
124002
124003
124004
124005
124006
124007
124008
124009
124010
124011
124012
124013
124014
124015
124016
124017
124018
124019
124020
124021
124022
124023
124024
124027
124028
124029
124030
124031
124032
124033
124034
124035
124036
124037
124038
124039
124040
124041
124042
124043
124044
124045
124046
124099
124100
124101
124102
124103
124104
124105
124106
124107
124108
124109
124110
124111
124112
124113
124114
124115
124116
124117
124118
124119
124120
124121
124122
124123
124124
124151
124152
124153
124154
124155
124156
124157
124158
124159
124160
124161
124162
124163
124164
124165
124166
124167
124168
124169
124170
124171
124172
124173
124174
124175
124176
124177
124178
124180
124181
124182
124183
124184
124185
124186
124187
124188
124189
124190
124191
124192
124193
124194
124195
124196
124197
124198
124199
124200
124201
124202
124229
124230
124231
124232
124233
124234
124235
124236
124237
124238
124239
124240
124241
124242
124243
124244
124245
124246
124247
124248
124249
124250
124251
124252
124253
124254
124281
124282
124283
124284
124285
124286
124287
124288
124289
124290
124291
124292
124293
124294
124295
124296
124297
124298
124299
124300
124301
124302
124303
124304
124305
124306
124333
124334
124335
124336
124337
124338
124339
124340
124341
124342
124343
124344
124345
124346
124347
124348
124349
124350
124351
124352
124353
124354
124355
124356
124357
124358
124411
124412
124413
124414
124415
124416
124417
124418
124419
124420
124421
124422
124423
124424
124425
124426
124427
124428
124429
124430
124431
124432
124433
124434
124435
124436
124438
124439
124440
124441
124442
124443
124444
124445
124446
124447
124448
124449
124450
124451
124452
124453
124454
124455
124456
124457
124458
124459
124460
124461
124462
124515
124516
124517
124518
124519
124520
124521
124522
124523
124524
124525
124526
124527
124528
124529
124530
124531
124532
124533
124534
124535
124536
124537
124538
124539
124540
124542
124543
124544
124545
124546
124547
124548
124549
124550
124551
124552
124553
124554
124555
124556
124557
124558
124559
124560
124561
124562
124563
124564
124565
124566
124593
124594
124595
124596
124597
124598
124599
124600
124601
124602
124603
124604
124605
124606
124607
124608
124609
124610
124611
124612
124613
124614
124615
124616
124617
124618
124619
124622
124623
124624
124625
124626
124627
124628
124629
124630
124631
124632
124633
124634
124635
124636
124637
124638
124639
124640
124641
124642
124643
124644
124697
124698
124699
124700
124701
124702
124703
124704
124705
124706
124707
124708
124709
124710
124711
124712
124713
124714
124715
124716
124717
124718
124719
124720
124721
124722
124749
124750
124751
124752
124753
124754
124755
124756
124757
124758
124759
124760
124761
124762
124763
124764
124765
124766
124767
124768
124769
124770
124771
124772
124773
124774
124801
124802
124803
124804
124805
124806
124807
124808
124809
124810
124811
124812
124813
124814
124815
124816
124817
124818
124819
124820
124821
124822
124823
124824
124825
124826
124853
124854
124855
124856
124857
124858
124859
124860
124861
124862
124863
124864
124865
124866
124867
124868
124869
124870
124871
124872
124873
124874
124875
124876
124877
124878
124880
124881
124882
124883
124884
124885
124886
124887
124888
124889
124890
124891
124892
124893
124894
124895
124896
124897
124898
124899
124900
124901
124902
124903
124904
124957
124958
124959
124960
124961
124962
124963
124964
124965
124966
124967
124968
124969
124970
124971
124972
124973
124974
124975
124976
124977
124978
124979
124980
124981
124982
124983
124985
124986
124987
124988
124989
124990
124991
124992
124993
124994
124995
124996
124997
124998
124999
125000
125001
125002
125003
125004
125005
125006
125007
125008
125035
125036
125037
125038
125039
125040
125041
125042
125043
125044
125045
125046
125047
125048
125049
125050
125051
125052
125053
125054
125055
125056
125057
125058
125059
125060
125087
125088
125089
125090
125091
125092
125093
125094
125095
125096
125097
125098
125099
125100
125101
125102
125103
125104
125105
125106
125107
125108
125109
125110
125111
125112
125165
125166
125167
125168
125169
125170
125171
125172
125173
125174
125175
125176
125177
125178
125179
125180
125181
125182
125183
125184
125185
125186
125187
125188
125189
125190
125191
125194
125195
125196
125197
125198
125199
125200
125201
125202
125203
125204
125205
125206
125207
125208
125209
125210
125211
125212
125213
125214
125215
125216
125243
125244
125245
125246
125247
125248
125249
125250
125251
125252
125253
125254
125255
125256
125257
125258
125259
125260
125261
125262
125263
125264
125265
125266
125267
125268
125295
125296
125297
125298
125299
125300
125301
125302
125303
125304
125305
125306
125307
125308
125309
125310
125311
125312
125313
125314
125315
125316
125317
125318
125319
125320
125322
125323
125324
125325
125326
125327
125328
125329
125330
125331
125332
125333
125334
125335
125336
125337
125338
125339
125340
125341
125342
125343
125344
125345
125346
125373
125374
125375
125376
125377
125378
125379
125380
125381
125382
125383
125384
125385
125386
125387
125388
125389
125390
125391
125392
125393
125394
125395
125396
125397
125398
125425
125426
125427
125428
125429
125430
125431
125432
125433
125434
125435
125436
125437
125438
125439
125440
125441
125442
125443
125444
125445
125446
125447
125448
125449
125450
125503
125504
125505
125506
125507
125508
125509
125510
125511
125512
125513
125514
125515
125516
125517
125518
125519
125520
125521
125522
125523
125524
125525
125526
125527
125528
125555
125556
125557
125558
125559
125560
125561
125562
125563
125564
125565
125566
125567
125568
125569
125570
125572
125573
125574
125575
125576
125577
125578
125579
125580
125581
125582
125583
125585
125586
125587
125588
125589
125590
125591
125592
125593
125594
125595
125596
125597
125598
125599
125600
125601
125602
125603
125604
125605
125606
125659
125660
125661
125662
125663
125664
125665
125666
125667
125668
125669
125670
125671
125672
125673
125674
125675
125676
125677
125678
125679
125680
125681
125682
125683
125684
125685
125686
125687
125688
125689
125690
125691
125692
125693
125694
125695
125696
125697
125698
125699
125700
125701
125702
125703
125704
125705
125706
125707
125708
125709
125710
125737
125738
125739
125740
125741
125742
125743
125744
125745
125746
125747
125748
125749
125750
125751
125752
125753
125754
125755
125756
125757
125758
125759
125760
125761
125762
125815
125816
125817
125818
125819
125820
125821
125822
125823
125824
125825
125826
125827
125828
125829
125830
125831
125832
125833
125834
125835
125836
125837
125838
125839
125840
125867
125868
125869
125870
125871
125872
125873
125874
125875
125876
125877
125878
125879
125880
125881
125882
125883
125884
125885
125886
125887
125888
125889
125890
125891
125892
125895
125896
125897
125898
125899
125900
125901
125902
125903
125904
125905
125906
125907
125908
125909
125910
125911
125912
125913
125914
125915
125916
125917
125918
125971
125972
125973
125974
125975
125976
125977
125978
125979
125980
125981
125982
125983
125984
125985
125986
125987
125988
125989
125990
125991
125992
125993
125994
125995
125996
125997
125998
125999
126000
126001
126002
126003
126004
126005
126006
126007
126008
126009
126010
126011
126012
126013
126014
126015
126016
126017
126018
126019
126020
126021
126022
126049
126050
126051
126052
126053
126054
126055
126056
126057
126058
126059
126060
126061
126062
126063
126064
126065
126066
126067
126068
126069
126070
126071
126072
126073
126074
126127
126128
126129
126130
126131
126132
126133
126134
126135
126136
126137
126138
126139
126140
126141
126142
126143
126144
126145
126146
126147
126148
126149
126150
126151
126152
126154
126159
126160
126161
126162
126163
126164
126165
126166
126167
126168
126169
126170
126171
126172
126173
126174
126175
126176
126177
126178
126205
126206
126207
126208
126209
126210
126211
126212
126213
126214
126215
126216
126217
126218
126219
126220
126221
126222
126223
126224
126225
126226
126227
126228
126229
126230
126283
126284
126285
126286
126287
126288
126289
126290
126291
126292
126293
126294
126295
126296
126297
126298
126299
126300
126301
126302
126303
126304
126305
126306
126307
126308
126310
126311
126312
126313
126314
126315
126316
126317
126318
126319
126320
126321
126322
126323
126324
126325
126326
126327
126328
126329
126330
126331
126332
126333
126334
126361
126362
126363
126364
126365
126366
126367
126368
126369
126370
126371
126372
126373
126374
126375
126376
126377
126378
126379
126380
126381
126382
126383
126384
126385
126386
126413
126414
126415
126416
126417
126418
126419
126420
126421
126422
126423
126424
126425
126426
126427
126428
126429
126430
126431
126432
126433
126434
126435
126436
126437
126438
126465
126466
126467
126468
126469
126470
126471
126472
126473
126474
126475
126476
126477
126478
126479
126480
126481
126482
126483
126484
126485
126486
126487
126488
126489
126490
126543
126544
126545
126546
126547
126548
126549
126550
126551
126552
126553
126554
126555
126556
126557
126558
126559
126560
126561
126562
126563
126564
126565
126566
126567
126568
126595
126596
126597
126598
126599
126600
126601
126602
126603
126604
126605
126606
126607
126608
126609
126610
126611
126612
126613
126614
126615
126616
126617
126618
126619
126620
126647
126648
126649
126650
126651
126652
126653
126654
126655
126656
126657
126658
126659
126660
126661
126662
126663
126664
126665
126666
126667
126668
126669
126670
126671
126672
126674
126676
126677
126678
126679
126680
126681
126682
126683
126684
126685
126686
126687
126688
126689
126690
126691
126692
126693
126694
126695
126696
126697
126698
126751
126752
126753
126754
126755
126756
126757
126758
126759
126760
126761
126762
126763
126764
126765
126766
126767
126768
126769
126770
126771
126772
126773
126774
126775
126776
126777
126778
126779
126781
126782
126783
126784
126785
126786
126787
126788
126789
126790
126791
126792
126793
126794
126795
126796
126797
126798
126799
126800
126801
126802
126829
126830
126831
126832
126833
126834
126835
126836
126837
126838
126839
126840
126841
126842
126843
126844
126845
126846
126847
126848
126849
126850
126851
126852
126853
126854
126881
126882
126883
126884
126885
126886
126887
126888
126889
126890
126891
126892
126893
126894
126895
126896
126897
126898
126899
126900
126901
126902
126903
126904
126905
126906
126959
126960
126961
126962
126963
126964
126965
126966
126967
126968
126969
126970
126971
126972
126973
126974
126975
126976
126977
126978
126979
126980
126981
126982
126983
126984
126985
126986
126987
126988
126989
126990
126991
126992
126993
126994
126995
126996
126997
126998
126999
127000
127001
127002
127003
127004
127005
127006
127007
127008
127009
127010
127037
127038
127039
127040
127041
127042
127043
127044
127045
127046
127047
127048
127049
127050
127051
127053
127054
127055
127056
127057
127058
127059
127060
127061
127062
127089
127090
127091
127092
127093
127094
127095
127096
127097
127098
127099
127100
127101
127102
127103
127104
127105
127106
127107
127108
127109
127110
127111
127112
127113
127114
127141
127142
127143
127144
127145
127146
127147
127148
127149
127150
127151
127152
127153
127154
127155
127156
127157
127158
127159
127160
127161
127162
127163
127164
127165
127166
127167
127168
127169
127170
127171
127172
127173
127174
127175
127176
127177
127178
127179
127180
127181
127182
127183
127184
127185
127186
127187
127188
127189
127190
127191
127192
127245
127246
127247
127248
127249
127250
127251
127252
127253
127254
127256
127257
127258
127259
127260
127261
127262
127263
127264
127265
127266
127267
127268
127270
127271
127272
127273
127274
127275
127276
127277
127278
127279
127280
127281
127282
127283
127284
127285
127286
127287
127288
127289
127290
127291
127292
127293
127294
127295
127296
127323
127324
127325
127326
127327
127328
127329
127331
127332
127333
127334
127335
127336
127337
127338
127339
127340
127341
127342
127343
127345
127346
127347
127348
127401
127402
127403
127404
127405
127406
127407
127408
127409
127410
127411
127412
127413
127414
127415
127416
127417
127418
127419
127420
127421
127422
127423
127424
127425
127426
127453
127454
127455
127456
127457
127458
127459
127460
127461
127462
127463
127464
127465
127466
127467
127468
127469
127470
127471
127472
127473
127474
127475
127476
127477
127478
127505
127506
127507
127508
127509
127510
127511
127512
127513
127514
127515
127516
127517
127518
127519
127520
127521
127522
127523
127524
127525
127526
127527
127528
127529
127530
127531
127533
127534
127535
127536
127537
127538
127539
127540
127541
127542
127543
127544
127545
127546
127547
127548
127549
127550
127551
127552
127553
127554
127555
127556
127583
127584
127585
127586
127587
127588
127589
127590
127591
127592
127593
127594
127595
127596
127597
127598
127599
127600
127601
127602
127603
127604
127605
127606
127607
127608
127661
127662
127663
127664
127665
127666
127667
127668
127669
127670
127671
127672
127673
127674
127675
127676
127677
127678
127679
127680
127681
127682
127683
127684
127685
127686
127713
127714
127715
127716
127717
127718
127719
127720
127721
127722
127723
127724
127725
127726
127727
127728
127729
127730
127731
127732
127733
127734
127735
127736
127737
127738
127739
127740
127744
127745
127747
127748
127749
127751
127752
127754
127757
127759
127760
127761
127762
127763
127764
127791
127792
127793
127794
127795
127796
127797
127798
127799
127800
127801
127802
127803
127804
127805
127806
127807
127808
127809
127810
127811
127812
127813
127814
127815
127816
127843
127844
127845
127846
127847
127848
127849
127850
127851
127852
127853
127854
127855
127856
127857
127858
127859
127860
127861
127862
127863
127864
127865
127866
127867
127868
127895
127896
127897
127898
127899
127900
127901
127902
127903
127904
127905
127906
127907
127908
127909
127910
127911
127912
127913
127914
127915
127916
127917
127918
127919
127920
127973
127974
127975
127976
127977
127978
127979
127980
127981
127982
127983
127984
127985
127986
127987
127988
127989
127990
127991
127992
127993
127994
127995
127996
127997
127998
128001
128002
128003
128004
128005
128006
128007
128008
128009
128010
128011
128012
128013
128014
128015
128016
128017
128018
128019
128020
128021
128022
128023
128024
128077
128078
128079
128080
128081
128082
128083
128084
128085
128086
128087
128088
128089
128090
128091
128092
128093
128094
128095
128096
128097
128098
128099
128100
128101
128102
128103
128105
128106
128107
128108
128109
128110
128111
128112
128113
128114
128115
128116
128117
128118
128119
128120
128121
128122
128123
128124
128125
128126
128127
128128
128181
128182
128183
128184
128185
128186
128187
128188
128189
128190
128191
128192
128193
128194
128195
128196
128197
128198
128199
128200
128201
128202
128203
128204
128205
128206
128210
128212
128213
128214
128215
128216
128217
128218
128219
128220
128221
128222
128223
128224
128225
128226
128227
128228
128229
128230
128231
128232
128259
128261
128262
128263
128264
128265
128266
128267
128268
128269
128270
128271
128272
128273
128274
128275
128276
128277
128278
128279
128280
128281
128282
128283
128284
128337
128338
128339
128340
128341
128342
128343
128344
128345
128346
128347
128348
128349
128350
128351
128352
128353
128354
128355
128356
128357
128358
128359
128360
128361
128362
128389
128390
128391
128392
128393
128394
128395
128396
128397
128398
128399
128400
128401
128402
128403
128404
128405
128406
128407
128408
128409
128410
128411
128412
128413
128414
128415
128417
128418
128419
128422
128423
128424
128426
128427
128428
128429
128430
128431
128432
128433
128434
128435
128436
128437
128438
128439
128440
128493
128494
128495
128496
128498
128500
128501
128503
128504
128509
128510
128511
128513
128514
128515
128516
128517
128518
128519
128522
128523
128525
128526
128527
128528
128531
128533
128536
128537
128539
128540
128541
128542
128543
128597
128598
128599
