1291010
1291011
1291012
1291013
1291014
1291015
1291016
1291017
1291018
1291019
1291020
1291021
1291022
1291023
1291024
1291025
1291026
1291027
1291028
1291029
1291030
1291057
1291058
1291059
1291060
1291061
1291062
1291063
1291064
1291065
1291066
1291067
1291068
1291069
1291070
1291071
1291072
1291073
1291074
1291075
1291076
1291077
1291078
1291079
1291080
1291081
1291082
1291109
1291110
1291111
1291112
1291113
1291114
1291115
1291116
1291117
1291118
1291119
1291120
1291121
1291122
1291123
1291124
1291125
1291126
1291127
1291128
1291129
1291130
1291131
1291132
1291133
1291134
1291161
1291162
1291163
1291164
1291165
1291166
1291167
1291168
1291169
1291170
1291171
1291172
1291173
1291174
1291175
1291176
1291177
1291178
1291179
1291180
1291181
1291182
1291183
1291184
1291185
1291186
1291213
1291214
1291215
1291216
1291217
1291218
1291219
1291220
1291221
1291222
1291223
1291224
1291225
1291226
1291227
1291228
1291229
1291230
1291231
1291232
1291233
1291234
1291235
1291236
1291237
1291238
1291265
1291266
1291267
1291268
1291269
1291270
1291271
1291272
1291273
1291274
1291275
1291276
1291277
1291278
1291279
1291280
1291281
1291282
1291283
1291284
1291285
1291286
1291287
1291288
1291289
1291290
1291317
1291318
1291319
1291320
1291321
1291322
1291323
1291324
1291325
1291326
1291327
1291328
1291329
1291330
1291331
1291332
1291333
1291334
1291335
1291336
1291337
1291338
1291339
1291340
1291341
1291342
1291395
1291396
1291397
1291398
1291399
1291400
1291401
1291402
1291403
1291404
1291405
1291406
1291407
1291408
1291409
1291410
1291411
1291412
1291413
1291414
1291415
1291416
1291417
1291418
1291419
1291420
1291447
1291448
1291449
1291450
1291451
1291452
1291453
1291454
1291455
1291456
1291457
1291458
1291459
1291460
1291461
1291462
1291463
1291464
1291465
1291466
1291467
1291468
1291469
1291470
1291471
1291472
1291473
1291474
1291475
1291476
1291477
1291478
1291479
1291480
1291481
1291482
1291483
1291484
1291485
1291486
1291487
1291488
1291489
1291490
1291491
1291492
1291493
1291494
1291495
1291496
1291497
1291498
1291525
1291526
1291527
1291528
1291529
1291530
1291531
1291532
1291533
1291534
1291535
1291536
1291537
1291538
1291539
1291540
1291541
1291542
1291543
1291544
1291545
1291546
1291547
1291548
1291549
1291550
1291577
1291578
1291579
1291580
1291581
1291582
1291583
1291584
1291585
1291586
1291587
1291588
1291589
1291590
1291591
1291592
1291593
1291594
1291595
1291596
1291597
1291598
1291599
1291600
1291601
1291602
1291629
1291630
1291631
1291632
1291633
1291634
1291635
1291636
1291637
1291638
1291639
1291640
1291641
1291642
1291643
1291644
1291645
1291646
1291647
1291648
1291649
1291650
1291651
1291652
1291653
1291654
1291681
1291682
1291683
1291684
1291685
1291686
1291687
1291688
1291689
1291690
1291691
1291692
1291693
1291694
1291695
1291696
1291697
1291698
1291699
1291700
1291701
1291702
1291703
1291704
1291705
1291706
1291733
1291734
1291735
1291736
1291737
1291738
1291739
1291740
1291741
1291742
1291743
1291744
1291745
1291746
1291747
1291748
1291749
1291750
1291751
1291752
1291753
1291754
1291755
1291756
1291757
1291758
1291785
1291786
1291787
1291788
1291789
1291790
1291791
1291792
1291793
1291794
1291795
1291796
1291797
1291798
1291799
1291800
1291801
1291802
1291803
1291804
1291805
1291806
1291807
1291808
1291809
1291810
1291863
1291864
1291865
1291866
1291867
1291868
1291869
1291870
1291871
1291872
1291873
1291874
1291875
1291876
1291877
1291878
1291879
1291880
1291881
1291882
1291883
1291884
1291885
1291886
1291887
1291888
1291915
1291916
1291917
1291918
1291919
1291920
1291921
1291922
1291923
1291924
1291925
1291926
1291927
1291928
1291929
1291930
1291931
1291932
1291933
1291934
1291935
1291936
1291937
1291938
1291939
1291940
1291941
1291942
1291943
1291944
1291945
1291946
1291947
1291948
1291949
1291950
1291951
1291952
1291953
1291954
1291955
1291956
1291957
1291958
1291959
1291960
1291961
1291962
1291963
1291964
1291965
1291966
1291993
1291994
1291995
1291996
1291997
1291998
1291999
1292000
1292001
1292002
1292003
1292004
1292005
1292006
1292007
1292008
1292009
1292010
1292011
1292012
1292013
1292014
1292015
1292016
1292017
1292018
1292071
1292072
1292073
1292074
1292075
1292076
1292077
1292078
1292079
1292080
1292081
1292082
1292083
1292084
1292085
1292086
1292087
1292088
1292089
1292090
1292091
1292092
1292093
1292094
1292095
1292096
1292123
1292124
1292125
1292126
1292127
1292128
1292129
1292130
1292131
1292132
1292133
1292134
1292135
1292136
1292137
1292138
1292139
1292140
1292141
1292142
1292143
1292144
1292145
1292146
1292147
1292148
1292149
1292150
1292151
1292152
1292153
1292154
1292155
1292156
1292157
1292158
1292159
1292160
1292161
1292162
1292163
1292164
1292165
1292166
1292167
1292168
1292169
1292170
1292171
1292172
1292173
1292174
1292201
1292202
1292203
1292204
1292205
1292206
1292207
1292208
1292209
1292210
1292211
1292212
1292213
1292214
1292215
1292216
1292217
1292218
1292219
1292220
1292221
1292222
1292223
1292224
1292225
1292226
1292253
1292254
1292255
1292256
1292257
1292258
1292259
1292260
1292261
1292262
1292263
1292264
1292265
1292266
1292267
1292268
1292269
1292270
1292271
1292272
1292273
1292274
1292275
1292276
1292277
1292278
1292331
1292332
1292333
1292334
1292335
1292336
1292337
1292338
1292339
1292340
1292341
1292342
1292343
1292344
1292345
1292346
1292347
1292348
1292349
1292350
1292351
1292352
1292353
1292354
1292355
1292356
1292383
1292384
1292385
1292386
1292387
1292388
1292389
1292390
1292391
1292392
1292393
1292394
1292395
1292396
1292397
1292398
1292399
1292400
1292401
1292402
1292403
1292404
1292405
1292406
1292407
1292408
1292435
1292436
1292437
1292438
1292439
1292440
1292441
1292442
1292443
1292444
1292445
1292446
1292447
1292448
1292449
1292450
1292451
1292452
1292453
1292454
1292455
1292456
1292457
1292458
1292459
1292460
1292487
1292488
1292489
1292490
1292491
1292492
1292493
1292494
1292495
1292496
1292497
1292498
1292499
1292500
1292501
1292502
1292503
1292504
1292505
1292506
1292507
1292508
1292509
1292510
1292511
1292512
1292539
1292540
1292541
1292542
1292543
1292544
1292545
1292546
1292547
1292548
1292549
1292550
1292551
1292552
1292553
1292554
1292555
1292556
1292557
1292558
1292559
1292560
1292561
1292562
1292563
1292564
1292617
1292618
1292619
1292620
1292621
1292622
1292623
1292624
1292625
1292626
1292627
1292628
1292629
1292630
1292631
1292632
1292633
1292634
1292635
1292636
1292637
1292638
1292639
1292640
1292641
1292642
1292669
1292670
1292671
1292672
1292673
1292674
1292675
1292676
1292677
1292678
1292679
1292680
1292681
1292682
1292683
1292684
1292685
1292686
1292687
1292688
1292689
1292690
1292691
1292692
1292693
1292694
1292721
1292722
1292723
1292724
1292725
1292726
1292727
1292728
1292729
1292730
1292731
1292732
1292733
1292734
1292735
1292736
1292737
1292738
1292739
1292740
1292741
1292742
1292743
1292744
1292745
1292746
1292747
1292748
1292749
1292750
1292751
1292752
1292753
1292754
1292755
1292756
1292757
1292758
1292759
1292760
1292761
1292762
1292763
1292764
1292765
1292766
1292767
1292768
1292769
1292770
1292771
1292772
1292773
1292774
1292775
1292776
1292777
1292778
1292779
1292780
1292781
1292782
1292783
1292784
1292785
1292786
1292787
1292788
1292789
1292790
1292791
1292792
1292793
1292794
1292795
1292796
1292797
1292798
1292851
1292852
1292853
1292854
1292855
1292856
1292857
1292858
1292859
1292860
1292861
1292862
1292863
1292864
1292865
1292866
1292867
1292868
1292869
1292870
1292871
1292872
1292873
1292874
1292875
1292876
1292877
1292878
1292879
1292880
1292881
1292882
1292883
1292884
1292885
1292886
1292887
1292888
1292889
1292890
1292891
1292892
1292893
1292894
1292895
1292896
1292897
1292898
1292899
1292900
1292901
1292902
1292929
1292930
1292931
1292932
1292933
1292934
1292935
1292936
1292937
1292938
1292939
1292940
1292941
1292942
1292943
1292944
1292945
1292946
1292947
1292948
1292949
1292950
1292951
1292952
1292953
1292954
1293007
1293008
1293009
1293010
1293011
1293012
1293013
1293014
1293015
1293016
1293017
1293018
1293019
1293020
1293021
1293022
1293023
1293024
1293025
1293026
1293027
1293028
1293029
1293030
1293031
1293032
1293085
1293086
1293087
1293088
1293089
1293090
1293091
1293092
1293093
1293094
1293095
1293096
1293097
1293098
1293099
1293100
1293101
1293102
1293103
1293104
1293105
1293106
1293107
1293108
1293109
1293110
1293111
1293112
1293113
1293114
1293115
1293116
1293117
1293118
1293119
1293120
1293121
1293122
1293123
1293124
1293125
1293126
1293127
1293128
1293129
1293130
1293131
1293132
1293133
1293134
1293135
1293136
1293215
1293216
1293217
1293218
1293219
1293220
1293221
1293222
1293223
1293224
1293225
1293226
1293227
1293228
1293229
1293230
1293231
1293232
1293233
1293234
1293235
1293236
1293237
1293238
1293239
1293240
1293241
1293242
1293243
1293244
1293245
1293246
1293247
1293248
1293249
1293250
1293251
1293252
1293253
1293254
1293255
1293256
1293257
1293258
1293259
1293260
1293261
1293262
1293263
1293264
1293265
1293266
1293293
1293294
1293295
1293296
1293297
1293298
1293299
1293300
1293301
1293302
1293303
1293304
1293305
1293306
1293307
1293308
1293309
1293310
1293311
1293312
1293313
1293314
1293315
1293316
1293317
1293318
1293345
1293346
1293347
1293348
1293349
1293350
1293351
1293352
1293353
1293354
1293355
1293356
1293357
1293358
1293359
1293360
1293361
1293362
1293363
1293364
1293365
1293366
1293367
1293368
1293369
1293370
1293397
1293398
1293399
1293400
1293401
1293402
1293403
1293404
1293405
1293406
1293407
1293408
1293409
1293410
1293411
1293412
1293413
1293414
1293415
1293416
1293417
1293418
1293419
1293420
1293421
1293422
1293475
1293476
1293477
1293478
1293479
1293480
1293481
1293482
1293483
1293484
1293485
1293486
1293487
1293488
1293489
1293490
1293491
1293492
1293493
1293494
1293495
1293496
1293497
1293498
1293499
1293500
1293527
1293528
1293529
1293530
1293531
1293532
1293533
1293534
1293535
1293536
1293537
1293538
1293539
1293540
1293541
1293542
1293543
1293544
1293545
1293546
1293547
1293548
1293549
1293550
1293551
1293552
1293553
1293554
1293555
1293556
1293557
1293558
1293559
1293560
1293561
1293562
1293563
1293564
1293565
1293566
1293567
1293568
1293569
1293570
1293571
1293572
1293573
1293574
1293575
1293576
1293577
1293578
1293631
1293632
1293633
1293634
1293635
1293636
1293637
1293638
1293639
1293640
1293641
1293642
1293643
1293644
1293645
1293646
1293647
1293648
1293649
1293650
1293651
1293652
1293653
1293654
1293655
1293656
1293657
1293658
1293659
1293660
1293661
1293662
1293663
1293664
1293665
1293666
1293667
1293668
1293669
1293670
1293671
1293672
1293673
1293674
1293675
1293676
1293677
1293678
1293679
1293680
1293681
1293682
1293709
1293710
1293711
1293712
1293713
1293714
1293715
1293716
1293717
1293718
1293719
1293720
1293721
1293722
1293723
1293724
1293725
1293726
1293727
1293728
1293729
1293730
1293731
1293732
1293733
1293734
1293761
1293762
1293763
1293764
1293765
1293766
1293767
1293768
1293769
1293770
1293771
1293772
1293773
1293774
1293775
1293776
1293777
1293778
1293779
1293780
1293781
1293782
1293783
1293784
1293785
1293786
1293839
1293840
1293841
1293842
1293843
1293844
1293845
1293846
1293847
1293848
1293849
1293850
1293851
1293852
1293853
1293854
1293855
1293856
1293857
1293858
1293859
1293860
1293861
1293862
1293863
1293864
1293891
1293892
1293893
1293894
1293895
1293896
1293897
1293898
1293899
1293900
1293901
1293902
1293903
1293904
1293905
1293906
1293907
1293908
1293909
1293910
1293911
1293912
1293913
1293914
1293915
1293916
1293917
1293918
1293919
1293920
1293921
1293922
1293923
1293924
1293925
1293926
1293927
1293928
1293929
1293930
1293931
1293932
1293933
1293934
1293935
1293936
1293937
1293938
1293939
1293940
1293941
1293942
1293995
1293996
1293997
1293998
1293999
1294000
1294001
1294002
1294003
1294004
1294005
1294006
1294007
1294008
1294009
1294010
1294011
1294012
1294013
1294014
1294015
1294016
1294017
1294018
1294019
1294020
1294047
1294048
1294049
1294050
1294051
1294052
1294053
1294054
1294055
1294056
1294057
1294058
1294059
1294060
1294061
1294062
1294063
1294064
1294065
1294066
1294067
1294068
1294069
1294070
1294071
1294072
1294099
1294100
1294101
1294102
1294103
1294104
1294105
1294106
1294107
1294108
1294109
1294110
1294111
1294112
1294113
1294114
1294115
1294116
1294117
1294118
1294119
1294120
1294121
1294122
1294123
1294124
1294151
1294152
1294153
1294154
1294155
1294156
1294157
1294158
1294159
1294160
1294161
1294162
1294163
1294164
1294165
1294166
1294167
1294168
1294169
1294170
1294171
1294172
1294173
1294174
1294175
1294176
1294203
1294204
1294205
1294206
1294207
1294208
1294209
1294210
1294211
1294212
1294213
1294214
1294215
1294216
1294217
1294218
1294219
1294220
1294221
1294222
1294223
1294224
1294225
1294226
1294227
1294228
1294229
1294230
1294231
1294232
1294233
1294234
1294235
1294236
1294237
1294238
1294239
1294240
1294241
1294242
1294243
1294244
1294245
1294246
1294247
1294248
1294249
1294250
1294251
1294252
1294253
1294254
1294281
1294282
1294283
1294284
1294285
1294286
1294287
1294288
1294289
1294290
1294291
1294292
1294293
1294294
1294295
1294296
1294297
1294298
1294299
1294300
1294301
1294302
1294303
1294304
1294305
1294306
1294359
1294360
1294361
1294362
1294363
1294364
1294365
1294366
1294367
1294368
1294369
1294370
1294371
1294372
1294373
1294374
1294375
1294376
1294377
1294378
1294379
1294380
1294381
1294382
1294383
1294384
1294411
1294412
1294413
1294414
1294415
1294416
1294417
1294418
1294419
1294420
1294421
1294422
1294423
1294424
1294425
1294426
1294427
1294428
1294429
1294430
1294431
1294432
1294433
1294434
1294435
1294436
1294463
1294464
1294465
1294466
1294467
1294468
1294469
1294470
1294471
1294472
1294473
1294474
1294475
1294476
1294477
1294478
1294479
1294480
1294481
1294482
1294483
1294484
1294485
1294486
1294487
1294488
1294489
1294490
1294491
1294492
1294493
1294494
1294495
1294496
1294497
1294498
1294499
1294500
1294501
1294502
1294503
1294504
1294505
1294506
1294507
1294508
1294509
1294510
1294511
1294512
1294513
1294514
1294541
1294542
1294543
1294544
1294545
1294546
1294547
1294548
1294549
1294550
1294551
1294552
1294553
1294554
1294555
1294556
1294557
1294558
1294559
1294560
1294561
1294562
1294563
1294564
1294565
1294566
1294619
1294620
1294621
1294622
1294623
1294624
1294625
1294626
1294627
1294628
1294629
1294630
1294631
1294632
1294633
1294634
1294635
1294636
1294637
1294638
1294639
1294640
1294641
1294642
1294643
1294644
1294671
1294672
1294673
1294674
1294675
1294676
1294677
1294678
1294679
1294680
1294681
1294682
1294683
1294684
1294685
1294686
1294687
1294688
1294689
1294690
1294691
1294692
1294693
1294694
1294695
1294696
1294749
1294750
1294751
1294752
1294753
1294754
1294755
1294756
1294757
1294758
1294759
1294760
1294761
1294762
1294763
1294764
1294765
1294766
1294767
1294768
1294769
1294770
1294771
1294772
1294773
1294774
1294775
1294776
1294777
1294778
1294779
1294780
1294781
1294782
1294783
1294784
1294785
1294786
1294787
1294788
1294789
1294790
1294791
1294792
1294793
1294794
1294795
1294796
1294797
1294798
1294799
1294800
1294827
1294828
1294829
1294830
1294831
1294832
1294833
1294834
1294835
1294836
1294837
1294838
1294839
1294840
1294841
1294842
1294843
1294844
1294845
1294846
1294847
1294848
1294849
1294850
1294851
1294852
1294879
1294880
1294881
1294882
1294883
1294884
1294885
1294886
1294887
1294888
1294889
1294890
1294891
1294892
1294893
1294894
1294895
1294896
1294897
1294898
1294899
1294900
1294901
1294902
1294903
1294904
1294957
1294958
1294959
1294960
1294961
1294962
1294963
1294964
1294965
1294966
1294967
1294968
1294969
1294970
1294971
1294972
1294973
1294974
1294975
1294976
1294977
1294978
1294979
1294980
1294981
1294982
1295009
1295010
1295011
1295012
1295013
1295014
1295015
1295016
1295017
1295018
1295019
1295020
1295021
1295022
1295023
1295024
1295025
1295026
1295027
1295028
1295029
1295030
1295031
1295032
1295033
1295034
1295061
1295062
1295063
1295064
1295065
1295066
1295067
1295068
1295069
1295070
1295071
1295072
1295073
1295074
1295075
1295076
1295077
1295078
1295079
1295080
1295081
1295082
1295083
1295084
1295085
1295086
1295113
1295114
1295115
1295116
1295117
1295118
1295119
1295120
1295121
1295122
1295123
1295124
1295125
1295126
1295127
1295128
1295129
1295130
1295131
1295132
1295133
1295134
1295135
1295136
1295137
1295138
1295165
1295166
1295167
1295168
1295169
1295170
1295171
1295172
1295173
1295174
1295175
1295176
1295177
1295178
1295179
1295180
1295181
1295182
1295183
1295184
1295185
1295186
1295187
1295188
1295189
1295190
1295217
1295218
1295219
1295220
1295221
1295222
1295223
1295224
1295225
1295226
1295227
1295228
1295229
1295230
1295231
1295232
1295233
1295234
1295235
1295236
1295237
1295238
1295239
1295240
1295241
1295242
1295269
1295270
1295271
1295272
1295273
1295274
1295275
1295276
1295277
1295278
1295279
1295280
1295281
1295282
1295283
1295284
1295285
1295286
1295287
1295288
1295289
1295290
1295291
1295292
1295293
1295294
1295321
1295322
1295323
1295324
1295325
1295326
1295327
1295328
1295329
1295330
1295331
1295332
1295333
1295334
1295335
1295336
1295337
1295338
1295339
1295340
1295341
1295342
1295343
1295344
1295345
1295346
1295347
1295348
1295349
1295350
1295351
1295352
1295353
1295354
1295355
1295356
1295357
1295358
1295359
1295360
1295361
1295362
1295363
1295364
1295365
1295366
1295367
1295368
1295369
1295370
1295371
1295372
1295399
1295400
1295401
1295402
1295403
1295404
1295405
1295406
1295407
1295408
1295409
1295410
1295411
1295412
1295413
1295414
1295415
1295416
1295417
1295418
1295419
1295420
1295421
1295422
1295423
1295424
1295477
1295478
1295479
1295480
1295481
1295482
1295483
1295484
1295485
1295486
1295487
1295488
1295489
1295490
1295491
1295492
1295493
1295494
1295495
1295496
1295497
1295498
1295499
1295500
1295501
1295502
1295529
1295530
1295531
1295532
1295533
1295534
1295535
1295536
1295537
1295538
1295539
1295540
1295541
1295542
1295543
1295544
1295545
1295546
1295547
1295548
1295549
1295550
1295551
1295552
1295553
1295554
1295581
1295582
1295583
1295584
1295585
1295586
1295587
1295588
1295589
1295590
1295591
1295592
1295593
1295594
1295595
1295596
1295597
1295598
1295599
1295600
1295601
1295602
1295603
1295604
1295605
1295606
1295607
1295608
1295609
1295610
1295611
1295612
1295613
1295614
1295615
1295616
1295617
1295618
1295619
1295620
1295621
1295622
1295623
1295624
1295625
1295626
1295627
1295628
1295629
1295630
1295631
1295632
1295659
1295660
1295661
1295662
1295663
1295664
1295665
1295666
1295667
1295668
1295669
1295670
1295671
1295672
1295673
1295674
1295675
1295676
1295677
1295678
1295679
1295680
1295681
1295682
1295683
1295684
1295737
1295738
1295739
1295740
1295741
1295742
1295743
1295744
1295745
1295746
1295747
1295748
1295749
1295750
1295751
1295752
1295753
1295754
1295755
1295756
1295757
1295758
1295759
1295760
1295761
1295762
1295763
1295764
1295765
1295766
1295767
1295768
1295769
1295770
1295771
1295772
1295773
1295774
1295775
1295776
1295777
1295778
1295779
1295780
1295781
1295782
1295783
1295784
1295785
1295786
1295787
1295788
1295841
1295842
1295843
1295844
1295845
1295846
1295847
1295848
1295849
1295850
1295851
1295852
1295853
1295854
1295855
1295856
1295857
1295858
1295859
1295860
1295861
1295862
1295863
1295864
1295865
1295866
1295893
1295894
1295895
1295896
1295897
1295898
1295899
1295900
1295901
1295902
1295903
1295904
1295905
1295906
1295907
1295908
1295909
1295910
1295911
1295912
1295913
1295914
1295915
1295916
1295917
1295918
1295919
1295920
1295921
1295922
1295923
1295924
1295925
1295926
1295927
1295928
1295929
1295930
1295931
1295932
1295933
1295934
1295935
1295936
1295937
1295938
1295939
1295940
1295941
1295942
1295943
1295944
1295971
1295972
1295973
1295974
1295975
1295976
1295977
1295978
1295979
1295980
1295981
1295982
1295983
1295984
1295985
1295986
1295987
1295988
1295989
1295990
1295991
1295992
1295993
1295994
1295995
1295996
1296049
1296050
1296051
1296052
1296053
1296054
1296055
1296056
1296057
1296058
1296059
1296060
1296061
1296062
1296063
1296064
1296065
1296066
1296067
1296068
1296069
1296070
1296071
1296072
1296073
1296074
1296075
1296076
1296077
1296078
1296079
1296080
1296081
1296082
1296083
1296084
1296085
1296086
1296087
1296088
1296089
1296090
1296091
1296092
1296093
1296094
1296095
1296096
1296097
1296098
1296099
1296100
1296153
1296154
1296155
1296156
1296157
1296158
1296159
1296160
1296161
1296162
1296163
1296164
1296165
1296166
1296167
1296168
1296169
1296170
1296171
1296172
1296173
1296174
1296175
1296176
1296177
1296178
1296205
1296206
1296207
1296208
1296209
1296210
1296211
1296212
1296213
1296214
1296215
1296216
1296217
1296218
1296219
1296220
1296221
1296222
1296223
1296224
1296225
1296226
1296227
1296228
1296229
1296230
1296257
1296258
1296259
1296260
1296261
1296262
1296263
1296264
1296265
1296266
1296267
1296268
1296269
1296270
1296271
1296272
1296273
1296274
1296275
1296276
1296277
1296278
1296279
1296280
1296281
1296282
1296283
1296284
1296285
1296286
1296287
1296288
1296289
1296290
1296291
1296292
1296293
1296294
1296295
1296296
1296297
1296298
1296299
1296300
1296301
1296302
1296303
1296304
1296305
1296306
1296307
1296308
1296335
1296336
1296337
1296338
1296339
1296340
1296341
1296342
1296343
1296344
1296345
1296346
1296347
1296348
1296349
1296350
1296351
1296352
1296353
1296354
1296355
1296356
1296357
1296358
1296359
1296360
1296387
1296388
1296389
1296390
1296391
1296392
1296393
1296394
1296395
1296396
1296397
1296398
1296399
1296400
1296401
1296402
1296403
1296404
1296405
1296406
1296407
1296408
1296409
1296410
1296411
1296412
1296439
1296440
1296441
1296442
1296443
1296444
1296445
1296446
1296447
1296448
1296449
1296450
1296451
1296452
1296453
1296454
1296455
1296456
1296457
1296458
1296459
1296460
1296461
1296462
1296463
1296464
1296491
1296492
1296493
1296494
1296495
1296496
1296497
1296498
1296499
1296500
1296501
1296502
1296503
1296504
1296505
1296506
1296507
1296508
1296509
1296510
1296511
1296512
1296513
1296514
1296515
1296516
1296543
1296544
1296545
1296546
1296547
1296548
1296549
1296550
1296551
1296552
1296553
1296554
1296555
1296556
1296557
1296558
1296559
1296560
1296561
1296562
1296563
1296564
1296565
1296566
1296567
1296568
1296621
1296622
1296623
1296624
1296625
1296626
1296627
1296628
1296629
1296630
1296631
1296632
1296633
1296634
1296635
1296636
1296637
1296638
1296639
1296640
1296641
1296642
1296643
1296644
1296645
1296646
1296647
1296648
1296649
1296650
1296651
1296652
1296653
1296654
1296655
1296656
1296657
1296658
1296659
1296660
1296661
1296662
1296663
1296664
1296665
1296666
1296667
1296668
1296669
1296670
1296671
1296672
1296699
1296700
1296701
1296702
1296703
1296704
1296705
1296706
1296707
1296708
1296709
1296710
1296711
1296712
1296713
1296714
1296715
1296716
1296717
1296718
1296719
1296720
1296721
1296722
1296723
1296724
1296777
1296778
1296779
1296780
1296781
1296782
1296783
1296784
1296785
1296786
1296787
1296788
1296789
1296790
1296791
1296792
1296793
1296794
1296795
1296796
1296797
1296798
1296799
1296800
1296801
1296802
1296829
1296830
1296831
1296832
1296833
1296834
1296835
1296836
1296837
1296838
1296839
1296840
1296841
1296842
1296843
1296844
1296845
1296846
1296847
1296848
1296849
1296850
1296851
1296852
1296853
1296854
1296881
1296882
1296883
1296884
1296885
1296886
1296887
1296888
1296889
1296890
1296891
1296892
1296893
1296894
1296895
1296896
1296897
1296898
1296899
1296900
1296901
1296902
1296903
1296904
1296905
1296906
1296933
1296934
1296935
1296936
1296937
1296938
1296939
1296940
1296941
1296942
1296943
1296944
1296945
1296946
1296947
1296948
1296949
1296950
1296951
1296952
1296953
1296954
1296955
1296956
1296957
1296958
1296959
1296960
1296961
1296962
1296963
1296964
1296965
1296966
1296967
1296968
1296969
1296970
1296971
1296972
1296973
1296974
1296975
1296976
1296977
1296978
1296979
1296980
1296981
1296982
1296983
1296984
