1297011
1297012
1297013
1297014
1297015
1297016
1297017
1297018
1297019
1297020
1297021
1297022
1297023
1297024
1297025
1297026
1297027
1297028
1297029
1297030
1297031
1297032
1297033
1297034
1297035
1297036
1297063
1297064
1297065
1297066
1297067
1297068
1297069
1297070
1297071
1297072
1297073
1297075
1297076
1297077
1297078
1297079
1297080
1297081
1297082
1297083
1297084
1297085
1297086
1297087
1297088
1297141
1297142
1297143
1297144
1297145
1297146
1297147
1297148
1297149
1297150
1297151
1297152
1297153
1297154
1297155
1297156
1297157
1297158
1297159
1297160
1297161
1297162
1297163
1297164
1297165
1297166
1297193
1297194
1297195
1297196
1297197
1297198
1297199
1297200
1297201
1297202
1297203
1297204
1297205
1297206
1297207
1297208
1297209
1297210
1297211
1297212
1297213
1297214
1297215
1297216
1297217
1297218
1297245
1297246
1297247
1297248
1297249
1297250
1297251
1297252
1297253
1297254
1297255
1297256
1297257
1297258
1297259
1297260
1297261
1297262
1297263
1297264
1297265
1297266
1297267
1297268
1297269
1297270
1297297
1297298
1297299
1297300
1297301
1297302
1297303
1297304
1297305
1297306
1297307
1297308
1297309
1297310
1297311
1297312
1297313
1297314
1297315
1297316
1297317
1297318
1297319
1297320
1297321
1297322
1297349
1297350
1297351
1297352
1297353
1297354
1297355
1297356
1297357
1297358
1297359
1297360
1297361
1297362
1297363
1297364
1297365
1297366
1297367
1297368
1297369
1297370
1297371
1297372
1297373
1297374
1297375
1297376
1297377
1297378
1297379
1297380
1297381
1297382
1297383
1297384
1297385
1297386
1297387
1297388
1297389
1297390
1297391
1297392
1297393
1297394
1297395
1297396
1297397
1297398
1297399
1297400
1297453
1297454
1297455
1297456
1297457
1297458
1297459
1297460
1297461
1297462
1297463
1297464
1297465
1297466
1297467
1297468
1297469
1297470
1297471
1297472
1297473
1297474
1297475
1297476
1297477
1297478
1297505
1297506
1297507
1297508
1297509
1297510
1297511
1297512
1297513
1297514
1297515
1297516
1297517
1297518
1297519
1297520
1297521
1297522
1297523
1297524
1297525
1297526
1297527
1297528
1297529
1297530
1297531
1297532
1297533
1297534
1297535
1297536
1297537
1297538
1297539
1297540
1297541
1297542
1297543
1297544
1297545
1297546
1297547
1297548
1297549
1297550
1297551
1297552
1297553
1297554
1297555
1297556
1297583
1297584
1297585
1297586
1297587
1297588
1297589
1297590
1297591
1297592
1297593
1297594
1297595
1297596
1297597
1297598
1297599
1297600
1297601
1297602
1297603
1297604
1297605
1297606
1297607
1297608
1297635
1297636
1297637
1297638
1297639
1297640
1297641
1297642
1297643
1297644
1297645
1297646
1297647
1297648
1297649
1297650
1297651
1297652
1297653
1297654
1297655
1297656
1297657
1297658
1297659
1297660
1297687
1297688
1297689
1297690
1297691
1297692
1297693
1297694
1297695
1297696
1297697
1297698
1297699
1297700
1297701
1297702
1297703
1297704
1297705
1297706
1297707
1297708
1297709
1297710
1297711
1297712
1297713
1297714
1297715
1297716
1297717
1297718
1297719
1297720
1297721
1297722
1297723
1297724
1297725
1297726
1297727
1297728
1297729
1297730
1297731
1297732
1297733
1297734
1297735
1297736
1297737
1297738
1297765
1297766
1297767
1297768
1297769
1297770
1297771
1297772
1297773
1297774
1297775
1297776
1297777
1297778
1297779
1297780
1297781
1297782
1297783
1297784
1297785
1297786
1297787
1297788
1297789
1297790
1297817
1297818
1297819
1297820
1297821
1297822
1297823
1297824
1297825
1297826
1297827
1297828
1297829
1297830
1297831
1297832
1297833
1297834
1297835
1297836
1297837
1297838
1297839
1297840
1297841
1297842
1297843
1297844
1297845
1297846
1297847
1297848
1297849
1297850
1297851
1297852
1297853
1297854
1297855
1297856
1297857
1297858
1297859
1297860
1297861
1297862
1297863
1297864
1297865
1297866
1297867
1297868
1297895
1297896
1297897
1297898
1297899
1297900
1297901
1297902
1297903
1297904
1297905
1297906
1297907
1297908
1297909
1297910
1297911
1297912
1297913
1297914
1297915
1297916
1297917
1297918
1297919
1297920
1297973
1297974
1297975
1297976
1297977
1297978
1297979
1297980
1297981
1297982
1297983
1297984
1297985
1297986
1297987
1297988
1297989
1297990
1297991
1297992
1297993
1297994
1297995
1297996
1297997
1297998
1297999
1298000
1298001
1298002
1298003
1298004
1298005
1298006
1298007
1298008
1298009
1298010
1298011
1298012
1298013
1298014
1298015
1298016
1298017
1298018
1298019
1298020
1298021
1298022
1298023
1298024
1298077
1298078
1298079
1298080
1298081
1298082
1298083
1298084
1298085
1298086
1298087
1298088
1298089
1298090
1298091
1298092
1298093
1298094
1298095
1298096
1298097
1298098
1298099
1298100
1298101
1298102
1298103
1298104
1298105
1298106
1298107
1298108
1298109
1298110
1298111
1298112
1298113
1298114
1298115
1298116
1298117
1298118
1298119
1298120
1298121
1298122
1298123
1298124
1298125
1298126
1298127
1298128
1298181
1298182
1298183
1298184
1298185
1298186
1298187
1298188
1298189
1298190
1298191
1298192
1298193
1298194
1298195
1298196
1298197
1298198
1298199
1298200
1298201
1298202
1298203
1298204
1298205
1298206
1298233
1298234
1298235
1298236
1298237
1298238
1298239
1298240
1298241
1298242
1298243
1298244
1298245
1298246
1298247
1298248
1298249
1298250
1298251
1298252
1298253
1298254
1298255
1298256
1298257
1298258
1298285
1298286
1298287
1298288
1298289
1298290
1298291
1298292
1298293
1298294
1298295
1298296
1298297
1298298
1298299
1298300
1298301
1298302
1298303
1298304
1298305
1298306
1298307
1298308
1298309
1298310
1298311
1298312
1298313
1298314
1298315
1298316
1298317
1298318
1298319
1298320
1298321
1298322
1298323
1298324
1298325
1298326
1298327
1298328
1298329
1298330
1298331
1298332
1298333
1298334
1298335
1298336
1298389
1298390
1298391
1298392
1298393
1298394
1298395
1298396
1298397
1298398
1298399
1298400
1298401
1298402
1298403
1298404
1298405
1298406
1298407
1298408
1298409
1298410
1298411
1298412
1298413
1298414
1298441
1298442
1298443
1298444
1298445
1298446
1298447
1298448
1298449
1298450
1298451
1298452
1298453
1298454
1298455
1298456
1298457
1298458
1298459
1298460
1298461
1298462
1298463
1298464
1298465
1298466
1298467
1298468
1298469
1298470
1298471
1298472
1298473
1298474
1298475
1298476
1298477
1298478
1298479
1298480
1298481
1298482
1298483
1298484
1298485
1298486
1298487
1298488
1298489
1298490
1298491
1298492
1298545
1298546
1298547
1298548
1298549
1298550
1298551
1298552
1298553
1298554
1298555
1298556
1298557
1298558
1298559
1298560
1298561
1298562
1298563
1298564
1298565
1298566
1298567
1298568
1298569
1298570
1298571
1298572
1298573
1298574
1298575
1298576
1298577
1298578
1298579
1298580
1298581
1298582
1298583
1298584
1298585
1298586
1298587
1298588
1298589
1298590
1298591
1298592
1298593
1298594
1298595
1298596
1298623
1298624
1298625
1298626
1298627
1298628
1298629
1298630
1298631
1298632
1298633
1298634
1298635
1298636
1298637
1298638
1298639
1298640
1298641
1298642
1298643
1298644
1298645
1298646
1298647
1298648
1298675
1298676
1298677
1298678
1298679
1298680
1298681
1298682
1298683
1298684
1298685
1298686
1298687
1298688
1298689
1298690
1298691
1298692
1298693
1298694
1298695
1298696
1298697
1298698
1298699
1298700
1298727
1298728
1298729
1298730
1298731
1298732
1298733
1298734
1298735
1298736
1298737
1298738
1298739
1298740
1298741
1298742
1298743
1298744
1298745
1298746
1298747
1298748
1298749
1298750
1298751
1298752
1298779
1298780
1298781
1298782
1298783
1298784
1298785
1298786
1298787
1298788
1298789
1298790
1298791
1298792
1298793
1298794
1298795
1298796
1298797
1298798
1298799
1298800
1298801
1298802
1298803
1298804
1298857
1298858
1298859
1298860
1298861
1298862
1298863
1298864
1298865
1298866
1298867
1298868
1298869
1298870
1298871
1298872
1298873
1298874
1298875
1298876
1298877
1298878
1298879
1298880
1298881
1298882
1298909
1298910
1298911
1298912
1298913
1298914
1298915
1298916
1298917
1298918
1298919
1298920
1298921
1298922
1298923
1298924
1298925
1298926
1298927
1298928
1298929
1298930
1298931
1298932
1298933
1298934
1298961
1298962
1298963
1298964
1298965
1298966
1298967
1298968
1298969
1298970
1298971
1298972
1298973
1298974
1298975
1298976
1298977
1298978
1298979
1298980
1298981
1298982
1298983
1298984
1298985
1298986
1298987
1298988
1298989
1298990
1298991
1298992
1298993
1298994
1298995
1298996
1298997
1298998
1298999
1299000
1299001
1299002
1299003
1299004
1299005
1299006
1299007
1299008
1299009
1299010
1299011
1299012
1299013
1299014
1299015
1299016
1299017
1299018
1299019
1299020
1299021
1299022
1299023
1299024
1299025
1299026
1299027
1299028
1299029
1299030
1299031
1299032
1299033
1299034
1299035
1299036
1299037
1299038
1299065
1299066
1299067
1299068
1299069
1299070
1299071
1299072
1299073
1299074
1299075
1299076
1299077
1299078
1299079
1299080
1299081
1299082
1299083
1299084
1299085
1299086
1299087
1299088
1299089
1299090
1299117
1299118
1299119
1299120
1299121
1299122
1299123
1299124
1299125
1299126
1299127
1299128
1299129
1299130
1299131
1299132
1299133
1299134
1299135
1299136
1299137
1299138
1299139
1299140
1299141
1299142
1299195
1299196
1299197
1299198
1299199
1299200
1299201
1299202
1299203
1299204
1299205
1299206
1299207
1299208
1299209
1299210
1299211
1299212
1299213
1299214
1299215
1299216
1299217
1299218
1299219
1299220
1299221
1299222
1299223
1299224
1299225
1299226
1299227
1299228
1299229
1299230
1299231
1299232
1299233
1299234
1299235
1299236
1299237
1299238
1299239
1299240
1299241
1299242
1299243
1299244
1299245
1299246
1299299
1299300
1299301
1299302
1299303
1299304
1299305
1299306
1299307
1299308
1299309
1299310
1299311
1299312
1299313
1299314
1299315
1299316
1299317
1299318
1299319
1299320
1299321
1299322
1299323
1299324
1299351
1299352
1299353
1299354
1299355
1299356
1299357
1299358
1299359
1299360
1299361
1299362
1299363
1299364
1299365
1299366
1299367
1299368
1299369
1299370
1299371
1299372
1299373
1299374
1299375
1299376
1299403
1299404
1299405
1299406
1299407
1299408
1299409
1299410
1299411
1299412
1299413
1299414
1299415
1299416
1299417
1299418
1299419
1299420
1299421
1299422
1299423
1299424
1299425
1299426
1299427
1299428
1299429
1299430
1299431
1299432
1299433
1299434
1299435
1299436
1299437
1299438
1299439
1299440
1299441
1299442
1299443
1299444
1299445
1299446
1299447
1299448
1299449
1299450
1299451
1299452
1299453
1299454
1299507
1299508
1299509
1299510
1299511
1299512
1299513
1299514
1299515
1299516
1299517
1299518
1299519
1299520
1299521
1299522
1299523
1299524
1299525
1299526
1299527
1299528
1299529
1299530
1299531
1299532
1299559
1299560
1299561
1299562
1299563
1299564
1299565
1299566
1299567
1299568
1299569
1299570
1299571
1299572
1299573
1299574
1299575
1299576
1299577
1299578
1299579
1299580
1299581
1299582
1299583
1299584
1299585
1299586
1299587
1299588
1299589
1299590
1299591
1299592
1299593
1299594
1299595
1299596
1299597
1299598
1299599
1299600
1299601
1299602
1299603
1299604
1299605
1299606
1299607
1299608
1299609
1299610
1299637
1299638
1299639
1299640
1299641
1299642
1299643
1299644
1299645
1299646
1299647
1299648
1299649
1299650
1299651
1299652
1299653
1299654
1299655
1299656
1299657
1299658
1299659
1299660
1299661
1299662
1299663
1299664
1299665
1299666
1299667
1299668
1299669
1299670
1299671
1299672
1299673
1299674
1299675
1299676
1299677
1299678
1299679
1299680
1299681
1299682
1299683
1299684
1299685
1299686
1299687
1299688
1299715
1299716
1299717
1299718
1299719
1299720
1299721
1299722
1299723
1299724
1299725
1299726
1299727
1299728
1299729
1299730
1299731
1299732
1299733
1299734
1299735
1299736
1299737
1299738
1299739
1299740
1299793
1299794
1299795
1299796
1299797
1299798
1299799
1299800
1299801
1299802
1299803
1299804
1299805
1299806
1299807
1299808
1299809
1299810
1299811
1299812
1299813
1299814
1299815
1299816
1299817
1299818
1299845
1299846
1299847
1299848
1299849
1299850
1299851
1299852
1299853
1299854
1299855
1299856
1299857
1299858
1299859
1299860
1299861
1299862
1299863
1299864
1299865
1299866
1299867
1299868
1299869
1299870
1299871
1299872
1299873
1299874
1299875
1299876
1299877
1299878
1299879
1299880
1299881
1299882
1299883
1299884
1299885
1299886
1299887
1299888
1299889
1299890
1299891
1299892
1299893
1299894
1299895
1299896
1299923
1299924
1299925
1299926
1299927
1299928
1299929
1299930
1299931
1299932
1299933
1299934
1299935
1299936
1299937
1299938
1299939
1299940
1299941
1299942
1299943
1299944
1299945
1299946
1299947
1299948
