141493
141494
141495
141496
141497
141498
141499
141500
141501
141502
141503
141505
141506
141507
141508
141509
141510
141511
141512
141513
141514
141515
141516
141517
141518
141519
141520
141521
141522
141523
141524
141525
141526
141527
141528
141529
141530
141531
141532
141533
141534
141535
141536
141537
141538
141539
141540
141541
141542
141543
141544
141597
141598
141599
141600
141601
141602
141603
141604
141605
141606
141607
141608
141609
141610
141611
141612
141613
141614
141615
141616
141617
141618
141619
141620
141621
141622
141623
141625
141626
141627
141628
141629
141630
141631
141632
141633
141634
141635
141636
141637
141638
141640
141641
141642
141643
141644
141645
141646
141647
141648
141701
141702
141703
141704
141705
141706
141707
141708
141709
141710
141711
141712
141713
141714
141715
141716
141717
141718
141719
141720
141721
141722
141723
141724
141725
141726
141727
141728
141730
141731
141732
141733
141734
141735
141736
141737
141738
141739
141740
141741
141742
141743
141744
141745
141746
141747
141748
141749
141750
141751
141752
141753
141754
141755
141756
141757
141758
141759
141760
141761
141762
141763
141764
141765
141766
141767
141768
141769
141770
141771
141772
141773
141774
141775
141776
141777
141778
141779
141780
141781
141782
141783
141784
141785
141786
141787
141788
141789
141790
141791
141792
141793
141794
141795
141796
141797
141798
141799
141800
141801
141802
141803
141804
141805
141807
141808
141809
141810
141811
141812
141813
141814
141815
141816
141817
141818
141819
141820
141821
141822
141823
141824
141825
141826
141827
141828
141829
141830
141857
141858
141859
141860
141861
141862
141863
141864
141865
141866
141867
141868
141869
141870
141871
141872
141873
141874
141875
141876
141877
141878
141879
141880
141881
141882
141883
141884
141885
141886
141887
141888
141889
141890
141891
141892
141893
141894
141895
141896
141897
141898
141899
141900
141901
141902
141903
141904
141905
141906
141907
141908
141909
141910
141911
141912
141913
141914
141915
141916
141917
141918
141919
141920
141921
141922
141923
141924
141925
141926
141927
141928
141929
141930
141931
141933
141935
141936
141937
141938
141939
141940
141941
141942
141943
141944
141945
141946
141947
141948
141949
141950
141951
141952
141953
141954
141955
141956
141957
141958
141959
141960
142039
142040
142041
142042
142043
142044
142045
142046
142047
142048
142049
142050
142051
142052
142053
142054
142055
142056
142057
142058
142059
142060
142061
142062
142063
142064
142117
142118
142119
142120
142121
142122
142123
142124
142125
142126
142127
142128
142129
142130
142131
142132
142133
142134
142135
142136
142137
142138
142139
142140
142141
142142
142143
142144
142145
142146
142147
142148
142149
142150
142151
142152
142153
142154
142155
142156
142157
142158
142159
142160
142161
142162
142163
142164
142165
142166
142167
142168
142170
142171
142172
142173
142174
142175
142176
142177
142178
142179
142180
142181
142182
142183
142184
142185
142186
142187
142188
142189
142190
142191
142192
142193
142194
142195
142196
142197
142198
142199
142200
142201
142202
142203
142204
142205
142206
142207
142208
142209
142210
142211
142212
142213
142214
142215
142216
142218
142219
142220
142247
142248
142249
142250
142251
142252
142253
142254
142255
142256
142257
142258
142259
142260
142261
142262
142263
142264
142265
142266
142267
142268
142269
142270
142271
142272
142429
142430
142431
142432
142433
142434
142435
142436
142437
142438
142439
142440
142441
142442
142443
142444
142445
142446
142447
142448
142449
142450
142451
142452
142453
142454
142456
142457
142458
142459
142460
142461
142462
142463
142464
142465
142466
142467
142468
142469
142470
142471
142472
142473
142474
142475
142476
142477
142478
142479
142480
142481
142483
142484
142485
142486
142487
142488
142489
142490
142491
142492
142493
142494
142495
142496
142497
142498
142499
142500
142501
142502
142503
142504
142505
142506
142585
142586
142587
142588
142589
142590
142591
142592
142593
142594
142595
142596
142597
142598
142599
142600
142601
142602
142603
142604
142605
142606
142607
142608
142609
142610
142613
142614
142615
142616
142617
142618
142619
142620
142621
142622
142623
142624
142625
142626
142627
142628
142629
142630
142631
142632
142633
142634
142635
142636
142663
142664
142665
142666
142667
142668
142669
142670
142671
142672
142673
142674
142675
142676
142677
142678
142679
142680
142681
142682
142683
142684
142685
142686
142687
142688
142715
142716
142717
142718
142719
142720
142721
142722
142723
142724
142725
142726
142727
142728
142729
142730
142731
142732
142733
142734
142735
142736
142737
142738
142739
142740
142742
142744
142745
142746
142747
142748
142749
142750
142751
142752
142753
142754
142755
142756
142757
142758
142759
142760
142761
142762
142763
142764
142765
142766
142819
142820
142821
142822
142823
142824
142825
142826
142827
142828
142829
142830
142831
142832
142833
142834
142835
142836
142837
142838
142839
142840
142841
142842
142843
142844
142871
142872
142873
142874
142875
142876
142877
142878
142879
142880
142881
142882
142883
142884
142885
142886
142887
142888
142889
142890
142891
142892
142893
142894
142895
142896
142898
142899
142900
142901
142902
142903
142904
142905
142906
142907
142908
142909
142910
142911
142912
142913
142914
142915
142916
142917
142918
142919
142920
142921
142922
142949
142950
142951
142952
142953
142954
142955
142956
142957
142958
142959
142960
142961
142962
142963
142964
142965
142966
142967
142968
142969
142970
142971
142972
142973
142974
142975
142976
142977
142978
142979
142980
142981
142982
142983
142984
142985
142987
142988
142989
142990
142991
142992
142993
142994
142995
142996
142997
142998
142999
143000
143053
143054
143055
143056
143057
143058
143059
143060
143061
143062
143063
143064
143065
143066
143067
143068
143069
143070
143071
143072
143073
143074
143075
143076
143077
143078
143080
143081
143082
143083
143084
143085
143086
143087
143088
143089
143090
143091
143092
143093
143094
143095
143096
143097
143098
143099
143100
143101
143102
143103
143104
143131
143132
143133
143134
143135
143136
143137
143138
143139
143140
143141
143142
143143
143144
143145
143146
143147
143148
143149
143150
143151
143152
143153
143154
143155
143156
143157
143158
143159
143160
143161
143162
143163
143164
143165
143166
143167
143168
143169
143170
143171
143172
143173
143174
143175
143176
143177
143178
143179
143180
143181
143182
143235
143236
143237
143238
143239
143240
143241
143242
143243
143244
143245
143246
143247
143248
143249
143250
143251
143252
143253
143254
143255
143256
143257
143258
143259
143260
143313
143314
143315
143316
143318
143319
143320
143321
143322
143323
143324
143325
143326
143327
143328
143329
143330
143331
143332
143333
143334
143335
143336
143337
143338
143391
143392
143393
143394
143395
143396
143397
143398
143399
143400
143401
143402
143403
143404
143405
143406
143407
143408
143409
143410
143411
143412
143413
143414
143415
143416
143443
143444
143445
143446
143447
143448
143449
143450
143451
143452
143453
143454
143455
143456
143457
143458
143459
143460
143461
143462
143463
143464
143465
143466
143467
143468
143495
143496
143497
143498
143499
143500
143501
143502
143503
143504
143505
143506
143507
143508
143509
143510
143511
143512
143513
143514
143515
143516
143517
143518
143519
143520
143521
143524
143525
143526
143527
143528
143529
143530
143531
143532
143533
143534
143535
143536
143537
143538
143539
143540
143541
143542
143543
143544
143545
143546
143547
143548
143549
143550
143551
143552
143553
143554
143555
143556
143557
143558
143560
143561
143562
143563
143564
143565
143566
143567
143568
143569
143570
143571
143572
143574
143577
143578
143579
143580
143581
143582
143583
143584
143585
143586
143587
143588
143589
143590
143591
143592
143593
143594
143595
143596
143597
143598
143600
143601
143602
143603
143604
143605
143606
143607
143608
143609
143610
143611
143612
143613
143614
143615
143616
143617
143618
143619
143620
143621
143622
143623
143624
143729
143730
143731
143732
143733
143734
143735
143736
143737
143738
143739
143740
143741
143742
143743
143744
143745
143746
143747
143748
143749
143750
143751
143752
143753
143754
143755
143756
143757
143758
143759
143760
143761
143762
143763
143764
143765
143766
143767
143768
143769
143770
143771
143772
143773
143774
143775
143776
143777
143778
143779
143780
143833
143834
143835
143836
143837
143838
143839
143840
143841
143842
143843
143844
143845
143846
143847
143848
143849
143850
143851
143852
143853
143854
143855
143856
143857
143858
143885
143886
143887
143888
143889
143890
143891
143892
143893
143894
143895
143896
143897
143898
143899
143900
143901
143902
143903
143904
143905
143906
143907
143908
143909
143910
143937
143938
143939
143940
143941
143942
143943
143944
143945
143946
143947
143948
143949
143950
143951
143952
143953
143954
143955
143956
143957
143958
143959
143960
143961
143962
143989
143990
143991
143992
143993
143994
143995
143996
143997
143998
143999
144000
144001
144002
144003
144004
144005
144006
144007
144008
144009
144010
144011
144012
144013
144014
144041
144042
144043
144044
144045
144046
144047
144048
144049
144050
144051
144052
144053
144054
144055
144056
144057
144058
144059
144060
144061
144062
144063
144064
144065
144066
144067
144068
144069
144070
144071
144072
144073
144074
144075
144076
144077
144078
144079
144080
144081
144082
144083
144084
144085
144086
144087
144088
144089
144090
144091
144092
144119
144120
144121
144122
144123
144124
144125
144126
144127
144128
144129
144130
144131
144132
144133
144134
144135
144136
144137
144138
144139
144140
144141
144142
144143
144144
144145
144146
144148
144149
144150
144151
144152
144153
144154
144155
144156
144157
144158
144159
144160
144161
144162
144163
144164
144165
144166
144167
144168
144169
144170
144197
144198
144199
144200
144201
144202
144203
144204
144205
144206
144207
144208
144209
144210
144211
144212
144213
144214
144215
144216
144217
144218
144219
144220
144221
144222
144327
144328
144329
144330
144331
144332
144333
144334
144335
144336
144337
144338
144339
144340
144341
144342
144343
144344
144345
144346
144347
144348
144349
144350
144351
144352
144405
144406
144407
144408
144409
144410
144411
144412
144413
144414
144415
144416
144417
144418
144419
144420
144421
144422
144423
144424
144425
144426
144427
144428
144429
144430
144431
144432
144433
144434
144435
144436
144437
144439
144440
144441
144442
144443
144444
144445
144446
144447
144448
144449
144450
144451
144452
144453
144454
144455
144456
144483
144484
144485
144486
144487
144488
144489
144490
144491
144492
144493
144494
144495
144496
144497
144498
144500
144501
144502
144503
144504
144505
144506
144507
144508
144535
144536
144537
144538
144539
144540
144541
144542
144543
144544
144545
144546
144547
144548
144549
144550
144551
144553
144554
144555
144556
144557
144558
144559
144560
144561
144562
144563
144564
144565
144566
144567
144568
144569
144570
144571
144572
144573
144574
144575
144576
144577
144578
144579
144580
144581
144582
144583
144584
144585
144586
144613
144614
144615
144616
144617
144618
144619
144620
144621
144622
144623
144624
144625
144626
144627
144628
144629
144630
144632
144633
144634
144635
144636
144637
144638
144665
144666
144667
144668
144669
144670
144671
144672
144673
144674
144675
144676
144677
144678
144679
144680
144681
144682
144683
144684
144685
144687
144688
144689
144690
144692
144694
144695
144696
144697
144698
144699
144700
144701
144702
144703
144704
144705
144706
144707
144708
144709
144710
144711
144712
144713
144714
144715
144716
144743
144744
144745
144746
144747
144748
144749
144750
144751
144752
144753
144754
144755
144756
144757
144758
144759
144760
144761
144762
144763
144764
144765
144766
144767
144768
144795
144796
144797
144798
144799
144800
144801
144802
144803
144804
144805
144806
144807
144808
144809
144810
144811
144812
144813
144814
144815
144816
144817
144818
144819
144820
144847
144848
144849
144850
144851
144852
144853
144854
144855
144856
144857
144858
144859
144860
144861
144862
144863
144864
144865
144866
144867
144868
144869
144870
144872
144925
144926
144927
144928
144929
144930
144931
144932
144933
144934
144935
144936
144937
144938
144939
144940
144941
144942
144943
144944
144945
144946
144947
144948
144949
144950
145055
145056
145057
145058
145059
145060
145061
145062
145063
145064
145065
145066
145067
145068
145069
145070
145071
145072
145073
145074
145075
145076
145077
145078
145079
145080
145107
145108
145109
145110
145111
145112
145113
145114
145115
145116
145117
145118
145119
145120
145121
145122
145123
145124
145125
145126
145127
145128
145129
145130
145131
145132
145159
145160
145161
145162
145163
145164
145165
145166
145167
145168
145169
145170
145171
145172
145173
145174
145175
145176
145177
145178
145179
145180
145181
145182
145183
145184
145237
145238
145239
145240
145241
145242
145243
145244
145245
145246
145247
145248
145249
145250
145251
145252
145253
145254
145255
145256
145257
145258
145259
145260
145261
145262
145263
145264
145265
145266
145269
145270
145271
145272
145273
145274
145275
145276
145277
145278
145279
145280
145281
145282
145283
145284
145285
145286
145287
145288
145341
145342
145343
145344
145345
145346
145347
145348
145349
145350
145351
145352
145353
145354
145356
145357
145358
145359
145360
145361
145362
145364
145365
145366
145367
145368
145369
145370
145371
145372
145373
145374
145375
145377
145378
145379
145380
145381
145382
145383
145384
145385
145386
145387
145388
145389
145390
145391
145392
145497
145498
145499
145500
145501
145502
145503
145504
145505
145506
145507
145508
145509
145511
145512
145513
145514
145515
145516
145517
145518
145519
145520
145521
145522
145549
145550
145551
145552
145553
145554
145555
145556
145557
145558
145559
145560
145561
145562
145563
145564
145565
145566
145567
145568
145569
145570
145571
145573
145574
145576
145577
145578
145579
145580
145581
145582
145584
145585
145586
145587
145588
145589
145590
145591
145592
145593
145594
145595
145596
145597
145598
145599
145600
145602
145603
145605
145606
145607
145608
145609
145610
145611
145612
145613
145614
145615
145616
145617
145618
145619
145620
145621
145622
145623
145624
145625
145626
145627
145628
145629
145630
145632
145633
145635
145636
145637
145638
145639
145640
145641
145642
145643
145644
145645
145646
145647
145648
145649
145650
145651
145652
145653
145654
145655
145656
145658
145659
145660
145661
145662
145663
145664
145665
145666
145667
145668
145669
145670
145671
145672
145675
145676
145677
145678
145731
145733
145734
145735
145736
145737
145738
145739
145740
145741
145742
145743
145744
145745
145746
145747
145748
145749
145750
145751
145752
145753
145754
145755
145756
145809
145810
145811
145812
145813
145814
145815
145816
145817
145818
145819
145820
145821
145822
145823
145824
145825
145826
145827
145828
145829
145830
145831
145832
145833
145834
145913
145914
145915
145916
145917
145918
145919
145920
145921
145922
145923
145924
145925
145926
145927
145928
145929
145930
145931
145932
145933
145934
145935
145936
145937
145939
145941
145942
145943
145944
145945
145946
145947
145948
145949
145950
145951
145952
145953
145954
145955
145956
145957
145958
145959
145960
145961
145962
145963
145964
145991
145992
145993
145994
145995
145996
145997
145998
145999
146000
146001
146002
146003
146004
146005
146006
146007
146008
146009
146010
146011
146012
146013
146014
146015
146016
146017
146019
146021
146022
146023
146024
146025
146026
146027
146028
146029
146030
146031
146032
146033
146034
146035
146036
146037
146038
146039
146040
146041
146042
146069
146070
146071
146072
146073
146074
146075
146076
146077
146078
146079
146080
146081
146082
146083
146084
146085
146086
146087
146088
146089
146090
146091
146092
146093
146094
146097
146100
146101
146102
146103
146104
146105
146106
146107
146108
146109
146110
146111
146112
146113
146114
146115
146116
146117
146118
146119
146120
146147
146148
146149
146150
146151
146152
146153
146154
146155
146156
146157
146158
146159
146160
146161
146162
146163
146164
146165
146166
146167
146168
146169
146170
146171
146172
146174
146175
146176
146177
146178
146179
146180
146181
146182
146183
146184
146185
146186
146187
146188
146189
146190
146191
146192
146193
146194
146195
146196
146197
146198
146200
146202
146203
146204
146205
146206
146207
146208
146209
146210
146211
146212
146213
146214
146215
146216
146217
146218
146219
146220
146221
146222
146223
146224
146329
146330
146331
146332
146333
146334
146335
146336
146337
146338
146339
146340
146341
146342
146343
146344
146345
146346
146347
146348
146349
146350
146351
146352
146353
146354
146381
146382
146383
146384
146385
146386
146387
146388
146389
146390
146391
146392
146393
146394
146395
146396
146397
146398
146399
146400
146401
146402
146403
146404
146405
146406
146433
146434
146435
146436
146437
146438
146439
146440
146441
146442
146443
146444
146445
146446
146447
146448
146449
146450
146451
146452
146453
146454
146455
146456
146457
146458
146563
146564
146565
146566
146567
146568
146569
146570
146571
146572
146573
146574
146575
146576
146577
146578
146579
146580
146581
146582
146583
146584
146585
146586
146587
146588
146615
146616
146617
146619
146620
146621
146622
146623
146624
146625
146626
146628
146629
146630
146631
146632
146633
146634
146636
146637
146638
146639
146640
146641
146642
