151725
151726
151727
151728
151729
151730
151731
151732
151733
151734
151735
151736
151737
151738
151740
151741
151742
151743
151744
151745
151746
151747
151748
151749
151750
151751
151752
151753
151754
151755
151756
151757
151758
151759
151760
151761
151762
151815
151816
151817
151818
151819
151820
151821
151822
151823
151824
151825
151826
151827
151828
151829
151830
151831
151832
151833
151834
151835
151836
151837
151838
151839
151840
151919
151920
151921
151922
151923
151924
151925
151926
151927
151928
151929
151930
151931
151932
151933
151934
151935
151936
151937
151938
151939
151940
151941
151942
151943
151944
151997
151998
151999
152000
152001
152002
152003
152004
152005
152006
152007
152008
152009
152010
152011
152012
152013
152014
152015
152016
152017
152018
152019
152020
152022
152101
152102
152103
152104
152105
152106
152107
152108
152109
152110
152111
152112
152113
152114
152115
152116
152117
152118
152119
152120
152121
152122
152123
152124
152125
152126
152179
152180
152181
152182
152183
152184
152185
152186
152187
152188
152189
152190
152191
152192
152193
152194
152195
152196
152197
152198
152199
152200
152201
152202
152203
152204
152231
152232
152233
152234
152235
152236
152237
152238
152239
152240
152241
152242
152243
152244
152245
152246
152247
152248
152249
152250
152251
152252
152253
152254
152255
152256
152283
152284
152285
152286
152287
152288
152289
152290
152291
152292
152293
152294
152295
152296
152297
152298
152299
152300
152301
152302
152303
152304
152305
152306
152307
152308
152309
152310
152311
152312
152313
152314
152315
152316
152317
152318
152319
152320
152321
152322
152323
152324
152325
152326
152327
152328
152329
152330
152332
152333
152334
152361
152362
152363
152364
152365
152366
152367
152368
152369
152370
152371
152372
152373
152374
152375
152376
152378
152379
152380
152381
152382
152383
152384
152385
152386
152413
152414
152415
152416
152417
152418
152419
152420
152421
152422
152423
152424
152425
152426
152427
152428
152429
152430
152431
152432
152433
152434
152435
152436
152437
152438
152439
152440
152441
152443
152444
152445
152446
152447
152448
152449
152450
152451
152452
152453
152454
152455
152456
152457
152458
152459
152460
152461
152462
152463
152464
152491
152492
152493
152494
152495
152496
152497
152498
152499
152500
152501
152502
152503
152504
152505
152506
152507
152508
152509
152510
152511
152512
152513
152514
152515
152516
152543
152544
152545
152546
152547
152548
152549
152550
152551
152552
152553
152554
152555
152556
152557
152558
152559
152560
152561
152562
152563
152564
152565
152566
152567
152568
152595
152596
152597
152598
152599
152600
152602
152603
152604
152605
152606
152607
152608
152609
152610
152611
152612
152613
152614
152615
152616
152617
152618
152619
152620
152621
152623
152624
152625
152626
152627
152628
152629
152630
152631
152632
152633
152634
152635
152636
152637
152638
152639
152640
152641
152642
152643
152644
152645
152646
152699
152700
152701
152702
152703
152704
152705
152706
152707
152708
152709
152710
152711
152712
152713
152714
152715
152716
152717
152718
152719
152720
152721
152722
152723
152724
152726
152728
152729
152730
152731
152732
152733
152734
152735
152736
152737
152738
152739
152740
152741
152742
152743
152744
152745
152746
152747
152748
152749
152750
152752
152753
152754
152755
152756
152757
152758
152759
152760
152761
152762
152763
152764
152765
152766
152767
152768
152769
152770
152771
152772
152773
152774
152775
152776
152777
152780
152781
152782
152783
152784
152785
152786
152787
152788
152789
152790
152791
152792
152793
152794
152795
152796
152797
152798
152799
152800
152801
152802
152855
152856
152857
152858
152859
152860
152861
152862
152863
152864
152865
152866
152867
152868
152869
152870
152871
152872
152873
152874
152875
152876
152877
152878
152879
152880
152907
152908
152909
152910
152911
152912
152913
152914
152915
152916
152917
152918
152919
152920
152921
152922
152923
152924
152925
152926
152927
152928
152929
152930
152931
152932
152933
152935
152936
152937
152938
152940
152941
152942
152943
152944
152945
152946
152947
152948
152949
152950
152951
152952
152953
152954
152955
152956
152957
152958
152959
152960
152961
152962
152963
152964
152965
152966
152967
152968
152969
152970
152971
152972
152973
152974
152975
152976
152977
152978
152979
152980
152981
152982
152983
152984
153011
153012
153013
153014
153015
153016
153017
153018
153019
153020
153021
153022
153023
153024
153025
153026
153027
153028
153029
153030
153031
153032
153033
153034
153035
153036
153037
153038
153039
153040
153041
153042
153043
153044
153045
153046
153047
153048
153049
153050
153051
153052
153053
153054
153055
153056
153057
153058
153059
153060
153061
153062
153141
153142
153143
153144
153145
153146
153147
153148
153149
153150
153151
153152
153153
153154
153155
153156
153157
153158
153159
153160
153161
153162
153163
153164
153165
153166
153219
153220
153221
153222
153223
153224
153225
153226
153227
153228
153229
153230
153231
153232
153233
153234
153235
153236
153237
153238
153239
153240
153241
153242
153243
153244
153245
153246
153247
153248
153250
153251
153252
153253
153254
153255
153256
153257
153258
153259
153260
153261
153262
153263
153264
153265
153266
153267
153268
153269
153270
153272
153275
153276
153279
153280
153281
153282
153283
153284
153285
153286
153287
153288
153289
153290
153291
153292
153293
153294
153295
153296
153323
153324
153325
153326
153327
153328
153329
153330
153331
153332
153333
153334
153335
153336
153337
153338
153339
153340
153341
153342
153343
153344
153345
153346
153347
153348
153349
153350
153351
153352
153353
153354
153355
153356
153357
153358
153359
153360
153361
153362
153363
153364
153365
153366
153367
153368
153369
153370
153371
153372
153373
153374
153401
153402
153403
153404
153405
153406
153407
153408
153409
153410
153411
153412
153413
153414
153415
153416
153417
153418
153419
153420
153421
153422
153423
153425
153426
153427
153428
153429
153430
153431
153432
153433
153434
153435
153436
153437
153438
153439
153440
153441
153442
153443
153444
153445
153446
153447
153448
153449
153450
153451
153452
153531
153532
153533
153534
153535
153536
153537
153538
153539
153540
153541
153542
153543
153544
153545
153546
153547
153548
153549
153550
153551
153552
153553
153554
153555
153556
153583
153584
153585
153586
153587
153588
153589
153590
153591
153592
153593
153594
153595
153596
153597
153598
153599
153600
153601
153602
153603
153604
153605
153606
153607
153608
153635
153636
153637
153638
153639
153640
153641
153642
153643
153644
153645
153646
153647
153648
153649
153650
153651
153652
153653
153654
153655
153656
153657
153658
153659
153660
153661
153662
153663
153664
153665
153666
153667
153668
153669
153670
153671
153672
153673
153674
153675
153676
153677
153678
153679
153680
153681
153682
153683
153684
153685
153686
153687
153688
153690
153691
153692
153693
153694
153695
153696
153697
153698
153699
153700
153701
153702
153703
153704
153705
153706
153707
153708
153709
153710
153711
153712
153739
153740
153741
153742
153743
153744
153745
153746
153747
153748
153749
153750
153751
153752
153753
153754
153755
153756
153757
153758
153759
153760
153761
153762
153763
153764
153765
153768
153769
153770
153771
153772
153773
153774
153775
153776
153777
153778
153779
153780
153781
153782
153783
153784
153785
153786
153787
153788
153789
153790
153817
153818
153819
153820
153821
153822
153823
153824
153825
153826
153827
153828
153829
153830
153831
153832
153833
153834
153835
153836
153837
153838
153839
153840
153841
153842
153843
153844
153846
153847
153848
153849
153850
153851
153852
153853
153854
153855
153856
153857
153858
153859
153860
153861
153862
153863
153864
153865
153866
153867
153868
153895
153896
153897
153898
153899
153900
153901
153902
153903
153904
153905
153906
153907
153908
153909
153910
153911
153912
153913
153914
153915
153916
153917
153918
153919
153920
153947
153948
153949
153950
153951
153952
153953
153954
153955
153956
153957
153958
153959
153960
153961
153962
153963
153964
153965
153966
153967
153968
153969
153970
153971
153972
153977
153978
153979
153980
153981
153982
153983
153984
153985
153986
153987
153988
153989
153990
153991
153992
153993
153995
153996
153997
153998
153999
154000
154001
154002
154003
154004
154005
154006
154007
154008
154009
154010
154011
154012
154013
154014
154015
154016
154017
154018
154019
154020
154021
154022
154023
154024
154051
154052
154053
154054
154055
154056
154057
154058
154059
154060
154061
154062
154063
154064
154065
154066
154067
154068
154069
154070
154071
154072
154073
154074
154075
154076
154103
154104
154105
154106
154107
154108
154109
154110
154111
154112
154113
154114
154115
154116
154117
154118
154119
154120
154121
154122
154123
154124
154125
154126
154127
154128
154155
154156
154157
154158
154159
154160
154161
154162
154163
154164
154165
154166
154167
154168
154169
154170
154171
154172
154173
154174
154175
154176
154177
154178
154179
154180
154207
154208
154209
154210
154211
154212
154213
154214
154215
154216
154217
154218
154219
154220
154221
154222
154223
154224
154225
154226
154227
154228
154229
154230
154231
154232
154234
154235
154236
154237
154238
154239
154240
154241
154242
154243
154244
154245
154246
154247
154248
154249
154250
154251
154252
154253
154254
154255
154256
154257
154258
154259
154260
154261
154262
154263
154264
154265
154266
154267
154268
154269
154270
154271
154272
154273
154274
154275
154276
154277
154278
154279
154280
154281
154282
154283
154284
154285
154286
154287
154288
154289
154290
154291
154292
154293
154294
154295
154296
154297
154298
154299
154300
154301
154302
154303
154304
154305
154306
154307
154308
154309
154310
154337
154338
154339
154340
154341
154342
154343
154344
154345
154346
154347
154348
154349
154350
154351
154352
154353
154354
154355
154356
154357
154358
154359
154360
154361
154362
154441
154442
154443
154444
154445
154446
154447
154448
154449
154450
154451
154452
154453
154454
154455
154456
154457
154458
154459
154460
154461
154462
154463
154464
154465
154466
154467
154468
154469
154470
154471
154472
154473
154474
154475
154476
154477
154478
154479
154480
154481
154482
154483
154484
154485
154486
154487
154488
154489
154490
154491
154492
154495
154496
154498
154499
154500
154501
154502
154503
154504
154505
154506
154507
154508
154509
154510
154511
154512
154513
154514
154515
154516
154517
154518
154545
154546
154547
154548
154549
154550
154551
154552
154553
154554
154555
154556
154557
154558
154559
154560
154561
154562
154563
154564
154565
154566
154567
154568
154569
154570
154623
154624
154625
154626
154627
154628
154629
154630
154631
154632
154633
154634
154635
154636
154637
154638
154639
154640
154641
154642
154643
154644
154645
154646
154647
154648
154649
154652
154653
154654
154655
154656
154657
154658
154659
154660
154661
154662
154663
154664
154665
154666
154667
154668
154669
154670
154671
154672
154673
154674
154701
154702
154703
154704
154705
154706
154707
154708
154709
154710
154711
154712
154713
154714
154715
154716
154717
154718
154719
154720
154721
154722
154723
154724
154725
154726
154727
154728
154729
154730
154732
154733
154734
154735
154736
154737
154738
154739
154740
154741
154742
154743
154744
154746
154747
154748
154749
154750
154751
154752
154755
154756
154757
154758
154759
154760
154761
154762
154763
154764
154765
154766
154767
154768
154769
154770
154771
154772
154773
154774
154775
154776
154777
154778
154780
154781
154783
154784
154785
154786
154787
154788
154789
154790
154791
154792
154793
154794
154795
154796
154797
154798
154799
154800
154801
154802
154803
154804
154883
154884
154885
154886
154887
154888
154889
154890
154891
154892
154893
154894
154895
154896
154897
154899
154900
154901
154902
154903
154904
154905
154907
154908
154909
154910
154911
154912
154913
154915
154916
154917
154918
154919
154920
154921
154922
154923
154924
154925
154926
154927
154928
154929
154930
154931
154932
154933
154934
154961
154962
154963
154964
154965
154966
154967
154968
154969
154971
154972
154973
154974
154975
154976
154977
154978
154979
154980
154981
154982
154984
154985
154986
155013
155014
155015
155016
155017
155018
155019
155020
155021
155022
155023
155024
155025
155026
155027
155028
155029
155030
155031
155032
155033
155034
155035
155036
155037
155038
155065
155066
155067
155068
155069
155070
155071
155072
155073
155074
155075
155076
155077
155078
155079
155080
155081
155082
155083
155084
155085
155086
155087
155088
155089
155090
155092
155093
155094
155095
155096
155097
155098
155099
155100
155101
155102
155103
155104
155105
155106
155107
155108
155109
155110
155111
155112
155113
155114
155115
155116
155117
155118
155119
155120
155123
155124
155125
155126
155127
155128
155129
155130
155131
155132
155133
155134
155135
155136
155137
155138
155139
155140
155141
155142
155169
155170
155171
155172
155173
155174
155175
155176
155177
155178
155179
155180
155181
155182
155183
155184
155185
155186
155187
155188
155189
155190
155191
155192
155193
155194
155197
155198
155199
155200
155201
155202
155203
155204
155205
155206
155207
155208
155209
155210
155211
155212
155213
155214
155215
155216
155217
155218
155219
155220
155273
155274
155275
155276
155277
155278
155279
155280
155281
155282
155283
155284
155285
155286
155287
155288
155289
155290
155291
155292
155293
155294
155295
155296
155297
155298
155325
155326
155327
155328
155329
155330
155331
155332
155333
155334
155335
155336
155337
155338
155339
155340
155341
155342
155343
155344
155345
155346
155347
155348
155349
155350
155351
155355
155356
155357
155358
155359
155360
155361
155362
155363
155364
155365
155366
155367
155368
155369
155370
155371
155372
155373
155374
155375
155376
155403
155404
155405
155406
155407
155408
155409
155410
155411
155412
155413
155414
155415
155416
155417
155418
155419
155420
155421
155422
155423
155424
155425
155426
155427
155428
155481
155482
155483
155484
155485
155486
155487
155488
155489
155490
155491
155492
155493
155494
155495
155496
155497
155498
155499
155500
155501
155502
155503
155504
155505
155506
155509
155510
155511
155512
155513
155514
155515
155516
155517
155518
155519
155520
155521
155522
155523
155524
155525
155526
155527
155528
155529
155530
155531
155532
155533
155534
155535
155536
155537
155538
155539
155540
155541
155542
155543
155544
155545
155546
155547
155548
155549
155550
155551
155552
155553
155554
155555
155556
155557
155558
155637
155638
155639
155640
155641
155642
155643
155644
155645
155646
155647
155648
155649
155650
155651
155652
155653
155654
155655
155656
155657
155658
155659
155660
155661
155662
155663
155664
155665
155666
155668
155669
155670
155671
155672
155673
155674
155675
155676
155677
155678
155679
155680
155681
155682
155683
155684
155685
155686
155687
155688
155793
155794
155795
155796
155797
155798
155799
155800
155801
155802
155803
155805
155806
155807
155808
155809
155810
155811
155812
155813
155814
155815
155816
155817
155818
155871
155872
155873
155874
155875
155876
155877
155878
155879
155880
155881
155882
155883
155884
155885
155886
155887
155888
155889
155890
155891
155892
155893
155894
155895
155896
155897
155900
155901
155902
155903
155904
155905
155906
155907
155908
155909
155910
155911
155912
155913
155914
155915
155916
155917
155918
155919
155920
155921
155922
155975
155977
155978
155979
155980
155981
155982
155983
155984
155985
155986
155987
155988
155989
155990
155991
155992
155993
155994
155995
155996
155997
155998
155999
156000
156053
156054
156055
156056
156057
156058
156059
156060
156061
156062
156063
156064
156065
156066
156067
156068
156069
156070
156071
156072
156073
156074
156075
156076
156077
156078
156105
156106
156107
156108
156109
156110
156111
156112
156113
156116
156117
156119
156120
156121
156122
156123
156124
156125
156126
156127
156128
156129
156130
156183
156184
156185
156186
156187
156188
156189
156190
156191
156192
156193
156194
156195
156196
156197
156198
156199
156200
156201
156202
156203
156204
156205
156206
156207
156208
156210
156213
156214
156215
156216
156217
156218
156219
156220
156221
156222
156223
156224
156225
156226
156227
156228
156229
156230
156231
156232
156233
156234
156261
156262
156263
156264
156265
156266
156267
156268
156269
156270
156271
156272
156273
156274
156275
156276
156277
156278
156279
156280
156281
156282
156283
156284
156285
156286
156287
156288
156290
156291
156292
156293
156294
156295
156296
156297
156298
156299
156300
156301
156302
156303
156304
156305
156306
156307
156308
156309
156310
156311
156312
156339
156340
156341
156342
156343
156344
156345
156346
156347
156348
156349
156350
156351
156352
156353
156354
156355
156356
156357
156358
156359
156360
156361
156362
156363
156364
156469
156470
156471
156472
156473
156474
156475
156476
156477
156478
156479
156480
156481
156482
156483
156484
156485
156486
156487
156488
156489
156490
156491
156492
156493
156494
156495
156496
156497
156498
156499
156501
156502
156503
156504
156505
156506
156507
156508
156509
156510
156511
156512
156513
156514
156515
156516
156517
156518
156519
156520
156522
156524
156525
156526
156527
156528
156529
156530
156531
156532
156533
156534
156535
156536
156537
156538
156539
156540
156541
156542
156543
156544
156545
156546
156573
156574
156575
156576
156577
156578
156579
156580
156581
156582
156583
156584
156585
156586
156587
156588
156589
156590
156591
156592
156593
156594
156595
156596
156597
156598
156625
156626
156627
156628
156629
156630
156631
156632
156633
156634
156635
156636
156637
156638
156639
156640
156641
156642
156643
156644
156645
156646
156647
156648
156649
156650
156703
156704
156705
156706
156707
156708
156709
156710
156711
156712
156713
156714
156715
156716
156717
156718
156719
156720
156721
156722
156723
156724
156725
156726
156727
156728
156729
156730
156731
156732
156733
156734
156735
156736
156737
156738
156739
156740
156741
156742
156743
156744
156745
156746
156747
156748
156749
156750
156751
156752
156753
156754
156756
156757
156758
156759
156760
156761
156762
156763
156764
156765
156766
156767
156768
156769
156770
156771
156772
156773
156774
156775
156776
156777
156778
156779
156780
156781
156782
156783
156784
156785
156787
156788
156789
156790
156791
156792
156793
156794
156795
156796
156797
156798
156799
156800
156801
156802
156803
156804
156805
156806
156807
156808
156810
156812
156814
156815
156816
156817
156818
156819
156820
156821
156822
156825
156826
156828
156829
156830
156831
156832
156833
156835
156836
156838
156839
156840
156841
156843
156844
156847
156848
156849
156850
156851
156852
156857
156858
156885
156886
156888
156889
156890
156891
156892
156893
156895
156896
156897
156898
156899
156900
156901
156902
156903
156904
156905
156906
156908
156909
156910
156911
156912
156918
156919
156921
156922
156923
156924
156926
156927
156928
156929
156930
156932
156933
156934
156935
156963
156964
156967
156971
156972
156973
156974
156975
156976
156979
156981
