162033
162034
162035
162036
162037
162038
162039
162040
162041
162042
162043
162045
162046
162047
162048
162049
162050
162051
162052
162053
162054
162055
162056
162057
162058
162060
162061
162062
162063
162064
162065
162066
162067
162068
162069
162070
162071
162072
162073
162074
162075
162076
162077
162078
162079
162080
162081
162082
162083
162084
162111
162112
162113
162114
162115
162116
162117
162118
162119
162120
162121
162122
162123
162124
162125
162127
162128
162129
162130
162131
162132
162133
162134
162135
162136
162163
162164
162165
162166
162167
162168
162169
162171
162172
162173
162174
162175
162176
162177
162178
162179
162180
162181
162182
162183
162184
162185
162186
162187
162188
162190
162191
162192
162193
162194
162195
162196
162197
162198
162199
162200
162201
162202
162203
162204
162205
162206
162207
162208
162209
162210
162211
162212
162213
162214
162216
162217
162218
162219
162220
162221
162222
162223
162224
162225
162226
162227
162228
162229
162230
162231
162232
162233
162234
162235
162236
162237
162238
162239
162240
162267
162268
162269
162270
162271
162272
162273
162274
162275
162276
162277
162278
162279
162280
162281
162282
162283
162284
162285
162286
162287
162288
162289
162290
162291
162292
162319
162320
162321
162322
162323
162324
162325
162326
162327
162328
162329
162330
162331
162332
162333
162334
162335
162336
162337
162338
162339
162340
162341
162342
162343
162344
162371
162372
162373
162374
162375
162376
162377
162378
162379
162380
162382
162383
162384
162385
162386
162387
162388
162389
162390
162391
162392
162393
162394
162395
162396
162397
162398
162399
162400
162401
162402
162403
162404
162405
162406
162407
162408
162409
162410
162411
162412
162413
162414
162415
162416
162417
162418
162419
162420
162421
162422
162424
162425
162426
162427
162428
162429
162430
162431
162432
162433
162434
162435
162436
162437
162438
162439
162441
162442
162443
162444
162445
162446
162447
162448
162475
162476
162477
162478
162479
162480
162481
162482
162483
162484
162485
162486
162487
162488
162489
162490
162491
162492
162493
162495
162496
162497
162498
162499
162500
162502
162503
162504
162505
162506
162507
162508
162509
162510
162511
162512
162513
162514
162515
162516
162517
162518
162519
162520
162521
162522
162523
162524
162525
162526
162527
162528
162529
162530
162531
162532
162533
162534
162535
162536
162537
162538
162539
162540
162541
162542
162543
162544
162545
162546
162547
162548
162549
162550
162551
162552
162579
162580
162581
162582
162583
162584
162585
162586
162587
162588
162589
162590
162591
162592
162593
162594
162595
162596
162597
162598
162599
162600
162601
162602
162603
162604
162631
162632
162633
162634
162635
162637
162638
162639
162640
162641
162642
162643
162644
162645
162646
162647
162648
162649
162650
162651
162652
162653
162654
162655
162656
162657
162658
162659
162660
162661
162662
162663
162664
162665
162666
162667
162668
162669
162670
162671
162672
162673
162674
162675
162676
162677
162678
162679
162680
162681
162682
162735
162736
162737
162738
162739
162740
162741
162742
162743
162744
162745
162746
162747
162748
162749
162750
162751
162752
162753
162754
162755
162756
162757
162758
162759
162760
162761
162762
162763
162764
162765
162766
162767
162768
162769
162770
162771
162772
162773
162774
162775
162776
162777
162778
162779
162780
162781
162782
162783
162784
162785
162786
162787
162788
162789
162790
162791
162792
162793
162794
162795
162796
162797
162798
162799
162800
162801
162802
162803
162804
162805
162806
162807
162808
162809
162810
162811
162812
162813
162815
162816
162817
162818
162819
162820
162821
162822
162823
162824
162825
162826
162827
162828
162829
162830
162831
162832
162833
162834
162835
162836
162837
162838
162865
162866
162867
162868
162869
162870
162871
162872
162873
162874
162875
162876
162877
162878
162879
162880
162881
162882
162883
162884
162885
162886
162887
162888
162889
162890
162943
162944
162945
162946
162947
162948
162949
162950
162951
162952
162953
162954
162955
162956
162957
162958
162959
162960
162961
162962
162963
162964
162965
162966
162967
162968
162969
162970
162971
162972
162973
162974
162975
162976
162977
162978
162979
162980
162981
162982
162983
162984
162985
162986
162987
162988
162989
162990
162991
162992
162993
162994
163021
163022
163023
163024
163025
163026
163027
163028
163029
163030
163031
163032
163033
163034
163035
163036
163037
163038
163039
163040
163041
163042
163043
163044
163045
163046
163099
163100
163101
163102
163103
163104
163105
163106
163107
163108
163109
163110
163111
163112
163113
163114
163115
163116
163117
163118
163119
163120
163121
163122
163123
163124
163125
163126
163127
163128
163129
163130
163131
163132
163133
163134
163135
163136
163137
163138
163139
163140
163141
163142
163143
163144
163145
163146
163147
163148
163149
163150
163333
163334
163335
163336
163337
163338
163339
163340
163341
163342
163343
163344
163345
163346
163347
163348
163349
163350
163351
163352
163353
163354
163355
163356
163357
163358
163489
163490
163491
163492
163493
163494
163495
163496
163497
163498
163499
163500
163501
163502
163503
163504
163505
163506
163507
163508
163509
163510
163511
163512
163513
163514
163541
163542
163543
163544
163545
163546
163547
163548
163549
163550
163551
163552
163553
163554
163555
163556
163557
163558
163559
163560
163561
163562
163563
163564
163565
163566
163568
163569
163570
163571
163572
163573
163574
163575
163576
163577
163578
163579
163580
163581
163582
163583
163584
163585
163586
163587
163588
163589
163590
163591
163592
163619
163620
163621
163622
163623
163624
163625
163626
163627
163628
163629
163630
163631
163632
163633
163634
163635
163636
163637
163638
163639
163640
163641
163642
163643
163644
163646
163649
163650
163651
163652
163653
163654
163655
163657
163658
163659
163660
163661
163662
163663
163664
163665
163666
163667
163668
163669
163670
163671
163672
163673
163674
163675
163676
163677
163679
163680
163681
163682
163685
163686
163687
163688
163689
163690
163691
163692
163693
163694
163695
163696
163749
163750
163751
163752
163753
163754
163755
163756
163757
163758
163759
163760
163761
163762
163763
163764
163765
163766
163767
163768
163769
163770
163771
163772
163773
163774
163775
163777
163778
163779
163780
163781
163782
163783
163784
163785
163786
163787
163788
163789
163790
163791
163792
163793
163794
163795
163796
163797
163798
163799
163800
163801
163802
163803
163804
163805
163806
163807
163808
163809
163810
163811
163812
163813
163814
163815
163816
163817
163818
163819
163820
163821
163822
163823
163824
163825
163826
163957
163958
163959
163960
163961
163962
163963
163964
163965
163966
163967
163968
163969
163970
163971
163972
163973
163974
163975
163976
163977
163978
163979
163980
163981
163982
163983
163984
163985
163986
163987
163988
163989
163990
163991
163992
163993
163994
163995
163996
163997
163998
163999
164000
164001
164002
164003
164004
164005
164006
164007
164008
164009
164010
164011
164013
164015
164016
164017
164018
164019
164020
164021
164022
164023
164024
164025
164026
164027
164028
164029
164030
164031
164032
164033
164034
164061
164062
164063
164064
164065
164066
164067
164068
164069
164070
164071
164072
164073
164074
164075
164076
164077
164078
164079
164080
164081
164082
164083
164084
164085
164086
164087
164090
164091
164092
164093
164094
164095
164096
164097
164098
164099
164100
164101
164102
164103
164104
164105
164106
164107
164108
164109
164110
164111
164112
164165
164166
164167
164168
164169
164170
164171
164172
164173
164174
164175
164176
164177
164178
164179
164180
164181
164182
164183
164184
164185
164186
164187
164188
164189
164190
164191
164192
164193
164194
164195
164196
164197
164198
164199
164200
164201
164202
164203
164204
164205
164206
164207
164208
164209
164210
164211
164212
164213
164214
164215
164216
164218
164219
164221
164222
164223
164224
164225
164226
164227
164228
164229
164230
164231
164232
164233
164234
164235
164236
164237
164238
164239
164240
164241
164242
164295
164296
164297
164298
164299
164300
164301
164302
164303
164304
164305
164306
164307
164308
164309
164310
164311
164312
164313
164314
164315
164316
164317
164318
164319
164320
164322
164323
164324
164325
164326
164327
164328
164329
164330
164331
164332
164333
164334
164335
164336
164337
164338
164339
164340
164341
164342
164343
164344
164345
164346
164373
164374
164375
164376
164377
164378
164379
164380
164381
164382
164383
164384
164385
164387
164388
164389
164390
164391
164392
164393
164394
164395
164396
164397
164398
164399
164401
164403
164404
164405
164406
164407
164408
164409
164411
164412
164413
164414
164415
164416
164417
164418
164419
164420
164421
164422
164423
164424
164426
164427
164428
164429
164430
164431
164432
164433
164434
164435
164436
164437
164438
164439
164440
164441
164442
164443
164444
164445
164446
164447
164448
164449
164450
164477
164478
164479
164480
164481
164482
164483
164484
164485
164487
164488
164489
164490
164491
164492
164493
164494
164495
164496
164497
164498
164499
164500
164501
164502
164633
164634
164635
164636
164637
164638
164639
164640
164641
164642
164643
164644
164645
164646
164647
164648
164649
164650
164651
164652
164653
164654
164655
164656
164657
164658
164685
164686
164687
164688
164689
164690
164691
164692
164693
164694
164695
164696
164697
164698
164699
164700
164701
164702
164703
164704
164705
164706
164707
164708
164709
164710
164737
164738
164739
164740
164741
164742
164743
164744
164745
164746
164747
164748
164749
164750
164751
164752
164753
164754
164755
164756
164757
164758
164759
164760
164761
164762
164841
164842
164843
164844
164845
164846
164847
164848
164849
164850
164851
164852
164853
164854
164855
164856
164857
164858
164859
164860
164861
164862
164863
164865
164866
164893
164894
164895
164896
164897
164898
164899
164900
164901
164902
164903
164904
164905
164906
164907
164908
164909
164910
164911
164912
164913
164914
164915
164916
164917
164918
164945
164946
164948
164949
164950
164951
164952
164953
164954
164955
164956
164957
164958
164959
164960
164961
164962
164963
164964
164965
164966
164967
164968
164969
164970
164971
164972
164973
164974
164975
164979
164980
164981
164982
164983
164984
164985
164986
164987
164988
164989
164990
164991
164992
164993
164994
164995
164996
165049
165050
165051
165052
165053
165054
165055
165056
165057
165058
165059
165060
165061
165062
165063
165064
165065
165066
165067
165068
165069
165070
165071
165072
165073
165074
165075
165076
165077
165079
165080
165081
165082
165083
165084
165085
165086
165087
165088
165089
165090
165091
165092
165093
165094
165095
165096
165097
165098
165099
165100
165127
165128
165129
165130
165131
165132
165133
165134
165135
165136
165137
165138
165139
165140
165141
165142
165143
165144
165145
165146
165147
165148
165149
165150
165151
165152
165205
165206
165207
165208
165209
165210
165211
165212
165213
165214
165215
165216
165217
165218
165219
165220
165221
165223
165224
165225
165226
165227
165228
165229
165230
165232
165234
165235
165236
165237
165238
165239
165240
165241
165242
165243
165244
165245
165246
165247
165248
165249
165250
165251
165252
165253
165254
165255
165256
165259
165260
165261
165262
165263
165264
165265
165266
165267
165268
165269
165270
165271
165273
165274
165275
165276
165277
165278
165279
165280
165281
165282
165309
165310
165311
165312
165313
165315
165316
165317
165318
165319
165320
165321
165322
165323
165324
165325
165326
165327
165328
165329
165330
165331
165332
165333
165334
165361
165362
165363
165364
165365
165366
165367
165368
165369
165370
165371
165372
165373
165375
165376
165377
165378
165379
165380
165381
165382
165383
165384
165385
165386
165388
165389
165390
165391
165392
165393
165394
165395
165396
165397
165398
165399
165400
165401
165402
165403
165404
165405
165406
165407
165408
165409
165410
165411
165412
165413
165414
165415
165416
165417
165418
165419
165420
165421
165422
165423
165424
165425
165426
165427
165428
165429
165430
165431
165432
165433
165434
165435
165436
165437
165438
165439
165440
165441
165442
165443
165444
165445
165446
165447
165448
165449
165450
165451
165452
165453
165454
165455
165456
165457
165458
165459
165460
165461
165462
165463
165464
165517
165518
165519
165520
165521
165522
165523
165524
165525
165526
165527
165528
165529
165530
165531
165532
165533
165534
165535
165536
165537
165538
165539
165540
165541
165542
165543
165544
165545
165546
165547
165548
165549
165550
165551
165552
165553
165554
165555
165556
165557
165558
165559
165560
165561
165562
165563
165564
165565
165566
165567
165568
165569
165570
165571
165572
165573
165574
165575
165576
165577
165578
165579
165580
165581
165582
165583
165584
165585
165586
165587
165588
165590
165591
165592
165593
165594
165621
165622
165623
165624
165625
165626
165627
165628
165630
165631
165632
165633
165634
165635
165636
165637
165638
165639
165640
165641
165642
165643
165644
165645
165646
165699
165700
165701
165703
165704
165705
165706
165707
165708
165709
165710
165711
165712
165714
165715
165716
165718
165719
165721
165722
165723
165724
165725
165726
165727
165728
165729
165730
165731
165732
165733
165734
165735
165736
165737
165738
165739
165740
165741
165742
165743
165744
165745
165746
165747
165749
165750
165777
165778
165780
165781
165782
165783
165784
165785
165786
165787
165788
165789
165790
165791
165792
165793
165794
165795
165796
165797
165798
165799
165800
165801
165802
165881
165882
165883
165884
165885
165886
165887
165888
165889
165890
165891
165893
165894
165895
165896
165897
165898
165899
165901
165902
165903
165904
165905
165906
165934
165935
165937
165938
165939
165940
165942
165943
165944
165945
165946
165948
165949
165950
165951
165952
165953
165955
165956
165957
165958
165959
165960
165961
165962
165963
165964
165965
165966
165967
165968
165970
165971
165972
165973
165974
165975
165976
165977
165978
165980
165981
165982
165983
165984
166011
166012
166013
166014
166015
166016
166017
166018
166019
166020
166021
166022
166023
166024
166025
166026
166027
166028
166029
166030
166031
166032
166033
166034
166035
166036
166089
166090
166091
166092
166093
166094
166095
166096
166097
166098
166099
166100
166101
166102
166103
166104
166105
166106
166107
166108
166109
166110
166111
166112
166113
166114
166115
166116
166117
166118
166119
166120
166121
166122
166123
166124
166125
166126
166127
166128
166129
166130
166131
166132
166133
166134
166135
166136
166137
166138
166139
166140
166167
166168
166169
166170
166171
166172
166173
166174
166175
166176
166177
166178
166179
166180
166181
166182
166183
166184
166185
166186
166187
166188
166189
166190
166191
166192
166245
166246
166247
166248
166249
166250
166251
166252
166253
166254
166255
166256
166257
166258
166259
166260
166261
166262
166263
166264
166265
166266
166267
166268
166269
166270
166271
166272
166274
166275
166276
166277
166279
166280
166281
166282
166283
166284
166285
166286
166287
166288
166289
166290
166291
166292
166293
166294
166295
166296
166323
166324
166325
166326
166327
166328
166329
166330
166331
166332
166333
166334
166335
166336
166337
166338
166339
166340
166341
166342
166343
166344
166345
166346
166347
166348
166453
166454
166455
166456
166457
166458
166459
166460
166461
166462
166463
166464
166465
166466
166467
166468
166469
166470
166471
166472
166473
166474
166475
166476
166477
166478
166505
166506
166507
166508
166509
166510
166511
166512
166513
166514
166515
166516
166517
166518
166519
166520
166521
166522
166523
166524
166525
166526
166527
166528
166529
166530
166531
166532
166533
166534
166535
166536
166537
166538
166539
166540
166541
166542
166543
166545
166547
166548
166552
166553
166554
166556
166609
166610
166611
166612
166613
166615
166616
166617
166618
166619
166620
166622
166623
166624
166625
166626
166627
166629
166630
166631
166634
166635
166636
166637
166641
166642
166643
166644
166646
166647
166648
166649
166650
166651
166652
166653
166654
166655
166656
166657
166658
166659
166660
