166687
166688
166689
166690
166691
166692
166693
166694
166695
166696
166697
166698
166699
166700
166701
166702
166703
166704
166705
166706
166707
166708
166709
166710
166711
166712
166713
166714
166715
166716
166717
166718
166719
166720
166721
166722
166723
166724
166725
166726
166727
166728
166729
166730
166731
166732
166733
166734
166735
166736
166737
166738
166765
166766
166767
166768
166769
166770
166771
166772
166773
166774
166775
166776
166777
166778
166779
166780
166781
166782
166783
166784
166785
166786
166787
166788
166789
166790
166791
166792
166793
166794
166795
166796
166797
166798
166799
166800
166801
166802
166803
166804
166805
166806
166807
166808
166809
166810
166811
166812
166813
166814
166815
166816
166817
166818
166819
166820
166821
166822
166823
166824
166825
166826
166827
166828
166829
166830
166831
166832
166833
166834
166836
166837
166838
166839
166840
166841
166842
166921
166922
166923
166924
166925
166926
166927
166928
166929
166930
166931
166932
166933
166934
166935
166936
166937
166938
166939
166940
166941
166942
166943
166944
166945
166946
166973
166974
166975
166976
166977
166978
166979
166980
166981
166982
166983
166984
166985
166986
166987
166988
166989
166990
166991
166992
166993
166994
166995
166996
166997
166998
166999
167001
167002
167003
167004
167005
167006
167007
167008
167009
167010
167011
167012
167013
167014
167015
167016
167017
167018
167019
167020
167022
167023
167024
167051
167052
167053
167054
167055
167056
167057
167058
167059
167060
167061
167062
167063
167064
167065
167066
167067
167068
167069
167070
167071
167072
167073
167074
167075
167076
167077
167078
167079
167080
167081
167082
167083
167084
167085
167086
167087
167088
167089
167090
167091
167092
167093
167094
167095
167096
167097
167098
167099
167100
167101
167102
167155
167156
167157
167158
167159
167160
167161
167162
167163
167164
167165
167166
167167
167168
167169
167170
167171
167172
167173
167174
167175
167176
167177
167178
167179
167180
167181
167182
167183
167184
167185
167186
167187
167188
167189
167190
167191
167192
167193
167194
167195
167196
167197
167199
167200
167201
167202
167203
167204
167205
167206
167207
167209
167210
167211
167212
167213
167214
167215
167216
167217
167218
167219
167220
167221
167222
167223
167224
167225
167226
167227
167228
167229
167230
167231
167232
167285
167286
167287
167288
167290
167291
167292
167293
167294
167295
167296
167297
167298
167299
167300
167301
167302
167303
167304
167305
167306
167307
167308
167309
167310
167337
167338
167339
167340
167341
167342
167343
167344
167345
167346
167347
167348
167349
167350
167351
167352
167353
167354
167355
167356
167357
167358
167359
167360
167361
167362
167389
167390
167391
167392
167393
167394
167395
167396
167397
167398
167399
167400
167401
167402
167403
167404
167405
167406
167407
167408
167409
167410
167411
167412
167413
167414
167416
167417
167418
167419
167420
167421
167422
167423
167424
167425
167426
167427
167428
167429
167430
