167431
167432
167433
167434
167435
167436
167437
167438
167439
167440
167441
167442
167443
167444
167445
167446
167447
167448
167449
167450
167451
167452
167453
167454
167455
167456
167457
167458
167459
167460
167461
167462
167463
167464
167465
167466
167493
167494
167495
167496
167498
167499
167500
167501
167502
167503
167504
167505
167506
167507
167508
167509
167510
167511
167512
167513
167514
167515
167516
167517
167518
167519
167520
167521
167522
167523
167524
167525
167526
167527
167528
167529
167530
167531
167532
167533
167534
167535
167536
167537
167538
167539
167540
167541
167542
167543
167571
167572
167573
167574
167575
167576
167577
167578
167579
167580
167581
167582
167583
167584
167585
167586
167587
167588
167589
167590
167591
167592
167593
167594
167595
167596
167623
167624
167625
167626
167627
167628
167629
167630
167631
167632
167633
167634
167635
167636
167637
167638
167639
167640
167641
167642
167643
167644
167645
167646
167647
167648
167701
167702
167703
167704
167705
167706
167707
167708
167709
167710
167711
167712
167713
167714
167715
167716
167717
167718
167719
167720
167721
167722
167723
167724
167725
167726
167753
167754
167755
167756
167757
167759
167760
167761
167762
167763
167764
167765
167766
167767
167768
167769
167771
167772
167773
167774
167775
167776
167777
167778
167779
167780
167781
167782
167783
167784
167785
167786
167787
167788
167789
167790
167791
167792
167793
167794
167795
167796
167797
167798
167799
167800
167801
167802
167803
167804
167805
167806
167807
167808
167809
167810
167811
167812
167813
167814
167815
167816
167817
167818
167819
167820
167821
167823
167824
167825
167826
167827
167828
167830
167909
167910
167911
167912
167913
167914
167915
167916
167917
167918
167919
167920
167921
167922
167923
167924
167925
167926
167927
167928
167929
167930
167932
167933
167934
167961
167962
167963
167964
167965
167966
167967
167969
167970
167971
167972
167973
167974
167975
167976
167978
167979
167980
167981
167982
167983
167984
167985
167986
167987
167988
167989
167990
167993
167994
167995
167996
167997
167998
167999
168000
168001
168002
168003
168004
168005
168006
168007
168008
168009
168010
168011
168012
168039
168040
168042
168043
168044
168045
168046
168047
168048
168050
168051
168052
168053
168054
168055
168056
168057
168058
168060
168061
168062
168063
168064
168091
168092
168093
168094
168095
168096
168097
168098
168099
168100
168101
168102
168103
168104
168105
168106
168107
168108
168109
168110
168111
168112
168113
168114
168115
168116
168118
168119
168120
168122
168123
168124
168125
168126
168127
168128
168129
168130
168131
168132
168133
168134
168135
168136
168137
168138
168139
168140
168141
168142
168195
168196
168197
168198
168199
168200
168201
168202
168203
168204
168205
168206
168207
168208
168209
168210
168211
168212
168213
168214
168215
168216
168217
168218
168219
168220
168221
168222
168223
168224
168225
168226
168227
168228
168229
168230
168231
168232
168233
168234
168235
168236
168237
168238
168239
168240
168241
168242
168243
168244
168245
168246
168299
168300
168301
168302
168303
168304
168305
168306
168307
168308
168309
168310
168311
168312
168313
168314
168315
168316
168317
168318
168319
168320
168321
168322
168323
168324
168325
168326
168327
168328
168329
168330
168331
168332
168333
168334
168335
168336
168337
168338
168339
168340
168341
168342
168343
168344
168345
168346
168347
168348
168349
168350
168403
168404
168405
168406
168407
168408
168409
168410
168411
168412
168413
168414
168415
168416
168417
168418
168419
168420
168421
168422
168423
168424
168425
168426
168427
168428
168429
168430
168431
168432
168433
168434
168435
168436
168437
168438
168439
168440
168441
168442
168443
168444
168445
168446
168447
168448
168449
168450
168451
168452
168453
168454
168507
168508
168509
168510
168511
168512
168513
168514
168515
168516
168517
168518
168519
168520
168521
168522
168523
168524
168525
168526
168527
168528
168529
168530
168531
168532
