168663
168664
168665
168666
168667
168668
168669
168670
168671
168672
168673
168674
168675
168676
168677
168678
168679
168680
168681
168683
168684
168685
168686
168687
168688
168741
168742
168743
168744
168745
168746
168747
168748
168749
168750
168751
168752
168753
168754
168755
168756
168757
168758
168759
168760
168761
168762
168763
168764
168765
168766
168871
168872
168873
168874
168875
168876
168877
168878
168879
168880
168881
168882
168883
168884
168885
168886
168887
168888
168889
168890
168891
168892
168893
168894
168895
168896
168897
168898
168899
168900
168901
168902
168903
168904
168905
168906
168907
168908
168909
168910
168911
168912
168913
168914
168915
168916
168917
168918
168919
168920
168921
168922
168924
168925
168926
168927
168928
168929
168930
168931
168932
168933
168934
168935
168936
168937
168938
168939
168940
168941
168942
168943
168944
168945
168946
168947
168948
168975
168976
168977
168978
168979
168980
168981
168982
168983
168984
168985
168986
168987
168988
168989
168990
168991
168992
168993
168994
168995
168996
168997
168998
168999
169000
169001
169002
169003
169004
169005
169006
169007
169008
169009
169010
169011
169012
169013
169014
169015
169016
169017
169018
169019
169020
169021
169022
169023
169024
169025
169026
169053
169054
169055
169056
169057
169058
169059
169060
169061
169062
169063
169064
169065
169066
169067
169068
169069
169070
169071
169072
169073
169074
169075
169076
169077
169078
169080
169081
169082
169083
169084
169085
169086
169087
169088
169089
169090
169091
169092
169093
169094
169095
169096
169097
169098
169099
169100
169101
169102
169103
169104
169209
169210
169211
169212
169213
169214
169215
169216
169217
169218
169219
169220
169221
169222
169223
169224
169225
169226
169227
169228
169229
169230
169231
169232
169233
169234
169236
169237
169238
169239
169240
169241
169242
169243
169244
169245
169246
169247
169248
169249
169250
169251
169252
169253
169254
169255
169256
169257
169258
169259
169260
169287
169288
169289
169290
169291
169292
169293
169294
169295
169296
169297
169298
169299
169300
169301
169302
169303
169304
169305
169306
169307
169308
169309
169310
169311
169312
169314
169315
169316
169317
169318
169319
169320
169321
169322
169323
169324
169325
169326
169327
169328
169329
169330
169331
169332
169333
169334
169335
169336
169337
169338
169339
169340
169341
169342
169343
169344
169345
169346
169347
169348
169349
169350
169351
169352
169353
169354
169355
169356
169357
169358
169359
169360
169361
169363
169364
169391
169392
169393
169394
169395
169396
169397
169398
169399
169400
169401
169402
169403
169404
169405
169406
169407
169408
169409
169410
169411
169412
169413
169414
169415
169416
169417
169418
169419
169420
169421
169422
169423
169424
169425
169426
169427
169428
169429
169430
169431
169432
169433
169434
169435
169436
169437
169438
169439
169440
169441
169442
169443
169444
169445
169446
169447
169448
169449
169450
169451
169452
169453
169454
169455
169456
169457
169458
169459
169460
169461
169462
169463
169464
169465
169466
169467
169468
169625
169626
169627
169628
169629
169630
169631
169632
169633
169634
169635
169636
169637
169638
169639
169640
169641
169642
169643
169644
169645
169646
169647
169648
169649
169650
169703
169704
169705
169706
169707
169708
169709
169710
169711
169712
169713
169714
169715
169716
169717
169718
169719
169720
169721
169722
169723
169724
169725
169726
169727
169728
169781
169782
169783
169784
169785
169786
169787
169788
169789
169790
169791
169792
169793
169794
169795
169796
169797
169798
169799
169800
169801
169802
169803
169804
169805
169806
169885
169886
169887
169888
169889
169890
169891
169892
169893
169894
169895
169896
169897
169898
169899
169900
169901
169902
169903
169904
169905
169906
169907
169908
169909
169910
169911
169912
169913
169914
169915
169916
169917
169918
169919
169920
169921
169922
169923
169924
169925
169926
169927
169928
169929
169930
169931
169932
169933
169934
169935
169936
169963
169964
169965
169967
169968
169969
169970
169971
169972
169973
169974
169975
169976
169977
169978
169979
169980
169981
169982
169983
169984
169985
169986
169987
169988
169990
169991
169992
169993
169994
169995
169996
169997
169998
169999
170000
170001
170002
170003
170004
170005
170006
170007
170008
170009
170010
170011
170012
170013
170014
170041
170042
170043
170044
170045
170046
170047
170048
170049
170050
170051
170052
170053
170054
170055
170056
170057
170058
170059
170060
170061
170062
170063
170064
170065
170066
170069
170070
170071
170072
170073
170074
170075
170076
170077
170078
170079
170080
170081
170082
170083
170084
170085
170086
170087
170088
170089
170090
170091
170092
170145
170146
170147
170148
170149
170150
170151
170152
170153
170154
170155
170156
170157
170158
170159
170160
170161
170162
170163
170164
170165
170166
170167
170168
170169
170170
170223
170224
170225
170226
170227
170228
170229
170230
170231
170232
170233
170234
170235
170236
170237
170238
170239
170240
170241
170242
170243
170245
170246
170247
170248
170250
170251
170252
170253
170254
170255
170256
170257
170258
170259
170260
170261
170262
170263
170264
170265
170266
170267
170268
170269
170270
170271
170272
170273
170274
170276
170277
170278
170279
170280
170281
170282
170283
170284
170285
170286
170287
170288
170289
170290
170291
170292
170293
170294
170295
170296
170297
170298
170299
170300
170327
170328
170329
170330
170331
170332
170333
170334
170335
170336
170337
170338
170339
170340
170341
170342
170343
170344
170345
170346
170347
170348
170349
170350
170351
170352
170354
170355
170356
170357
170358
170359
170360
170361
170362
170363
170364
170365
170366
170367
170368
170369
170370
170371
170372
170373
170374
170375
170376
170377
170378
170431
170432
170433
170434
170435
170436
170437
170438
170439
170440
170441
170442
170443
170444
170445
170446
170447
170448
170449
170450
170451
170452
170453
170454
170455
170456
170457
170459
170460
170461
170462
170463
170464
170465
170466
170467
170468
170469
170470
170471
170472
170473
170475
170476
170477
170478
170479
170480
170481
170482
170484
170485
170486
170487
170488
170489
170490
170491
170493
170494
170495
170496
170497
170498
170499
170500
170501
170502
170503
170504
170505
170506
170507
170508
170535
170536
170537
170538
170539
170540
170541
170542
170543
170544
170545
170546
170547
170548
170549
170550
170551
170552
170553
170554
170555
170556
170557
170558
170559
170560
170562
170564
170565
170566
170567
170568
170569
170570
170571
170572
170573
170574
170575
170576
170577
170578
170579
170580
170581
170582
170583
170584
170585
170586
170613
170614
170615
170616
170617
170618
170619
170620
170621
170622
170623
170624
170625
170626
170627
170628
170629
170630
170631
170632
170633
170634
170635
170636
170637
170638
170743
170744
170745
170746
170747
170748
170749
170750
170751
170752
170753
170754
170755
170756
170757
170758
170759
170760
170761
170762
170763
170764
170765
170766
170767
170768
170769
170770
170771
170772
170773
170774
170775
170776
170777
170778
170779
170780
170781
170782
170783
170784
170785
170786
170787
170788
170789
170790
170791
170792
170793
170794
170873
170874
170875
170876
170877
170878
170879
170880
170881
170882
170883
170884
170885
170886
170887
170888
170889
170890
170891
170892
170893
170894
170895
170896
170897
170898
170925
170926
170927
170928
170929
170930
170931
170932
170933
170934
170935
170936
170937
170938
170939
170940
170941
170942
170943
170944
170945
170946
170947
170948
170949
170950
170952
170953
170954
170955
170956
170957
170958
170959
170960
170961
170962
170963
170964
170965
170966
170967
170968
170969
170970
170971
170972
170973
170974
170975
170976
171003
171004
171005
171006
171007
171008
171009
171010
171011
171012
171013
171014
171015
171016
171017
171018
171019
171020
171021
171022
171023
171024
171025
171026
171027
171028
171133
171134
171135
171136
171137
171138
171139
171140
171141
171142
171143
171144
171145
171146
171147
171148
171149
171150
171151
171152
171153
171154
171155
171156
171157
171158
171159
171160
171163
171164
171165
171166
171167
171168
171169
171170
171171
171172
171173
171174
171175
171176
171177
171178
171179
171180
171181
171182
171183
171184
171185
171186
171187
171188
171189
171190
171191
171192
171193
171194
171195
171196
171197
171198
171199
171200
171201
171202
171203
171204
171205
171206
171207
171208
171209
171210
171289
171290
171291
171292
171293
171294
171295
171296
171297
171298
171299
171300
171301
171302
171303
171304
171305
171306
171307
171308
171309
171310
171311
171312
171313
171314
171315
171316
171317
171318
171319
171320
171321
171322
171323
171324
171325
171326
171327
171328
171329
171330
171331
171332
171333
171334
171335
171336
171337
171338
171339
171340
171393
171394
171395
171396
171397
171398
171399
171400
171401
171402
171403
171404
171405
171406
171407
171408
171409
171410
171411
171412
171413
171414
171415
171416
171417
171418
171420
171421
171422
171423
171425
171426
171427
171428
171429
171430
171431
171432
171433
171434
171435
171436
171437
171438
171440
171441
171443
171444
171471
171472
171473
171474
171475
171476
171477
171478
171479
171481
171482
171483
171484
171485
171486
171487
171488
171489
171490
171491
171492
171493
171494
171495
171496
171549
171550
171551
171552
171553
171554
171555
171556
171557
171558
171559
171560
171561
171562
171563
171564
171565
171566
171567
171568
171569
171570
171571
171572
171573
171574
171601
171602
171603
171604
171605
171606
171607
171608
171609
171610
171611
171612
171613
171614
171615
171616
171617
171618
171619
171620
171621
171622
171623
171624
171625
171626
171679
171680
171681
171682
171683
171684
171685
171686
171687
171688
171689
171690
171691
171692
171693
171694
171695
171696
171697
171698
171699
171700
171701
171702
171703
171704
171731
171732
171733
171734
171735
171736
171737
171738
171739
171740
171741
171742
171743
171744
171745
171746
171747
171748
171749
171750
171751
171752
171753
171754
171755
171756
171758
171760
171761
171762
171763
171764
171765
171766
171767
171768
171769
171770
171771
171772
171773
171774
171775
171776
171777
171778
171779
171780
171781
171782
171861
171862
171863
171864
171865
171866
171867
171868
171869
171870
171871
171872
171873
171874
171875
171876
171877
171878
171879
171880
171881
171882
171883
171884
171885
171886
171913
171914
171915
171916
171917
171918
171919
171920
171921
171922
171923
171924
171925
171926
171927
171928
171929
171930
171931
171932
171933
171934
171935
171936
171937
171938
171991
171992
171993
171994
171995
171996
171997
171998
171999
172000
172001
172002
172003
172004
172005
172006
172007
172008
172009
172011
172012
172013
172014
172015
172016
172017
172018
172019
172020
172021
172022
172023
172024
172026
172027
172028
172029
172030
172031
172032
172033
172034
172035
172036
172037
172038
172039
172040
172041
172042
172070
172071
172072
172073
172074
172075
172076
172077
172078
172079
172080
172082
172083
172084
172085
172086
172087
172088
172089
172090
172091
172092
172093
172094
172095
172096
172097
172098
172099
172100
172101
172102
172103
172104
172105
172106
172107
172108
172109
172111
172112
172113
172114
172115
172116
172117
172118
172119
172120
172147
172148
172149
172150
172151
172152
172153
172154
172155
172156
172157
172158
172159
172160
172161
172162
172163
172164
172165
172166
172167
172168
172169
172170
172171
172172
172173
172174
172175
172176
172178
172179
172180
172181
172182
172183
172184
172185
172186
172187
172188
172190
172191
172192
172193
172194
172195
172196
172197
172198
172225
172226
172227
172228
172229
172230
172231
172232
172233
172235
172236
172237
172238
172239
172240
172241
172242
172243
172244
172245
172246
172247
172248
172249
172250
172303
172304
172305
172306
172307
172308
172309
172310
172311
172312
172313
172314
172315
172316
172317
172318
172319
172320
172321
172322
172323
172324
172325
172326
172327
172328
172355
172356
172357
172358
172359
172360
172361
172362
172363
172364
172365
172366
172367
172368
172369
172370
172371
172372
172373
172374
172375
172376
172377
172378
172379
172381
172382
172384
172385
172386
172387
172388
172389
172390
172391
172392
172393
172394
172395
172396
172397
172398
172399
172400
172401
172402
172403
172404
172405
172406
172433
172434
172435
172436
172437
172438
172439
172440
172441
172442
172443
172444
172445
172446
172447
172448
172450
172451
172452
172453
172454
172455
172456
172457
172458
172459
172460
172461
172462
172463
172464
172465
172466
172467
172468
172469
172470
172471
172472
172473
172474
172475
172476
172477
172478
172480
172481
172482
172483
172484
172537
172538
172539
172540
172541
172542
172543
172544
172545
172546
172547
172548
172549
172550
172551
172552
172553
172555
172556
172557
172558
172559
172560
172561
172562
172563
172564
172565
172566
172567
172568
172569
172570
172571
172572
172573
172574
172575
172576
172577
172578
172579
172580
172581
172582
172583
172584
172585
172586
172587
172588
172615
172616
172617
172618
172619
172620
172621
172622
172623
172624
172625
172626
172627
172628
172629
172630
172631
172632
172633
172634
172635
172636
172637
172638
172639
172640
172719
172720
172721
172722
172723
172724
172725
172726
172727
172728
172729
172730
172731
172732
172733
172734
172735
172736
172737
172738
172739
172740
172741
172742
172743
172744
172823
172824
172825
172826
172827
172828
172829
172830
172831
172832
172833
172834
172835
172836
172837
172838
172839
172840
172841
172842
172843
172844
172845
172846
172847
172848
172876
172877
172879
172880
172881
172883
172884
172885
172886
172887
172888
172889
172890
172891
172892
172893
172894
172895
172896
172897
172898
172899
172900
172903
172904
172905
172906
172907
172908
172909
172910
172911
172912
172913
172914
172915
172916
172917
172918
172919
172920
172921
172922
172923
172924
172925
172926
172953
172954
172955
172956
172957
172958
172959
172960
172961
172962
172963
172964
172965
172966
172967
172968
172969
172970
172971
172972
172973
172974
172975
172976
172977
172978
173005
173006
173007
173008
173009
173010
173011
173012
173013
173014
173015
173016
173017
173018
173019
173020
173021
173022
173023
173024
173025
173026
173027
173028
173029
173030
173083
173084
173085
173086
173087
173088
173089
173090
173091
173092
173093
173094
173095
173096
173097
173098
173099
173100
173101
173102
173103
173104
173105
173106
173107
173108
173135
173136
173137
173138
173139
173140
173141
173142
173143
173144
173145
173146
173147
173148
173149
173150
173151
173152
173153
173154
173155
173156
173157
173158
173159
173160
173161
173162
173163
173164
173165
173166
173167
173168
173169
173170
173171
173172
173173
173174
173175
173176
173177
173178
173179
173180
173181
173183
173184
173185
173186
173213
173214
173215
173216
173217
173218
173220
173221
173223
173224
173225
173226
173227
173228
173229
173230
173231
173232
173233
173234
173236
173237
173238
173265
173267
173268
173269
173271
173272
173275
173276
173278
173279
173280
173282
173284
173287
173288
173290
173292
173295
173296
173297
173300
173301
173302
173303
173304
173305
173306
173307
173309
