173310
173311
173312
173313
173314
173315
173316
173343
173344
173345
173346
173347
173348
173349
173350
173351
173352
173353
173354
173355
173356
173357
173358
173359
173360
173361
173362
173363
173364
173365
173366
173367
173368
173421
173422
173424
173425
173426
173427
173428
173429
173430
173431
173432
173433
173434
173435
173436
173437
173438
173439
173440
173441
173442
173443
173444
173445
173446
173473
173474
173475
173476
173477
173478
173479
173480
173481
173483
173484
173485
173486
173487
173488
173489
173490
173491
173492
173493
173494
173495
173496
173497
173498
173499
173500
173501
173502
173503
173504
173505
173506
173507
173508
173509
173510
173511
173512
173513
173514
173515
173516
173517
173518
173519
173520
173521
173522
173523
173524
173551
173552
173553
173554
173555
173556
173557
173558
173559
173560
173561
173562
173563
173564
173565
173566
173567
173568
173569
173570
173571
173572
173573
173574
173575
173576
173603
173604
173605
173606
173607
173608
173609
173610
173611
173612
173613
173614
173615
173616
173617
173618
173619
173620
173621
173622
173623
173624
173625
173626
173627
173628
173655
173656
173657
173658
173659
173660
173661
173662
173663
173664
173665
173666
173667
173668
173669
173670
173671
173672
173673
173674
173675
173676
173677
173678
173679
173680
173707
173708
173709
173710
173711
173712
173713
173714
173715
173716
173717
173718
173719
173720
173721
173722
173723
173724
173725
173726
173727
173728
173729
173730
173731
173732
173759
173760
173761
173762
173763
173764
173765
173766
173767
173768
173769
173770
173771
173772
173773
173774
173775
173776
173777
173778
173779
173780
173781
173782
173783
173784
173811
173812
173813
173814
173815
173816
173817
173818
173819
173820
173821
173822
173823
173824
173825
173826
173827
173828
173829
173830
173831
173832
173833
173834
173835
173836
173889
173890
173891
173892
173893
173894
173895
173896
173897
173898
173899
173900
173901
173902
173903
173904
173905
173906
173907
173908
173909
173910
173911
173912
173913
173914
173917
173918
173919
173920
173921
173922
173923
173924
173925
173926
173927
173928
173929
173930
173931
173932
173933
173934
173935
173936
173937
173938
173939
173940
173967
173968
173969
173970
173971
173972
173973
173974
173975
173976
173977
173978
173979
173980
173981
173982
173983
173984
173985
173986
173987
173988
173989
173990
173991
173992
174045
174046
174047
174048
174049
174050
174051
174052
174054
174055
174056
174057
174058
174059
174060
174061
174062
174063
174064
174065
174066
174067
174068
174069
174070
174097
174098
174099
174100
174101
174102
174103
174104
174105
174106
174107
174108
174109
174110
174111
174112
174113
174114
174115
174116
174117
174118
174119
174120
174121
174122
174149
174150
174151
174152
174153
174154
174155
174156
174157
174158
174159
174160
174161
174162
174163
174164
174165
174166
174167
174168
174169
174170
174171
174172
174173
174174
174201
174202
174204
174205
174206
174207
174208
174209
174210
174211
174212
174213
174214
174215
174216
174217
174218
174219
174220
174221
174222
174223
174224
174225
174226
174253
174254
174255
174256
174257
174258
174259
174260
174261
174262
174263
174264
174265
174266
174267
174268
174269
174270
174271
174272
174273
174274
174275
174276
174277
174278
174280
174281
174282
174283
174284
174285
174286
174287
174288
174289
174290
174291
174292
174293
174294
174295
174296
174297
174298
174299
174300
174301
174302
174303
174304
174331
174332
174333
174334
174335
174336
174337
174338
174339
174340
174341
174342
174343
174344
174345
174346
174347
174348
174349
174350
174351
174352
174353
174354
174355
174356
174383
174384
174385
174386
174387
174388
174389
174390
174391
174392
174393
174394
174395
174396
174397
174398
174399
174400
174401
174402
174403
174404
174405
174406
174407
174408
174461
174462
174463
174464
174465
174466
174467
174468
174469
174470
174471
174472
174473
174474
174475
174476
174477
174478
174479
174480
174481
174482
174483
174484
174485
174486
174487
174488
174490
174491
174492
174493
174494
174495
174496
174497
174498
174499
174500
174501
174502
174503
174504
174505
174506
174507
174508
174509
174510
174511
174512
174539
174540
174541
174542
174543
174544
174545
174546
174547
174548
174549
174550
174551
174552
174553
174554
174555
174556
174557
174558
174559
174560
174561
174562
174563
174564
174591
174592
174593
174594
174595
174596
174597
174598
174599
174600
174601
174602
174603
174604
174605
174606
174607
174608
174609
174610
174611
174612
174613
174614
174615
174616
174643
174644
174645
174646
174647
174648
174649
174650
174651
174652
174653
174654
174655
174656
174657
174658
174659
174660
174661
174662
174663
174664
174665
174666
174667
174668
174695
174696
174697
174698
174699
174700
174701
174702
174703
174704
174705
174706
174707
174708
174709
174710
174711
174712
174713
174714
174715
174716
174717
174718
174719
174720
174747
174748
174749
174750
174751
174752
174753
174754
174755
174756
174757
174758
174759
174760
174761
174762
174763
174764
174765
174766
174767
174768
174769
174770
174771
174772
174799
174800
174801
174802
174803
174804
174805
174806
174807
174808
174809
174810
174811
174812
174813
174814
174815
174816
174817
174818
174819
174820
174821
174822
174823
174824
174877
174878
174879
174880
174881
174882
174883
174884
174885
174886
174887
174888
174889
174890
174891
174892
174893
174894
174895
174896
174897
174898
174899
174900
174901
174902
174929
174930
174931
174932
174933
174934
174935
174936
174937
174938
174939
174940
174941
174942
174943
174944
174945
174946
174947
174948
174949
174950
174951
174952
174953
174954
174981
174982
174983
174984
174985
174986
174987
174988
174989
174990
174991
174992
174993
174994
174995
174996
174997
174998
174999
175000
175001
175002
175003
175004
175005
175006
175008
175009
175010
175011
175012
175013
175014
175015
175016
175017
175018
175019
175020
175021
175022
175023
175024
175025
175026
175027
175029
175030
175031
175032
175085
175086
175087
175088
175089
175090
175091
175092
175093
175094
175096
175097
175098
175099
175100
175101
175102
175103
175104
175105
175106
175107
175108
175109
175110
175112
175113
175114
175115
175116
175117
175118
175119
175120
175121
175122
175123
175124
175125
175126
175127
175128
175129
175130
175131
175132
175133
175134
175135
175136
175163
175164
175165
175166
175167
175168
175169
175170
175171
175172
175173
175174
175175
175176
175177
175178
175179
175180
175181
175182
175183
175184
175185
175186
175187
175188
175241
175242
175243
175244
175245
175246
175247
175248
175249
175250
175251
175252
175253
175254
175255
175256
175257
175258
175259
175260
175261
175262
175263
175264
175265
175266
175293
175294
175295
175296
175297
175298
175299
175300
175301
175302
175303
175304
175305
175306
175307
175308
175309
175310
175311
175312
175313
175314
175315
175316
175317
175345
175346
175347
175348
175349
175350
175351
175352
175353
175354
175355
175356
175357
175358
175359
175360
175361
175362
175363
175364
175365
175366
175367
175368
175369
175370
175372
175374
175375
175377
175378
175379
175380
175381
175382
175383
175384
175385
175386
175387
175388
175389
175390
175391
175392
175393
175394
175395
175396
175423
175424
175425
175426
175427
175428
175429
175430
175431
175432
175433
175434
175435
175436
175437
175438
175439
175440
175441
175442
175443
175444
175445
175446
175447
175448
175475
175476
175477
175478
175479
175480
175481
175482
175483
175484
175485
175486
175487
175488
175489
175490
175491
175492
175493
175494
175495
175496
175497
175498
175499
175500
175553
175555
175556
175558
175559
175560
175561
175562
175563
175564
175565
175566
175567
175568
175569
175570
175571
175572
175573
175574
175575
175576
175577
175578
175605
175606
175607
175608
175609
175610
175611
175612
175613
175614
175615
175616
175617
175618
175619
175620
175621
175622
175623
175624
175625
175626
175627
175628
175629
175630
175657
175658
175659
175660
175661
175662
175663
175664
175665
175666
175667
175668
175669
175670
175671
175672
175673
175674
175675
175676
175677
175678
175680
175681
175682
175709
175710
175711
175712
175713
175714
175715
175716
175717
175718
175719
175720
175721
175722
175723
175724
175725
175726
175727
175728
175729
175730
175731
175732
175733
175734
175735
175736
175737
175738
175739
175740
175741
175742
175743
175744
175745
175746
175747
175749
175750
175751
175752
175753
175754
175755
175756
175757
175758
175759
175760
175813
175814
175815
175816
175817
175818
175819
175820
175821
175822
175823
175824
175825
175826
175827
175828
175829
175830
175831
175832
175833
175834
175835
175836
175837
175838
175865
175866
175867
175868
175869
175870
175871
175872
175873
175874
175875
175876
175877
175878
175879
175880
175881
175882
175883
175884
175885
175886
175887
175888
175889
175890
175891
175892
175893
175894
175896
175897
175898
175899
175900
175901
175902
175903
175904
175905
175906
175907
175908
175909
175910
175911
175912
175913
175914
175915
175916
175969
175970
175971
175972
175973
175974
175975
175976
175977
175978
175979
175980
175981
175983
175984
175985
175986
175987
175988
175989
175990
175991
175992
175993
175994
176021
176022
176023
176025
176026
176027
176029
176030
176031
176032
176033
176034
176035
176036
176037
176038
176039
176040
176041
176042
176043
176044
176045
176046
176048
176049
176050
176051
176052
176053
176054
176055
176056
176057
176058
176059
176060
176061
176062
176063
176064
176065
176066
176067
176068
176069
176070
176071
176072
176099
176100
176101
176102
176103
176104
176105
176106
176107
176108
176109
176110
176111
176112
176113
176114
176115
176116
176117
176118
176119
176120
176121
176122
176123
176124
176177
176178
176179
176180
176181
176182
176183
176184
176185
176186
176187
176188
176189
176190
176191
176192
176193
176194
176195
176196
176197
176198
176199
176200
176201
176202
176203
176206
176207
176208
176209
176210
176211
176212
176213
176214
176215
176216
176217
176218
176219
176220
176221
176222
176223
176224
176225
176226
176227
176228
176255
176256
176257
176258
176259
176260
176261
176262
176263
176264
176265
176266
176267
176268
176269
176270
176271
176272
176273
176274
176276
176277
176278
176279
176280
176333
176334
176335
176336
176337
176338
176339
176340
176341
176342
176343
176344
176345
176346
176347
176348
176349
176350
176351
176352
176353
176354
176355
176356
176357
176358
176385
176386
176387
176388
176389
176390
176391
176392
176393
176394
176395
176396
176397
176398
176399
176400
176401
176402
176403
176404
176405
176406
176407
176408
176409
176410
176411
176412
176414
176415
176417
176418
176419
176420
176421
176422
176424
176425
176426
176427
176428
176429
176430
176431
176432
176433
176434
176435
176436
176463
176464
176465
176466
176467
176468
176469
176470
176471
176472
176473
176474
176475
176476
176477
176478
176479
176480
176481
176482
176483
176484
176485
176486
176487
176488
176515
176516
176517
176518
176519
176520
176521
176522
176523
176524
176525
176526
176527
176528
176529
176530
176531
176532
176533
176534
176535
176536
176537
176538
176539
176540
176567
176568
176569
176570
176571
176572
176574
176575
176576
176577
176578
176579
176580
176581
176582
176583
176584
176585
176586
176587
176588
176589
176590
176591
176592
176619
176620
176621
176622
176623
176624
176625
176626
176627
176628
176630
176631
176632
176633
176634
176635
176636
176637
176638
176639
176640
176641
176642
176643
176644
176697
176698
176699
176700
176701
176702
176703
176704
176705
176706
176707
176708
176709
176710
176711
176712
176713
176714
176715
176716
176717
176718
176719
176720
176721
176722
176749
176750
176751
176752
176753
176754
176755
176756
176757
176758
176759
176760
176761
176762
176763
176764
176765
176766
176767
176768
176769
176770
176771
176772
176773
176774
176776
176777
176778
176779
176780
176781
176782
176783
176784
176785
176786
176787
176788
176789
176790
176791
176792
176793
176794
176795
176796
176797
176798
176799
176800
176827
176828
176829
176830
176831
176832
176833
176834
176835
176837
176838
176839
176840
176841
176842
176843
176844
176845
176846
176847
176848
176849
176850
176851
176852
176905
176906
176907
176908
176909
176910
176911
176912
176913
176914
176915
176916
176917
176918
176919
176920
176921
176922
176923
176925
176926
176927
176928
176929
176930
176931
176932
176933
176934
176935
176936
176937
176939
176940
176941
176942
176943
176944
176945
176946
176947
176948
176949
176950
176951
176952
176953
176954
176955
176956
177009
177010
177011
177012
177013
177014
177015
177016
177017
177018
177019
177020
177021
177022
177023
177024
177025
177026
177027
177028
177029
177030
177031
177032
177033
177034
177035
177036
177040
177041
177042
177043
177044
177045
177046
177047
177048
177049
177050
177051
177052
177053
177054
177055
177056
177057
177058
177059
177060
177087
177088
177089
177090
177091
177092
177093
177094
177095
177096
177097
177098
177099
177100
177101
177102
177103
177104
177105
177106
177107
177108
177109
177110
177111
177112
177139
177140
177141
177142
177143
177144
177145
177146
177147
177148
177149
177150
177151
177152
177153
177154
177155
177156
177157
177159
177160
177161
177162
177163
177164
177217
177218
177219
177220
177221
177222
177223
177224
177225
177226
177227
177228
177229
177230
177231
177232
177233
177234
177235
177236
177237
177238
177239
177240
177241
177242
177243
177244
177245
177246
177247
177248
177249
177250
177251
177252
177253
177254
177255
177256
177257
177258
177259
177260
177261
177262
177263
177264
177265
177266
177267
177268
177321
177322
177323
177324
177325
177326
177327
177328
177329
177330
177331
177332
177333
177334
177335
177336
177337
177338
177339
177340
177341
177342
177343
177344
177345
177346
177373
177374
177375
177377
177378
177379
177380
177381
177382
177383
177384
177385
177386
177387
177388
177389
177390
177391
177392
177393
177394
177395
177396
177397
177398
177399
177400
177401
177402
177403
177404
177405
177406
177407
177408
177409
177410
177411
177415
177416
177417
177418
177419
177420
177421
177422
177423
177424
177451
177452
177453
177454
177455
177456
177457
177458
177459
177460
177461
177462
177463
177464
177465
177466
177467
177468
177469
177470
177471
177472
177473
177474
177475
177476
177503
177504
177505
177506
177507
177508
177509
177510
177511
177512
177513
177514
177515
177516
177517
177518
177519
177520
177521
177522
177523
177524
177525
177526
177527
177528
177607
177608
177609
177610
177611
177612
177613
177614
177615
177616
177617
177618
177619
177620
177621
177622
177623
177624
177625
177626
177627
177628
177629
177630
177631
177632
177633
177634
177635
177636
177637
177638
177639
177640
177641
177642
177643
177644
177645
177646
177647
177648
177649
177650
177651
177652
177653
177654
177655
177656
177657
177658
177711
177712
177713
177714
177715
177716
177717
177718
177719
177720
177721
177722
177723
177724
177725
177726
177727
177728
177729
177730
177731
177732
177733
177734
177735
177736
177738
177739
177741
177743
177744
177745
177746
177747
177748
177749
177750
177751
177752
177753
177754
177755
177756
177757
177758
177759
177760
177761
177762
177815
177816
177817
177818
177819
177820
177821
177822
177823
177824
177825
177826
177827
177828
177829
177830
177831
177832
177833
177834
177835
177836
177837
177838
177839
177840
177842
177843
177844
177845
177846
177847
177848
177849
177850
177851
177852
177853
177854
177855
177856
177857
177858
177859
177860
177861
177862
177863
177864
177865
177866
177919
177920
177921
177922
177923
177924
177925
177926
177927
177928
177929
177930
177931
177932
177933
177934
177935
177936
177937
177938
177939
177940
177941
177942
177943
177944
177945
177946
177950
177951
177952
177953
177954
177955
177956
177957
177958
177959
177960
177961
177962
177963
177964
177965
177966
177967
177968
177969
177970
178023
178024
178025
178026
178027
178028
178029
178030
178031
178032
178033
178034
178035
178036
178037
178038
178039
178040
178041
178042
178043
178044
178045
178046
178047
178048
178075
178076
178077
178078
178079
178080
178081
178082
178083
178084
178085
178086
178087
178088
178089
178090
178091
178092
178093
178094
178095
178096
178097
178098
178099
178100
178101
178102
178103
178106
178108
178109
178110
178112
178114
178115
178117
178118
178119
178121
178122
178123
178124
178125
178126
178179
178180
178182
178183
178184
178185
178186
178187
178189
178190
178191
178192
178193
178194
178195
178196
178197
178198
178199
178201
178202
178203
178205
178208
178211
178214
178216
178218
178221
