182894
182895
182896
182897
182898
182899
182900
182901
182902
182903
182904
182905
182906
182907
182908
182909
182910
182937
182938
182939
182940
182941
182942
182943
182944
182945
182946
182947
182948
182949
182950
182951
182952
182953
182954
182955
182956
182957
182958
182959
182960
182961
182962
182989
182990
182991
182992
182993
182994
182995
182996
182997
182998
182999
183000
183001
183002
183003
183004
183005
183006
183007
183008
183009
183010
183011
183012
183013
183014
183041
183042
183043
183044
183045
183046
183047
183048
183049
183050
183051
183052
183053
183054
183055
183056
183057
183058
183059
183060
183061
183062
183063
183064
183065
183066
183093
183094
183095
183096
183097
183098
183099
183100
183101
183102
183103
183104
183105
183106
183107
183108
183109
183110
183111
183112
183113
183114
183115
183116
183117
183118
183145
183146
183147
183148
183149
183150
183151
183152
183153
183154
183155
183156
183157
183158
183159
183160
183161
183162
183163
183164
183165
183166
183167
183168
183169
183170
183197
183198
183199
183200
183201
183202
183203
183204
183205
183206
183207
183208
183209
183210
183211
183212
183213
183214
183215
183216
183217
183218
183220
183221
183222
183275
183276
183277
183278
183279
183280
183281
183282
183283
183284
183285
183286
183287
183288
183289
183290
183291
183292
183293
183294
183295
183296
183297
183298
183299
183300
183327
183328
183329
183330
183331
183332
183333
183334
183335
183336
183337
183338
183339
183340
183341
183342
183343
183344
183345
183346
183347
183348
183349
183350
183352
183379
183380
183381
183382
183383
183384
183385
183386
183387
183388
183389
183390
183391
183392
183393
183394
183395
183396
183397
183398
183399
183400
183401
183402
183403
183404
183406
183407
183408
183409
183410
183411
183412
183413
183414
183415
183416
183417
183418
183419
183420
183421
183422
183423
183424
183425
183426
183427
183428
183429
183430
183483
183484
183485
183486
183487
183488
183489
183490
183491
183492
183493
183494
183495
183496
183497
183498
183499
183500
183501
183502
183503
183504
183505
183506
183507
183508
183535
183536
183537
183538
183539
183540
183541
183542
183543
183544
183545
183546
183547
183548
183549
183550
183551
183552
183553
183554
183555
183556
183557
183558
183559
183560
183562
183563
183564
183565
183566
183567
183568
183569
183570
183571
183572
183573
183574
183575
183576
183577
183578
183579
183580
183581
183582
183583
183584
183585
183586
183613
183614
183615
183616
183617
183618
183619
183620
183621
183622
183623
183624
183625
183626
183627
183628
183629
183630
183631
183632
183633
183634
183635
183636
183637
183638
183665
183666
183667
183668
183669
183670
183671
183672
183673
183674
183675
183676
183677
183678
183679
183680
183681
183682
183683
183684
183685
183686
183687
183688
183689
183690
183717
183718
183719
183720
183721
183722
183723
183724
183725
183726
183727
183728
183729
183730
183731
183732
183733
183734
183735
183736
183737
183738
183739
183740
183741
183742
183795
183796
183797
183798
183799
183800
183801
183802
183804
183805
183806
183807
183808
183809
183810
183811
183812
183813
183814
183815
183816
183817
183818
183819
183820
183847
183848
183849
183850
183851
183852
183853
183854
183855
183856
183857
183858
183859
183860
183861
183862
183863
183864
183865
183866
183867
183868
183869
183870
183871
183872
183899
183900
183901
183902
183903
183904
183905
183906
183907
183908
183909
183910
183911
183912
183913
183914
183915
183916
183917
183918
183919
183920
183921
183922
183923
183924
183927
183928
183929
183930
183931
183932
183933
183934
183935
183936
183937
183938
183939
183940
183941
183942
183943
183944
183945
183946
183947
183948
183949
183950
183977
183978
183979
183980
183981
183982
183983
183984
183985
183986
183987
183988
183989
183990
183991
183992
183993
183994
183995
183996
183997
183998
183999
184000
184001
184002
184055
184056
184057
184058
184059
184060
184061
184062
184063
184064
184065
184066
184067
184068
184069
184070
184071
184072
184073
184074
184075
184076
184077
184078
184079
184080
184107
184108
184109
184110
184111
184112
184113
184114
184115
184116
184118
184120
184121
184122
184123
184124
184125
184126
184127
184128
184129
184130
184131
184132
184133
184134
184135
184136
184137
184138
184139
184140
184141
184142
184143
184144
184145
184146
184147
184148
184149
184150
184151
184152
184153
184154
184155
184156
184157
184158
184185
184186
184187
184188
184189
184190
184191
184192
184193
184194
184195
184196
184197
184198
184199
184200
184201
184202
184203
184204
184205
184206
184207
184208
184209
184210
184237
184238
184239
184240
184241
184242
184243
184244
184245
184246
184247
184248
184249
184250
184251
184252
184253
184254
184255
184256
184257
184258
184259
184260
184261
184262
184315
184316
184317
184318
184319
184320
184321
184322
184323
184324
184325
184326
184327
184328
184329
184330
184331
184332
184333
184334
184335
184336
184337
184338
184339
184340
184341
184342
184343
184344
184345
184347
184348
184349
184350
184351
184352
184353
184354
184355
184357
184358
184359
184360
184361
184362
184363
184364
184365
184366
184419
184420
184421
184422
184423
184424
184425
184426
184427
184428
184429
184430
184431
184432
184433
184434
184435
184436
184437
184438
184439
184440
184441
184442
184443
184444
184446
184447
184448
184449
184450
184451
184452
184453
184454
184455
184456
184457
184458
184459
184460
184461
184462
184463
184464
184465
184466
184467
184468
184469
184470
184497
184498
184499
184500
184501
184502
184503
184504
184505
184506
184507
184508
184509
184510
184511
184512
184513
184514
184515
184516
184517
184518
184519
184520
184521
184522
184549
184550
184551
184552
184553
184554
184555
184556
184557
184558
184559
184560
184561
184562
184563
184564
184565
184566
184567
184568
184569
184570
184571
184572
184573
184574
184627
184628
184629
184630
184631
184632
184633
184634
184635
184636
184637
184638
184639
184640
184641
184642
184643
184644
184645
184646
184647
184648
184649
184650
184651
184652
184679
184680
184681
184682
184683
184684
184685
184686
184687
184688
184689
184690
184691
184692
184693
184694
184695
184696
184697
184698
184700
184701
184702
184703
184704
184731
184732
184733
184734
184735
184736
184737
184738
184739
184740
184741
184742
184743
184744
184745
184746
184747
184748
184749
184750
184751
184752
184753
184754
184755
184756
184758
184759
184760
184761
184762
184763
184764
184765
184766
184767
184768
184769
184770
184771
184772
184773
184774
184775
184776
184777
184778
184779
184780
184781
184782
184835
184836
184837
184838
184839
184840
184841
184842
184843
184844
184845
184846
184847
184848
184849
184850
184851
184852
184853
184854
184855
184856
184857
184858
184859
184860
184861
184862
184863
184864
184865
184866
184867
184868
184869
184870
184871
184872
184873
184874
184875
184876
184877
184878
184879
184880
184881
184882
184883
184884
184885
184886
184913
184914
184915
184916
184917
184918
184919
184920
184921
184922
184923
184924
184925
184926
184927
184928
184929
184930
184931
184932
184933
184934
184935
184936
184937
184938
184965
184966
184967
184968
184969
184970
184971
184972
184973
184974
184975
184976
184977
184978
184979
184980
184981
184982
184983
184984
184985
184986
184987
184988
184989
184990
185043
185044
185045
185046
185047
185048
185049
185050
185051
185052
185053
185054
185055
185056
185057
185058
185059
185060
185061
185062
185063
185064
185065
185066
185067
185068
185070
185071
185072
185073
185074
185075
185076
185077
185078
185079
185080
185081
185082
185083
185084
185085
185086
185087
185088
185089
185090
185091
185092
185093
185094
185121
185122
185123
185124
185125
185126
185127
185128
185129
185130
185131
185132
185133
185134
185135
185136
185137
185138
185139
185140
185141
185142
185143
185144
185145
185146
185173
185174
185175
185176
185177
185178
185179
185180
185181
185182
185183
185184
185185
185186
185187
185188
185189
185190
185191
185192
185193
185194
185195
185196
185197
185198
185199
185200
185201
185202
185203
185204
185205
185206
185207
185208
185209
185210
185211
185212
185213
185214
185215
185216
185217
185218
185219
185220
185221
185222
185223
185224
185277
185278
185279
185280
185281
185282
185283
185284
185285
185286
185287
185288
185289
185290
185291
185292
185293
185294
185295
185296
185297
185298
185299
185300
185301
185302
185329
185330
185331
185332
185333
185334
185335
185336
185337
185338
185339
185340
185341
185342
185343
185344
185345
185346
185347
185348
185349
185350
185351
185352
185353
185354
185355
185356
185357
185359
185360
185362
185363
185365
185366
185367
185368
185369
185372
185373
185374
185376
185377
185378
185379
185380
185433
185434
185435
185436
185437
185438
185439
185440
185441
185442
185443
185444
185445
185446
185447
185448
185449
185450
185451
185452
185453
185454
185455
185456
185457
185458
185460
185461
185462
185463
185464
185465
185466
185467
185468
185469
185470
185471
185472
185473
185474
185475
185476
185477
185478
185479
185480
185481
185482
185483
185484
185511
185512
185513
185514
185515
185516
185517
185518
185519
185520
185521
185522
185523
185524
185525
185526
185527
185528
185529
185530
185531
185532
185533
185534
185535
185536
185589
185590
185591
185592
185593
185594
185595
185596
185597
185598
185599
185600
185601
185602
185603
185604
185605
185606
185607
185608
185609
185610
185611
185612
185613
185614
185615
185616
185617
185618
185619
185620
185621
185622
185623
185624
185625
185626
185627
185628
185629
185630
185631
185632
185633
185634
185635
185636
185637
185638
185639
185640
185693
185694
185695
185696
185697
185698
185699
185700
185701
185702
185703
185704
185705
185706
185707
185708
185709
185710
185711
185712
185713
185714
185715
185716
185717
185718
185745
185746
185747
185748
185749
185750
185751
185752
185753
185754
185755
185756
185757
185758
185759
185760
185761
185762
185763
185764
185765
185766
185767
185768
185769
185770
185797
185798
185799
185800
185801
185802
185803
185804
185805
185806
185807
185808
185809
185810
185811
185812
185813
185814
185815
185816
185817
185818
185819
185820
185821
185822
185823
185824
185825
185826
185827
185828
185829
185830
185831
185832
185833
185834
185835
185838
185839
185840
185841
185842
185843
185844
185845
185846
185847
185848
185901
185902
185903
185904
185905
185906
185907
185908
185909
185910
185911
185912
185913
185914
185915
185916
185917
185918
185919
185920
185921
185922
185923
185924
185925
185926
185953
185954
185955
185956
185957
185958
185959
185960
185961
185962
185963
185964
185965
185966
185967
185968
185970
185971
185972
185973
185974
185975
185976
185977
185978
186005
186006
186007
186008
186009
186011
186012
186013
186014
186015
186016
186017
186018
186019
186020
186021
186022
186023
186024
186025
186026
186027
186028
186029
186030
186057
186058
186059
186060
186061
186062
186063
186064
186065
186066
186067
186068
186069
186070
186071
186072
186073
186074
186075
186076
186077
186078
186079
186080
186081
186082
186109
186110
186111
186112
186113
186114
186115
186116
186117
186118
186119
186120
186121
186122
186123
186124
186125
186126
186127
186128
186129
186130
186131
186133
186134
186161
186162
186163
186164
186165
186166
186167
186168
186169
186170
186171
186172
186173
186174
186175
186176
186177
186178
186179
186180
186181
186182
186183
186184
186185
186186
186188
186189
186190
186191
186192
186193
186194
186195
186196
186197
186198
186199
186200
186201
186202
186203
186204
186205
186206
186207
186208
186209
186210
186211
186212
186265
186267
186268
186269
186270
186271
186272
186273
186274
186275
186276
186277
186278
186279
186280
186281
186282
186283
186284
186285
186286
186287
186288
186289
186290
186292
186293
186295
186296
186297
186298
186299
186300
186301
186302
186303
186304
186305
186306
186307
186308
186309
186310
186311
186312
186313
186314
186315
186316
186343
186344
186345
186346
186347
186348
186349
186350
186351
186352
186353
186354
186355
186356
186358
186359
186360
186361
186362
186363
186364
186365
186366
186367
186368
186395
186396
186397
186398
186399
186400
186402
186403
186404
186405
186406
186407
186408
186409
186410
186411
186412
186413
186414
186415
186416
186417
186418
186419
186420
186447
186448
186449
186450
186451
186452
186453
186454
186455
186456
186457
186458
186459
186460
186461
186462
186463
186464
186465
186466
186467
186468
186469
186470
186471
186472
186499
186500
186501
186502
186503
186504
186505
186506
186507
186508
186509
186510
186511
186512
186513
186514
186515
186517
186518
186519
186520
186521
186522
186523
186524
186551
186552
186553
186554
186556
186557
186558
186559
186560
186561
186562
186564
186565
186566
186567
186568
186569
186570
186572
186573
186574
186575
186629
186630
186631
186632
186633
186634
186635
186636
186637
186638
186639
186640
186641
186642
186643
186644
186645
186646
186647
186648
186649
186650
186651
186652
186653
186654
186681
186682
186684
186685
186686
186687
186688
186689
186690
186691
186692
186693
186694
186695
186696
186697
186698
186699
186700
186701
186702
186703
186704
186705
186706
186733
186734
186735
186736
186737
186738
186739
186740
186741
186742
186743
186744
186745
186746
186748
186749
186750
186751
186752
186753
186754
186755
186756
186757
186758
186785
186786
186787
186789
186790
186791
186792
186793
186794
186795
186796
186797
186798
186800
186801
186802
186803
186804
186805
186806
186807
186808
186809
186837
186838
186839
186840
186842
186843
186844
186845
186846
186848
186849
186851
186852
186853
186854
186855
186856
186857
186858
186859
186860
186861
186862
186863
186864
186866
186867
186868
186869
186870
186871
186872
186873
186874
186875
186876
186878
186879
186880
186881
186882
186883
186884
186885
186886
186887
186888
186941
186942
186943
186944
186945
186946
186948
186949
186950
186951
186952
186955
186956
186957
186958
186959
186960
186961
186962
186963
186964
186965
186966
186993
186994
186995
186996
186997
186998
186999
187000
187001
187002
187003
187004
187005
187006
187007
187008
187009
187010
187011
187012
187013
187014
187015
187016
187017
187018
187019
187020
187021
187022
187023
187024
187025
187026
187027
187028
187029
187030
187031
187032
187033
187034
187035
187036
187037
187038
187039
187040
187041
187042
187043
187044
187071
187072
187073
187074
187075
187076
187077
187078
187079
187080
187081
187082
187083
187084
187085
187086
187087
187088
187089
187090
187091
187092
187093
187094
187095
187096
187149
187150
187151
187152
187153
187154
187155
187156
187157
187158
187159
187160
187161
187162
187163
187164
187165
187166
187167
187168
187169
187170
187171
187172
187173
187174
187176
187177
187178
187179
187180
187181
187182
187183
187184
187185
187186
187187
187188
187189
187190
187191
187192
187193
187194
187195
187196
187197
187198
187199
187200
187253
187254
187255
187256
187257
187258
187259
187260
187261
187262
187263
187264
187265
187266
187267
187268
187269
187270
187271
187272
187273
187274
187275
187276
187277
187278
187305
187306
187307
187308
187309
187310
187311
187312
187313
187314
187315
187317
187318
187319
187320
187321
187322
187323
187324
187325
187326
187327
187328
187329
187330
187357
187358
187359
187360
187361
187362
187363
187364
187365
187366
187367
187368
187369
187370
187371
187372
187373
187374
187375
187376
187377
187378
187379
187380
187381
187382
187383
187385
187386
187387
187388
187389
187390
187391
187392
187393
187394
187395
187396
187397
187398
187399
187400
187401
187402
187403
187404
187405
187406
187407
187408
187461
187462
187463
187464
187465
187466
187467
187468
187469
187470
187471
187472
187473
187474
187475
187476
187477
187478
187479
187480
187481
187482
187483
187484
187485
187486
187488
187489
187490
187491
187492
187493
187494
187495
187496
187497
187498
187499
187500
187501
187502
187503
187504
187505
187506
187507
187508
187509
187510
187511
187512
187539
187540
187541
187542
187543
187544
187545
187546
187547
187548
187549
187550
187551
187552
187553
187554
187555
187556
187557
187558
187559
187560
187561
187562
187563
187564
187591
187592
187593
187594
187595
187596
187597
187598
187599
187600
187601
187602
187603
187604
187605
187606
187607
187608
187609
187610
187611
187612
187613
187614
187615
187616
187669
187670
187671
187672
187673
187674
187675
187676
187677
187678
187679
187680
187681
187682
187683
187684
187685
187686
187687
187688
187689
187690
187691
187692
187693
187694
187721
187722
187723
187724
187725
187726
187727
187728
187729
187730
187731
187733
187735
187736
187737
187738
187739
187740
187741
187742
187743
187744
187745
187746
187747
187748
187749
187750
187751
187752
187753
187754
187755
187756
187757
187758
187759
187760
187761
187762
187763
187764
187765
187766
187767
187769
187770
187771
187772
187825
187826
187827
187828
187829
187831
187832
187833
187834
187835
187836
187837
187838
187839
187844
187845
187846
187847
187848
187849
187850
187878
187879
187880
187881
187883
187884
187885
187886
187888
187889
187890
187896
187898
187899
187901
187902
