187929
187930
187931
187932
187933
187934
187935
187936
187937
187938
187939
187940
187941
187942
187943
187944
187945
187946
187947
187948
187949
187950
187951
187952
187953
187954
187956
187957
187958
187959
187960
187961
187962
187963
187964
187965
187966
187967
187968
187969
187970
187971
187972
187973
187974
187975
187976
187978
187979
187980
188033
188034
188035
188036
188037
188038
188039
188040
188041
188042
188043
188044
188045
188046
188047
188048
188049
188050
188051
188052
188053
188054
188055
188056
188057
188058
188085
188086
188087
188088
188089
188090
188091
188092
188093
188094
188095
188096
188097
188098
188099
188100
188101
188102
188103
188104
188105
188106
188107
188108
188109
188110
188111
188112
188113
188114
188115
188116
188117
188118
188119
188120
188121
188122
188123
188124
188125
188126
188127
188128
188129
188130
188131
188132
188133
188134
188135
188136
188163
188164
188165
188166
188167
188168
188169
188170
188171
188172
188173
188174
188175
188176
188177
188178
188179
188180
188181
188182
188183
188184
188185
188186
188187
188188
188241
188242
188243
188244
188245
188246
188247
188248
188249
188250
188251
188252
188253
188254
188255
188256
188257
188258
188259
188260
188261
188262
188263
188264
188265
188266
188293
188294
188295
188296
188297
188298
188299
188300
188301
188302
188303
188304
188305
188306
188307
188308
188309
188310
188311
188312
188313
188314
188315
188316
188317
188318
188319
188320
188321
188322
188323
188324
188325
188326
188327
188328
188329
188330
188331
188332
188333
188334
188335
188336
188337
188338
188339
188340
188342
188343
188344
188371
188372
188373
188374
188375
188376
188377
188378
188379
188380
188381
188382
188383
188384
188385
188386
188387
188388
188389
188390
188391
188392
188393
188394
188395
188396
188423
188424
188425
188426
188427
188429
188430
188431
188432
188433
188434
188435
188436
188437
188438
188439
188440
188441
188442
188443
188444
188445
188446
188447
188448
188475
188476
188477
188478
188479
188480
188481
188482
188483
188484
188485
188486
188487
188488
188489
188490
188491
188492
188493
188494
188495
188496
188497
188498
188499
188500
188527
188528
188529
188530
188531
188532
188533
188534
188535
188536
188537
188538
188539
188540
188541
188542
188543
188544
188545
188546
188547
188548
188549
188550
188551
188552
188579
188580
188581
188582
188583
188584
188585
188586
188587
188588
188589
188590
188591
188592
188593
188594
188595
188596
188597
188598
188599
188600
188601
188602
188603
188604
188631
188632
188633
188634
188635
188636
188637
188638
188639
188640
188641
188642
188643
188644
188645
188646
188647
188648
188649
188650
188651
188652
188653
188654
188655
188656
188683
188684
188685
188686
188687
188688
188689
188690
188691
188692
188693
188694
188695
188696
188697
188698
188699
188700
188701
188702
188703
188704
188705
188706
188707
188708
188761
188762
188763
188764
188765
188766
188767
188768
188769
188770
188771
188772
188773
188774
188775
188776
188777
188778
188779
188780
188781
188782
188783
188784
188785
188786
188813
188814
188815
188816
188817
188818
188819
188820
188821
188822
188823
188824
188825
188826
188827
188828
188829
188830
188831
188832
188833
188834
188835
188836
188837
188838
188865
188866
188868
188869
188870
188871
188872
188873
188874
188875
188876
188877
188878
188879
188880
188881
188882
188883
188884
188885
188886
188887
188888
188889
188890
188917
188918
188919
188920
188921
188922
188923
188924
188925
188926
188927
188928
188929
188930
188931
188932
188933
188934
188935
188936
188937
188938
188939
188940
188941
188942
188944
188945
188946
188947
188948
188949
188950
188951
188952
188953
188954
188955
188956
188957
188958
188959
188960
188961
188962
188963
188964
188965
188966
188967
188968
188969
188970
188971
188972
188973
188974
188975
188976
188977
188978
188979
188980
188981
188982
188983
188984
188985
188986
188987
188988
188989
188990
188991
188992
188993
188994
189047
189048
189049
189050
189051
189052
189053
189054
189055
189056
189057
189058
189059
189060
189061
189062
189063
189064
189065
189066
189067
189068
189069
189070
189071
189072
189074
189077
189078
189079
189080
189081
189082
189083
189084
189085
189086
189087
189088
189089
189090
189091
189092
189093
189094
189095
189096
189097
189098
189125
189126
189127
189128
189129
189130
189131
189132
189133
189134
189135
189136
189137
189138
189139
189140
189141
189142
189143
189144
189145
189146
189147
189148
189149
189150
189203
189204
189205
189206
189207
189208
189209
189210
189211
189212
189213
189214
189215
189216
189217
189218
189219
189220
189221
189222
189223
189224
189225
189226
189227
189228
189255
189256
189257
189258
189259
189260
189261
189262
189263
189264
189266
189267
189268
189269
189270
189271
189272
189273
189274
189275
189276
189277
189278
189279
189280
189307
189308
189309
189310
189311
189312
189313
189314
189315
189316
189317
189318
189319
189320
189321
189322
189323
189324
189325
189326
189327
189328
189329
189330
189331
189332
189334
189335
189336
189337
189338
189339
189340
189341
189342
189343
189344
189345
189346
189347
189348
189349
189350
189351
189352
189353
189354
189355
189356
189357
189358
189385
189386
189387
189388
189389
189390
189391
189392
189393
189394
189395
189396
189397
189398
189399
189400
189401
189402
189403
189404
189405
189406
189407
189408
189409
189410
189437
189438
189439
189440
189441
189442
189443
189444
189445
189446
189447
189448
189449
189450
189451
189452
189453
189454
189455
189456
189457
189458
189459
189460
189461
189462
189489
189490
189491
189492
189493
189494
189495
189496
189497
189498
189499
189500
189501
189502
189503
189504
189505
189506
189507
189508
189509
189510
189511
189512
189513
189514
189567
189568
189569
189570
189571
189572
189573
189574
189575
189576
189577
189578
189579
189580
189581
189582
189583
189584
189585
189586
189587
189588
189589
189590
189591
189592
189619
189620
189621
189622
189623
189624
189625
189626
189627
189628
189629
189630
189631
189632
189633
189634
189635
189636
189637
189638
189639
189640
189641
189642
189643
189644
189671
189672
189673
189674
189675
189676
189677
189678
189679
189680
189681
189682
189683
189684
189685
189686
189687
189688
189689
189690
189691
189692
189693
189694
189695
189696
189697
189699
189700
189701
189702
189703
189704
189705
189706
189707
189708
189709
189710
189711
189712
189713
189714
189715
189716
189717
189718
189719
189720
189721
189722
189749
189750
189751
189752
189753
189754
189755
189756
189757
189758
189759
189760
189761
189762
189763
189764
189765
189766
189767
189768
189769
189770
189771
189772
189773
189774
189801
189802
189803
189804
189805
189806
189807
189808
189809
189810
189811
189812
189813
189814
189815
189816
189817
189818
189819
189820
189821
189822
189823
189824
189825
189826
189853
189854
189855
189856
189857
189858
189859
189860
189861
189862
189863
189864
189865
189866
189867
189868
189869
189870
189871
189872
189873
189874
189875
189876
189877
189878
189905
189906
189907
189908
189909
189910
189911
189912
189913
189914
189915
189916
189917
189918
189919
189920
189921
189922
189923
189924
189925
189926
189927
189928
189929
189930
189957
189958
189959
189960
189961
189962
189963
189964
189965
189966
189967
189968
189969
189970
189971
189972
189973
189974
189975
189976
189977
189978
189979
189980
189981
189982
190009
190010
190011
190012
190013
190014
190015
190016
190017
190018
190019
190020
190021
190022
190023
190024
190025
190026
190027
190028
190029
190030
190031
190032
190033
190034
190061
190062
190063
190064
190065
190066
190067
190068
190069
190070
190071
190072
190073
190074
190075
190077
190078
190079
190080
190081
190082
190083
190084
190085
190086
190139
190140
190141
190142
190143
190144
190145
190146
190147
190148
190149
190150
190151
190152
190153
190154
190155
190156
190157
190158
190159
190160
190161
190162
190163
190164
190191
190192
190193
190194
190195
190196
190197
190198
190199
190200
190201
190202
190203
190204
190205
190206
190207
190208
190209
190210
190211
190212
190213
190214
190215
190216
190243
190244
190245
190246
190247
190248
190249
190250
190251
190252
190253
190254
190255
190256
190257
190258
190259
190260
190261
190262
190263
190264
190265
190266
190267
190268
190270
190271
190272
190273
190274
190275
190276
190277
190278
190279
190280
190281
190282
190283
190284
190285
190286
190287
190288
190289
190290
190291
190292
190293
190294
190321
190322
190323
190324
190325
190326
190327
190328
190329
190330
190331
190332
190333
190334
190335
190336
190337
190338
190339
190340
190341
190342
190343
190344
190345
190346
190399
190400
190401
190402
190403
190404
190405
190406
190407
190408
190409
190410
190411
190412
190413
190414
190415
190416
190417
190418
190419
190420
190421
190422
190423
190424
190451
190452
190453
190454
190455
190456
190457
190458
190459
190460
190461
190462
190463
190464
190465
190466
190467
190468
190469
190470
190471
190472
190473
190474
190475
190476
190503
190504
190505
190506
190507
190508
190509
190510
190511
190512
190513
190514
190515
190516
190517
190518
190519
190520
190521
190522
190523
190524
190525
190526
190527
190528
190529
190531
190532
190533
190534
190535
190536
190537
190538
190539
190540
190541
190542
190543
190544
190545
190546
190547
190548
190549
190550
190551
190552
190553
190554
190581
190582
190583
190584
190585
190586
190587
190588
190589
190590
190591
190592
190593
190594
190595
190596
190597
190598
190599
190600
190601
190602
190603
190604
190605
190606
190659
190660
190661
190662
190663
190664
190665
190666
190667
190668
190669
190670
190671
190672
190673
190674
190675
190676
190677
190678
190679
190680
190681
190682
190683
190684
190686
190687
190688
190689
190690
190691
190692
190693
190694
190695
190696
190697
190698
190699
190700
190701
190702
190703
190704
190705
190706
190707
190708
190709
190710
190737
190738
190739
190740
190741
190742
190743
190744
190745
190746
190747
190748
190749
190750
190751
190752
190753
190754
190755
190756
190757
190758
190759
190760
190761
190762
190815
190816
190817
190818
190819
190820
190821
190822
190823
190824
190825
190826
190827
190828
190829
190830
190831
190832
190833
190834
190835
190836
190837
190838
190839
190840
190867
190868
190869
190870
190871
190872
190873
190874
190875
190876
190877
190878
190879
190880
190881
190882
190883
190884
190885
190886
190887
190888
190889
190890
190891
190892
190945
190946
190947
190948
190949
190950
190951
190952
190953
190954
190955
190956
190957
190958
190959
190960
190961
190962
190963
190964
190965
190966
190967
190968
190969
190970
190997
190998
190999
191000
191001
191002
191003
191004
191005
191006
191007
191008
191009
191010
191011
191012
191013
191014
191015
191016
191017
191018
191019
191020
191021
191022
191023
191024
191025
191028
191029
191030
191031
191032
191033
191034
191035
191036
191037
191038
191039
191040
191041
191042
191043
191044
191045
191046
191047
191048
191075
191076
191077
191078
191079
191080
191081
191082
191083
191084
191085
191086
191087
191088
191089
191090
191091
191092
191093
191094
191095
191096
191097
191098
191099
191100
191153
191154
191155
191156
191157
191158
191159
191160
191162
191163
191164
191165
191166
191167
191168
191169
191170
191171
191172
191173
191175
191176
191177
191178
191205
191206
191207
191208
191209
191210
191211
191212
191213
191214
191215
191216
191217
191218
191219
191220
191221
191222
191223
191224
191225
191226
191227
191228
191229
191230
191257
191258
191259
191260
191261
191262
191263
191264
191265
191266
191267
191268
191269
191270
191271
191272
191273
191274
191275
191276
191277
191278
191279
191280
191281
191282
191309
191310
191311
191312
191313
191314
191315
191316
191317
191318
191319
191320
191321
191322
191323
191324
191325
191326
191327
191328
191329
191331
191332
191333
191334
191335
191336
191337
191338
191339
191340
191341
191342
191343
191344
191345
191346
191347
191348
191349
191350
191351
191352
191353
191354
191355
191356
191357
191358
191359
191360
191387
191388
191389
191390
191391
191392
191393
191394
191395
191396
191397
191398
191399
191400
191401
191402
191403
191404
191405
191406
191407
191408
191409
191410
191411
191412
191465
191466
191467
191468
191470
191471
191472
191473
191474
191475
191476
191477
191478
191479
191480
191481
191482
191484
191485
191486
191487
191488
191489
191490
191517
191518
191519
191520
191521
191522
191523
191524
191525
191526
191527
191528
191529
191530
191531
191532
191533
191534
191535
191536
191537
191538
191539
191540
191541
191542
191569
191570
191571
191572
191573
191574
191575
191576
191577
191578
191579
191580
191581
191582
191583
191584
191585
191586
191587
191588
191589
191590
191591
191592
191593
191594
191621
191622
191623
191624
191625
191626
191628
191629
191630
191631
191632
191633
191635
191636
191637
191638
191639
191640
191642
191643
191644
191645
191646
191647
191649
191650
191651
191653
191654
191655
191656
191657
191658
191659
191660
191661
191662
191663
191664
191665
191666
191667
191668
191669
191670
191671
191672
191725
191727
191728
191729
191730
191731
191732
191734
191736
191737
191738
191739
191740
191742
191743
191744
191745
191746
191747
191749
191750
191777
191778
191779
191780
191781
191782
191783
191784
191785
191786
191788
191789
191790
191791
191792
191793
191794
191796
191797
191798
191800
191801
191802
191829
191830
191831
191832
191833
191834
191835
191836
191837
191838
191839
191840
191841
191842
191843
191844
191845
191846
191847
191848
191849
191850
191851
191852
191853
191854
191855
191856
191857
191858
191859
191860
191861
191862
191863
191864
191865
191866
191867
191868
191869
191870
191871
191872
191873
191874
191875
191876
191877
191878
191879
191880
191933
191934
191935
191936
191937
191938
191939
191940
191941
191942
191943
191944
191945
191946
191947
191948
191949
191950
191951
191952
191953
191954
191955
191956
191957
191958
191960
191961
191962
191963
191964
191965
191966
191967
191968
191969
191970
191971
191972
191973
191974
191975
191976
191977
191978
191979
191980
191981
191982
191983
191984
192037
192038
192039
192040
192041
192042
192043
192044
192045
192046
192047
192048
192049
192050
192051
192052
192053
192054
192055
192056
192057
192058
192059
192060
192061
192062
192063
192065
192066
192067
192068
192069
192070
192071
192072
192073
192074
192075
192076
192077
192078
192079
192080
192081
192082
192083
192084
192085
192086
192087
192088
192115
192116
192117
192118
192119
192120
192121
192122
192123
192124
192125
192126
192127
192128
192129
192130
192131
192132
192133
192134
192135
192136
192137
192138
192139
192140
192167
192168
192169
192170
192171
192172
192173
192174
192175
192176
192177
192178
192179
192180
192181
192182
192183
192184
192185
192186
192187
192188
192189
192190
192191
192192
192245
192246
192247
192248
192250
192251
192252
192253
192254
192255
192257
192258
192259
192260
192261
192262
192263
192264
192265
192266
192267
192268
192269
192270
192297
192298
192300
192301
192302
192303
192304
192305
192306
192307
192308
192309
192310
192311
192312
192313
192314
192315
192316
192317
192318
192319
192320
192321
192322
192349
192351
192352
