192353
192354
192355
192356
192357
192358
192359
192360
192361
192362
192363
192364
192365
192366
192367
192368
192369
192370
192371
192372
192373
192374
192401
192402
192403
192404
192405
192406
192407
192408
192409
192410
192411
192412
192413
192414
192415
192416
192417
192418
192419
192420
192421
192422
192423
192424
192425
192426
192453
192454
192455
192456
192457
192458
192459
192460
192461
192462
192463
192464
192465
192466
192467
192468
192469
192470
192471
192472
192473
192474
192475
192476
192477
192478
192505
192506
192507
192508
192509
192510
192511
192512
192513
192514
192515
192516
192517
192518
192519
192520
192521
192522
192523
192524
192525
192526
192527
192528
192529
192530
192531
192532
192533
192534
192535
192536
192537
192538
192539
192540
192541
192542
192543
192544
192545
192546
192547
192548
192549
192550
192551
192552
192553
192554
192555
192556
192609
192610
192611
192612
192613
192614
192615
192616
192617
192618
192619
192620
192621
192622
192623
192624
192625
192626
192627
192628
192629
192630
192631
192632
192633
192634
192635
192636
192637
192638
192639
192640
192641
192642
192643
192644
192645
192646
192647
192648
192649
192650
192651
192652
192653
192654
192655
192656
192657
192658
192659
192660
192687
192688
192689
192690
192691
192692
192693
192694
192695
192696
192697
192698
192699
192700
192701
192702
192703
192704
192705
192706
192707
192708
192709
192710
192711
192712
192739
192740
192741
192742
192743
192744
192745
192746
192747
192748
192749
192750
192751
192752
192753
192754
192755
192756
192757
192758
192759
192760
192761
192762
192763
192764
192817
192818
192819
192820
192821
192822
192823
192824
192825
192826
192827
192828
192829
192830
192831
192832
192833
192834
192835
192836
192837
192838
192839
192840
192841
192842
192869
192870
192871
192872
192873
192874
192875
192876
192877
192879
192880
192882
192883
192884
192885
192886
192887
192888
192889
192890
192891
192892
192893
192894
192921
192922
192923
192925
192926
192927
192929
192930
192931
192932
192933
192935
192936
192937
192938
192939
192940
192941
192942
192943
192944
192945
192946
192973
192974
192975
192976
192977
192978
192979
192980
192982
192983
192987
192989
192990
192991
192993
192994
192995
192996
192997
192998
193025
193026
193027
193028
193029
193030
193031
193032
193033
193034
193035
193036
193037
193038
193039
193040
193041
193042
193043
193044
193045
193046
193047
193048
193049
193050
193051
193052
193053
193054
193055
193056
193057
193058
193059
193060
193061
193062
193063
193064
193065
193066
193067
193068
193069
193070
193071
193072
193073
193074
193075
193076
