193129
193130
193131
193132
193133
193134
193135
193136
193137
193138
193139
193140
193141
193142
193143
193144
193145
193146
193147
193148
193149
193150
193151
193152
193153
193154
193155
193156
193157
193158
193159
193160
193161
193162
193163
193164
193165
193166
193167
193168
193169
193170
193171
193172
193173
193174
193175
193176
193177
193178
193179
193180
193207
193208
193209
193210
193211
193212
193213
193214
193215
193216
193217
193218
193219
193221
193222
193223
193224
193225
193226
193227
193228
193229
193230
193231
193232
193259
193260
193261
193262
193263
193264
193265
193266
193267
193268
193269
193270
193271
193272
193273
193274
193275
193276
193277
193278
193279
193280
193281
193282
193283
193284
193311
193312
193313
193314
193315
193316
193317
193318
193319
193320
193321
193322
193323
193324
193325
193326
193327
193328
193329
193330
193331
193332
193333
193334
193335
193336
193363
193364
193365
193366
193367
193368
193369
193370
193371
193372
193373
193374
193375
193376
193377
193378
193379
193380
193381
193382
193383
193384
193385
193387
193388
193389
193390
193392
193393
193394
193395
193396
193398
193400
193401
193402
193403
193404
193405
193406
193407
193408
193409
193410
193411
193413
193467
193468
193470
193471
193472
193473
193474
193476
193477
193478
193479
193480
193481
193482
193483
193484
193485
193486
193487
193488
193489
193490
193491
193492
193493
193494
193495
193497
193498
193499
193500
193501
193502
193503
193504
193505
193506
193507
193508
193509
193510
193511
193512
193513
193514
193515
193516
193517
193518
193545
193546
193547
193548
193549
193550
193551
193552
193553
193554
193555
193556
193557
193558
193559
193560
193561
193562
193563
193564
193565
193566
193567
193568
193570
193597
193598
193599
193600
193601
193602
193603
193604
193605
193606
193607
193608
193610
193611
193612
193613
193615
193616
193617
193618
193619
193620
193621
193622
193623
193624
193625
193626
193627
193628
193629
193630
193631
193632
193633
193634
193635
193636
193637
193638
193639
193640
193641
193642
193643
193644
193645
193646
193647
193648
193701
193702
193703
193704
193705
193706
193707
193708
193709
193710
193711
193712
193713
193714
193715
193716
193717
193718
193719
193720
193721
193722
193723
193724
193725
193726
193727
193728
193729
193730
193731
193732
193733
193734
193735
193736
193737
193738
193739
193740
193741
193742
193743
193744
193745
193746
193747
193748
193749
193750
193751
193752
193805
193806
193807
193808
193809
193810
193811
193812
193813
193814
193815
193816
193817
193818
193819
193820
193821
193822
193823
193824
193825
193826
193827
193828
193829
193830
193831
193832
193833
193834
193835
193836
193837
193838
193839
193840
193841
193842
193843
193844
193845
193846
193847
193848
193849
193850
193851
193852
193853
193854
193855
193856
193858
193859
193860
193861
193862
193863
193864
193865
193866
193867
193868
193869
193870
193871
193872
193873
193874
193875
193876
193877
193878
193879
193880
193881
193882
193884
193885
193886
193887
193888
193889
193890
193891
193892
193893
193894
193895
193896
193897
193898
193899
193900
193901
193902
193903
193904
193905
193906
193907
193908
193935
193936
193937
193938
193939
193940
193941
193942
193943
193944
193945
193946
193947
193948
193949
193950
193951
193952
193953
193954
193955
193956
193957
193958
193959
193960
193987
193988
193989
193990
193991
193992
193993
193994
193995
193996
193997
193998
193999
194000
194001
194002
194003
194004
194005
194006
194007
194008
194009
194010
194011
194012
194065
194066
194067
194068
194069
194070
194071
194072
194073
194074
194075
194076
194077
194078
194079
194080
194081
194082
194083
194084
194085
194086
194087
194088
194089
194090
194092
194093
194094
194095
194096
194097
194098
194099
194100
194101
194102
194103
194104
194105
194106
194107
194108
194109
194110
194111
194112
194113
194114
194115
194116
194169
194170
194171
194172
194173
194174
194175
194176
194177
194178
194179
194180
194181
194182
194183
194184
194185
194186
194187
194188
194189
194190
194191
194192
194193
194194
194221
194222
194223
194224
194225
194226
194227
194228
194229
194230
194231
194232
194233
194234
194235
194236
194237
194238
194239
194240
194241
194242
194243
194244
194245
194246
