194273
194274
194275
194276
194277
194278
194279
194280
194281
194282
194283
194284
194285
194286
194287
194288
194289
194290
194291
194292
194293
194294
194295
194296
194297
194298
194299
194300
194301
194302
194303
194304
194305
194306
194307
194308
194309
194310
194311
194312
194313
194314
194315
194316
194317
194318
194319
194320
194321
194322
194323
194324
194351
194352
194353
194354
194355
194356
194357
194358
194359
194360
194361
194362
194363
194364
194365
194366
194367
194368
194369
194370
194371
194372
194373
194374
194375
194376
194403
194404
194405
194406
194407
194408
194409
194410
194411
194412
194413
194414
194415
194416
194417
194418
194419
194420
194421
194422
194423
194424
194425
194426
194427
194428
194455
194456
194457
194458
194459
194460
194461
194462
194463
194464
194465
194466
194467
194468
194469
194470
194471
194472
194473
194474
194475
194476
194477
194478
194479
194480
194507
194508
194509
194510
194511
194512
194513
194514
194515
194516
194517
194518
194519
194520
194521
194522
194523
194524
194525
194526
194527
194528
194529
194530
194531
194532
194585
194586
194587
194588
194589
194590
194591
194592
194593
194594
194595
194596
194597
194598
194599
194600
194601
194602
194603
194604
194605
194606
194607
194608
194609
194610
194637
194638
194639
194640
194641
194642
194643
194644
194645
194646
194647
194648
194649
194650
194651
194652
194653
194654
194655
194656
194657
194658
194659
194660
194661
194662
194689
194690
194691
194692
194693
194694
194695
194696
194697
194698
194699
194700
194701
194702
194703
194704
194705
194706
194707
194708
194709
194710
194711
194712
194713
194714
194767
194768
194769
194770
194771
194772
194773
194774
194775
194776
194777
194778
194779
194780
194781
194782
194783
194784
194785
194786
194787
194788
194789
194790
194791
194792
194793
194794
194795
194796
194797
194798
194799
194800
194801
194802
194803
194804
194805
194806
194807
194808
194809
194810
194811
194812
194813
194814
194815
194816
194817
194818
194819
194820
194821
194822
194823
194824
194825
194826
194827
194828
194829
194830
194831
194832
194833
194834
194835
194836
194837
194838
194839
194840
194841
194842
194843
194844
194949
194950
194951
194952
194953
194954
194955
194956
194957
194958
194959
194960
194961
194962
194963
194964
194965
194966
194967
194968
194969
194970
194971
194972
194973
194974
195001
195002
195003
195004
195005
195006
195007
195008
195009
195010
195011
195012
195013
195014
195015
195016
195017
195018
195019
195020
195021
195022
195023
195024
195025
195026
195079
195080
195081
195082
195083
195084
195085
195086
195087
195088
195089
195090
195091
195092
195093
195094
195095
195096
195097
195098
195099
195100
195101
195102
195103
195104
195105
195106
195107
195108
195109
195110
195111
195112
195113
195114
195115
195116
195117
195118
195119
195120
195121
195122
195123
195124
195125
195126
195127
195128
195129
195130
195183
195184
195185
195186
195187
195188
195189
195190
195191
195192
195193
195194
195195
195196
195197
195198
195199
195200
195201
195202
195203
195204
195205
195206
195207
195208
195235
195236
195237
195238
195239
195240
195241
195242
195243
195244
195245
195246
195247
195248
195249
195250
195251
195252
195253
195254
195255
195256
195257
195258
195259
195260
195261
195263
195264
195265
195266
195267
195268
195269
195270
195271
195272
195273
195274
195275
195276
195277
195278
195279
195280
195281
195282
195283
195284
195285
195286
195339
195340
195341
195342
195343
195344
195345
195346
195347
195348
195349
195350
195351
195352
195353
195354
195355
195356
195357
195358
195359
195360
195361
195362
195363
195364
195391
195392
195393
195394
195395
195396
195397
195398
195399
195400
195401
195402
195403
195404
195405
195406
195407
195408
195409
195410
195411
195412
195413
195414
195415
195416
195417
195418
195419
195420
195421
195422
195423
195425
195426
195427
195428
195429
195430
195431
195432
195433
195435
195436
195437
195438
195439
195440
195441
195442
195444
195445
195446
195447
195448
195449
195450
195451
195452
195453
195454
195455
195456
195457
195458
195459
195460
195461
195462
195463
195464
195465
195466
195467
195468
195469
195472
195473
195474
195475
195476
195477
195478
195479
195480
195481
195482
195483
195484
195485
195486
195487
195488
195489
195490
195491
195492
195493
195494
195521
195522
195523
195524
195525
195526
195527
195528
195529
195530
195531
195532
195533
195534
195535
195536
195538
195539
195540
195541
195542
195543
195544
195545
195546
195703
195704
195705
195706
195707
195708
195709
195710
195711
195712
195713
195714
195715
195716
195717
195718
195719
195720
195721
195722
195723
195724
195725
195726
195727
195728
195729
195730
195731
195732
195733
195734
195735
195736
195737
195738
195739
195740
195741
195742
195744
195745
195746
195747
195748
195749
195750
195751
195752
195753
195754
195755
195756
195757
195758
195759
195760
195761
195762
195763
195764
195765
195766
195767
195768
195769
195770
195771
195772
195773
195774
195775
195776
195777
195778
195779
195780
195781
195782
195783
195785
195787
195788
195789
195790
195791
195792
195793
195794
195795
195796
195797
195798
195799
195800
195801
195802
195803
195804
195805
195806
195807
195808
195810
195811
195812
195813
195814
195815
195816
195817
195818
195819
195820
195821
195822
195823
195824
195825
195826
195827
195828
195829
195830
195831
195832
195859
195860
195861
195862
195863
195864
195865
195866
195867
195868
195869
195870
195871
195872
195873
195874
195875
195876
195877
195878
195879
195880
195881
195882
195883
195884
195963
195964
195965
195966
195967
195968
195969
195970
195971
195972
195973
195974
195975
195976
195977
195978
195979
195980
195981
195982
195983
195984
195985
195986
195987
195988
195989
195990
195991
195992
195993
195994
195995
195996
195997
195998
195999
196000
196001
196002
196003
196004
196005
196006
196007
196008
196009
196010
196011
196012
196013
196014
196015
196017
196018
196019
196020
196021
196022
196023
196024
196025
196026
196027
196028
196029
196030
196031
196032
196033
196034
196035
196036
196037
196038
196039
196040
196067
196068
196069
196070
196071
196072
196073
196074
196075
196076
196077
196078
196079
196080
196081
196082
196083
196084
196085
196086
196087
196088
196089
196090
196091
196092
196119
196120
196121
196122
196123
196124
196125
196126
196127
196128
196129
196130
196131
196132
196133
196134
196135
196136
196137
196138
196139
196140
196141
196142
196143
196144
196197
196198
196199
196200
196201
196202
196203
196204
196205
196206
196207
196208
196209
196210
196211
196212
196213
196214
196215
196216
196217
196218
196219
196221
196222
196225
196226
196227
196228
196229
196230
196231
196232
196233
196234
196235
196236
196237
196238
196239
196240
196241
196242
196243
196244
196245
196246
196247
196248
196327
196328
196329
196330
196331
196332
196333
196334
196335
196336
196337
196338
196339
196340
196341
196342
196343
196344
196345
196346
196347
196348
196349
196350
196351
196352
196379
196380
196381
196382
196383
196384
196385
196386
196387
196388
196389
196390
196391
196392
196393
196394
196395
196396
196397
196398
196399
196400
196401
196402
196403
196404
196405
196406
196407
196409
196410
196411
196412
196413
196414
196415
196416
196417
196418
196419
196420
196421
196422
196423
196424
196425
196426
196427
196428
196429
196430
196433
196435
196436
196437
196438
196439
196440
196441
196442
196443
196444
196445
196446
196447
196448
196449
196450
196451
196452
196453
196454
196455
196456
196483
196484
196485
196486
196487
196488
196489
196490
196491
196492
196493
196494
196495
196496
196497
196499
196500
196501
196502
196503
196504
196505
196506
196507
196508
196535
196536
196537
196538
196539
196540
196541
196542
196543
196544
196545
196546
196547
196548
196549
196550
196551
196552
196553
196554
196555
196556
196557
196558
196559
196560
196561
196563
196564
196565
196566
196567
196568
196569
196570
196571
196572
196573
196574
196575
196576
196577
196578
196579
196580
196581
196582
196583
196584
196585
196586
196613
196614
196615
196616
196617
196618
196619
196620
196621
196622
196623
196624
196625
196626
196627
196628
196629
196630
196631
196632
196633
196634
196635
196636
196637
196638
196743
196744
196745
196746
196747
196748
196749
196750
196751
196752
196753
196754
196755
196756
196757
196758
196759
196760
196761
196762
196763
196764
196765
196766
196767
196768
196769
196770
196771
196772
196773
196774
196775
196776
196777
196778
196779
196780
196781
196782
196783
196784
196785
196786
196787
196788
196789
196790
196791
196792
196793
196794
196821
196822
196823
196824
196825
196826
196827
196828
196829
196830
196831
196832
196833
196834
196835
196836
196837
196838
196839
196840
196841
196842
196843
196844
196845
196846
196849
196850
196851
196852
196853
196854
196855
196856
196857
196858
196859
196860
196861
196862
196863
196864
196865
196866
196867
196868
196869
196870
196871
196872
196873
196874
196875
196876
196877
196878
196879
196880
196881
196882
196883
196884
196885
196886
196887
196888
196889
196890
196891
196892
196893
196894
196895
196896
196897
196899
196903
196904
196905
196906
196907
196908
196909
196910
196911
196912
196913
196914
196915
196916
196917
196918
196919
196920
196921
196922
196923
196924
196926
196927
196929
196930
196931
196932
196933
196934
196935
196936
196937
196938
196939
196940
196941
196942
196943
196944
196945
196946
196947
196948
196949
196950
196977
196978
196979
196981
196982
196983
196984
196985
196986
196987
196988
196989
196990
196991
196992
196993
196994
196995
196996
196997
196998
196999
197000
197001
197002
197029
197030
197031
197032
197033
197034
197035
197036
197037
197038
197040
197041
197042
197043
197044
197045
197046
197047
197048
197049
197050
197051
197052
197053
197054
197055
197056
197057
197058
197059
197060
197061
197062
197063
197064
197065
197066
197067
197068
197069
197070
197071
197072
197073
197074
197075
197076
197077
197078
197079
197080
197133
197134
197135
197136
197137
197138
197139
197140
197141
197142
197143
197144
197145
197146
197147
197148
197149
197150
197151
197152
197153
197154
197155
197156
197157
197158
197185
197186
197187
197188
197189
197190
197191
197192
197193
197194
197195
197196
197197
197198
197199
197200
197201
197202
197203
197204
197205
197206
197207
197208
197209
197210
197211
197213
197214
197215
197216
197217
197218
197219
197220
197221
197222
197223
197224
197225
197226
197227
197228
197229
197230
197231
197232
197233
197234
197235
197236
197263
197264
197265
197266
197267
197268
197269
197270
197271
197272
197273
197274
197275
197276
197277
197278
197279
197280
197281
197282
197283
197284
197285
197286
197287
197288
197315
197316
197317
197318
197319
197320
197321
197322
197323
197324
197325
197326
197327
197328
197329
197330
197331
197332
197333
197334
197335
197336
197337
197338
197339
197340
197341
197342
197343
197345
197346
197347
197348
197349
197350
197351
197352
197353
197354
197355
197356
197357
197358
197359
197360
197361
197362
197363
197364
197365
197366
197393
197394
197395
197396
197397
197398
197399
197400
197401
197402
197403
197404
197405
197406
197407
197408
197409
197410
197411
197413
197414
197415
197416
197417
197418
197471
197472
197473
197474
197475
197476
197477
197478
197479
197480
197481
197482
197483
197484
197485
197486
197487
197488
197489
197490
197491
197492
197493
197494
197495
197496
197499
197500
197501
197502
197503
197504
197505
197506
197507
197508
197509
197510
197511
197512
197513
197514
197515
197516
197517
197518
197519
197520
197521
197522
197524
197525
197526
197527
197528
197529
197531
197532
197533
197534
197535
197536
197538
197539
197540
197541
197542
197543
197544
197545
197546
197547
197548
197549
197550
197551
197552
197553
197554
197555
197556
197557
197558
197559
197560
197561
197562
197563
197564
197565
197566
197567
197568
197569
197570
197571
197572
197573
197574
197601
197602
197603
197604
197605
197606
197607
197608
197609
197610
197611
197612
197613
197614
197615
197616
197618
197619
197620
197621
197622
197623
197624
197625
197626
197627
197628
197629
197630
197631
197632
197633
197634
197635
197636
197637
197638
197640
197641
197642
197643
197644
197645
197646
197647
197648
197649
197650
197651
197652
197679
197680
197681
197682
197683
197684
197685
197686
197687
197688
197689
197690
197691
197692
197693
197694
197695
197696
197697
197698
197699
197700
197701
197702
197703
197704
197706
197708
197710
197712
197714
197715
197716
197717
197718
197719
197720
197721
197722
197723
197724
197725
197726
197727
197728
197729
197730
197757
197758
197759
197760
197761
197762
197763
197764
197765
197766
197768
197770
197771
197772
197773
197774
197775
197776
197777
197778
197780
197781
197782
197783
197784
197785
197787
197788
197789
197790
197792
197793
197794
197795
197796
197797
197798
197799
197800
197801
197802
197803
197804
197805
197806
197807
197808
197861
197862
197863
197864
197865
197866
197867
197868
197869
197870
197871
197872
197873
197874
197875
197876
197877
197878
197879
197880
197881
197882
197883
197884
197885
197886
197887
197890
197891
197892
197893
197894
197895
197896
197897
197898
197899
197900
197901
197902
197903
197904
197905
197906
197907
197908
197909
197910
197911
197912
197913
197914
197915
197916
197917
197918
197919
197920
197921
197922
197923
197924
197925
197926
197927
197928
197929
197930
197931
197932
197933
197934
197935
197936
197937
197938
197939
197940
197941
197942
197943
197944
197945
197946
197947
197948
197949
197950
197951
197952
197953
197954
197955
197956
197957
197958
197959
197960
197961
197962
197963
197964
197991
197992
197993
197994
197995
197996
197997
197998
197999
198000
198001
198002
198003
198004
198005
198006
198007
198008
198009
198010
198011
198012
198013
198014
198015
198016
198043
198044
198045
198046
198047
198048
198049
198050
198051
198052
198053
198054
198055
198056
198057
198058
198059
198060
198061
198062
198063
198064
198065
198066
198067
198068
198095
198096
198097
198098
198099
198100
198101
198102
198103
198104
198105
198106
198107
198108
198109
198110
198111
198112
198113
198114
198115
198116
198117
198118
198119
198120
198122
198123
198124
198125
198126
198127
198128
198129
198130
198131
198132
198133
198134
198135
198136
198137
198138
198139
198140
198141
198142
198143
198144
198145
198146
198225
198226
198227
198228
198229
198230
198231
198232
198233
198234
198235
198236
198237
198238
198239
198240
198241
198242
198243
198244
198245
198246
198247
198248
198249
198250
198303
198304
198305
198306
198307
198308
198309
198310
198311
198312
198313
198314
198315
198316
198317
198318
198319
198320
198321
198322
198323
198324
198325
198326
198327
198328
198355
198356
198357
198358
198359
198360
198361
198362
198363
198364
198365
198366
198367
198368
198369
198370
198371
198372
198373
198374
198375
198376
198377
198378
198379
198380
198407
198408
198410
198411
198412
198413
198414
198415
198416
198417
198418
198419
198420
198421
198422
198423
198424
198425
198426
198427
198428
198429
198430
198431
198432
198433
198434
198435
198437
198438
198439
198441
198442
198444
198445
198447
198449
198451
198454
198456
198457
198458
198485
198487
198488
198491
198493
198494
198495
198497
198498
198499
198502
198503
198504
198505
198508
198539
198540
198541
198543
