207868
207869
207870
207871
207872
207873
207874
207875
207876
207877
207878
207879
207880
207881
207882
207883
207884
207885
207886
207887
207888
207889
207890
207891
207892
207893
207894
207895
207896
207949
207950
207951
207952
207953
207954
207955
207956
207957
207958
207959
207960
207961
207962
207963
207964
207965
207966
207968
207969
207970
207971
207972
207973
207974
208001
208002
208003
208004
208005
208006
208007
208008
208009
208010
208011
208012
208013
208014
208015
208016
208017
208018
208019
208020
208021
208022
208023
208024
208025
208026
208105
208106
208107
208108
208109
208110
208111
208112
208113
208114
208115
208116
208117
208118
208119
208120
208121
208122
208123
208124
208125
208126
208127
208128
208129
208130
208157
208158
208159
208160
208161
208162
208163
208164
208165
208166
208167
208168
208169
208170
208171
208172
208173
208174
208176
208177
208178
208179
208180
208181
208182
208184
208185
208186
208187
208188
208189
208190
208191
208192
208193
208194
208195
208196
208197
208198
208199
208200
208201
208202
208203
208204
208205
208206
208207
208208
208210
208211
208212
208213
208214
208215
208216
208217
208218
208219
208220
208221
208222
208223
208224
208225
208226
208227
208228
208229
208230
208231
208232
208233
208234
208287
208288
208289
208290
208291
208292
208293
208294
208295
208296
208297
208298
208299
208300
208301
208302
208303
208304
208305
208306
208307
208308
208309
208310
208311
208312
208417
208418
208419
208420
208421
208422
208423
208424
208425
208426
208427
208428
208429
208430
208431
208432
208433
208434
208435
208436
208437
208438
208439
208440
208441
208442
208495
208496
208497
208498
208499
208500
208501
208502
208503
208504
208505
208506
208507
208508
208509
208510
208511
208512
208513
208514
208515
208516
208517
208518
208519
208520
208547
208548
208549
208550
208551
208552
208553
208554
208555
208556
208557
208558
208559
208560
208561
208562
208563
208564
208565
208566
208567
208568
208569
208570
208571
208572
208574
208576
208577
208578
208579
208580
208581
208582
208583
208584
208585
208586
208587
208588
208589
208590
208591
208592
208593
208594
208595
208596
208597
208598
208625
208626
208627
208628
208629
208630
208631
208632
208633
208634
208635
208636
208637
208638
208639
208640
208641
208642
208643
208644
208645
208646
208647
208648
208649
208650
208651
208652
208653
208654
208655
208656
208657
208658
208659
208660
208661
208662
208663
208664
208665
208666
208667
208668
208669
208670
208672
208673
208674
208675
208676
208703
208704
208705
208706
208707
208708
208709
208710
208711
208712
208713
208714
208715
208716
208717
208718
208719
208720
208721
208722
208723
208724
208725
208726
208727
208728
208733
208734
208736
208740
208741
208742
208743
208744
208745
208746
208747
208748
208749
208750
208751
208752
208753
208754
208758
208759
208760
208761
208762
208763
208764
208765
208766
208767
208768
208769
208770
208771
208772
208773
208774
208775
208776
208777
208778
208779
208780
208885
208886
208887
208888
208889
208890
208891
208892
208893
208894
208895
208896
208897
208898
208899
208900
208901
208902
208903
208904
208905
208906
208907
208908
208909
208910
208963
208964
208965
208966
208967
208968
208969
208970
208971
208972
208973
208974
208975
208976
208977
208978
208979
208980
208981
208982
208983
208984
208985
208986
208987
208988
209041
209042
209043
209044
209045
209046
209047
209048
209049
209050
209051
209052
209053
209054
209055
209056
209057
209058
209059
209060
209061
209062
209063
209064
209065
209066
209068
209069
209070
209071
209072
209073
209074
209075
209076
209077
209078
209079
209080
209081
209082
209083
209084
209086
209087
209088
209089
209090
209091
209092
209093
209096
209097
209098
209099
209100
209101
209102
209103
209104
209105
209106
209107
209108
209109
209110
209111
209112
209113
209114
209115
209116
209117
209118
209171
209172
209173
209174
209175
209176
209177
209178
209179
209180
209181
209182
209183
209184
209185
209186
209187
209188
209189
209191
209192
209193
209194
209195
209196
209198
209199
209200
209201
209202
209203
209204
209205
209206
209207
209208
209209
209210
209211
209212
209213
209214
209215
209216
209217
209218
209219
209220
209221
209222
209223
209224
209225
209226
209227
209228
209229
209230
209231
209232
209233
209234
209235
209236
209237
209238
209239
209240
209241
209242
209243
209244
209245
209246
209247
209248
209327
209328
209329
209330
209331
209332
209333
209334
209335
209336
209337
209338
209339
209340
209341
209342
209343
209344
209345
209346
209347
209348
209349
209350
209351
209352
209353
209357
209359
209360
209361
209362
209363
209364
209365
209366
209367
209368
209369
209370
209371
209372
209373
209374
209375
209376
209377
209378
209379
209380
209381
209382
209383
209384
209385
209386
209387
209388
209389
209390
209391
209392
209393
209394
209395
209396
209397
209398
209399
209400
209401
209402
209403
209404
209431
209432
209433
209434
209435
209436
209437
209438
209439
209440
209441
209442
209443
209444
209445
209446
209447
209448
209449
209450
209451
209452
209453
209454
209455
209456
209457
209458
209459
209460
209461
209462
209463
209464
209465
209466
209467
209468
209469
209470
209471
209472
209473
209474
209475
209476
209477
209478
209479
209480
209481
209482
209561
209562
209563
209564
209565
209566
209567
209568
209569
209570
209571
209572
209573
209574
209575
209576
209577
209578
209579
209580
209581
209582
209583
209584
209585
209586
209587
209589
209590
209591
209592
209593
209594
209595
209596
209597
209598
209599
209600
209601
209602
209603
209604
209605
209606
209607
209608
209609
209610
209611
209612
209613
209614
209615
209616
209617
209618
209619
209620
209621
209622
209623
209624
209625
209626
209627
209628
209629
209630
209631
209632
209633
209634
209635
209636
209637
209638
209691
209692
209693
209694
209695
209696
209697
209698
209699
209700
209701
209702
209703
209704
209705
209706
209707
209708
209709
209710
209711
209712
209713
209714
209715
209716
209717
209719
209720
209721
209722
209723
209724
209725
209726
209727
209728
209729
209730
209731
209732
209733
209734
209735
209736
209737
209738
209739
209740
209741
209742
209769
209770
209771
209772
209773
209774
209775
209776
209777
209778
209779
209780
209781
209782
209783
209784
209786
209788
209789
209790
209791
209792
209793
209794
209821
209822
209823
209824
209825
209826
209827
209828
209829
209830
209831
209832
209833
209834
209835
209836
209837
209838
209839
209840
209841
209842
209843
209844
209845
209846
209847
209848
209849
209850
209851
209852
209853
209854
209855
209856
209857
209858
209859
209860
209861
209862
209863
209864
209865
209866
209867
209868
209869
209870
209871
209872
209899
209900
209901
209902
209903
209904
209905
209906
209907
209908
209909
209910
209911
209912
209913
209914
209915
209916
209917
209918
209919
209920
209921
209922
209923
209924
210029
210030
210031
210032
210033
210034
210035
210036
210037
210038
210039
210040
210041
210042
210043
210044
210045
210046
210047
210048
210049
210050
210051
210052
210053
210054
210055
210056
210057
210058
210059
210060
210061
210062
210063
210064
210065
210066
210067
210068
210069
210070
210071
210072
210073
210074
210075
210076
210077
210078
210079
210080
210082
210083
210084
210085
210086
210087
210088
210089
210090
210091
210092
210093
210094
210095
210096
210097
210098
210099
210100
210101
210102
210103
210104
210105
210106
210107
210108
210109
210110
210111
210112
210113
210114
210115
210116
210117
210118
210119
210120
210121
210122
210123
210124
210125
210126
210127
210128
210129
210130
210131
210132
210159
210160
210161
210162
210163
210164
210165
210166
210167
210168
210169
210170
210171
210172
210173
210174
210175
210176
210177
210178
210179
210180
210181
210182
210183
210184
210185
210186
210187
210188
210189
210190
210191
210192
210193
210194
210195
210196
210197
210198
210199
210200
210201
210202
210203
210204
210205
210206
210207
210208
210209
210210
210263
210264
210265
210266
210267
210268
210269
210270
210271
210272
210273
210274
210275
210276
210277
210278
210279
210280
210281
210282
210283
210284
210285
210286
210287
210288
210289
210290
210291
210292
210293
210294
210295
210296
210297
210298
210300
210301
210302
210303
210304
210305
210306
210307
210308
210309
210310
210311
210312
210313
210314
210341
210342
210343
210344
210345
210346
210347
210348
210349
210350
210351
210352
210353
210354
210355
210356
210357
210358
210359
210360
210361
210362
210363
210364
210365
210366
210393
210394
210395
210396
210397
210398
210399
210400
210401
210402
210403
210404
210405
210406
210407
210408
210409
210410
210411
210412
210413
210414
210415
210416
210417
210418
210445
210446
210447
210448
210449
210450
210451
210452
210453
210454
210455
210456
210458
210459
210460
210461
210462
210463
210464
210465
210466
210467
210468
210469
210470
210497
210498
210499
210500
210501
210502
210503
210504
210505
210507
210508
210509
210510
210511
210512
210513
210514
210515
210516
210517
210518
210519
210520
210521
210522
210575
210576
210577
210579
210580
210581
210582
210583
210584
210585
210586
210587
210588
210589
210590
210592
210593
210594
210595
210596
210597
210598
210599
210600
210757
210758
210759
210760
210761
210762
210763
210764
210765
210766
210767
210768
210769
210770
210771
210772
210773
210774
210775
210776
210777
210778
210779
210780
210781
210782
210784
210785
210786
210787
210788
210790
210791
210792
210793
210794
210796
210797
210798
210799
210800
210801
210802
210803
210804
210805
210806
210807
210808
210809
210810
210811
210812
210813
210814
210815
210816
210817
210818
210819
210820
210821
210822
210823
210824
210825
210826
210827
210828
210829
210830
210831
210832
210833
210834
210835
210837
210838
210839
210840
210841
210842
210843
210844
210845
210846
210847
210848
210849
210850
210851
210852
210853
210854
210855
210856
210857
210858
210859
210860
210965
210966
210967
210968
210969
210970
210971
210972
210973
210974
210975
210976
210977
210978
210979
210980
210981
210982
210983
210984
210985
210986
210987
210988
210989
210990
210991
210992
210993
210994
210995
210996
210997
210998
210999
211000
211001
211002
211003
211004
211005
211006
211007
211008
211009
211010
211011
211012
211013
211014
211015
211016
211017
211018
211019
211020
211021
211022
211023
211024
211025
211026
211027
211028
211029
211030
211031
211032
211033
211034
211035
211036
211037
211038
211039
211040
211041
211042
211069
211070
211071
211073
211074
211075
211076
211077
211078
211079
211080
211081
211082
211083
211084
211085
211086
211087
211088
211089
211090
211091
211092
211093
211094
211173
211174
211175
211176
211177
211178
211179
211180
211181
211182
211183
211184
211185
211186
211187
211188
211189
211190
211191
211192
211193
211194
211195
211196
211197
211198
211225
211226
211227
211228
211229
211230
211231
211232
211233
211234
211235
211236
211237
211238
211239
211240
211241
211243
211244
211245
211246
211247
211248
211249
211250
211251
211252
211253
211254
211255
211256
211257
211258
211259
211260
211261
211262
211263
211264
211265
211266
211267
211268
211269
211270
211271
211272
211273
211274
211275
211276
211303
211304
211305
211306
211307
211308
211309
211310
211311
211312
211313
211314
211315
211316
211317
211318
211319
211320
211321
211322
211323
211324
211325
211326
211327
211328
211355
211356
211357
211358
211360
211361
211362
211363
211364
211365
211366
211367
211368
211369
211370
211371
211372
211373
211374
211375
211376
211377
211379
211380
211434
211435
211436
211437
211438
211439
211440
211442
211443
211444
211446
211447
211448
211449
211450
211451
211452
211453
211454
211455
211456
211457
211458
211459
211460
211462
211463
211464
211465
211466
211467
211468
211469
211470
211471
211472
211473
211474
211475
211476
211477
211478
211479
211480
211481
211482
211483
211487
211488
211489
211490
211491
211492
211493
211494
211495
211496
211497
211498
211499
211500
211501
211502
211503
211504
211506
211507
211508
211509
211510
211537
211538
211539
211540
211541
211542
211544
211545
211546
211547
211548
211549
211551
211552
211554
211556
211557
211558
211559
211560
211561
211562
211563
211564
211565
211566
211567
211568
211569
211570
211571
211572
211573
211574
211575
211576
211577
211578
211579
211580
211581
211582
211583
211584
211585
211586
211587
211588
211667
211668
211669
211671
211672
211673
211674
211675
211676
211677
211678
211679
211680
211681
211682
211683
211684
211685
211686
211687
211688
211689
211690
211691
211692
211719
211720
211721
211722
211723
211724
211725
211727
211728
211729
211730
211731
211732
211733
211734
211735
211736
211737
211738
211739
211740
211741
211742
211743
211744
211748
211749
211750
211751
211752
211753
211754
211756
211757
211758
211759
211760
211761
211762
211763
211764
211765
211766
211768
211769
211770
211797
211798
211799
211800
211801
211802
211803
211804
211805
211806
211807
211808
211809
211810
211811
211812
211813
211814
211815
211816
211817
211818
211819
211820
211821
211822
211823
211824
211825
211826
211827
211828
211829
211830
211831
211832
211833
211834
211835
211836
211837
211838
211839
211840
211841
211842
211843
211844
211845
211846
211847
211848
211849
211850
211851
211852
211853
211854
211855
211856
211857
211858
211859
211860
211861
211862
211863
211864
211865
211866
211867
211868
211869
211870
211871
211872
211873
211874
211876
211877
211878
211879
211880
211881
211882
211883
211884
211885
211886
211887
211888
211889
211890
211891
211892
211893
211894
211895
211896
211897
211898
211899
211900
211979
211980
211981
211982
211983
211984
211985
211986
211987
211988
211989
211990
211991
211992
211993
211994
211995
211996
211997
211998
211999
212000
212001
212002
212003
212004
212031
212032
212033
212034
212035
212036
212037
212038
212039
212040
212041
212042
212043
212044
212045
212046
212047
212048
212049
212050
212051
212052
212053
212054
212055
212056
212109
212110
212111
212112
212114
212115
212116
212117
212118
212119
212120
212121
212122
212123
212124
212125
212126
212127
212128
212129
212130
212131
212132
212133
212134
212135
212136
212137
212138
212139
212140
212141
212142
212143
212144
212145
212146
212147
212148
212149
212150
212151
212152
212153
212154
212155
212156
212157
212158
212159
212160
212213
212214
212215
212216
212217
212218
212219
212220
212221
212222
212223
212224
212225
212226
212227
212228
212229
212230
212231
212232
212233
212234
212235
212236
212237
212238
212291
212292
212293
212294
212295
212296
212297
212298
212299
212300
212301
212302
212303
212304
212305
212306
212307
212308
212309
212310
212311
212312
212313
212314
212315
212316
212317
212318
212319
212322
212323
212324
212325
212326
212328
212330
212331
212332
212333
212334
212336
212337
212338
212339
212340
212341
212342
212369
212370
212371
212372
212373
212374
212376
212377
212378
212379
212380
212381
212382
212383
212384
212385
212386
212387
212388
212389
212390
212391
212392
212393
212394
212396
212397
212399
212400
212402
212403
212404
212406
212412
212413
212415
212417
212447
212448
212449
212454
212455
212457
212459
212461
212466
212469
212470
212471
