212499
212500
212501
212502
212503
212504
212505
212506
212507
212508
212509
212510
212511
212512
212513
212514
212515
212516
212517
212518
212519
212520
212521
212522
212523
212524
212603
212604
212605
212606
212607
212608
212609
212610
212611
212612
212613
212614
212615
212616
212617
212618
212619
212620
212621
212622
212623
212624
212625
212626
212627
212628
212655
212656
212657
212658
212659
212660
212661
212662
212663
212664
212665
212666
212667
212668
212669
212670
212671
212672
212673
212674
212675
212676
212677
212678
212679
212680
212733
212734
212735
212736
212737
212738
212739
212740
212741
212742
212743
212744
212745
212746
212747
212748
212749
212750
212751
212752
212753
212754
212755
212756
212757
212758
212759
212760
212761
212762
212763
212764
212765
212766
212767
212768
212769
212770
212771
212772
212773
212774
212775
212776
212777
212778
212779
212780
212781
212782
212783
212784
212941
212942
212943
212944
212945
212946
212947
212948
212949
212950
212951
212952
212953
212954
212955
212956
212957
212958
212959
212960
212961
212962
212963
212964
212965
212966
212967
212968
212969
212970
212971
212972
212973
212974
212975
212976
212977
212978
212979
212980
212981
212982
212983
212984
212985
212986
212987
212988
212989
212990
212991
212992
213019
213020
213021
213023
213024
213025
213026
213027
213028
213029
213030
213031
213032
213033
213034
213035
213036
213037
213038
213039
213040
213041
213042
213043
213044
213097
213098
213099
213100
213101
213102
213103
213104
213105
213106
213107
213108
213109
213110
213111
213112
213113
213114
213115
213116
213117
213118
213119
213120
213121
213122
213149
213150
213151
213152
213153
213154
213155
213156
213157
213158
213159
213160
213161
213162
213163
213164
213165
213166
213167
213168
213169
213170
213171
213172
213173
213174
213176
213177
213178
213181
213182
213183
213184
213185
213186
213187
213188
213189
213190
213191
213192
213193
213194
213195
213196
213197
213198
213199
213200
213253
213254
213255
213256
213257
213258
213259
213260
213261
213262
213263
213264
213265
213266
213267
213268
213269
213270
213271
213272
213273
213274
213275
213276
213277
213278
213281
213282
213283
213284
213285
213286
213287
213288
213289
213290
213291
213292
213293
213294
213295
213296
213297
213298
213299
213300
213301
213302
213303
213304
213331
213332
213333
213334
213335
213336
213337
213338
213339
213340
213341
213342
213343
213344
213345
213346
213347
213348
213349
213350
213351
213352
213353
213354
213355
213356
213357
213358
213359
213360
213361
213362
213363
213364
213365
213366
213367
213368
213369
213370
213371
213372
213373
213374
213375
213376
213377
213378
213379
213380
213381
213382
213435
213436
213437
213438
213439
213440
213441
213442
213443
213444
213445
213446
213447
213448
213449
213450
213451
213452
213453
213454
213455
213456
213457
213458
213459
213460
213513
213514
213515
213516
213517
213518
213519
213520
213521
213522
213523
213524
213525
213526
213527
213528
213529
213530
213531
213532
213533
213534
213535
213536
213537
213538
213539
213541
213542
213543
213544
213545
213546
213547
213548
213549
213550
213551
213552
213553
213554
213555
213556
213557
213558
213559
213560
213561
213562
213563
213564
213565
213566
213567
213568
213569
213570
213571
213572
213573
213574
213575
213576
213577
213578
213579
213580
213581
213582
213583
213584
213585
213586
213587
213588
213589
213590
213617
213618
213619
213620
213621
213622
213623
213624
213625
213626
213627
213628
213629
213630
213631
213632
213633
213634
213635
213636
213637
213638
213639
213640
213641
213642
213645
213646
213647
213648
213649
213650
213651
213652
213653
213654
213656
213657
213658
213659
213660
213661
213662
213663
213664
213665
213666
213667
213668
213695
213696
213697
213698
213699
213700
213701
213702
213703
213704
213705
213706
213707
213708
213709
213710
213711
213712
213713
213714
213715
213716
213717
213718
213719
213720
213773
213774
213775
213776
213777
213778
213779
213780
213781
213782
213783
213784
213785
213786
213787
213788
213789
213790
213791
213792
213793
213794
213795
213796
213797
213798
213799
213800
213801
213802
213803
213804
213805
213806
213807
213808
213809
213810
213811
213812
213813
213814
213815
213816
213817
213818
213819
213820
213821
213822
213823
213824
213903
213904
213905
213906
213907
213908
213909
213910
213911
213912
213913
213914
213915
213916
213917
213918
213919
213920
213921
213922
213923
213924
213925
213926
213927
213928
213955
213956
213957
213958
213959
213960
213961
213962
213963
213964
213965
213966
213967
213968
213969
213970
213971
213972
213973
213974
213975
213976
213977
213978
213979
213980
213981
213982
213983
213984
213985
213986
213987
213988
213989
213990
213991
213992
213993
213994
213995
213996
213997
213998
213999
214000
214001
214002
214003
214004
214005
214006
214059
214060
214061
214062
214063
214064
214065
214066
214067
214068
214069
214070
214071
214072
214073
214074
214075
214076
214077
214078
214079
214080
214081
214082
214083
214084
214111
214112
214113
214114
214115
214116
214117
214118
214119
214120
214121
214122
214123
214124
214125
214126
214127
214128
214129
214130
214131
214132
214133
214134
214135
214136
214138
214139
214140
214141
214142
214143
214144
214145
214146
214147
214148
214149
214150
214151
214153
214154
214155
214156
214157
214158
214159
214160
214161
214162
214189
214190
214191
214192
214193
214194
214195
214196
214197
214198
214199
214200
214201
214202
214203
214204
214205
214206
214207
214208
214209
214210
214211
214212
214213
214214
214241
214242
214243
214244
214245
214246
214247
214248
214249
214250
214251
214252
214253
214254
214255
214256
214257
214258
214259
214260
214261
214262
214263
214264
214265
214266
214268
214269
214270
214271
214272
214273
214274
214275
214276
214277
214278
214279
214280
214281
214282
214283
214284
214285
214286
214287
214288
214289
214290
214291
214292
214371
214372
214373
214374
214375
214376
214377
214378
214379
214380
214381
214382
214383
214384
214385
214386
214387
214388
214389
214390
214391
214392
214393
214394
214395
214396
214527
214528
214529
214530
214531
214532
214533
214534
214535
214536
214537
214538
214539
214540
214541
214542
214543
214544
214545
214546
214547
214548
214549
214550
214551
214552
214605
214606
214607
214608
214609
214610
214611
214612
214613
214614
214615
214616
214617
214618
214619
214620
214621
214622
214623
214624
214625
214626
214627
214628
214629
214630
214632
214633
214634
214635
214636
214637
214638
214639
214640
214641
214642
214643
214644
214645
214646
214647
214648
214649
214650
214651
214652
214653
214654
214655
214656
214683
214684
214685
214686
214687
214688
214689
214690
214691
214692
214693
214694
214695
214696
214697
214698
214699
214700
214701
214702
214703
214704
214705
214706
214707
214708
214761
214762
214763
214764
214765
214766
214767
214768
214769
214770
214771
214772
214773
214774
214775
214776
214777
214778
214779
214780
214781
214782
214783
214784
214785
214786
214813
214814
214815
214816
214817
214818
214819
214820
214821
214822
214823
214824
214825
214826
214827
214828
214829
214830
214831
214832
214833
214834
214835
214836
214837
214838
214839
214840
214841
214842
214843
214844
214845
214846
214847
214848
214849
214850
214851
214852
214853
214854
214855
214856
214857
214858
214859
214860
214861
214862
214863
214864
214891
214892
214893
214894
214895
214896
214897
214898
214899
214900
214901
214902
214903
214904
214905
214906
214907
214908
214909
214910
214911
214912
214913
214914
214915
214916
214969
214970
214971
214972
214973
214974
214975
214976
214977
214978
214979
214980
214981
214982
214983
214984
214985
214986
214987
214988
214989
214990
214991
214992
214993
215073
215074
215075
215076
215077
215078
215079
215080
215081
215082
215083
215084
215085
215086
215087
215088
215089
215090
215091
215092
215093
215094
215095
215096
215097
215098
215101
215102
215103
215104
215105
215106
215107
215108
215109
215110
215111
215112
215113
215114
215115
215116
215117
215119
215120
215121
215122
215123
215124
215125
215127
215128
215129
215130
215131
215132
215133
215134
215135
215136
215137
215138
215139
215140
215141
215142
215143
215144
215145
215146
215147
215148
215149
215150
215177
215178
215179
215180
215181
215182
215183
215184
215185
215186
215187
215188
215189
215190
215191
215192
215193
215195
215196
215197
215198
215199
215200
215201
215202
215255
215256
215257
215258
215259
215260
215261
215262
215263
215264
215265
215266
215267
215268
215269
215270
215271
215272
215273
215274
215275
215276
215277
215278
215279
215280
215307
215308
215309
215310
215311
215312
215313
215314
215315
215316
215317
215318
215319
215320
215321
215322
215323
215324
215325
215326
215327
215328
215329
215330
215331
215332
215333
215334
215336
215337
215338
215339
215340
215341
215342
215343
215344
215345
215346
215347
215348
215349
215350
215351
215352
215353
215354
215355
215356
215357
215358
215463
215464
215465
215466
215467
215468
215469
215470
215471
215472
215473
215474
215475
215476
215477
215478
215479
215480
215481
215482
215483
215484
215485
215486
215487
215488
215515
215516
215517
215518
215519
215520
215521
215522
215523
215524
215525
215526
215527
215528
215529
215530
215531
215532
215534
215535
215536
215537
215538
215539
215540
215541
215542
215543
215544
215545
215546
215547
215548
215549
215550
215551
215552
215553
215554
215555
215556
215557
215558
215559
215560
215561
215562
215563
215564
215565
215566
215568
215570
215571
215572
215573
215574
215575
215576
215577
215578
215579
215580
215581
215582
215583
215584
215585
215586
215587
215588
215589
215590
215591
215592
215697
215698
215699
215700
215701
215702
215703
215704
215705
215706
215707
215708
215709
215710
215711
215712
215713
215714
215715
215716
215717
215718
215719
215720
215721
215722
215775
215776
215777
215778
215779
215780
215781
215782
215783
215784
215785
215786
215787
215788
215789
215790
215791
215792
215793
215794
215795
215796
215797
215798
215799
215800
215801
215803
215804
215806
215807
215808
215809
215810
215811
215812
215813
215814
215815
215816
215817
215818
215819
215821
215822
215823
215824
215825
215826
215853
215854
215855
215856
215857
215858
215859
215860
215861
215862
215863
215864
215865
215866
215867
215868
215869
215870
215871
215872
215873
215874
215875
215876
215877
215878
215905
215906
215907
215908
215909
215910
215911
215912
215913
215914
215915
215916
215917
215918
215919
215920
215921
215922
215923
215924
215925
215926
215928
215929
215930
215932
215933
215934
215935
215936
215937
215938
215939
215940
215941
215942
215943
215944
215945
215946
215947
215948
215949
215950
215951
215952
215953
215954
215955
215956
215957
215959
215960
215961
215962
215963
215965
215966
215967
215968
215969
215970
215972
215973
215974
215975
215976
215977
215978
215979
215980
215981
215982
216035
216036
216037
216039
216040
216041
216042
216043
216044
216045
216046
216047
216048
216049
216050
216051
216052
216053
216054
216055
216056
216057
216058
216059
216060
216061
216062
216063
216064
216065
216066
216067
216068
216069
216070
216072
216073
216074
216075
216076
216077
216078
216079
216080
216081
216082
216083
216084
216085
216086
216087
216089
216090
216091
216092
216093
216094
216095
216096
216097
216098
216099
216100
216101
216102
216103
216104
216105
216106
216107
216108
216109
216111
216112
216139
216140
216141
216142
216143
216144
216145
216146
216147
216148
216149
216150
216151
216152
216154
216155
216156
216157
216158
216160
216161
216162
216163
216164
216217
216218
216219
216220
216221
216222
216223
216224
216225
216226
216227
216228
216229
216230
216231
216232
216233
216234
216235
216236
216237
216238
216239
216240
216241
216242
216269
216271
216272
216273
216274
216275
216276
216277
216278
216279
216280
216281
216282
216283
216284
216285
216286
216287
216288
216289
216290
216291
216292
216293
216294
216321
216322
216323
216324
216325
216326
216327
216328
216329
216330
216331
216332
216333
216334
216335
216336
216337
216338
216339
216340
216341
216342
216343
216344
216345
216346
216347
216348
216349
216350
216351
216352
216353
216354
216355
216356
216357
216358
216359
216360
216361
216362
216363
216364
216365
216366
216367
216368
216369
216370
216371
216372
216529
216530
216531
216532
216533
216534
216535
216536
216537
216538
216539
216540
216541
216542
216543
216544
216545
216546
216547
216548
216549
216550
216551
216552
216553
216554
216581
216582
216583
216584
216585
216586
216587
216588
216589
216590
216591
216592
216593
216594
216595
216596
216597
216598
216599
216600
216601
216602
216603
216604
216605
216606
216607
216608
216609
216610
216611
216612
216613
216614
216615
216616
216617
216618
216619
216620
216621
216622
216623
216624
216625
216626
216627
216628
216629
216630
216631
216632
216634
216635
216636
216637
216638
216639
216640
216641
216642
216643
216644
216645
216646
216647
216648
216649
216650
216651
216652
216653
216654
216655
216656
216657
216658
216685
216686
216687
216688
216689
216690
216691
216692
216693
216694
216695
216696
216697
216698
216699
216700
216701
216702
216703
216704
216705
216706
216707
216708
216709
216710
216738
216739
216740
216741
216742
216744
216745
216746
216747
216750
216751
216752
216753
216754
216755
216756
216757
216758
216759
216760
216761
216762
216763
216764
216766
216767
216768
216769
216770
216771
216776
216778
216779
216780
216781
216782
216783
216784
216785
216786
216788
216789
216790
216794
216796
216797
216799
216802
216803
216808
216809
