216810
216811
216812
216813
216814
216867
216868
216869
216870
216871
216872
216873
216874
216875
216876
216877
216878
216879
216880
216881
216882
216883
216884
216885
216886
216887
216888
216889
216890
216891
216892
216893
216894
216895
216896
216897
216898
216899
216900
216901
216902
216903
216904
216905
216906
216907
216908
216909
216910
216911
216912
216913
216914
216915
216916
216917
216918
216919
216920
216921
216922
216923
216924
216925
216926
216927
216928
216929
216930
216931
216932
216933
216934
216935
216936
216937
216938
216939
216940
216941
216942
216943
216944
216971
216972
216973
216974
216975
216976
216977
216978
216979
216980
216981
216982
216983
216984
216985
216986
216987
216988
216989
216990
216991
216992
216993
216994
216995
216996
217023
217024
217025
217026
217027
217028
217029
217030
217031
217032
217033
217034
217035
217036
217037
217038
217039
217040
217041
217042
217043
217044
217045
217046
217047
217048
217101
217102
217103
217105
217106
217107
217108
217109
217110
217111
217112
217113
217114
217115
217116
217117
217118
217119
217120
217121
217122
217123
217124
217125
217126
217127
217128
217129
217130
217131
217132
217133
217134
217135
217136
217137
217138
217139
217140
217141
217142
217143
217144
217145
217146
217147
217148
217149
217150
217151
217152
217153
217154
217155
217156
217157
217158
217159
217160
217161
217162
217163
217164
217165
217166
217167
217168
217169
217170
217171
217172
217173
217174
217175
217176
217177
217178
217231
217232
217233
217234
217235
217236
217237
217238
217239
217240
217241
217242
217243
217244
217245
217246
217247
217248
217249
217250
217251
217252
217253
217254
217255
217256
217283
217284
217285
217286
217287
217288
217289
217290
217291
217292
217293
217294
217295
217296
217297
217298
217299
217300
217301
217302
217303
217304
217305
217306
217307
217308
217439
217440
217441
217442
217443
217444
217445
217446
217447
217448
217449
217450
217451
217452
217453
217454
217455
217456
217457
217458
217459
217460
217461
217462
217463
217464
217491
217492
217493
217494
217495
217496
217498
217499
217500
217501
217502
217503
217504
217506
217507
217508
217509
217510
217511
217512
217513
217514
217515
217516
217517
217518
217519
217520
217521
217522
217523
217524
217525
217526
217527
217528
217529
217530
217531
217532
217533
217534
217535
217536
217537
217538
217539
217540
217541
217542
217569
217570
217571
217573
217574
217575
217576
217577
217578
217579
217580
217581
217582
217583
217584
217585
217586
217587
217588
217589
217590
217591
217592
217593
217594
