217699
217700
217701
217702
217703
217704
217705
217706
217707
217708
217709
217710
217711
217712
217713
217714
217715
217716
217717
217718
217719
217720
217721
217722
217723
217724
217751
217752
217753
217754
217755
217756
217758
217759
217760
217761
217762
217763
217764
217765
217766
217767
217768
217769
217770
217771
217772
217773
217774
217775
217776
217829
217830
217831
217832
217833
217834
217835
217836
217837
217838
217839
217840
217841
217842
217843
217844
217845
217846
217847
217848
217849
217850
217851
217852
217853
217854
217933
217934
217935
217936
217937
217938
217939
217940
217941
217942
217943
217944
217945
217946
217947
217948
217949
217950
217951
217952
217953
217954
217955
217956
217957
217958
217985
217986
217987
217988
217989
217990
217991
217992
217993
217994
217995
217996
217997
217998
217999
218000
218001
218002
218003
218004
218005
218006
218007
218008
218009
218010
218011
218012
218013
218014
218015
218016
218017
218018
218019
218020
218021
218022
218023
218024
218025
218026
218027
218028
218029
218030
218031
218032
218033
218034
218035
218036
218063
218064
218065
218066
218067
218068
218069
218070
218071
218072
218073
218074
218075
218076
218077
218078
218079
218080
218081
218082
218083
218084
218085
218086
218087
218088
218090
218091
218092
218093
218094
218095
218096
218097
218098
218099
218100
218101
218102
218103
218104
218105
218106
218107
218108
218109
218110
218111
218112
218113
218114
218117
218118
218119
218120
218121
218122
218123
218124
218125
218126
218127
218128
218129
218130
218131
218132
218133
218134
218135
218136
218137
218138
218139
218140
218167
218168
218169
218170
218171
218172
218173
218174
218175
218176
218177
218178
218179
218180
218181
218182
218183
218184
218185
218186
218187
218188
218189
218190
218191
218192
218219
218221
218222
218223
218224
218225
218226
218227
218228
218229
218230
218231
218232
218233
218234
218235
218236
218237
218238
218239
218240
218241
218242
218243
218244
218324
218325
218326
218327
218328
218329
218330
218331
218332
218333
218334
218335
218336
218337
218338
218339
218340
218341
218342
218343
218344
218345
218346
218347
218348
218401
218402
218403
218404
218405
218406
218407
218408
218409
218410
218411
218412
218413
218414
218415
218416
218417
218418
218419
218420
218421
218422
218423
218424
218425
218426
218479
218480
218481
218482
218483
218484
218485
218486
218487
218488
218489
218490
218491
218492
218493
218494
218495
218496
218497
218498
218499
218500
218501
218502
218503
218504
218506
218507
218508
218509
218510
218511
218512
218513
218514
218515
218516
218517
218518
218519
218520
218521
218522
218523
218524
218525
218526
218527
218528
218529
218557
218558
218559
218560
218561
218562
218563
218564
218565
218566
218567
218568
218569
218570
218571
218572
218573
218574
218575
218576
218577
218578
218579
218580
218581
218582
218713
218714
218715
218716
218717
218718
218719
218720
218721
218722
218723
218724
218725
218726
218727
218728
218729
218730
218731
218732
218733
218734
218735
218736
218737
218738
218740
218741
218742
218743
218744
218745
218746
218747
218748
218749
218750
218751
218752
218753
218754
218755
218756
218757
218758
218759
218760
218761
218762
218763
218764
218843
218844
218845
218846
218847
218848
218849
218850
218851
218852
218853
218854
218855
218856
218857
218858
218859
218860
218861
218862
218863
218864
218865
218866
218867
218868
218869
218870
218871
218872
218873
218874
218875
218876
218877
218878
218879
218880
218881
218882
218883
218884
218885
218886
218887
218888
218889
218890
218891
218892
218893
218894
218999
219000
219001
219002
219003
219004
219005
219006
219007
219009
219010
219011
219012
219013
219014
219015
219016
219017
219018
219019
219020
219022
219023
219026
219027
219028
219029
219030
219031
219032
219033
219034
219035
219036
219037
219038
219039
219040
219041
219042
219043
219044
219045
219046
219047
219048
219049
219051
219053
219054
219055
219057
219058
219059
219060
219061
219062
219063
219064
219065
219066
219067
219068
219069
219070
219071
219072
219073
219074
219075
219076
219155
219156
219157
219158
219160
219161
219162
219163
219166
219167
219168
219169
219170
219171
219172
219173
219174
219175
219176
219177
219178
219179
219180
219181
219182
219183
219184
219185
219186
219187
219188
219189
219190
219191
219192
219193
219194
219195
219196
219197
219198
219199
219200
219201
219202
219203
219204
219205
219206
219233
219234
219235
219236
219237
219238
219239
219240
219241
219242
219243
219244
219245
219246
219247
219248
219249
219250
219251
219252
219253
219254
219255
219256
219257
219258
219285
219286
219287
219288
219289
219290
219291
219292
219293
219294
219295
219296
219297
219298
219299
219300
219301
219302
219303
219304
219305
219306
219307
219308
219309
219310
219311
219312
219313
219314
219315
219316
219317
219318
219319
219320
219321
219322
219323
219324
219325
219326
219327
219328
219329
219330
219331
219332
219333
219334
219335
219336
219363
219364
219365
219366
219367
219368
219369
219370
219371
219372
219373
219374
219375
219376
219377
219378
219379
219380
219381
219382
219383
219384
219385
219386
219387
219388
228858
