219519
219520
219521
219522
219523
219524
219525
219526
219527
219528
219529
219530
219531
219532
219533
219534
219535
219536
219537
219538
219539
219540
219541
219542
219543
219544
219571
219572
219573
219574
219575
219576
219577
219578
219579
219580
219581
219582
219583
219584
219585
219586
219587
219588
219589
219590
219591
219592
219593
219594
219595
219596
219597
219598
219599
219600
219601
219602
219603
219604
219605
219606
219607
219608
219609
219610
219611
219612
219613
219614
219615
219616
219617
219618
219619
219620
219621
219622
219624
219625
219626
219627
219628
219629
219630
219631
219632
219633
219634
219635
219636
219637
219638
219639
219640
219641
219642
219643
219644
219645
219646
219647
219648
219675
219676
219677
219678
219679
219680
219681
219682
219683
219684
219685
219686
219687
219688
219689
219690
219691
219692
219693
219694
219695
219696
219697
219698
219699
219700
219727
219728
219729
219730
219731
219732
219733
219734
219735
219736
219737
219738
219739
219740
219741
219742
219743
219744
219745
219746
219747
219748
219749
219750
219751
219752
219883
219884
219885
219886
219887
219888
219889
219890
219891
219892
219893
219894
219895
219896
219897
219898
219899
219900
219901
219902
219903
219904
219905
219906
219907
219908
219935
219936
219937
219938
219939
219940
219941
219942
219943
219944
219945
219946
219947
219948
219949
219950
219951
219952
219953
219954
219955
219956
219957
219958
219959
219960
219961
219963
219964
219967
219968
219969
219970
219971
219972
219973
219974
219975
219976
219977
219978
219979
219980
219981
219982
219983
219984
219985
219986
220065
220066
220067
220068
220069
220070
220071
220072
220073
220074
220075
220076
220077
220078
220079
220080
220081
220082
220083
220084
220085
220086
220087
220088
220089
220090
220117
220118
220119
220120
220121
220122
220123
220124
220125
220126
220127
220128
220129
220130
220131
220132
220133
220134
220135
220136
220137
220138
220139
220140
220141
220142
220195
220196
220197
220198
220199
220200
220201
220202
220203
220204
220205
220206
220207
220208
220209
220210
220211
220212
220213
220214
220215
220216
220217
220218
220219
220220
220247
220248
220249
220250
220251
220252
220253
220254
220255
220256
220257
220258
220259
220260
220261
220262
220263
220264
220265
220266
220267
220268
220269
220270
220271
220272
220299
220300
220301
220302
220303
220304
220305
220306
220307
220308
220309
220310
220311
220312
220313
220314
220315
220316
220317
220318
220319
220320
220321
220322
220323
220324
220351
220352
220353
220354
220355
220356
220357
220358
220359
220360
220361
220362
220363
220364
220365
220366
220367
220368
220369
220370
220371
220372
220373
220374
220375
220376
220377
220378
220379
220380
220381
220382
220383
220384
220385
220386
220387
220388
220389
220390
220391
220392
220393
220394
220395
220396
220397
220398
220399
220400
220401
220402
220429
220430
220431
220432
220433
220434
220435
220436
220437
220438
220439
220440
220441
220442
220443
220444
220445
220446
220447
220448
220449
220450
220451
220452
220453
220454
220481
220482
220483
220484
220485
220486
220487
220488
220489
220490
220491
220492
220493
220494
220495
220496
220497
220498
220499
220500
220501
220502
220503
220504
220505
220506
220559
220560
220561
220562
220563
220564
220565
220566
220567
220568
220569
220570
220571
220572
220573
220574
220575
220576
220577
220578
220579
220580
220581
220582
220583
220584
220611
220612
220613
220614
220615
220616
220617
220618
220619
220620
220621
220622
220623
220624
220625
220626
220627
220628
220629
220630
220631
220632
220633
220634
220635
220636
220637
220638
220639
220640
220641
220642
220643
220644
220645
220646
220647
220648
220649
220650
220651
220652
220653
220654
220655
220656
220657
220658
220659
220660
220661
220662
220689
220690
220691
220692
220693
220694
220695
220696
220697
220698
220699
220700
220701
220702
220703
220704
220705
220706
220707
220708
220709
220710
220711
220712
220713
220714
220767
220768
220769
220770
220771
220772
220773
220774
220775
220776
220777
220778
220779
220780
220781
220782
220784
220785
220786
220787
220788
220789
220790
220791
220792
220819
220820
220821
220822
220823
220824
220825
220826
220827
220828
220829
220830
220831
220832
220833
220834
220835
220836
220837
220838
220839
220841
220842
220843
220844
220846
220847
220848
220849
220850
220851
220852
220853
220854
220855
220856
220857
220858
220859
220860
220861
220862
220863
220864
220865
220866
220867
220868
220869
220870
220871
220872
220873
220874
220875
220876
220877
220878
220879
220880
220881
220882
220883
220884
220885
220886
220887
220888
220889
220890
220891
220892
220893
220894
220895
220896
220923
220924
220925
220926
220927
220928
220929
220930
220931
220932
220933
220934
220935
220936
220937
220938
220939
220940
220941
220942
220943
220944
220945
220946
220947
220948
220949
220951
220953
220954
220955
220956
220957
220958
220959
220960
220961
220962
220963
220964
220965
220966
220967
220968
220969
220970
220971
220972
220973
220974
221001
221002
221003
221004
221005
221006
221007
221008
221009
221010
221011
221012
221013
221014
221015
221016
221017
221018
221019
221020
221021
221022
221023
221024
221025
221026
221079
221080
221081
221082
221083
221084
221085
221086
221087
221088
221089
221090
221091
221092
221093
221094
221095
221096
221097
221098
221099
221100
221101
221102
221103
221104
221157
221158
221159
221160
221161
221162
221163
221164
221166
221167
221168
221169
221170
221171
221172
221173
221174
221175
221176
221177
221178
221179
221180
221181
221209
221210
221211
221212
221214
221215
221216
221217
221218
221219
221220
221221
221222
221223
221224
221225
221226
221227
221228
221229
221230
221231
221232
221233
221234
221287
221288
221289
221290
221291
221292
221293
221294
221295
221296
221297
221298
221299
221300
221301
221302
221303
221304
221305
221306
221307
221308
221309
221310
221311
221312
221339
221340
221341
221342
221343
221344
221345
221346
221347
221348
221349
221350
221351
221352
221353
221354
221355
221356
221357
221358
221359
221360
221361
221362
221363
221364
221366
221367
221368
221369
221370
221371
221372
221373
221374
221375
221376
221377
221378
221379
221380
221381
221382
221383
221384
221385
221386
221387
221388
221389
221390
221391
221392
221393
221394
221395
221396
221398
221399
221400
221401
221402
221403
221404
221405
221406
221407
221408
221409
221410
221411
221412
221413
221414
221415
221416
221443
221444
221445
221446
221447
221448
221449
221450
221451
221452
221453
221454
221455
221456
221457
221458
221459
221460
221461
221462
221463
221464
221465
221466
221467
221468
221495
221496
221497
221498
221499
221500
221501
221502
221503
221504
221505
221506
221507
221508
221509
221510
221511
221512
221513
221514
221515
221517
221518
221519
221520
221547
221548
221549
221550
221551
221552
221553
221554
221555
221556
221557
221558
221559
221560
221561
221562
221563
221564
221565
221566
221567
221568
221569
221570
221571
221572
221574
221575
221576
221577
221578
221579
221580
221581
221583
221584
221585
221586
221587
221588
221589
221590
221591
221592
221593
221594
221595
221596
221597
221598
221625
221626
221627
221628
221629
221630
221631
221632
221633
221634
221635
221636
221637
221638
221639
221640
221641
221642
221643
221644
221645
221646
221647
221648
221649
221650
221652
221653
221654
221655
221656
221657
221658
221659
221660
221661
221662
221663
221664
221665
221666
221667
221668
221669
221670
221671
221672
221673
221675
221676
221677
221678
221679
221680
221681
221682
221683
221684
221685
221686
221687
221688
221689
221690
221691
221692
221693
221694
221695
221696
221697
221698
221699
221700
221701
221702
221729
221730
221731
221732
221733
221734
221735
221736
221737
221738
221739
221740
221741
221742
221743
221744
221745
221746
221747
221748
221749
221750
221751
221752
221753
221754
221755
221756
221757
221758
221759
221760
221761
221762
221763
221765
221766
221767
221768
221769
221770
221771
221772
221773
221774
221776
221777
221778
221779
221780
221781
221782
221783
221784
221785
221786
221787
221789
221790
221791
221792
221793
221795
221796
221797
221798
221799
221800
221801
221802
221803
221804
221805
221806
221859
221860
221861
221862
221863
221864
221865
221866
221867
221869
221870
221871
221872
221873
221874
221875
221876
221877
221879
221880
221881
221882
221883
221884
221885
221886
221887
221888
221889
221890
221891
221892
221893
221894
221896
221897
221898
221899
221900
221901
221902
221903
221904
221905
221906
221907
221908
221910
221911
221913
221914
221915
221916
221917
221918
221919
221920
221921
221922
221924
221925
221926
221927
221928
221929
221930
221931
221932
221934
221935
221936
221963
221964
221965
221966
221967
221968
221969
221970
221971
221972
221973
221974
221975
221976
221977
221978
221979
221980
221981
221982
221983
221984
221985
221986
221987
221988
222015
222016
222017
222018
222019
222020
222021
222022
222023
222024
222025
222026
222027
222028
222029
222030
222031
222032
222033
222034
222035
222036
222037
222038
222039
222040
222042
222043
222044
222045
222046
222047
222048
222049
222050
222051
222052
222053
222054
222055
222056
222057
222058
222059
222060
222061
222062
222063
222064
222065
222066
222068
222069
222070
222072
222073
222074
222075
222076
222077
222078
222079
222080
222081
222082
222083
222084
222085
222086
222087
222089
222090
222091
222092
222145
222146
222147
222148
222149
222150
222151
222152
222153
222154
222155
222156
222157
222158
222159
222160
222161
222162
222163
222164
222165
222166
222167
222168
222169
222170
222171
222172
222173
222174
222175
222176
222177
222178
222179
222180
222181
222182
222183
222184
222185
222186
222187
222188
222189
222190
222191
222192
222193
222194
222195
222196
222249
222250
222251
222252
222253
222254
222255
222256
222257
222258
222259
222260
222261
222262
222263
222264
222265
222266
222267
222268
222269
222270
222271
222272
222273
222274
222276
222277
222278
222279
222280
222281
222282
222283
222284
222285
222286
222287
222288
222289
222290
222291
222292
222293
222294
222295
222296
222297
222298
222299
222300
222327
222328
222329
222330
222331
222332
222333
222334
222335
222336
222337
222338
222339
222340
222341
222342
222343
222344
222345
222346
222347
222348
222349
222350
222351
222352
222431
222432
222433
222434
222435
222436
222437
222438
222440
222441
222442
222443
222444
222445
222446
222447
222448
222449
222450
222451
222452
222453
222454
222455
222456
222457
