222459
222460
222461
222462
222463
222464
222465
222466
222467
222468
222469
222470
222471
222472
222473
222474
222475
222476
222477
222478
222479
222480
222481
222482
222509
222510
222511
222512
222513
222514
222515
222516
222517
222518
222519
222520
222521
222522
222523
222524
222525
222526
222527
222528
222529
222530
222531
222532
222533
222534
222561
222562
222563
222564
222565
222566
222567
222568
222569
222570
222571
222572
222573
222574
222575
222576
222577
222578
222579
222580
222581
222582
222583
222584
222585
222586
222613
222614
222615
222616
222617
222618
222619
222620
222621
222622
222623
222624
222625
222626
222627
222628
222629
222630
222631
222632
222633
222634
222635
222636
222637
222638
222691
222692
222693
222694
222695
222696
222697
222698
222699
222700
222701
222702
222703
222704
222705
222706
222707
222708
222709
222710
222711
222712
222713
222714
222715
222716
222769
222770
222771
222772
222773
222774
222775
222776
222777
222778
222779
222780
222781
222782
222783
222784
222785
222786
222787
222788
222789
222790
222791
222792
222793
222794
222795
222796
222797
222798
222799
222800
222801
222802
222803
222804
222805
222806
222807
222808
222809
222810
222811
222812
222813
222814
222815
222816
222817
222818
222819
222820
222873
222874
222875
222876
222877
222878
222879
222880
222881
222882
222883
222884
222885
222886
222887
222888
222889
222890
222891
222892
222893
222894
222895
222896
222897
222898
222925
222926
222927
222928
222929
222930
222931
222932
222934
222935
222936
222937
222938
222939
222940
222941
222942
222943
222944
222946
222947
222948
222949
222950
222953
222954
222955
222956
222957
222958
222959
222960
222961
222962
222963
222964
222965
222966
222967
222968
222969
222970
222971
222972
222973
222974
222975
222976
223003
223004
223005
223006
223007
223008
223009
223010
223011
223012
223013
223014
223015
223016
223017
223018
223019
223020
223021
223022
223023
223024
223025
223026
223027
223028
223081
223082
223083
223084
223085
223086
223087
223088
223089
223090
223091
223092
223093
223094
223095
223096
223097
223098
223099
223100
223101
223102
223103
223104
223105
223106
223159
223160
223161
223162
223163
223164
223165
223166
223167
223168
223169
223170
223171
223172
223173
223174
223175
223176
223177
223178
223179
223180
223181
223182
223183
223184
223237
223238
223239
223240
223241
223242
223243
223244
223245
223246
223247
223248
223249
223251
223252
223253
223254
223255
223256
223257
223258
223259
223260
223261
223262
223315
223316
223317
223318
