224075
224076
224077
224078
224079
224080
224081
224082
224083
224084
224085
224086
224087
224088
224089
224090
224091
224092
224093
224094
224095
224096
224097
224098
224099
224100
224101
224102
224103
224104
224105
224106
224107
224108
224109
224110
224111
224112
224113
224114
224115
224116
224117
224118
224119
224120
224147
224148
224149
224150
224151
224152
224153
224154
224155
224156
224157
224158
224160
224161
224162
224163
224164
224165
224166
224167
224168
224169
224170
224171
224172
224173
224174
224175
224176
224177
224178
224179
224180
224181
224182
224183
224184
224185
224186
224187
224188
224189
224190
224191
224192
224193
224194
224195
224196
224197
224198
224251
224252
224253
224254
224255
224256
224257
224258
224259
224260
224261
224262
224263
224264
224265
224266
224267
224268
224269
224270
224271
224272
224273
224274
224275
224276
224278
224279
224280
224281
224282
224283
224284
224285
224286
224287
224288
224289
224290
224291
224292
224293
224294
224295
224296
224297
224298
224299
224300
224301
224302
224303
224304
224305
224306
224307
224308
224309
224310
224311
224312
224313
224314
224315
224316
224317
224318
224319
224320
224321
224322
224323
224324
224325
224326
224327
224328
224355
224356
224357
224358
224359
224360
224361
224362
224363
224364
224365
224366
224367
224368
224369
224370
224371
224372
224373
224374
224375
224376
224377
224378
224379
224382
224383
224384
224385
224386
224387
224388
224389
224390
224391
224392
224393
224394
224395
224396
224397
224398
224399
224400
224401
224402
224403
224404
224405
224406
224433
224435
224436
224437
224438
224439
224440
224442
224443
224444
224445
224446
224447
224448
224449
224450
224451
224452
224453
224454
224455
224456
224457
224458
224461
224462
224463
224464
224465
224466
224467
224468
224469
224470
224471
224472
224473
224474
224475
224476
224477
224478
224479
224480
224481
224482
224483
224484
224511
224512
224513
224514
224515
224516
224517
224518
224519
224520
224521
224522
224523
224524
224525
224527
224528
224529
224530
224531
224532
224533
224534
224535
224536
224589
224590
224591
224592
224593
224594
224595
224596
224598
224599
224600
224601
224602
224603
224604
224605
224606
224607
224608
224609
224610
224611
224612
224613
224614
224615
224616
224617
224618
224619
224620
224621
224622
224623
224624
224625
224626
224627
224628
224629
224630
224631
224632
224633
224634
224635
224636
224637
224638
224639
224640
224693
224694
224695
224696
224697
224698
