224699
224700
224701
224702
224703
224704
224705
224706
224707
224708
224709
224710
224711
224712
224713
224714
224715
224716
224717
224718
224745
224746
224747
224748
224749
224750
224751
224752
224753
224754
224755
224756
224757
224758
224759
224760
224761
224762
224763
224764
224765
224766
224767
224768
224769
224770
224771
224772
224773
224774
224775
224776
224777
224778
224779
224780
224781
224782
224783
224784
224785
224786
224787
224788
224789
224790
224791
224792
224793
224794
224795
224796
224797
224798
224799
224800
224801
224802
224803
224804
224805
224806
224807
224808
224809
224810
224811
224812
224813
224814
224815
224816
224817
224818
224819
224820
224821
224822
224849
224850
224851
224852
224853
224854
224855
224856
224857
224858
224859
224860
224861
224862
224863
224864
224865
224866
224867
224868
224869
224870
224871
224872
224874
224875
224876
224877
224878
224879
224880
224881
224882
224883
224884
224885
224886
224887
224888
224889
224890
224891
224892
224893
224894
224895
224896
224897
224898
224899
224900
224901
224902
224903
224904
224905
224906
224907
224908
224909
224910
224911
224912
224913
224914
224915
224916
224917
224918
224919
224920
224921
224922
224923
224924
224925
224926
224979
224980
224981
224982
224983
224984
224985
224986
224987
224988
224989
224990
224991
224992
224993
224994
224995
224996
224997
224998
224999
225000
225001
225002
225003
225004
225005
225006
225007
225008
225009
225010
225011
225012
225013
225014
225015
225016
225017
225019
225020
225021
225022
225023
225024
225025
225026
225027
225028
225029
225030
225057
225058
225059
225060
225061
225062
225063
225064
225065
225066
225067
225068
225069
225070
225071
225072
225073
225074
225075
225076
225077
225078
225079
225080
225081
225082
225135
225136
225137
225138
225139
225140
225141
225143
225144
225145
225146
225147
225148
225149
225150
225152
225153
225154
225155
225156
225157
225158
225159
225160
225187
225188
225189
225190
225191
225192
225193
225194
225195
225196
225197
225198
225199
225200
225201
225202
225203
225204
225205
225206
225207
225208
225209
225210
225211
225212
225239
225240
225241
225242
225243
225244
225245
