225246
225247
225248
225249
225250
225251
225252
225253
225254
225255
225256
225257
225258
225259
225260
225261
225262
225263
225264
225291
225292
225293
225294
225295
225296
225297
225298
225299
225300
225301
225302
225303
225304
225305
225306
225307
225308
225309
225310
225311
225312
225313
225314
225315
225316
225317
225318
225319
225320
225321
225322
225323
225324
225326
225327
225328
225329
225330
225331
225332
225333
225334
225335
225336
225337
225338
225339
225340
225341
225342
225369
225370
225371
225372
225373
225374
225375
225376
225377
225378
225379
225380
225381
225382
225383
225384
225385
225386
225387
225388
225389
225391
225392
225393
225394
225447
225448
225449
225450
225451
225452
225453
225454
225455
225456
225457
225458
225460
225461
225462
225463
225464
225465
225466
225467
225468
225469
225470
225471
225472
225499
225500
225501
225502
225503
225504
225505
225506
225507
225508
225509
225510
225511
225512
225513
225514
225515
225516
225517
225518
225519
225520
225521
225522
225524
225525
225527
225528
225529
225530
225532
225533
225534
225535
225536
225537
225538
225539
225540
225541
225542
225543
225544
225545
225546
225547
225548
225549
225550
225577
225578
225579
225580
225581
225582
225583
225584
225585
225586
225588
225589
225590
225591
225592
225593
225594
225595
225596
225597
225598
225599
225600
225601
225602
225629
225630
225631
225632
225633
225634
225635
225636
225637
225638
225639
225640
225641
225642
225643
225645
225646
225647
225648
225650
225653
225654
225681
225682
225683
225684
225685
225686
225687
225688
225689
225690
225691
225692
225693
225694
225695
225696
225697
225698
225699
225700
225701
225702
225703
225704
225705
225706
