225785
225787
225788
225789
225790
225791
225792
225793
225794
225795
225797
225798
225799
225800
225802
225803
225804
225805
225806
225807
225808
225809
225810
225837
225838
225839
225840
225841
225842
225843
225844
225845
225846
225847
225848
225849
225850
225851
225852
225853
225854
225855
225856
225857
225858
225859
225860
225861
225862
225863
225864
225865
225866
225867
225868
225869
225870
225871
225872
225873
225874
225875
225876
225877
225878
225879
225880
225881
225882
225883
225884
225885
225886
225887
225888
225941
225942
225943
225944
225945
225946
225947
225948
225949
225950
225952
225953
225954
225955
225956
225957
225958
225959
225960
225961
225962
225963
225964
225965
225966
225994
225995
225996
225997
225998
225999
226000
226001
226002
226003
226004
226005
226006
226007
226008
226009
226010
226011
226012
226013
226014
226015
226016
226017
226018
226019
226020
226021
226022
226023
226024
226025
226026
226027
226028
226029
226030
226031
226032
226033
226034
226035
226036
226037
226038
226039
226040
226041
226042
226043
226044
226071
226072
226073
226074
226075
226076
226077
226078
226079
226080
226081
226082
226083
226084
226085
226086
226087
226088
226089
226090
226091
226092
226093
226094
226095
226096
226123
226124
226125
226126
226127
226128
226129
226130
226131
226132
226133
226134
226135
226136
226137
226138
226139
226140
226141
226142
226143
226144
226145
226146
226147
226148
226175
226176
226177
226178
226179
226180
226181
226182
226183
226184
226185
226186
226187
226188
226189
226190
226191
226192
226193
226194
226195
226196
226197
226198
226199
226200
