226227
226228
226229
226230
226231
226232
226233
226234
226235
226236
226237
226238
226239
226240
226241
226242
226243
226244
226245
226246
226247
226248
226249
226250
226251
226252
226253
226254
226255
226256
226257
226258
226259
226260
226261
226262
226263
226264
226265
226266
226267
226268
226269
226270
226271
226272
226273
226274
226275
226276
226277
226278
226331
226332
226333
226334
226335
226336
226337
226338
226339
226340
226341
226342
226343
226344
226345
226346
226347
226348
226349
226350
226351
226352
226353
226354
226355
226356
226357
226358
226359
226360
226361
226362
226363
226364
226365
226366
226367
226368
226369
226370
226371
226372
226373
226374
226375
226376
226377
226378
226379
226380
226381
226382
226383
226384
226385
226387
226388
226389
226390
226391
226392
226393
226394
226395
226396
226397
226398
226399
226400
226401
226402
226403
226404
226405
226406
226407
226408
226435
226436
226437
226438
226439
226440
226441
226442
226443
226444
226445
226446
226447
226448
226449
226450
226451
226452
226453
226454
226455
226456
226457
226458
226459
226460
226487
226488
226489
226490
226491
226492
226493
226494
226495
226496
226497
226498
226499
226500
226501
226502
226503
226504
226505
226506
226507
226508
226509
226510
226511
226512
226539
226540
226541
226542
226543
226544
226545
226546
226547
226548
226549
226550
226551
226552
226553
226554
226555
226556
226557
226558
226559
226560
226561
226562
226563
226564
226591
226592
226593
226594
226595
226596
226597
226598
226599
226600
226601
226602
226603
226604
226605
226606
226607
226608
226609
226610
226611
226612
226613
226614
226615
226616
226669
226670
226671
226672
226673
226674
226675
226676
226677
226678
226679
226680
226681
226682
226683
226684
226686
226687
226688
226689
226690
226691
226692
226693
226694
226721
226722
226723
226724
226725
226726
226727
226728
226729
226730
226731
226732
226733
226734
226735
226736
226737
226738
226739
226740
226741
226742
226743
226744
226745
226746
226773
226774
226775
226776
226777
226778
226779
226780
226781
226782
226783
226784
226785
226786
226787
226788
226789
226790
226791
226792
226793
226794
226795
226796
226797
226798
226825
226826
226827
226828
226829
226830
226831
226832
226833
226834
226835
226836
226837
226838
226839
226840
226841
226842
226843
226844
226845
226846
226847
226848
226849
226850
226877
226878
226879
226880
226881
226882
226883
226884
226885
226886
226887
226888
226889
226890
226891
226892
226893
226894
226895
226896
226897
226898
226899
226900
226901
226902
226903
226904
226905
226906
226907
226908
226909
226910
226911
226912
226913
226914
226915
226916
226917
226918
226919
226920
226921
226922
226923
226924
226925
226926
226927
226928
