226981
226982
226983
226984
226985
226986
226987
226988
226989
226990
226991
226992
226993
226994
226995
226996
226997
226998
226999
227000
227001
227002
227003
227004
227005
227006
227007
227009
227010
227011
227012
227013
227014
227015
227016
227017
227018
227019
227020
227021
227022
227023
227024
227025
227026
227027
227028
227029
227030
227031
227032
227085
227086
227087
227088
227089
227090
227091
227092
227093
227094
227095
227096
227097
227098
227099
227100
227101
227102
227103
227104
227105
227106
227107
227108
227109
227110
227137
227138
227139
227140
227141
227142
227143
227144
227145
227146
227147
227148
227149
227150
227151
227152
227153
227154
227155
227156
227157
227158
227159
227160
227161
227162
227163
227164
227165
227166
227167
227168
227169
227170
227171
227172
227173
227174
227175
227176
227177
227178
227179
227180
227181
227182
227183
227184
227185
227186
227187
227188
227267
227268
227269
227270
227271
227272
227273
227274
227275
227276
227277
227278
227279
227280
227281
227282
227283
227284
227285
227286
227287
227288
227289
227290
227291
227292
227319
227320
227321
227322
227323
227324
227325
227326
227327
227328
227329
227330
227331
227332
227333
227334
227335
227336
227337
227338
227339
227340
227341
227342
227343
227344
227371
227372
227373
227374
227375
227376
227377
227378
227379
227380
227381
227382
227383
227384
227385
227386
227387
227388
227389
227390
227391
227392
227393
227394
227395
227396
227449
227450
227451
227452
227453
227454
227455
227456
227457
227458
227459
227460
227461
227462
227463
227464
227465
227466
227467
227468
227469
227470
227471
227472
227473
227474
227501
227502
227503
227504
227505
227506
227507
227508
227509
227510
227511
227512
227513
227514
227515
227516
227517
227518
227519
227520
227521
227522
227523
227524
227525
227526
227579
227580
227581
227582
227583
227584
227585
227586
227587
227588
227589
227590
227591
227592
227593
227594
227595
227596
227597
227598
227599
227600
227601
227602
227603
227604
227605
227607
227608
227609
227610
227611
227612
227613
227614
227615
227616
227617
227618
227619
227620
227621
227622
227623
227624
227625
227626
227627
227628
227630
227657
227658
227659
227660
227661
227662
227663
227664
227665
227666
227667
227668
227669
227670
227671
227672
227673
227674
227675
227676
227677
227678
227679
227680
227681
227682
227709
227710
227711
227712
227713
227714
227715
227716
227717
227718
227719
227720
227721
227722
227723
227724
227725
227726
227727
227728
227729
227730
227731
227732
227733
227734
227736
227737
227738
227739
227740
227741
227742
227743
227744
227745
227746
227747
227748
227749
227750
227751
227752
227753
227754
227755
227756
227757
227758
227759
227760
227787
227788
227789
227790
227791
227792
227793
227794
227795
227796
227797
227798
227799
227800
227801
227802
227803
227804
227805
227806
227807
227808
227809
227810
227811
227812
227839
227840
227841
227842
227843
227844
227845
227846
227847
227848
227849
227850
227851
227852
227853
227854
227855
227856
227857
227858
227859
227860
227861
227862
227863
227864
227891
227892
227893
227894
227895
227896
227897
227898
227899
227900
227901
227902
227903
227904
227905
227906
227907
227908
227909
227910
227911
227912
227913
227914
227915
227916
227943
227944
227945
227946
227947
227948
227949
227950
227951
227952
227953
227954
227955
227956
227957
227958
227959
227960
227961
227962
227963
227964
227965
227966
227967
227968
227995
227996
227997
227998
227999
228000
228001
228002
228003
228004
228005
228006
228007
228008
228009
228010
228011
228012
228013
228014
228015
228016
228017
228018
228019
228020
228047
228048
228049
228050
228051
228052
228053
228054
228055
228056
228058
228059
228060
228061
228062
228063
228064
228065
228066
228067
228068
228069
228070
228071
228072
228099
228100
228101
228102
228103
228104
228105
228106
228107
228108
228109
228110
228111
228112
228113
228114
228115
228116
228117
228118
228119
228120
228121
228122
228123
228124
228177
228178
228179
228180
228181
228182
228183
228184
228185
228186
228187
228188
228189
228190
228191
228192
228193
228194
228195
228196
228197
228198
228199
228200
228201
228202
228203
228205
228206
228207
228208
228209
228210
228211
228212
228213
228214
228215
228216
228217
228218
228219
228220
228221
228222
228223
228224
228225
228226
228227
228228
228281
228282
228283
228284
228285
228286
228287
228288
228289
228290
228291
228292
228293
228294
228295
228296
228297
228298
228299
228300
228301
228302
228303
228304
228305
228306
228333
228334
228335
228336
228337
228338
228339
228340
228342
228343
228344
228345
228346
228347
228348
228349
228350
228351
228352
228353
228354
228355
228356
228357
228358
228385
228386
228387
228388
228389
228390
228391
228392
228393
228394
228395
228396
228397
228398
228399
228400
228401
228402
228403
228404
228405
228406
228407
228408
228409
228410
228437
228438
228439
228440
228441
228442
228443
228444
228445
228446
228447
228448
228449
228450
228451
228452
228453
228454
228455
228456
228457
228458
228459
228460
228461
228462
228489
228490
228491
228492
228493
228494
228495
228496
228497
228498
228499
228500
228501
228502
228503
228504
228505
228506
228507
228508
228509
228510
228511
228512
228513
228514
228516
228517
228518
228519
228520
228521
228522
228523
228524
228525
228526
228527
228528
228529
228530
228531
228532
228533
228534
228535
228536
228537
228538
228539
228540
228593
228594
228595
228596
228597
228598
228599
228600
228601
228602
228603
228604
228605
228606
228607
228608
228609
228610
228611
228612
228613
228614
228615
228616
228617
228618
228645
228646
228647
228648
228649
228650
228651
228652
228653
228654
228655
228656
228657
228658
228659
228660
228661
228662
228663
228664
228665
228666
228668
228669
228670
228697
228698
228699
228700
228701
228702
228703
228704
228706
228707
228708
228709
228710
228711
228712
228713
228714
228715
228716
228717
228718
228719
228720
228721
228722
228724
228725
228727
228728
228729
228730
228731
228732
228733
228734
228735
228736
228737
228738
228739
228740
228741
228742
228743
228744
228745
228746
228747
228748
228801
228802
228803
228805
228806
228807
228808
228809
228810
228811
228812
228813
228814
228815
228816
228817
228818
228819
228820
228821
228823
228824
228826
228853
228854
228855
228856
228859
228861
228862
228863
228864
228865
228866
228867
228868
228869
228870
228871
228872
228873
228874
228875
228876
228877
228878
228905
228906
228907
228908
228909
228910
228911
228912
228913
228914
228916
228917
228918
228919
228920
228921
228922
228923
228924
228925
228926
228927
228928
228929
228930
228957
228958
228959
228960
228961
228962
228963
228964
228965
228966
228967
228968
228969
228970
228971
228972
228973
228974
228975
228976
228977
228978
228979
228980
228981
228982
229009
229010
229011
229012
229013
229014
229015
229016
229017
229018
229019
229020
229021
229022
229023
229024
229025
229026
229027
229028
229029
229030
229031
229032
229033
229034
229061
229062
229063
229064
229065
229066
229067
229068
229069
229070
229071
229072
229073
229074
229075
229076
229077
229078
229079
229080
229081
229083
229084
229085
229086
229113
229114
229115
229117
229121
229122
229123
229124
229125
229126
229127
229128
229129
229130
229131
229132
229133
229134
229135
229136
229137
229138
229165
229166
229167
229168
229169
229170
229171
229172
229173
229174
229175
229176
229177
229178
229179
229180
229181
229182
229183
229184
229185
229186
229187
229188
229189
229190
229191
229192
229193
229194
229195
229196
229197
229198
229199
229200
229201
229202
229203
229204
229205
229206
229207
229208
229209
229210
229211
229212
229213
229214
229215
229216
229243
229244
229245
229246
229247
229248
229249
229250
229251
229252
229253
229254
229255
229256
229257
229258
229259
229260
229261
229262
229263
229264
229265
229266
229267
229268
229295
229296
229297
229298
229299
229300
229301
229302
229303
229304
229305
229306
229307
229308
229309
229310
229311
229312
229313
229314
229315
229316
229317
229318
229319
229320
229347
229348
229349
229350
229351
229352
229353
229354
229355
229356
229357
229358
229359
229360
229361
229362
229363
229364
229365
229366
229367
229368
229369
229370
229371
229372
229425
229426
229427
229428
229429
229430
229431
229432
229433
229434
229435
229436
229437
229438
229439
229440
229441
229442
229443
229444
229445
229446
229447
229448
229449
229450
229451
229452
229453
229454
229455
229456
229457
229458
229459
229460
229461
229462
229463
229464
229465
229466
229467
229468
229469
229470
229471
229472
229473
229474
229475
229476
229503
229504
229505
229506
229507
229508
229509
229510
229511
229512
229513
229514
229515
229516
229517
229518
229519
229520
229521
229522
229523
229524
229525
229526
229527
229528
229581
229582
229583
229584
229585
229586
229587
229588
229589
229590
229591
229593
229594
229595
229596
229597
