229598
229599
229600
229601
229602
229603
229604
229605
229606
229607
229608
229609
229610
229611
229612
229613
229614
229615
229617
229618
229619
229620
229621
229622
229623
229624
229625
229626
229627
229628
229629
229630
229631
229632
229659
229660
229661
229662
229663
229664
229665
229666
229667
229668
229669
229670
229671
229672
229673
229674
229675
229676
229677
229678
229679
229680
229681
229682
229683
229684
229711
229712
229713
229714
229715
229716
229717
229718
229719
229721
229722
229723
229724
229725
229726
229727
229728
229729
229730
229731
229732
229733
229734
229735
229736
229789
229790
229791
229792
229793
229794
229795
229796
229797
229798
229799
229801
229802
229803
229804
229805
229806
229807
229808
229809
229810
229811
229812
229813
229814
229816
229817
229818
229819
229820
229821
229822
229823
229824
229825
229826
229827
229829
229830
229831
229832
229833
229834
229835
229836
229837
229838
229839
229840
229867
229868
229869
229870
229871
229872
229873
229874
229875
229876
229877
229878
229879
229880
229881
229882
229883
229884
229885
229886
229887
229888
229889
229890
229891
229892
229919
229920
229921
229922
229923
229924
229925
229926
229927
229928
229929
229930
229931
229932
229933
229934
229935
229936
229937
229938
229939
229940
229941
229942
229943
229944
229997
229998
229999
230000
230001
230002
230003
230004
230005
230006
230007
230008
230009
230010
230011
230012
230013
230014
230015
230016
230017
230018
230019
230020
230021
230022
230283
230284
230285
230286
230287
230288
230289
230290
230291
230292
230293
230294
230295
230296
230297
230298
230299
230300
230301
230302
230303
230304
230305
230306
230307
230308
230335
230336
230337
230338
230339
230340
230341
230342
230343
230344
230345
230346
230347
230348
230349
230350
230351
230352
230353
230354
230355
230356
230357
230358
230359
230360
230362
230363
230364
230365
230366
230367
230368
230369
230370
230371
230372
230373
230374
230375
230376
230377
230378
230379
230380
230381
230382
230383
230384
230385
230386
230413
230414
230415
230416
230417
230418
230419
230420
230421
230422
230423
230424
230425
230426
230427
230428
230429
230430
230431
230432
230433
230434
230435
230436
230437
230438
230439
230440
230441
230442
230443
230444
230445
230446
230447
230448
230449
230450
230451
230452
230453
230454
230455
230456
230457
230458
230459
230460
230461
230462
230463
230464
230466
230467
230468
230469
230470
230471
230472
230473
230474
230475
230476
230477
230478
230479
230480
230481
230482
230483
230484
230485
230486
230487
230488
230489
230490
230517
230518
230519
230520
230521
230522
230523
230524
230525
230526
230527
230528
230529
230530
230531
230532
230533
230534
230535
230536
230537
230538
230539
230540
230541
230542
230569
230570
230571
230572
230573
230574
230575
230576
230577
230578
230579
230580
230581
230582
230583
230584
230585
230586
230587
230588
230589
230590
230591
230592
230593
230594
230595
230596
230597
230598
230599
230600
230601
230602
230603
230604
230605
230606
230607
230608
230609
230610
230611
230612
230613
230614
230615
230616
230617
230618
230619
230620
230673
230674
230675
230676
230677
230678
230679
230680
230681
230682
230683
230684
230685
230686
230687
230688
230689
230690
230691
230692
230693
230694
230695
230696
230697
230698
230777
230778
230779
230780
230781
230782
230783
230784
230785
230786
230787
230788
230789
230790
230791
230792
230793
230794
230795
230796
230797
230798
230799
230800
230801
230802
230829
230830
230831
230832
230833
230834
230835
230836
230837
230838
230839
230840
230841
230842
230843
230844
230845
230846
230847
230848
230849
230850
230851
230852
230853
230854
230881
230882
230883
230884
230885
230886
230887
230888
230889
230890
230891
230892
230893
230894
230895
230896
230897
230898
230899
230900
230901
230902
230903
230904
230905
230906
230907
230908
230909
230910
230911
230912
230913
230914
230915
230916
230917
230918
230919
230920
230921
230922
230923
230924
230925
230926
230927
230928
230929
230930
230931
230932
230959
230960
230961
230962
230963
230964
230965
230966
230967
230968
230969
230970
230971
230972
230973
230974
230975
230976
230977
230978
230979
230980
230981
230982
230983
230984
231011
231012
231013
231014
231015
231016
231017
231018
231019
231020
231021
231022
231023
231024
231025
231026
231027
231028
231029
231030
231031
231032
231033
231034
231035
231036
231063
231064
231065
231066
231067
231068
231069
231070
231071
231072
231073
231074
231075
231076
231077
231078
231079
231080
231081
231082
231083
231084
231085
231086
231087
231088
231115
231116
231117
231118
231119
231120
231121
231122
231123
231124
231125
231126
231127
231128
231129
231130
231131
231132
231133
231134
231135
231136
231137
231138
231139
231140
231193
231194
231195
231196
231197
231198
231199
231200
231201
231202
231203
231204
231205
231206
231207
231208
231209
231210
231211
231212
231213
231214
231215
231216
231217
231218
231219
231221
231222
231223
231224
231225
231226
231227
231228
231229
231230
231231
231232
231233
231234
231235
231236
231237
231238
231239
231240
231241
231242
231243
231244
231245
231246
231247
231248
231249
231250
231251
231252
231253
231254
231255
231256
231257
231258
231259
231260
231261
231262
231263
231264
231265
231266
231267
231268
231269
231270
231297
231298
231299
231300
231301
231302
231303
231304
231305
231306
231307
231308
231309
231310
231311
231312
231313
231314
231315
231316
231317
231318
231319
231320
231321
231322
231323
231324
231326
231327
231328
231329
231330
231331
231332
231333
231334
231335
231336
231337
231338
231339
231340
231341
231342
231343
231344
231345
231346
231347
231348
231349
231350
231352
231353
231354
231355
231356
231357
231358
231359
231360
231361
231362
231363
231364
231365
231366
231367
231368
231369
231370
231371
231372
231373
231374
231401
231402
231403
231404
231405
231406
231407
231408
231409
231410
231411
231412
231413
231414
231415
231416
231417
231418
231419
231420
231421
231422
231423
231424
231425
231426
231453
231454
231455
231456
231457
231458
231459
231460
231461
231462
231463
231464
231465
231466
231467
231468
231469
231470
231471
231472
231473
231474
231475
231476
231477
231478
231479
231480
231481
231482
231483
231484
231485
231486
231487
231488
231489
231490
231491
231492
231493
231494
231495
231496
231497
231498
231499
231500
231501
231502
231503
231504
231505
231506
231508
231509
231510
231512
231514
231515
231516
231517
231518
231519
231520
231521
231522
231523
231524
231525
231526
231527
231528
231529
231530
231531
231533
231541
231542
231543
231544
231545
231546
231547
231548
231549
231550
231551
231552
231553
231554
231555
231556
231558
231559
231560
231561
231562
231563
231564
231565
231566
231567
231569
231570
231571
231572
231573
231574
231575
231576
231578
231579
231580
231581
231582
231583
231584
231585
231586
231587
231588
231590
231591
231592
231593
231594
231595
231596
231597
231598
231599
231600
231601
231602
231603
231604
231605
231606
231607
231608
231635
231636
231637
231638
231639
231640
231641
231642
231643
231644
231645
231646
231647
231648
231649
231650
231651
231652
231653
231655
231656
231657
231658
231659
231660
231661
231662
231664
231665
231666
231667
231668
231669
231670
231671
231672
231673
231674
231675
231676
231677
231678
231679
231680
231681
231682
231683
231684
231685
231686
231791
231792
231793
231794
231795
231796
231797
231798
231799
231800
231801
231802
231803
231804
231805
231806
231807
231808
231809
231810
231811
231812
231813
231814
231815
231816
231843
231844
231845
231846
231847
231848
231849
231850
231851
231852
231853
231854
231855
231856
231857
231858
231859
231860
231861
231862
231863
231864
231865
231866
231867
231868
231871
231872
231873
231874
231875
231876
231877
231878
231879
231880
231881
231882
231883
231884
231885
231886
231887
231888
231889
231890
231891
231892
231893
231894
231921
231922
231923
231924
231925
231926
231927
231928
231929
231930
231931
231932
231933
231934
231935
231936
231937
231938
231939
231940
231941
231942
231943
231944
231945
231946
231973
231974
231975
231976
231977
231978
231979
231980
231981
231982
231983
231984
231985
231986
231987
231988
231989
231990
231991
231992
231993
231994
231995
231996
231997
231998
232025
232026
232027
232028
232029
232030
232031
232032
232033
232034
232035
232036
232037
232038
232039
232040
232041
232042
232043
232044
232045
232046
232047
232048
232049
232050
232077
232078
232079
232080
232081
232082
232083
232084
232085
232086
232087
232088
232089
232090
232091
232092
232093
232094
232095
232096
232097
232098
232099
232100
232101
232102
232103
232104
232105
232106
232107
232108
232109
232110
232111
232112
232113
232114
232115
232116
232117
232118
232119
232120
232121
232122
232123
232124
232125
232126
232127
232128
232181
232182
232183
232184
232185
232186
232187
232188
232189
232190
232191
232192
232193
232195
232196
232197
232198
232199
232200
232201
232204
232205
232206
232207
232208
232209
232210
232211
232212
232213
232214
232215
232216
232217
232218
232219
232220
232221
232222
232223
232224
232225
232226
232227
232228
232229
232230
232231
232232
232259
232260
232261
232262
232263
232264
232265
232266
232267
232268
232269
232270
232271
232272
232273
232274
232275
232276
232277
232279
232280
232281
232282
232283
232284
232311
232312
232314
232315
232316
232317
232318
232319
232321
232322
232323
232324
232325
232326
232327
232328
232329
232330
232331
232332
232333
232334
232335
232336
232363
232364
232365
232366
232367
232368
232369
232370
232371
232372
232373
232374
232375
232376
232377
232378
232379
232380
232381
232382
232383
232384
232385
232386
232387
232388
232415
232416
232417
232418
232419
232420
232421
232422
232423
232424
232425
232426
232427
232428
232429
232431
232432
232433
232434
232435
232436
232437
232438
232439
232440
232467
232468
232469
232470
232471
232472
232473
232474
232475
232476
232477
232478
232479
232481
232482
232483
232484
232485
232486
232487
232488
232489
232490
232491
232492
232493
232494
232496
232499
232500
232501
232502
232503
232504
232505
232506
232507
232508
232509
232510
232511
232512
232513
232514
232515
232516
232517
232518
232571
232572
232573
232574
232575
232576
232577
232578
232579
232581
232582
232584
232585
232586
232587
232588
232589
232590
232591
232592
232593
232594
232595
232596
232599
232601
232602
232603
232604
232605
232606
232607
232608
232609
232610
232611
232612
232613
232614
232615
232616
232617
232618
232619
232620
232621
232622
232649
232650
232651
232652
232653
232654
232655
232656
232657
232659
232660
232661
232662
232663
232664
232665
232666
232667
232668
232669
232670
232671
232672
232673
232674
232701
232702
232703
232704
232705
232706
232707
232708
232709
232710
232711
232712
232713
232714
232715
232716
232717
232718
232719
232720
232721
232722
232723
232724
232725
232726
232779
232780
232781
232782
232783
232784
232785
232786
232787
232788
232789
232790
232791
232792
232793
232794
232795
232796
232797
232798
232799
232800
232801
232802
232803
232804
232806
232807
232808
232809
232810
232811
232812
232813
232814
232815
232816
232817
232818
232819
232820
232821
232822
232823
232824
232825
232826
232827
232828
232829
232830
232883
232884
232885
232886
232887
232888
232889
232890
232891
232892
232893
232894
232895
232896
232897
232898
232899
232900
232901
232902
232903
232904
232905
232906
232907
232908
232961
232962
232963
232964
232965
232966
232967
232968
232969
232970
232971
232972
232973
232974
232975
232976
232977
232978
232979
232980
232981
232982
232983
232984
232985
232986
232987
232988
232989
232990
232991
232992
232993
232994
232995
232996
232997
232998
232999
233000
233001
233002
233003
233004
233005
233006
233007
233008
233009
233010
233011
233012
233091
233092
233093
233094
233095
233096
233097
233098
233099
233100
233101
233102
233103
233104
233105
233106
233107
233108
233109
233110
233111
233112
233113
233114
233115
233116
233143
233144
233145
233146
233147
233148
233149
233150
233151
233152
233153
233154
233155
233156
233157
233158
233159
233160
233161
233162
233163
233164
233165
233166
233167
233168
233169
233171
233172
233173
233175
233176
233177
233178
233179
233180
233181
233182
233183
233184
233185
233186
233187
233188
233189
233190
233191
233192
233193
233194
233221
233222
233223
233225
233226
233229
233230
233231
233232
233233
233235
233237
233238
233239
233240
233241
233242
233243
233244
233245
233246
233299
233300
233301
233303
233304
233305
233307
233308
233309
233310
233311
233312
233313
233314
233315
233316
233317
233319
233320
233321
233322
233323
233324
233351
233352
233353
233354
233355
233357
233358
233361
233363
233364
233365
233366
233367
233369
233370
233373
