233403
233404
233405
233406
233407
233408
233409
233410
233411
233412
233413
233414
233415
233416
233417
233418
233419
233421
233422
233423
233424
233425
233426
233427
233428
233455
233456
233457
233458
233459
233460
233461
233462
233463
233464
233465
233466
233467
233468
233469
233470
233471
233472
233473
233474
233475
233476
233477
233478
233479
233480
233481
233482
233483
233484
233485
233486
233487
233488
233489
233490
233491
233492
233493
233494
233495
233496
233497
233498
233499
233500
233501
233502
233503
233504
233505
233506
233533
233534
233535
233536
233537
233538
233539
233540
233541
233542
233543
233544
233545
233546
233547
233548
233549
233550
233551
233552
233553
233554
233555
233556
233557
233558
233559
233560
233561
233562
233563
233564
233565
233566
233567
233568
233569
233570
233571
233572
233573
233574
233575
233576
233577
233578
233579
233580
233581
233582
233583
233584
233637
233638
233639
233640
233641
233642
233643
233644
233645
233646
233647
233648
233649
233650
233651
233652
233653
233654
233655
233656
233657
233658
233659
233660
233661
233662
233664
233665
233666
233667
233668
233669
233670
233671
233672
233673
233674
233675
233676
233677
233678
233679
233680
233681
233682
233683
233684
233685
233686
233687
233688
233715
233716
233717
233718
233719
233720
233721
233722
233723
233725
233726
233727
233728
233729
233730
233731
233732
233733
233734
233735
233736
233737
233738
233739
233740
233741
233742
233743
233744
233745
233746
233747
233748
233749
233750
233751
233752
233753
233754
233755
233756
233757
233758
233759
233760
233761
233762
233763
233764
233765
233766
233793
233794
233795
233796
233797
233798
233799
233800
233801
233802
233803
233804
233805
233806
233807
233808
233809
233810
233811
233812
233813
233814
233815
233816
233817
233818
233845
233846
233847
233848
233849
233850
233851
233852
233853
233854
233855
233856
233857
233858
233859
233860
233861
233862
233863
233864
233865
233866
233867
233868
233869
233870
233872
233873
233874
233875
233876
233877
233878
233879
233880
233881
233882
233883
233884
233885
233886
233887
233888
233889
233891
233892
233893
233894
233895
233896
233923
233924
233925
233926
233927
233928
233929
233930
233931
233932
233933
233934
233935
233936
233937
233938
233939
233940
233941
233942
233943
233944
233945
233946
233947
233948
233975
233976
233977
233978
233979
233980
233981
233983
233984
233985
233986
233987
233988
233989
233990
233991
233992
233993
233994
233995
233996
233997
233998
233999
234000
234053
234054
234055
234056
234057
234058
234059
234060
234061
234062
234063
234064
234065
234066
234067
234068
234069
234070
234071
234072
234073
234074
234075
234076
234077
234078
234080
234081
234082
234083
234084
234085
234086
234087
234088
234089
234090
234091
234092
234093
234094
234095
234096
234097
234098
234099
234100
234101
234102
234103
234104
234131
234132
234133
234134
234135
234136
234137
234138
234139
234140
234141
234142
234143
234144
234145
234146
234147
234148
234149
234150
234151
234152
234153
234154
234155
234156
234235
234236
234237
234238
234239
234240
234241
234243
234244
234245
234246
234247
234248
234249
234250
234251
234252
234253
234254
234255
234256
234257
234258
234259
234260
234262
234263
234264
234265
234266
234267
234268
234269
234270
234271
234272
234273
234274
234275
234276
234277
234278
234279
234280
234281
234282
234283
234284
234285
234286
234313
234314
234315
234316
234317
234318
234319
234320
234321
234322
234323
234324
234325
234326
234327
234328
234329
234330
234331
234332
234333
234334
234335
234336
234337
234338
234417
234418
234419
234420
234421
234422
234423
234424
234425
234426
234427
234428
234429
234430
234431
234432
234433
234434
234435
234436
234437
234438
234439
234440
234441
234442
234521
234522
234523
234524
234525
234526
234527
234528
234529
234530
234531
234532
234533
234534
234535
234536
234537
234538
234539
234540
234541
234542
234543
234544
234545
234546
234573
234574
234575
234576
234577
234578
234579
234580
234581
234582
234583
234584
234585
234586
234587
234588
234589
234590
234591
234592
234593
234594
234595
234596
234597
234598
234651
234652
234653
234654
234655
234656
234657
234658
234659
234660
234661
234662
234663
234664
234665
234666
234667
234668
234669
234670
234671
234672
234673
234674
234675
234676
234703
234704
234705
234706
234707
234708
234709
234710
234711
234712
234713
234714
234715
234716
234717
234718
234719
234720
234721
234722
234723
234724
234725
234726
234727
234728
234731
234732
234733
234734
234735
234736
234737
234738
234739
234740
234741
234742
234743
234744
234745
234746
234747
234748
234749
234750
234751
234752
234753
234754
234807
234808
234809
234810
234811
234812
234813
234814
234815
234816
234817
234818
234819
234820
234821
234822
234823
234824
234825
234826
234827
234828
234829
234830
234831
234832
234833
234834
234835
234836
234837
234838
234839
234840
234841
234842
234843
234844
234845
234846
234847
234848
234849
234850
234851
234852
234853
234854
234855
234856
234857
234858
234911
234912
234913
234914
234915
234916
234917
234918
234919
234920
234921
234922
234923
234924
234925
234926
234927
234928
234929
234930
234931
234932
234933
234934
234935
234936
234963
234964
234965
234966
234967
234968
234969
234970
234971
234972
234973
234974
234975
234976
234977
234978
234979
234980
234981
234982
234983
234984
234985
234986
234987
234988
235015
235016
235017
235018
235019
235020
235021
235022
235023
235024
235025
235026
235027
235028
235029
235030
235031
235032
235033
235034
235035
235036
235037
235038
235039
235040
235093
235094
235095
235096
235097
235098
235099
235100
235101
235102
235103
235104
235105
235106
235107
235108
235109
235110
235111
235112
235113
235114
235115
235116
235117
235118
235145
235146
235147
235148
235149
235150
235151
235152
235153
235154
235155
235156
235157
235158
235159
235160
235161
235162
235163
235164
235165
235166
235167
235168
235169
235170
235171
235172
235173
235174
235175
235176
235177
235178
235179
235180
235181
235182
235183
235184
235185
235186
235187
235188
235189
235190
235191
235192
235193
235194
235195
235196
235249
235250
235251
235252
235253
235254
235255
235256
235257
235258
235259
235260
235261
235262
235263
235264
235265
235266
235267
235268
235269
235270
235271
235272
235273
235274
235301
235302
235303
235304
235305
235306
235307
235308
235309
235310
235311
235312
235313
235314
235315
235316
235317
235318
235319
235320
235321
235322
235323
235324
235325
235326
235353
235354
235355
235356
235357
235358
235359
235360
235361
235362
235363
235364
235365
235366
235367
235368
235369
235370
235371
235372
235373
235374
235375
235376
235377
235378
235405
235406
235407
235408
235409
235410
235411
235412
235413
235414
235415
235416
235417
235418
235419
235420
235421
235422
235423
235424
235425
235426
235427
235428
235429
235430
235457
235458
235459
235460
235461
235462
235463
235464
235465
235466
235467
235468
235469
235470
235471
235472
235473
235474
235475
235476
235477
235478
235479
235480
235481
235482
235509
235510
235511
235512
235513
235514
235515
235516
235517
235518
235519
235520
235521
235522
235523
235524
235525
235526
235527
235528
235529
235530
235531
235532
235533
235534
235561
235562
235563
235564
235565
235566
235567
235568
235569
235570
235571
235572
235573
235574
235575
235576
235577
235578
235579
235580
235581
235582
235583
235584
235585
235586
235587
235588
235589
235591
235592
235593
235594
235595
235596
235597
235598
235599
235600
235601
235602
235603
235604
235605
235606
235607
235608
235609
235610
235611
235612
235639
235640
235641
235642
235643
235644
235645
235646
235647
235648
235649
235650
235651
235652
235653
235654
235656
235657
235658
235659
235660
235661
235662
235663
235664
235691
235692
235693
235694
235695
235696
235697
235698
235699
235700
235701
235702
235703
235704
235705
235706
235707
235708
235709
235710
235711
235712
235713
235714
235715
235716
235743
235744
235745
235746
235747
235748
235749
235750
235751
235752
235753
235754
235755
235756
235757
235758
235759
235760
235761
235762
235763
235764
235765
235766
235767
235768
235795
235796
235797
235798
235799
235800
235801
235802
235803
235804
235805
235806
235807
235808
235809
235810
235811
235812
235813
235814
235815
235816
235817
235818
235819
235820
235847
235848
235849
235850
235851
235852
235853
235854
235855
235856
235857
235858
235859
235860
235861
235862
235863
235864
235865
235866
235867
235868
235869
235870
235871
235872
235899
235900
235901
235902
235903
235904
235905
235906
235907
235908
235909
235910
235911
235912
235913
235914
235915
235916
235917
235918
235919
235920
235921
235922
235923
235924
235951
235952
235953
235954
235955
235956
235957
235958
235959
235960
235961
235962
235963
235964
235965
235966
235968
235969
235970
235971
235972
235973
235974
235975
235976
236029
236030
236031
236032
236033
236034
236035
236036
236037
236038
236039
236040
236041
236042
236043
236044
236046
236047
236048
236049
236050
236051
236052
236053
236054
236081
236082
236083
236084
236085
236086
236087
236088
236089
236090
236091
236092
236093
236094
236095
236097
236098
236099
236100
236101
236102
236104
236105
236106
236107
236108
236109
236110
236111
236112
236113
236114
236115
236116
236117
236118
236119
236120
236121
236122
236123
236124
236125
236126
236127
236128
236129
236130
236131
236132
236159
236160
236161
236162
236163
236164
236165
236166
236167
236168
236169
236170
236171
236172
236173
236174
236175
236177
236178
236179
236180
236181
236182
236183
236184
236237
236238
236239
236240
236241
236242
236243
236244
236245
236246
236247
236248
236249
236250
236251
236252
236253
236254
236255
236256
236257
236258
236259
236260
236261
236262
236289
236290
236291
236292
236293
236294
236295
236296
236297
236298
236299
236300
236301
236302
236303
236304
236305
236306
236307
236308
236309
236310
236311
236312
236313
236314
236315
236318
236319
236320
236321
236322
236323
236324
236325
236326
236327
236328
236329
236330
236331
236332
236333
236334
236335
236336
236337
236338
236339
236340
236367
236368
236369
236370
236371
236372
236373
236374
236375
236376
236377
236378
236379
236380
236381
236382
236383
236384
236385
236386
236387
236388
236389
236390
236391
236392
236419
236420
236421
236422
236423
236424
236425
236426
236427
236428
236429
236430
236431
236432
236433
236434
236435
236436
236437
236438
236439
236440
236441
236442
236443
236444
236471
236472
236473
236474
236475
236476
236477
236478
236479
236480
236481
236482
236483
236484
236486
236487
236488
236489
236490
236491
236492
236493
236494
236495
236496
236523
236524
236525
236526
236527
236528
236529
236530
236531
236532
236533
236534
236535
236536
236537
236538
236539
236540
236541
236542
236543
236544
236545
236546
236547
236548
236575
236576
236577
236578
236579
236580
236581
236582
236583
236584
236585
236586
236587
236588
236589
236590
236591
236592
236593
236594
236595
236596
236597
236598
236599
236600
236653
236654
236655
236656
236657
236658
236659
236660
236661
236662
236663
236664
236665
236666
236667
236668
236669
236670
236671
236672
236673
236674
236675
236676
236677
236678
236705
236706
236707
236708
236709
236710
236711
236712
236714
236715
236716
236717
236718
236719
236720
236721
236722
236723
236724
236725
236726
236727
236728
236729
236730
236732
236733
236734
236736
236737
236738
236740
236741
236742
236743
236744
236745
236746
236747
236748
236749
236750
236751
236752
236753
236755
236756
236809
236810
236811
236812
236813
236814
236815
236816
236817
236818
236819
236820
236821
236822
236823
236824
236825
236826
236827
236828
236829
236830
236831
236832
236833
236834
236861
236862
236863
236864
236865
236866
236867
236868
236869
236870
236871
236872
236873
236874
236875
236876
236877
236878
236879
236880
236881
236882
236883
236884
236885
236886
236913
236914
236915
236916
236917
236918
236919
236920
236921
236923
236924
236925
236926
236927
236928
236929
236930
236931
236932
236933
236934
236935
236936
236937
236938
236965
236966
236967
236968
236969
236970
236971
236972
236973
236974
236976
236977
236979
236980
236981
236982
236983
236984
236985
236986
236987
236988
236989
236990
236991
236992
236993
236994
236995
236997
236998
236999
237000
237001
237002
237003
237004
237005
237006
237007
237008
237009
237010
237011
237012
237013
237014
237015
237016
237043
237044
237045
237046
237047
237048
237049
237050
237051
237052
237053
237054
237055
237056
237057
237058
237059
237060
237061
237062
237063
237064
237065
237066
237067
237068
237095
237096
237097
237098
237099
237100
237101
237102
237103
237104
237105
237106
237107
237108
237109
237110
237111
237112
237113
237114
237115
237116
237117
237118
237119
237120
237147
237148
237149
237150
237151
237152
237153
237154
237155
237156
237157
237158
237159
237160
237161
237162
237163
237164
237165
237166
237167
237168
237169
237170
237171
237172
237225
237226
237227
237228
237229
237230
237231
237232
237233
237234
237235
237236
237237
237238
237239
237240
237241
237242
237243
237244
237245
237246
237247
237248
237249
237250
237277
237278
237279
237280
237281
237282
237283
237284
237285
237286
237287
237288
237289
237290
237291
237292
237293
237294
237295
237296
237297
237298
237300
237301
237302
237329
237330
237331
237332
237333
237334
237335
237336
237337
237338
237339
237340
237341
237342
237343
237344
237345
237346
237347
237348
237349
237350
237351
237352
237353
237354
237381
237382
237383
237384
237385
237386
237387
237388
237389
237390
237391
237392
237393
237394
237395
237396
237397
237398
237399
237400
237401
237402
237403
237404
237405
237406
237408
237409
237410
237411
237412
237413
237414
237415
237416
237417
237418
237419
237420
237421
237422
237423
237424
237425
237426
237427
237428
237429
237430
237431
237432
237459
237460
237461
237462
237463
237465
237466
237468
237469
237471
237472
237473
237474
237475
237476
237477
237478
237479
237480
237481
237482
237483
237484
237511
237512
237513
237514
237515
237516
237517
237518
237519
237520
237521
237522
237523
237524
237525
237526
237527
237528
237529
237530
237531
237532
237533
237534
237535
237536
237589
237590
237592
237593
237594
237595
237596
237597
237598
237600
237603
237604
237606
237607
237608
237609
237610
237611
237612
237613
237614
