237641
237642
237643
237644
237645
237646
237647
237648
237649
237650
237651
237652
237653
237654
237655
237656
237657
237658
237659
237660
237661
237662
237663
237664
237665
237666
237693
237694
237695
237696
237697
237698
237699
237700
237701
237702
237703
237704
237705
237706
237707
237708
237709
237710
237711
237712
237713
237714
237715
237716
237717
237718
237745
237746
237747
237748
237749
237750
237751
237752
237753
237754
237755
237756
237757
237758
237759
237760
237761
237762
237763
237764
237765
237766
237767
237768
237769
237770
237797
237798
237799
237800
237801
237802
237803
237804
237805
237806
237807
237808
237810
237811
237812
237813
237814
237815
237816
237817
237818
237819
237820
237821
237823
237824
237825
237826
237827
237828
237829
237830
237831
237832
237833
237834
237835
237836
237837
237838
237839
237840
237841
237842
237843
237844
237845
237846
237847
237848
237901
237902
237903
237904
237905
237906
237907
237908
237909
237910
237911
237912
237913
237914
237915
237916
237917
237918
237919
237920
237921
237922
237923
237924
237925
237926
237927
237928
237929
237930
237931
237932
237933
237934
237935
237936
237937
237938
237939
237940
237941
237942
237943
237944
237945
237946
237947
237948
237949
237950
237951
237952
238005
238006
238007
238008
238009
238010
238011
238012
238013
238014
238015
238016
238017
238018
238019
238020
238021
238022
238023
238024
238025
238026
238027
238028
238029
238030
238031
238033
238034
238035
238036
238037
238038
238039
238040
238041
238042
238043
238044
238045
238046
238047
238048
238049
238050
238051
238052
238053
238054
238055
238056
238083
238084
238085
238086
238087
238088
238089
238090
238091
238092
238093
238094
238095
238096
238097
238098
238099
238100
238101
238102
238103
238104
238105
238106
238107
238108
238161
238162
238163
238164
238165
238166
238167
238168
238169
238170
238171
238172
238173
238174
238175
238176
238177
238178
238179
238180
238181
238182
238183
238184
238185
238186
238187
238188
238189
238190
238191
238192
238193
238194
238195
238196
238197
238198
238199
238200
238201
238202
238203
238204
238205
238206
238207
238208
238209
238210
238211
238212
238239
238240
238241
238242
238243
238244
238245
238246
238247
238248
238249
238250
238251
238252
238253
238254
238255
238256
238257
238258
238259
238260
238261
238262
238263
238264
238317
238318
238319
238320
238321
238322
238323
238324
238325
238326
238327
238328
238329
238330
238331
238332
238333
238334
238335
238336
238337
238338
238339
238340
238341
238342
238369
238370
238371
238372
238373
238374
238375
238376
238377
238378
238379
238380
238381
238382
238383
238384
238385
238386
238387
238388
238389
238390
238391
238392
238393
238394
238421
238422
238423
238424
238425
238426
238427
238428
238429
238430
238431
238432
238433
238434
238435
238436
238437
238438
238439
238440
238441
238442
238443
238444
238445
238446
238473
238474
238475
238476
238477
238478
238479
238480
238481
238482
238483
238484
238485
238486
238487
238488
238489
238490
238491
238492
238493
238494
238495
238496
238497
238498
238500
238501
238502
238503
238504
238505
238506
238507
238508
238509
238510
238511
238512
238513
238514
238515
238516
238517
238518
238519
238520
238521
238522
238523
238524
238577
238578
238579
238580
238581
238582
238583
238584
238585
238586
238587
238588
238589
238590
238591
238592
238593
238594
238595
238596
238597
238598
238599
238600
238601
238602
238603
238604
238605
238606
238607
238608
238609
238610
238611
238612
238613
238614
238615
238616
238617
238618
238619
238620
238621
238622
238623
238624
238625
238626
238627
238628
238655
238656
238657
238658
238659
238660
238661
238662
238663
238664
238665
238666
238667
238668
238669
238670
238671
238672
238673
238674
238675
238676
238677
238678
238679
238680
238733
238734
238735
238736
238737
238738
238739
238740
238741
238742
238743
238744
238745
238746
238747
238748
238749
238751
238752
238753
238754
238755
238756
238757
238758
238785
238786
238787
238788
238789
238790
238791
238792
238793
238794
238795
238796
238797
238798
238799
238800
238801
238802
238803
238804
238805
238806
238807
238808
238809
238810
238837
238838
238839
238840
238841
238842
238843
238844
238845
238846
238847
238848
238849
238850
238851
238852
238853
238854
238855
238856
238857
238858
238859
238860
238861
238862
238863
238864
238865
238866
238867
238868
238869
238870
238871
238872
238873
238874
238875
238876
238877
238878
238879
238880
238881
238882
238883
238884
238885
238886
238887
238888
238915
238916
238917
238918
238919
238920
238921
238922
238923
238924
238925
238926
238927
238928
238929
238930
238931
238932
238933
238934
238935
238936
238937
238938
238939
238940
238993
238994
238995
238996
238997
238998
238999
239000
239001
239002
239003
239004
239005
239006
239007
239008
239009
239010
239011
239012
239013
239014
239015
239016
239017
239018
239045
239046
239047
239048
239049
239050
239051
239052
239053
239054
239055
239056
239057
239058
239059
239060
239061
239062
239063
239064
239065
239066
239067
239068
239069
239070
239071
239072
239073
239074
239075
239076
239077
239078
239080
239081
239082
239083
239084
239085
239086
239087
239088
239089
239090
239091
239092
239093
239094
239095
239096
239123
239124
239125
239126
239127
239128
239129
239130
239131
239132
239133
239134
239135
239136
239137
239138
239139
239140
239141
239142
239143
239144
239145
239146
239147
239148
239175
239176
239177
239178
239179
239180
239181
239182
239183
239184
239185
239186
239187
239188
239189
239190
239191
239192
239193
239194
239195
239196
239197
239198
239199
239200
239253
239254
239255
239256
239257
239258
239259
239260
239261
239262
239263
239264
239265
239266
239267
239268
239269
239270
239271
239272
239273
239274
239275
239276
239277
239278
239305
239306
239307
239308
239309
239310
239311
239312
239313
239314
239315
239316
239317
239318
239319
239320
239321
239322
239323
239324
239325
239326
239327
239328
239329
239330
239357
239358
239359
239360
239361
239362
239363
239364
239365
239366
239367
239368
239369
239370
239371
239372
239373
239374
239375
239376
239377
239378
239379
239380
239381
239382
239409
239410
239411
239412
239413
239414
239415
239416
239417
239418
239419
239420
239421
239422
239423
239424
239425
239426
239427
239428
239429
239430
239431
239432
239433
239434
239435
239436
239438
239439
239440
239441
239442
239443
239444
239445
239446
239447
239448
239449
239450
239451
239452
239453
239454
239455
239456
239457
239458
239459
239460
239487
239488
239489
239490
239491
239492
239493
239494
239495
239496
239497
239498
239499
239500
239501
239502
239504
239505
239506
239507
239508
239509
239510
239511
239512
239539
239540
239541
239542
239543
239544
239545
239546
239547
239548
239549
239550
239551
239552
239553
239554
239555
239556
239557
239558
239559
239560
239561
239562
239563
239564
239591
239592
239593
239594
239595
239596
239597
239598
239599
239600
239601
239602
239603
239604
239605
239606
239607
239608
239609
239610
239611
239612
239613
239614
239615
239616
239643
239644
239645
239646
239647
239648
239649
239650
239651
239652
239653
239654
239655
239656
239657
239658
239659
239660
239661
239662
239663
239664
239665
239666
239667
239668
239721
239722
239723
239724
239725
239726
239727
239728
239729
239730
239731
239732
239733
239734
239735
239736
239737
239738
239739
239740
239741
239742
239743
239744
239745
239746
239748
239749
239750
239751
239752
239753
239754
239755
239756
239757
239758
239759
239760
239761
239762
239763
239764
239765
239766
239767
239768
239769
239770
239771
239772
239825
239826
239827
239828
239829
239830
239831
239832
239833
239834
239835
239836
239837
239838
239839
239840
239841
239842
239843
239844
239845
239846
239847
239848
239849
239850
239852
239853
239854
239855
239856
239857
239858
239859
239860
239861
239862
239863
239864
239865
239866
239867
239868
239869
239870
239871
239872
239873
239874
239875
239876
239929
239930
239931
239932
239933
239934
239935
239936
239937
239938
239939
239940
239941
239942
239943
239944
239945
239946
239947
239948
239949
239950
239951
239952
239953
239954
239981
239982
239983
239984
239985
239986
239987
239988
239989
239990
239991
239992
239993
239994
239995
239996
239997
239998
239999
240000
240001
240002
240003
240004
240005
240006
240033
240034
240035
240036
240037
240038
240039
240040
240041
240042
240043
240044
240045
240046
240047
240048
240049
240050
240051
240052
240053
240054
240055
240056
240057
240058
240085
240086
240087
240088
240089
240090
240091
240092
240093
240094
240095
240096
240097
240098
240099
240100
240101
240102
240103
240104
240105
240106
240107
240108
240109
240110
240137
240138
240139
240140
240141
240142
240143
240144
240145
240146
240147
240148
240149
240150
240151
240152
240153
240154
240155
240156
240157
240158
240159
240160
240161
240162
240165
240166
240167
240168
240169
240170
240171
240172
240173
240174
240175
240176
240177
240178
240179
240180
240181
240182
240183
240184
240185
240186
240187
240188
240215
240216
240217
240218
240219
240220
240221
240222
240223
240224
240225
240226
240227
240228
240229
240230
240231
240232
240233
240234
240235
240236
240237
240238
240239
240240
240267
240268
240269
240270
240271
240272
240273
240274
240275
240276
240277
240278
240279
240280
240281
240282
240283
240284
240285
240286
240287
240288
240289
240290
240291
240292
240345
240346
240347
240348
240349
240350
240351
240352
240353
240354
240355
240356
240357
240358
240359
240360
240361
240362
240363
240364
240365
240366
240367
240368
240369
240370
240371
240372
240373
240374
240375
240376
240377
240378
240379
240380
240381
240382
240383
240384
240385
240386
240387
240388
240389
240390
240391
240392
240393
240394
240395
240396
240423
240424
240425
240426
240427
240428
240429
240430
240431
240432
240433
240434
240435
240436
240437
240438
240439
240440
240441
240442
240443
240444
240445
240446
240447
240448
240501
240502
240503
240504
240505
240506
240507
240508
240509
240510
240511
240512
240513
240514
240515
240516
240517
240518
240519
240520
240521
240522
240523
240524
240525
240526
240553
240554
240555
240556
240557
240558
240559
240560
240561
240562
240563
240564
240565
240566
240567
240568
240569
240570
240571
240572
240573
240574
240575
240576
240577
240578
240605
240606
240607
240608
240609
240611
240612
240613
240614
240615
240616
240617
240618
240619
240620
240621
240622
240623
240624
240625
240626
240627
240628
240629
240630
240631
240632
240633
240634
240635
240636
240637
240638
240639
240640
240641
240642
240643
240644
240645
240646
240647
240648
240649
240650
240651
240652
240653
240654
240655
240656
240709
240710
240711
240712
240713
240714
240715
240716
240717
240718
240719
240720
240721
240722
240723
240724
240725
240726
240727
240728
240729
240730
240731
240732
240733
240734
240735
240736
240737
240738
240739
240740
240741
240742
240743
240744
240745
240746
240747
240748
240749
240750
240751
240752
240753
240754
240755
240756
240757
240758
240759
240760
240787
240788
240789
240790
240791
240792
240793
240794
240795
240796
240797
240798
240799
240800
240801
240802
240803
240804
240805
240806
240807
240808
240809
240810
240811
240812
240865
240866
240867
240868
240869
240870
240871
240872
240873
240874
240875
240876
240877
240878
240879
240880
240881
240882
240883
240884
240885
240886
240887
240888
240889
240890
240892
240893
240894
240895
240896
240897
240898
240899
240900
240901
240902
240903
240904
240905
240906
240907
240908
240909
240910
240911
240912
240913
240914
240915
240916
240943
240944
240945
240946
240947
240948
240949
240950
240951
240952
240953
240954
240955
240956
240957
240958
240959
240960
240961
240962
240963
240964
240965
240966
240967
240969
240970
240971
240972
240973
240974
240975
240976
240977
240978
240979
240980
240981
240982
240983
240984
240985
240986
240987
240988
240989
240990
240991
240992
240993
240994
241021
241022
241023
241024
241025
241026
241027
241028
241029
241030
241032
241033
241034
241035
241036
241037
241038
241039
241040
241042
241043
241044
241045
241046
241048
241049
241050
241051
241052
241053
241054
241055
241056
241057
241058
241059
241060
241062
241063
241064
241065
241066
241067
241068
241069
241070
241071
241072
241099
241100
241101
241102
241103
241104
241105
241106
241107
241108
241109
241110
241111
241112
241113
241114
241115
241116
241117
241118
241119
241121
241122
241123
241124
241125
241126
241128
241129
241130
241131
241132
241133
241134
241135
241136
241137
241138
241139
241140
241141
241142
241143
241144
241145
241146
241147
241148
241149
241150
241177
241178
241179
241180
241181
241182
241183
241184
241185
241186
241187
241188
241189
241190
241191
241192
241193
241194
241195
241196
241197
241198
241199
241200
241201
241202
241205
241206
241208
241209
241210
241211
241213
241214
241215
241216
241217
241218
241219
241220
241221
241222
241223
241224
241225
241226
241227
241228
241255
241256
241257
241258
241259
241261
241262
241263
241264
241265
241266
241267
241268
241269
241270
241271
241272
241273
241274
241276
241277
241278
241279
241280
241307
241308
241309
241310
241311
241312
241314
241315
241316
241317
241318
241319
241320
241321
241322
241323
241324
241325
241326
241327
241328
241329
241330
241331
241332
241359
241360
241361
241362
241363
241364
241365
241366
241367
241368
241369
241370
241371
241372
241373
241374
241375
241377
241378
241379
241380
241381
241382
241383
241384
241437
241438
241439
241440
241441
241443
241444
241445
241446
241447
241448
241449
241450
241451
241452
241453
241454
241455
241456
241457
241459
241460
241461
241462
241489
241490
241491
241492
241493
241494
241495
241496
241497
241498
241499
241500
241501
241502
241503
241504
241505
241506
241507
241508
241509
241510
241511
241512
241513
241593
241594
241595
241596
241597
241598
241599
241600
241601
241602
241603
241604
241605
241606
241607
241608
241609
241610
241611
241612
241613
241614
241615
241616
241617
241618
241619
241620
241621
241622
241623
241624
241625
241626
241627
241628
241629
241630
241631
241632
241633
241634
241635
241636
241637
241638
241639
241640
241641
241642
241643
241644
241645
241646
241647
241648
241649
241650
241651
241652
241653
241654
241655
241656
241657
241658
241659
241660
241661
241662
241663
241664
241665
241666
241667
241668
241669
241670
241697
241698
241699
241700
241701
241702
241703
241704
241705
241706
241707
241708
241709
241710
241711
241712
241713
241714
241715
241716
241717
241718
241719
241720
241721
241722
241749
241750
241751
241752
241753
241754
241755
241756
241757
241758
241759
241760
241761
241762
241763
241764
241765
241766
241767
241768
241769
241770
241771
241772
241773
241774
241776
241777
241778
241779
241780
241781
241782
241783
241784
241785
241786
241787
241788
241789
241790
241791
241792
241793
241794
241795
241796
241797
241798
241799
241800
241801
241802
241803
241804
241805
241806
241807
241808
241809
241810
241811
241812
241813
241814
241815
241816
241817
241818
241819
241820
241821
241822
241823
241824
241853
241854
241855
241856
241857
241858
241859
241860
241861
241862
241863
241864
241865
241866
241867
241868
241869
241870
241871
241872
241873
241874
241875
241876
241877
241878
241879
241880
241881
241882
241883
241884
241885
241886
241887
241888
241889
241890
241891
241892
241893
241894
241895
241896
241897
241898
241899
241900
241901
241902
241903
241904
241905
241906
241907
241908
241909
241910
241911
241912
241913
241914
241915
241916
241917
241918
241919
241920
241921
241922
241923
241924
241925
241926
241927
241928
241929
241930
241984
241985
241986
241987
241988
241990
241991
241992
241993
241994
241995
241996
241997
241999
242000
242001
242002
242003
242004
242005
242006
242007
242008
242035
242036
242037
242038
242041
242042
242043
242045
242046
242047
242048
242049
242050
242051
242052
242053
242054
242056
242057
242058
242059
242060
242139
242141
242143
242144
242145
