244219
244220
244221
244222
244223
244224
244225
244226
244227
244228
244229
244230
244231
244232
244233
244234
244235
244236
244237
244238
244239
244240
244241
244242
244243
244244
244297
244298
244300
244301
244302
244303
244304
244305
244306
244307
244308
244309
244310
244311
244312
244313
244314
244315
244316
244317
244318
244319
244320
244321
244322
244324
244325
244326
244327
244328
244329
244330
244331
244332
244333
244334
244335
244336
244337
244338
244340
244341
244342
244343
244344
244345
244346
244347
244348
244453
244455
244456
244457
244458
244459
244460
244461
244462
244464
244465
244466
244467
244468
244469
244470
244471
244472
244473
244474
244475
244476
244477
244478
244479
244481
244482
244483
244484
244485
244486
244488
244489
244490
244491
244492
244493
244494
244495
244496
244497
244498
244499
244500
244501
244502
244503
244504
244505
244506
244507
244508
244510
244511
244512
244513
244514
244515
244516
244517
244518
244519
244520
244521
244522
244523
244524
244525
244527
244528
244529
244530
244557
244558
244559
244560
244561
244562
244563
244564
244565
244566
244568
244569
244570
244571
244572
244573
244574
244575
244576
244577
244578
244579
244580
244581
244582
244585
244586
244587
244588
244589
244590
244591
244592
244593
244594
244595
244596
244598
244599
244600
244601
244602
244603
244604
244605
244606
244607
244687
244688
244689
244691
244692
244693
244694
244695
244696
244697
244698
244699
244700
244701
244702
244703
244704
244705
244706
244707
244708
244709
244710
244711
244712
244765
244766
244767
244768
244769
244770
244771
244772
244773
244774
244775
244776
244777
244778
244779
244780
244781
244782
244783
244784
244785
244786
244787
244788
244789
244790
244793
244794
244795
244796
244798
244800
244801
244802
244803
244804
244805
244806
244807
244808
244809
244810
244811
244812
244814
244815
244816
244869
244870
244871
244872
244873
244874
244875
244876
244877
244878
244879
244880
244881
244882
244883
244884
244885
244886
244888
244889
244890
244891
244892
244893
244894
244895
244896
244897
244898
244899
244900
244901
244902
244903
244904
244905
244906
244907
244908
244909
244910
244911
244912
244913
244914
244915
244916
244917
244918
244919
244920
245025
245026
245027
245028
245029
245030
245031
245032
245033
245034
245035
245036
245037
245038
245039
245040
245041
245042
245043
245044
245045
245046
245047
245048
245049
245050
245077
245078
245079
245080
245081
245082
245083
245084
245085
245086
245087
245088
245089
245090
245091
245092
245093
245094
245095
245096
245097
245098
245099
245100
245101
245102
245129
245130
245131
245132
245133
245134
245135
245136
245137
245138
245139
245140
245141
245142
245143
245144
245145
245146
245147
245148
245149
245150
245151
245152
245153
245154
245155
245156
245157
245158
245159
245160
245161
245162
245163
245164
245165
245166
245167
245168
245169
245170
245171
245172
245173
245174
245175
245176
245177
245178
245179
245180
245182
245183
245184
245185
245186
245187
245188
245189
245190
245191
245192
245193
245194
245195
245196
245197
245198
245199
245200
245201
245202
245203
245204
245205
245206
245207
245208
245209
245210
245211
245212
245213
245214
245215
245216
245217
245218
245219
245220
245221
245222
245223
245224
245225
245226
245227
245228
245229
245230
245231
245232
