245285
245286
245287
245288
245289
245290
245291
245292
245293
245294
245295
245296
245297
245298
245299
245300
245301
245302
245303
245304
245305
245306
245307
245308
245309
245310
245311
245313
245314
245315
245316
245317
245318
245319
245320
245321
245322
245323
245324
245325
245326
245327
245328
245329
245330
245331
245332
245333
245334
245335
245336
245337
245338
245339
245340
245341
245342
245343
245344
245345
245346
245347
245348
245349
245350
245351
245352
245353
245354
245355
245356
245357
245358
245359
245360
245361
245362
245364
245365
245366
245367
245368
245369
245370
245371
245372
245373
245374
245375
245376
245377
245378
245379
245380
245381
245382
245383
245384
245385
245386
245387
245388
245441
245442
245443
245444
245445
245446
245447
245448
245449
245450
245451
245452
245453
245454
245455
245456
245457
245458
245459
245460
245461
245462
245463
245464
245465
245466
245467
245468
245469
245470
245471
245472
245473
245474
245475
245476
245477
245478
245479
245480
245481
245482
245483
245484
245485
245486
245487
245488
245489
245490
245491
245492
245519
245520
245521
245522
245523
245524
245525
245526
245527
245528
245529
245530
245531
245532
245533
245534
245535
245536
245537
245538
245539
245540
245541
245542
245543
245544
245545
245546
245547
245548
245549
245550
245551
245552
245553
245554
245555
245556
245557
245558
245559
245560
245561
245562
245563
245564
245565
245566
245567
245568
245569
245570
245597
245598
245599
245600
245601
245602
245603
245604
245605
245606
245607
245608
245609
245610
245611
245612
245613
245614
245615
245616
245617
245618
245619
245620
245621
245622
245753
245754
245755
245756
245757
245758
245759
245760
245761
245762
245763
245764
245765
245766
245767
245768
245769
245770
245771
245772
245773
245774
245775
245776
245777
245778
245779
245780
245781
245782
245783
245784
245785
245786
245787
245788
245789
245790
245791
245792
245793
245794
245795
245796
245797
245798
245799
245800
245801
245802
245803
245804
245883
245884
245885
245886
245887
245888
245889
245890
245891
245892
245893
245894
245895
245896
245897
245898
245899
245900
245901
245902
245903
245904
245905
245906
245907
245908
245909
245910
245911
245912
245913
245914
245915
245916
245917
245918
245919
245920
245921
245922
245923
245924
245925
245926
245927
245928
245929
245930
245931
245932
245933
245934
245961
245962
245963
245964
245965
245966
245967
245968
245969
245970
245971
245972
245973
245974
245975
245976
245977
245978
245979
245980
245981
245982
245983
245984
245985
245986
245987
245988
245989
245990
245991
245992
245993
245994
245995
245996
245997
245998
245999
246000
246001
246002
246003
246004
246005
246006
246007
246008
246009
246010
246011
246012
246091
246092
246093
246094
246095
246096
246097
246098
246099
246100
246101
246102
246103
246104
246105
246106
246107
246108
246109
246110
246111
246112
246113
246114
246115
246116
246118
246119
246120
246121
246122
246123
246124
246125
246126
246127
246129
246130
246131
246132
246133
246134
246135
246136
246137
246138
246139
246140
246141
246142
246221
246222
246223
246224
246225
246226
246227
246228
246229
246230
246232
246233
246234
246235
246236
246237
246238
246239
246240
246241
246242
246243
246244
246245
246246
246273
246274
246275
246276
246277
246278
246279
246280
246281
246282
246283
246284
246285
246286
246287
246288
246289
246290
246291
246292
246293
246294
246295
246296
246297
246298
246403
246404
246405
246406
246407
246408
246409
246410
246411
246412
246413
246414
246415
246416
246417
246418
246419
246420
246421
246422
246423
246424
246425
246426
246427
246428
246455
246456
246457
246458
246459
246460
246461
246462
246463
246464
246465
246466
246467
246468
246469
246470
246471
246472
246473
246474
246475
246476
246477
246478
246479
246480
246507
246508
246509
246510
246511
246512
246513
246514
246515
246516
246517
246518
246519
246520
246521
246522
246523
246524
246525
246526
246527
246528
246529
246530
246531
246532
246533
246535
246536
246537
246538
246539
246540
246541
246542
246543
246544
246545
246546
246547
246548
246549
246550
246551
246552
246553
246554
246555
246556
246557
246558
246559
246561
246562
246563
246564
246565
246566
246567
246568
246569
246570
246572
246573
246574
246575
246576
246577
246578
246579
246580
246581
246582
246583
246584
246611
246612
246613
246614
246615
246616
246617
246618
246619
246620
246621
246622
246623
246624
246625
246626
246627
246628
246629
246630
246631
246632
246633
246634
246635
246636
246663
246664
246665
246666
246667
246668
246669
246670
246671
246672
246673
246674
246675
246676
246677
246678
246679
246680
246681
246682
246683
246684
246685
246686
246687
246688
246691
246693
246694
246695
246696
246697
246698
246699
246700
246701
246702
246703
246704
246705
246706
246707
246708
246709
246710
246711
246712
246713
246714
246716
246717
246718
246719
246720
246721
246722
246723
246724
246725
246726
246727
246728
246729
246730
246731
246732
246733
246734
246735
246736
246737
246738
246739
246740
246767
246768
246769
246770
246771
246772
246773
246774
246775
246776
246777
246778
246779
246780
246781
246782
246783
246784
246785
246786
246787
246788
246789
246790
246791
246792
246949
246950
246951
246952
246953
246954
246955
246956
246957
246958
246959
246960
246961
246962
246963
246964
246965
246966
246967
246968
246969
246970
246971
246972
246973
246974
247001
247002
247003
247004
247005
247006
247007
247008
247009
247010
247011
247012
247013
247014
247015
247016
247017
247018
247019
247020
247021
247022
247023
247024
247025
247026
247053
247054
247055
247056
247057
247058
247059
247060
247061
247062
247063
247064
247065
247066
247067
247068
247069
247070
247071
247072
247073
247074
247075
247076
247077
247078
247105
247106
247107
247108
247109
247110
247111
247112
247113
247114
247115
247116
247117
247118
247119
247120
247121
247122
247123
247124
247125
247126
247127
247128
247129
247130
247157
247158
247159
247160
247161
247162
247163
247164
247165
247166
247167
247168
247169
247170
247171
247172
247173
247174
247175
247176
247177
247178
247179
247180
247181
247182
247235
247236
247237
247238
247239
247240
247241
247242
247243
247244
247245
247246
247247
247248
247249
247250
247251
247252
247253
247254
247255
247256
247257
247258
247259
247260
247287
247288
247289
247290
247291
247292
247293
247294
247295
247296
247297
247298
247299
247300
247301
247302
247303
247304
247305
247306
247307
247308
247309
247310
247311
247312
247314
247315
247316
247317
247318
247319
247320
247321
247322
247323
247324
247325
247326
247327
247328
247329
247330
247331
247332
247333
247334
247335
247336
247337
247338
247391
247392
247393
247394
247396
247397
247398
247399
247400
247401
247402
247403
247404
247405
247406
247407
247408
247409
247410
247411
247412
247413
247414
247415
247416
247443
247444
247445
247446
247447
247448
247449
247450
247451
247452
247453
247454
247455
247456
247457
247458
247459
247460
247461
247462
247463
247464
247465
247466
247467
247468
247495
247496
247497
247498
247499
247500
247501
247502
247503
247504
247505
247506
247507
247508
247509
247510
247511
247512
247513
247514
247515
247516
247517
247518
247519
247520
247522
247523
247524
247525
247526
247527
247528
247529
247530
247531
247532
247533
247534
247535
247536
247537
247538
247539
247540
247541
247542
247543
247544
247545
247546
247573
247574
247575
247576
247577
247578
247579
247580
247581
247582
247583
247584
247585
247586
247587
247588
247589
247590
247591
247592
247593
247594
247595
247596
247597
247598
247651
247652
247653
247654
247655
247656
247657
247658
247659
247660
247661
247662
247663
247664
247665
247666
247667
247668
247669
247670
247671
247672
247673
247674
247675
247676
247677
247678
247680
247681
247682
247683
247684
247685
247686
247687
247688
247689
247690
247691
247692
247693
247694
247695
247696
247697
247698
247699
247700
247701
247702
247755
247756
247757
247758
247759
247760
247761
247762
247763
247764
247765
247766
247767
247768
247769
247770
247771
247772
247773
247774
247775
247776
247777
247778
247779
247780
247807
247808
247809
247810
247811
247812
247813
247814
247815
247816
247817
247818
247819
247820
247821
247822
247823
247824
247825
247826
247827
247828
247829
247830
247831
247832
247833
247835
247836
247837
247838
247839
247840
247841
247842
247843
247844
247845
247846
247847
247848
247849
247850
247851
247852
247853
247854
247855
247856
247857
247858
247911
247912
247913
247914
247915
247916
247917
247918
247919
247920
247921
247922
247923
247924
247925
247926
247927
247928
247929
247930
247931
247932
247933
247934
247935
247936
247963
247964
247965
247966
247967
247968
247969
247970
247971
247972
247973
247974
247975
247976
247977
247978
247979
247980
247981
247982
247983
247984
247985
247986
247987
247988
248015
248016
248017
248018
248019
248020
248021
248022
248023
248024
248025
248026
248027
248028
248029
248030
248031
248032
248033
248034
248035
248036
248037
248038
248039
248040
248041
248043
248044
248045
248046
248047
248048
248049
248050
248051
248052
248053
248054
248055
248056
248057
248058
248059
248060
248061
248062
248063
248064
248065
248066
248093
248094
248095
248096
248097
248098
248100
248101
248102
248103
248104
248105
248106
248107
248108
248109
248110
248111
248112
248113
248114
248115
248116
248117
248145
248146
248147
248148
248149
248150
248151
248152
248153
248154
248155
248156
248157
248158
248159
248160
248161
248162
248163
248164
248165
248166
248167
248168
248169
248170
248197
248198
248199
248200
248202
248203
248204
248205
248206
248207
248208
248209
248210
248211
248212
248213
248214
248215
248216
248217
248218
248219
248220
248221
248222
248249
248250
248251
248252
248253
248254
248255
248256
248257
248258
248259
248260
248261
248262
248263
248264
248265
248266
248267
248268
248269
248271
248272
248273
248274
248301
248302
248303
248304
248305
248306
248307
248308
248309
248310
248311
248312
248313
248314
248315
248316
248317
248318
248319
248320
248321
248322
248323
248324
248325
248326
248379
248380
248381
248382
248383
248384
248385
248386
248387
248388
248389
248390
248391
248392
248393
248394
248395
248396
248397
248398
248399
248400
248401
248402
248403
248405
248406
248407
248408
248409
248410
248411
248412
248413
248414
248415
248416
248417
248418
248419
248420
248421
248422
248423
248424
248425
248426
248427
248428
248429
248430
248457
248458
248459
248460
248461
248462
248463
248464
248465
248466
248467
248468
248469
248470
248471
248472
248473
248474
248475
248476
248477
248478
248479
248481
248482
248535
248536
248537
248538
248539
248540
248541
248542
248543
248544
248545
248546
248547
248548
248549
248550
248551
248552
248553
248554
248555
248556
248557
248558
248559
248560
248562
248564
248565
248566
248567
248568
248569
248570
248571
248572
248573
248574
248575
248576
248577
248578
248579
248580
248581
248582
248583
248584
248585
248586
248613
248614
248615
248616
248617
248618
248619
248620
248621
248622
248623
248624
248625
248626
248627
248628
248629
248630
248631
248632
248633
248634
248635
248636
248637
248638
248691
248692
248693
248694
248695
248696
248697
248698
248699
248700
248701
248702
248703
248704
248705
248706
248707
248708
248709
248710
248711
248712
248713
248714
248715
248716
248717
248718
248719
248720
248721
248722
248723
248724
248725
248726
248727
248728
248729
248730
248731
248732
248733
248734
248735
248736
248737
248738
248739
248740
248742
248795
248796
248797
248798
248799
248800
248801
248802
248803
248804
248805
248806
248807
248808
248809
248810
248811
248812
248813
248814
248815
248816
248817
248818
248819
248820
248847
248848
248849
248850
248851
248852
248853
248854
248855
248856
248857
248858
248859
248860
248861
248862
248863
248864
248865
248866
248867
248868
248869
248870
248871
248872
248874
248875
248876
248878
248879
248880
248881
248882
248884
248885
248886
248887
248888
248889
248890
248891
248892
248893
248894
248895
248896
248897
248898
248925
248926
248927
248928
248929
248930
248931
248932
248933
248934
248935
248936
248937
248938
248939
248940
248941
248942
248943
248944
248945
248946
248947
248948
248949
248950
249003
249004
249005
249006
249007
249008
249009
249010
249011
249012
249013
249014
249015
249016
249017
249018
249019
249020
249021
249022
249023
249024
249025
249026
249027
249028
249029
249031
249032
249033
249034
249035
249036
249037
249038
249039
249040
249041
249042
249043
249044
249045
249046
249047
249048
249049
249050
249051
249052
249053
249054
249107
249108
249109
249110
249111
249112
249113
249114
249115
249116
249117
249118
249119
249120
249121
249122
249123
249124
249125
249126
249127
249128
249129
249130
249131
249132
249160
249161
249162
249163
249165
249166
249167
249168
249169
249170
249171
249172
249173
249174
249175
249176
249177
249178
249179
249180
249182
249183
249184
249237
249238
249239
249240
249241
249242
249243
249244
249245
249246
249247
249248
249250
249251
249252
249253
249254
249255
249256
249257
249258
249259
249260
249261
249262
249289
249290
249291
249292
249293
249294
249295
249296
249297
249298
249299
249300
249301
249302
249303
249304
249305
249306
249307
249308
249309
249310
249311
249312
249313
249314
249315
249317
249318
249319
249320
249321
249322
249323
249324
249325
249326
249327
249328
249329
249330
249331
249332
249333
249334
249335
249336
249337
249338
249339
249340
249367
249368
249369
249370
249371
249372
249373
249374
249375
249376
249377
249378
249379
249380
249381
249382
249383
249384
249385
249386
249387
249388
249389
249390
249391
249392
249445
249446
249447
249448
249449
249450
249451
249452
249453
249454
249455
249456
249457
249458
249459
249460
249461
249462
249463
249464
249465
249466
249467
249468
249469
249470
249472
249473
249474
249475
249476
249477
249478
249479
249480
249481
249482
249483
249484
249485
249486
249487
249488
249489
249490
249491
249492
249493
249494
249495
249496
249549
249550
249551
249552
249553
249554
249555
249556
249557
249558
249559
249560
249561
249562
249563
249564
249565
249566
249567
249568
249569
249570
249571
249572
249573
249574
249575
249576
249577
249578
249579
249580
249581
249582
249583
249584
249585
249586
249587
249588
249589
249590
249591
249592
249593
249594
249595
249596
249597
249598
249599
249600
249627
249628
249629
249630
249631
249632
249633
249634
249635
249636
249637
249638
249639
249640
249641
249642
249643
249644
249645
249646
249647
249648
249649
249650
249651
249652
249705
249706
249707
249708
249709
249710
249711
249712
249713
249714
249715
249716
249717
249718
249719
249720
249721
249722
249723
249724
249725
249726
249727
249728
249729
249730
249731
249732
249733
249734
249735
249736
249737
249738
249739
249740
249741
249742
249743
249744
249745
249746
249747
249749
249750
249751
249752
249753
249754
249755
249756
249783
249784
249785
249786
249787
249788
249789
249790
249791
249792
249793
249794
249795
249796
249797
249798
249799
249800
249801
249802
249804
249805
249806
249807
249808
249836
249837
249838
249839
249840
249841
249842
249843
249844
249845
249846
249847
249848
249849
249850
249851
249852
249853
249854
249855
249856
249857
249858
249859
249860
249913
249914
249915
249916
249917
249918
249919
249920
249921
249922
249923
249924
249925
249926
249927
249928
249930
249931
249932
249933
249934
249935
249936
249938
249939
249940
249941
249942
249944
249949
249950
249951
249953
249954
249955
249956
249957
249959
249961
249963
249964
