250017
250018
250019
250020
250021
250022
250023
250024
250025
250026
250027
250028
250029
250030
250031
250032
250033
250034
250035
250036
250037
250038
250039
250040
250041
250042
250069
250070
250071
250072
250073
250074
250075
250076
250077
250078
250079
250080
250081
250082
250083
250084
250085
250086
250087
250088
250089
250090
250091
250092
250093
250094
250095
250096
250097
250098
250099
250100
250101
250102
250103
250104
250105
250106
250107
250108
250109
250110
250111
250112
250113
250114
250115
250116
250117
250118
250119
250120
250147
250148
250149
250150
250151
250152
250153
250154
250155
250156
250157
250158
250159
250160
250161
250162
250163
250164
250165
250166
250167
250168
250169
250170
250171
250172
250225
250226
250227
250228
250229
250230
250231
250232
250233
250234
250235
250236
250237
250238
250239
250240
250241
250242
250243
250244
250245
250246
250247
250248
250249
250250
250251
250252
250253
250254
250255
250256
250257
250258
250259
250260
250261
250262
250263
250264
250265
250266
250267
250268
250269
250270
250271
250272
250273
250274
250275
250276
250303
250304
250305
250306
250307
250308
250309
250310
250311
250312
250313
250314
250315
250316
250317
250318
250319
250320
250321
250322
250323
250324
250325
250326
250327
250328
250355
250356
250357
250358
250359
250360
250361
250362
250363
250364
250365
250366
250367
250368
250369
250370
250371
250372
250373
250374
250375
250376
250377
250378
250379
250380
250407
250408
250409
250410
250411
250412
250413
250414
250415
250416
250417
250418
250419
250420
250421
250422
250423
250424
250425
250426
250427
250428
250429
250430
250431
250432
250459
250460
250461
250462
250463
250464
250465
250466
250467
250468
250469
250470
250471
250472
250473
250474
250475
250476
250477
250478
250479
250480
250481
250482
250483
250484
250537
250538
250539
250540
250541
250542
250543
250544
250545
250546
250547
250548
250549
250550
250551
250552
250553
250554
250555
250556
250557
250558
250559
250560
250561
250562
250589
250590
250591
250592
250593
250594
250595
250596
250597
250598
250599
250600
250601
250602
250603
250604
250605
250606
250607
250608
250609
250610
250611
250612
250613
250614
250615
250616
250617
250618
250619
250620
250621
250622
250623
250624
250625
250626
250627
250628
250629
250630
250631
250632
250633
250634
250635
250636
250637
250638
250639
250640
250642
250643
250644
250645
250646
250647
250648
250649
250650
250651
250652
250653
250654
250655
250656
250657
250658
250659
250660
250661
250662
250663
250664
250665
250666
250719
250720
250721
250722
250723
250724
250725
250726
250727
250728
250729
250730
250731
250732
250733
250734
250735
250736
250737
250738
250739
250740
250741
250742
250743
250744
250771
250772
250773
250774
250775
250776
250777
250778
250779
250780
250781
250782
250783
250784
250785
250786
250787
250788
250789
250790
250791
250792
250793
250794
250795
250796
250798
250799
250800
250801
250802
250803
250804
250805
250806
250807
250808
250809
250810
250811
250812
250813
250814
250815
250816
250817
250818
250819
250820
250821
250822
250849
250850
250851
250852
250853
250854
250855
250856
250857
250858
250859
250860
250861
250862
250863
250864
250865
250866
250867
250868
250869
250870
250871
250872
250873
250874
250953
250954
250955
250956
250957
250958
250959
250960
250961
250962
250963
250964
250965
250966
250967
250968
250969
250970
250971
250972
250973
250974
250975
250976
250977
250978
251031
251032
251033
251034
251035
251036
251037
251038
251039
251040
251041
251042
251043
251044
251045
251046
251047
251048
251049
251050
251051
251052
251053
251054
251055
251056
251058
251059
251060
251061
251062
251063
251064
251065
251066
251067
251068
251069
251070
251071
251072
251073
251074
251075
251076
251077
251078
251079
251080
251081
251082
251109
251110
251111
251112
251113
251114
251115
251116
251117
251118
251119
251120
251121
251122
251123
251124
251125
251126
251127
251128
251129
251130
251131
251132
251133
251134
251136
251137
251138
251139
251140
251141
251142
251143
251144
251145
251146
251147
251148
251149
251150
251151
251152
251153
251154
251155
251156
251157
251158
251159
251160
251187
251188
251189
251190
251191
251192
251193
251194
251195
251196
251197
251198
251199
251200
251201
251202
251203
251204
251205
251206
251207
251208
251209
251210
251211
251212
251213
251215
251216
251217
251218
251219
251220
251221
251222
251223
251224
251225
251226
251227
251228
251229
251230
251231
251232
251233
251234
251235
251236
251237
251238
251240
251241
251243
251244
251245
251246
251247
251248
251249
251250
251251
251252
251253
251254
251255
251256
251257
251258
251259
251260
251261
251262
251263
251264
251317
251318
251319
251320
251321
251322
251323
251324
251325
251326
251327
251328
251329
251330
251331
251332
251333
251334
251335
251336
251337
251338
251339
251340
251341
251342
251369
251370
251371
251372
251373
251374
251375
251376
251377
251378
251379
251380
251381
251382
251383
251384
251385
251386
251387
251388
251389
251390
251391
251392
251393
251394
251447
251448
251449
251450
251451
251452
251453
251454
251455
251456
251457
251458
251459
251460
251461
251462
251463
251464
251465
251466
251467
251468
251469
251470
251471
251472
251499
251500
251501
251502
251503
251504
251505
251506
251507
251508
251509
251510
251511
251512
251513
251514
251515
251516
251517
251518
251519
251520
251521
251522
251523
251524
251526
251527
251528
251529
251530
251531
251532
251533
251534
251535
251536
251537
251538
251539
251540
251541
251542
251543
251544
251545
251546
251547
251548
251549
251550
251577
251578
251579
251580
251581
251582
251583
251584
251585
251586
251587
251588
251589
251590
251591
251592
251593
251594
251595
251596
251597
251598
251599
251600
251601
251602
251655
251656
251657
251658
251659
251660
251661
251662
251663
251664
251665
251666
251667
251668
251669
251670
251671
251672
251673
251674
251675
251676
251677
251678
251679
251680
251707
251708
251709
251710
251711
251712
251713
251714
251715
251716
251717
251718
251719
251720
251721
251722
251723
251724
251725
251726
251727
251728
251729
251730
251731
251732
251733
251734
251736
251737
251738
251739
251740
251741
251742
251743
251744
251745
251746
251747
251748
251749
251750
251751
251752
251753
251754
251755
251756
251757
251758
251759
251760
251761
251762
251763
251764
251765
251766
251767
251768
251769
251770
251771
251772
251773
251774
251775
251776
251777
251778
251779
251780
251781
251782
251783
251784
251889
251890
251891
251892
251893
251894
251895
251896
251897
251898
251899
251900
251901
251902
251903
251904
251905
251906
251907
251908
251909
251910
251911
251912
251913
251914
251915
251916
251917
251918
251919
251920
251921
251922
251923
251924
251925
251926
251927
251928
251929
251930
251931
251932
251933
251934
251935
251936
251937
251938
251939
251940
251967
251968
251969
251970
251971
251972
251973
251974
251975
251976
251977
251978
251979
251980
251981
251982
251983
251984
251985
251986
251987
251988
251989
251990
251991
251992
252019
252020
252021
252022
252023
252024
252025
252026
252027
252028
252029
252030
252031
252032
252033
252034
252035
252036
252037
252039
252040
252041
252042
252043
252044
252045
252046
252047
252048
252049
252050
252051
252052
252053
252054
252055
252056
252057
252058
252059
252060
252061
252062
252063
252064
252065
252066
252067
252068
252069
252070
252072
252073
252074
252075
252076
252077
252078
252079
252080
252081
252082
252083
252084
252085
252086
252087
252088
252089
252090
252091
252092
252093
252094
252095
252096
252149
252150
252151
252152
252153
252154
252155
252156
252157
252158
252159
252160
252161
252162
252163
252164
252165
252166
252167
252168
252169
252170
252171
252172
252173
252174
252227
252228
252229
252230
252231
252232
252233
252234
252235
252236
252237
252238
252239
252240
252241
252242
252243
252244
252245
252246
252247
252248
252249
252250
252251
252252
252253
252254
252255
252256
252257
252258
252259
252260
252261
252262
252263
252264
252265
252266
252267
252268
252269
252270
252271
252272
252273
252274
252275
252276
252277
252278
252305
252306
252307
252308
252309
252310
252311
252312
252313
252314
252315
252316
252317
252318
252319
252320
252321
252322
252323
252324
252325
252326
252327
252328
252329
252330
252331
252332
252333
252334
252336
252338
252340
252341
252342
252343
252344
252345
252346
252347
252348
252349
252350
252351
252352
252353
252354
252355
252356
252383
252384
252385
252386
252387
252388
252389
252390
252391
252392
252393
252394
252395
252396
252397
252398
252399
252400
252401
252402
252403
252404
252405
252406
252407
252408
252409
252412
252413
252414
252415
252416
252417
252418
252419
252420
252421
252422
252423
252424
252425
252426
252427
252428
252429
252430
252431
252432
252433
252434
252435
252436
252437
252438
252439
252440
252441
252442
252443
252444
252445
252446
252447
252448
252449
252450
252451
252452
252453
252454
252455
252456
252457
252458
252459
252460
252513
252514
252515
252516
252517
252518
252519
252520
252521
252522
252523
252524
252525
252526
252527
252528
252529
252530
252531
252532
252533
252534
252535
252536
252537
252538
252591
252592
252593
252594
252595
252596
252597
252598
252599
252600
252601
252602
252603
252604
252605
252606
252607
252608
252609
252610
252611
252612
252613
252614
252615
252643
252644
252645
252646
252647
252648
252649
252650
252651
252652
252653
252654
252655
252656
252657
252658
252659
252660
252661
252662
252663
252664
252665
252666
252667
252668
252670
252672
252673
252674
252675
252676
252677
252678
252679
252680
252681
252682
252683
252684
252685
252686
252687
252688
252689
252690
252691
252692
252693
252694
252695
252696
252697
252699
252700
252701
252702
252703
252704
252705
252706
252707
252708
252709
252710
252711
252712
252713
252714
252715
252716
252717
252718
252719
252720
252721
252722
252723
252724
252726
252727
252729
252730
252731
252732
252733
252734
252735
252736
252737
252738
252739
252740
252741
252742
252743
252744
252745
252746
252773
252774
252775
252776
252777
252778
252779
252780
252781
252782
252783
252784
252785
252786
252787
252788
252789
252790
252791
252792
252793
252794
252795
252796
252797
252798
252800
252801
252802
252803
252804
252805
252806
252807
252808
252809
252810
252811
252812
252813
252814
252815
252816
252817
252818
252819
252820
252821
252822
252823
252824
252825
252827
252831
252832
252833
252834
252835
252836
252837
252838
252839
252840
252841
252842
252843
252844
252845
252846
252847
252848
252849
252877
252878
252879
252880
252881
252882
252883
252884
252885
252886
252887
252888
252889
252890
252891
252892
252893
252894
252895
252896
252897
252898
252899
252900
252901
252902
252903
252904
252905
252906
252907
252908
252910
252911
252912
252913
252914
252915
252916
252917
252918
252919
252920
252921
252922
252923
252924
252925
252926
252927
252928
252955
252956
252957
252958
252959
252960
252961
252962
252963
252964
252965
252966
252967
252968
252969
252970
252971
252972
252973
252974
252975
252976
252977
252978
252979
252980
253059
253060
253061
253062
253063
253064
253065
253066
253067
253069
253070
253071
253072
253073
253074
253075
253076
253077
253078
253079
253080
253081
253082
253083
253084
253137
253138
253139
253140
253141
253142
253143
253144
253145
253146
253147
253148
253149
253150
253151
253152
253153
253154
253155
253156
253157
253158
253159
253160
253161
253162
253164
253165
253166
253167
253168
253169
253170
253171
253172
253173
253174
253175
253176
253177
253178
253179
253180
253181
253182
253183
253184
253185
253186
253187
253188
253190
253191
253192
253193
253194
253195
253196
253197
253198
253199
253200
253201
253202
253203
253204
253205
253206
253207
253208
253209
253210
253211
253212
253213
253214
253267
253268
253269
253270
253271
253272
253273
253274
253275
253276
253277
253278
253279
253280
253281
253282
253283
253284
253285
253286
253287
253288
253289
253290
253291
253292
253294
253296
253298
253299
253300
253302
253303
253304
253306
253307
253308
253309
253310
253311
253312
253313
253314
253315
253316
253317
253318
253345
253346
253347
253348
253349
253350
253351
253352
253353
253354
253355
253356
253357
253358
253359
253360
253361
253362
253363
253364
253365
253366
253367
253368
253369
253370
253371
253372
253373
253374
253376
253377
253378
253379
253380
253381
253382
253383
253384
253385
253386
253387
253388
253389
253390
253391
253392
253393
253394
253395
253396
253449
253450
253451
253452
253453
253454
253455
253456
253457
253458
253459
253460
253461
253462
253463
253464
253465
253466
253467
253468
253469
253470
253471
253472
253473
253474
253501
253502
253503
253504
253505
253506
253507
253508
253509
253510
253511
253512
253513
253514
253515
253516
253517
253518
253519
253520
253521
253522
253523
253524
253525
253526
253527
253528
253530
253531
253532
253533
253534
253535
253536
253537
253538
253539
253540
253541
253542
253543
253544
253545
253546
253547
253548
253549
253550
253551
253552
253579
253580
253581
253582
253583
253584
253586
253587
253588
253589
253590
253591
253592
253593
253594
253595
253596
253597
253598
253599
253600
253601
253602
253603
253604
253631
253632
253633
253634
253635
253636
253637
253638
253639
253640
253641
253642
253643
253644
253645
253646
253647
253648
253649
253650
253651
253652
253653
253655
253656
253683
253684
253685
253686
253687
253688
253689
253690
253691
253692
253693
253694
253695
253696
253697
253698
253699
253700
253701
253702
253703
253704
253705
253706
253707
253708
253761
253762
253763
253764
253765
253766
253767
253768
253769
253770
253771
253772
253773
253774
253775
253776
253777
253778
253779
253780
253781
253782
253783
253784
253785
253786
253787
253788
253789
253790
253791
253792
253793
253794
253796
253797
253798
253799
253800
253801
253802
253803
253804
253805
253806
253807
253808
253809
253810
253811
253812
253839
253840
253841
253842
253843
253844
253845
253846
253847
253848
253849
253850
253851
253852
253853
253854
253855
253856
253857
253858
253859
253860
253861
253862
253863
253864
253867
253868
253869
253870
253871
253872
253873
253874
253875
253876
253877
253878
253879
253880
253881
253882
253883
253884
253885
253886
253887
253888
253889
253890
253917
253918
253919
253920
253921
253922
253924
253925
253926
253927
253928
253929
253930
253931
253932
253933
253934
253935
253936
253937
253938
253939
253940
253941
253942
253996
253997
253998
253999
254000
254001
254002
254003
254004
254005
254006
254007
254008
254009
254010
254011
254012
254013
254014
254015
254016
254017
254018
254019
254020
254047
254048
254049
254050
254051
254052
254053
254054
254055
254056
254057
254058
254059
254060
254061
254062
254063
254064
254065
254066
254067
254068
254069
254070
254071
254072
254074
254075
254076
254077
254078
254079
254080
254081
254082
254083
254084
254085
254086
254087
254089
254090
254091
254092
254093
254094
254095
254096
254097
254098
254125
254126
254127
254128
254129
254130
254131
254132
254134
254135
254136
254137
254138
254139
254140
254141
254143
254144
254145
254146
254147
254148
254149
254150
254204
254206
254207
254208
254209
254210
254211
254212
254213
254214
254215
254216
254217
254218
254219
254221
254222
254223
254224
254225
254226
254227
254228
254281
254282
254283
254284
254285
254286
254287
254288
254289
254290
254291
254292
254293
254294
254295
254296
254297
254298
254299
254300
254301
254302
254303
254304
254305
254306
254333
254334
254335
254336
254337
254338
254339
254340
254341
254342
254343
254344
254345
254346
254347
254348
254349
254350
254351
254352
254353
254354
254355
254357
254358
254360
254361
254362
254363
254364
254365
254366
254367
254368
254369
254370
254371
254372
254373
254374
254375
254376
254377
254378
254379
254380
254381
254382
254383
254384
254463
254464
254465
254466
254467
254468
254469
254470
254471
254472
254473
254474
254475
254476
254477
254478
254479
254480
254481
254482
254483
254484
254485
254486
254487
254488
254489
254490
254491
254492
254493
254494
254495
254496
254497
254498
254499
254500
254501
254502
254503
254504
254505
254506
254507
254508
254509
254510
254511
254512
254513
254514
254541
254542
254543
254544
254545
254546
254547
254548
254549
254550
254551
254552
254553
254554
254555
254556
254557
254558
254559
254560
254561
254562
254563
254564
254565
254566
254567
254568
254570
254573
254575
254578
254579
254580
254581
254582
254583
254584
254585
254586
254587
254588
254589
254590
254591
254592
254593
254594
254595
254596
254597
254598
254599
254600
254601
254602
254603
254604
254605
254606
254607
254608
254609
254610
254611
254612
254613
254614
254615
254616
254617
254618
254671
254672
254673
254674
254675
254676
254677
254678
254679
254680
254681
254682
254683
254684
254685
254686
254687
254688
254689
254690
254691
254692
254693
254694
254695
254696
254723
254724
254725
254726
254727
254728
254729
254730
254731
254732
254733
254734
254735
254736
254737
254738
254739
254740
254741
254742
254743
254744
254745
254746
254747
254748
254750
254751
254752
254753
254754
254755
254756
254757
254758
254759
254760
254761
254762
254763
254764
254765
254766
254767
254768
254769
254770
254771
254772
254773
254774
254801
254802
254803
254804
254805
254806
254807
254808
254809
254810
254811
254812
254813
254814
254815
254816
254817
254818
254819
254820
254821
254822
254823
254824
254825
254826
254905
254906
254907
254908
254909
254910
254911
254912
254913
254914
254915
254916
254917
254918
254919
254920
254921
254922
254923
254924
254925
254926
254927
254928
254929
254930
254983
254984
254985
254986
254987
254991
254992
254993
254994
254995
254996
254997
254999
255000
255001
255002
255003
255004
255005
255006
255007
255008
255011
255012
255014
255016
255018
255020
255021
255024
255025
255026
255027
255028
255029
255030
255031
255032
255034
