255061
255062
255063
255064
255065
255066
255067
255068
255069
255070
255071
255072
255073
255074
255075
255076
255077
255078
255079
255080
255081
255082
255083
255084
255085
255086
255165
255166
255167
255168
255169
255170
255171
255172
255173
255174
255175
255176
255177
255178
255179
255180
255181
255182
255183
255184
255185
255186
255187
255188
255189
255190
255217
255218
255219
255220
255221
255223
255224
255225
255226
255227
255228
255229
255230
255231
255232
255233
255234
255235
255236
255237
255238
255239
255240
255241
255242
255243
255245
255246
255247
255248
255249
255250
255251
255252
255253
255254
255255
255256
255257
255258
255259
255260
255261
255262
255263
255264
255265
255266
255267
255268
255295
255296
255297
255298
255299
255300
255301
255302
255303
255304
255305
255306
255307
255308
255309
255310
255311
255312
255313
255314
255315
255316
255317
255318
255319
255320
255347
255348
255349
255350
255351
255352
255353
255354
255355
255356
255357
255358
255359
255360
255361
255362
255363
255364
255365
255366
255367
255368
255369
255370
255371
255372
255399
255400
255401
255402
255403
255404
255405
255406
255407
255408
255409
255410
255411
255412
255413
255414
255415
255416
255417
255418
255419
255420
255421
255422
255423
255424
255477
255478
255479
255480
255481
255482
255483
255484
255485
255486
255487
255488
255489
255490
255491
255492
255493
255494
255495
255496
255497
255498
255499
255500
255501
255502
255555
255556
255557
255558
255559
255560
255561
255562
255563
255564
255565
255566
255567
255568
255569
255570
255571
255572
255573
255574
255575
255576
255577
255578
255579
255580
255607
255608
255609
255610
255611
255612
255613
255614
255615
255616
255617
255618
255619
255620
255621
255622
255623
255624
255625
255626
255627
255628
255629
255630
255631
255632
255634
255635
255636
255637
255638
255639
255640
255641
255642
255643
255644
255645
255646
255647
255648
255649
255650
255651
255652
255653
255654
255655
255656
255657
255658
255711
255712
255713
255714
255715
255716
255717
255718
255719
255720
255721
255722
255723
255724
255725
255726
255727
255728
255729
255730
255731
255732
255733
255734
255735
255736
255738
255739
255740
255741
255742
255743
255744
255745
255746
255747
255749
255750
255751
255752
255753
255754
255755
255756
255757
255758
255759
255760
255761
255762
255815
255816
255817
255818
255819
255820
255821
255822
255823
255824
255825
255826
255827
255828
255829
255830
255831
255832
255833
255834
255835
255836
255837
255838
255839
255840
255893
255894
255895
255896
255897
255898
255899
255900
255901
255902
255903
255904
255905
255906
255907
255908
255909
255910
255911
255912
255913
255914
255915
255916
255917
255918
255971
255972
255973
255974
255975
255976
255977
255978
255979
255980
255981
255982
255983
255984
255985
255986
255987
255988
255989
255990
255991
255992
255993
255994
255995
255996
256049
256050
256051
256052
256053
256054
256055
256056
256057
256058
256059
256060
256061
256062
256063
256064
256066
256067
256068
256069
256070
256071
256072
256073
256074
256077
256080
256081
256082
256083
256084
256085
256086
256087
256088
256089
256090
256091
256092
256093
256094
256095
256096
256097
256098
256099
256100
256127
256128
256129
256130
256131
256132
256133
256134
256135
256136
256137
256138
256139
256140
256141
256142
256143
256144
256145
256146
256147
256148
256149
256150
256151
256152
256205
256206
256207
256208
256209
256210
256211
256212
256213
256214
256215
256216
256217
256218
256219
256220
256221
256222
256223
256224
256225
256226
256227
256228
256229
256230
256232
256233
256234
256235
256236
256237
256238
256239
256240
256241
256242
256243
256244
256245
256246
256247
256248
256249
256250
256251
256252
256253
256254
256255
256256
256309
256310
256311
256312
256313
256314
256315
256316
256317
256318
256319
256320
256321
256322
256323
256324
256325
256326
256327
256328
256329
256330
256331
256332
256333
256334
256336
256337
256338
256339
256340
256341
256342
256343
256344
256345
256346
256347
256348
256349
256350
256351
256352
256353
256354
256355
256356
256357
256358
256359
256360
256413
256414
256415
256416
256417
256418
256419
256420
256421
256422
256423
256424
256425
256426
256427
256428
256429
256430
256431
256432
256433
256434
256435
256436
256437
256438
256465
256466
256467
256468
256469
256470
256471
256472
256473
256474
256475
256476
256477
256478
256479
256480
256481
256482
256483
256484
256485
256486
256487
256488
256489
256490
256491
256492
256493
256494
256495
256496
256497
256498
256499
256500
256501
256502
256503
256504
256505
256506
256507
256508
256509
256510
256511
256512
256513
256514
256515
256516
256543
256544
256545
256546
256547
256548
256549
256550
256551
256552
256553
256554
256555
256556
256557
256558
256559
256560
256561
256562
256563
256564
256565
256566
256567
256568
256595
256596
256597
256598
256599
256600
256601
256602
256603
256604
256605
256606
256607
256608
256609
256610
256611
256612
256613
256614
256615
256616
256617
256618
256619
256620
256673
256674
256675
256676
256677
256678
256679
256680
256681
256682
256683
256684
256685
256686
256687
256688
256689
256690
256691
256692
256693
256694
256695
256696
256697
256698
256700
256701
256702
256703
256704
256705
256706
256707
256708
256709
256710
256711
256712
256713
256714
256715
256716
256717
256718
256719
256720
256721
256722
256723
256724
256803
256804
256805
256806
256807
256808
256809
256810
256811
256812
256813
256814
256815
256816
256817
256818
256819
256820
256821
256822
256823
256824
256825
256826
256827
256828
256829
256830
256833
256834
256835
256836
256837
256838
256839
256840
256841
256842
256843
256844
256845
256846
256847
256848
256849
256850
256851
256852
256853
256854
256881
256882
256883
256884
256885
256886
256887
256888
256889
256890
256891
256892
256893
256894
256895
256896
256897
256898
256899
256900
256901
256902
256903
256904
256905
256906
256933
256934
256935
256936
256937
256938
256939
256940
256941
256942
256943
256944
256945
256946
256947
256948
256949
256950
256951
256952
256953
256954
256955
256956
256957
256958
257011
257012
257013
257014
257015
257016
257017
257018
257019
257020
257021
257022
257023
257024
257025
257026
257027
257028
257029
257030
257031
257032
257033
257034
257035
257036
257063
257064
257065
257066
257067
257068
257069
257070
257071
257072
257073
257074
257075
257076
257077
257078
257079
257080
257081
257082
257083
257084
257085
257086
257087
257088
257115
257116
257117
257118
257119
257120
257121
257122
257123
257124
257125
257126
257127
257128
257129
257130
257131
257132
257133
257134
257135
257136
257137
257138
257139
257140
257141
257142
257143
257144
257145
257146
257147
257148
257149
257150
257152
257153
257154
257155
257156
257157
257158
257159
257160
257161
257162
257163
257164
257165
257166
257219
257220
257221
257222
257223
257224
257225
257226
257227
257228
257229
257230
257231
257232
257233
257234
257235
257236
257237
257238
257239
257240
257241
257242
257243
257244
257271
257272
257273
257274
257275
257276
257277
257278
257279
257280
257281
257282
257283
257284
257285
257286
257287
257288
257289
257290
257291
257292
257293
257294
257295
257296
257323
257324
257325
257326
257327
257328
257329
257330
257331
257332
257333
257334
257335
257336
257337
257338
257339
257340
257341
257342
257343
257344
257345
257346
257347
257348
257375
257376
257377
257378
257379
257380
257381
257382
257383
257384
257385
257386
257387
257388
257389
257390
257391
257392
257393
257394
257395
257396
257397
257398
257399
257400
257401
257402
257403
257404
257405
257406
257407
257408
257409
257410
257411
257412
257413
257414
257415
257416
257417
257418
257419
257420
257421
257422
257423
257424
257425
257426
257479
257480
257481
257482
257483
257484
257485
257486
257487
257488
257489
257490
257491
257492
257493
257494
257495
257496
257497
257498
257499
257500
257501
257502
257503
257504
257531
257532
257533
257534
257535
257536
257537
257538
257539
257540
257541
257542
257543
257544
257545
257546
257547
257548
257549
257550
257551
257552
257553
257554
257555
257556
257560
257561
257562
257563
257564
257565
257566
257567
257568
257569
257570
257571
257572
257573
257574
257575
257576
257577
257578
257579
257580
257581
257582
257583
257585
257586
257587
257588
257589
257590
257591
257592
257593
257594
257595
257596
257597
257598
257599
257600
257601
257602
257603
257604
257605
257606
257607
257608
257661
257662
257663
257664
257665
257666
257667
257668
257669
257670
257671
257672
257673
257674
257675
257676
257677
257678
257679
257680
257681
257682
257683
257684
257685
257686
257713
257714
257715
257716
257717
257718
257719
257720
257721
257722
257723
257724
257725
257726
257727
257728
257729
257730
257731
257732
257733
257734
257735
257736
257737
257738
257765
257766
257767
257768
257769
257770
257771
257772
257773
257774
257775
257776
257777
257778
257779
257780
257781
257782
257783
257784
257785
257786
257787
257788
257789
257790
257817
257818
257819
257820
257821
257822
257823
257824
257825
257826
257827
257828
257829
257830
257831
257832
257833
257834
257835
257836
257837
257838
257839
257840
257841
257842
257869
257870
257871
257872
257873
257874
257875
257876
257877
257878
257879
257880
257881
257882
257883
257884
257885
257886
257887
257888
257889
257890
257891
257892
257893
257894
257895
257896
257897
257898
257899
257900
257901
257902
257903
257904
257905
257906
257907
257908
257909
257910
257911
257912
257913
257914
257915
257916
257917
257918
257919
257920
257973
257974
257975
257976
257977
257978
257979
257980
257981
257982
257983
257984
257985
257986
257987
257988
257989
257990
257991
257992
257993
257994
257995
257996
257997
257998
258000
258001
258002
258003
258004
258005
258006
258007
258008
258009
258010
258011
258012
258013
258014
258015
258016
258017
258018
258019
258020
258021
258022
258023
258024
258051
258052
258053
258054
258056
258057
258058
258059
258060
258061
258062
258063
258064
258065
258066
258067
258068
258069
258070
258071
258072
258073
258074
258075
258076
258103
258104
258105
258106
258107
258108
258110
258111
258112
258113
258114
258115
258116
258117
258118
258119
258120
258121
258122
258123
258124
258125
258126
258127
258128
258155
258156
258157
258158
258159
258160
258161
258162
258163
258164
258165
258166
258167
258168
258169
258170
258171
258173
258174
258175
258176
258177
258178
258179
258180
258207
258208
258209
258210
258211
258212
258213
258214
258215
258216
258217
258218
258219
258220
258221
258222
258223
258224
258225
258226
258227
258228
258229
258230
258231
258232
258285
258286
258287
258288
258289
258290
258291
258292
258293
258294
258295
258296
258297
258298
258299
258300
258301
258302
258303
258304
258305
258306
258307
258308
258309
258310
258337
258338
258339
258340
258341
258342
258343
258344
258345
258346
258347
258348
258349
258350
258351
258352
258353
258354
258355
258356
258357
258358
258359
258360
258361
258362
258365
258367
258368
258369
258370
258371
258372
258373
258374
258375
258376
258377
258378
258379
258380
258381
258382
258383
258384
258385
258386
258387
258388
258389
258390
258391
258392
258393
258396
258397
258398
258399
258400
258401
258402
258403
258404
258405
258406
258407
258408
258409
258410
258411
258412
258413
258414
258441
258442
258443
258444
258445
258446
258447
258448
258449
258450
258451
258452
258453
258454
258455
258456
258457
258458
258459
258460
258461
258462
258463
258464
258465
258466
258493
258494
258495
258496
258497
258498
258499
258500
258501
258502
258503
258504
258505
258506
258507
258508
258509
258510
258511
258512
258513
258514
258515
258516
258517
258518
258545
258546
258547
258548
258549
258550
258551
258552
258553
258554
258555
258556
258557
258558
258559
258560
258561
258562
258563
258564
258565
258566
258567
258568
258569
258570
258623
258624
258625
258627
258628
258629
258630
258631
258632
258633
258634
258635
258636
258637
258638
258639
258640
258641
258642
258643
258644
258645
258646
258647
258648
258651
258652
258653
258654
258655
258656
258657
258658
258659
258660
258661
258662
258663
258664
258665
258666
258667
258668
258669
258670
258671
258672
258673
258674
258727
258728
258729
258730
258731
258732
258733
258734
258735
258736
258738
258739
258740
258741
258742
258743
258744
258745
258746
258747
258748
258749
258750
258751
258752
258779
258780
258781
258783
258784
258785
258786
258787
258788
258789
258790
258791
258792
258793
258794
258795
258796
258797
258798
258799
258800
258801
258802
258803
258804
258807
258808
258809
258810
258811
258812
258813
258814
258815
258816
258817
258818
258819
258820
258821
258822
258823
258824
258825
258826
258827
258828
258829
258830
258857
258858
258859
258860
258861
258862
258863
258864
258865
258866
258867
258868
258869
258870
258871
258872
258873
258874
258875
258876
258877
258878
258879
258880
258881
258882
258909
258910
258911
258912
258913
258914
258915
258916
258917
258918
258919
258920
258921
258923
258924
258925
258926
258927
258928
258929
258930
258931
258932
258933
258934
258987
258988
258989
258990
258991
258992
258993
258994
258995
258996
258997
258998
258999
259000
259001
259002
259003
259004
259005
259006
259007
259008
259009
259010
259011
259012
259039
259040
259041
259042
259043
259044
259045
259046
259047
259048
259049
259050
259051
259052
259053
259054
259055
259056
259057
259058
259059
259060
259061
259062
259063
259064
259066
259067
259068
259069
259070
259071
259072
259073
259074
259075
259076
259077
259078
259079
259080
259081
259082
259083
259084
259085
259086
259087
259088
259089
259090
259143
259144
259145
259146
259147
259148
259149
259150
259151
259152
259153
259154
259156
259157
259158
259159
259160
259161
259162
259163
259164
259165
259166
259167
259168
259195
259196
259197
259198
259199
259200
259201
259202
259203
259204
259205
259206
259207
259208
259209
259210
259211
259212
259213
259214
259215
259216
259217
259218
259219
259220
259221
259222
259223
259224
259226
259227
259228
259229
259230
259231
259233
259234
259235
259236
259237
259238
259239
259240
259241
259242
259243
259244
259245
259246
259273
259274
259275
259276
259277
259278
259279
259280
259281
259282
259283
259284
259285
259286
259287
259288
259289
259290
259291
259292
259293
259294
259295
259296
259297
259298
259351
259352
259353
259354
259355
259356
259357
259358
259359
259360
259361
259362
259363
259364
259365
259366
259367
259368
259369
259370
259371
259372
259373
259374
259375
259376
259403
259404
259405
259406
259407
259408
259409
259410
259411
259412
259413
259414
259415
259416
259417
259418
259419
259420
259421
259422
259423
259424
259425
259426
259427
259428
259430
259431
259432
259433
259434
259435
259436
259437
259438
259439
259440
259441
259442
259443
259444
259445
259446
259447
259448
259449
259450
259451
259452
259453
259454
259481
259482
259483
259484
259485
259486
259487
259488
259489
259490
259491
259492
259493
259494
259495
259496
259497
259498
259499
259500
259501
259502
259503
259504
259505
259506
259559
259560
259561
259562
259563
259564
259565
259566
259567
259568
259569
259570
259571
259572
259573
259574
259575
259576
259577
259578
259579
259580
259581
259582
259583
259584
259611
259612
259613
259614
259615
259616
259617
259618
259619
259620
259621
259622
259623
259624
259625
259626
259627
259628
259629
259630
259631
259632
259633
259634
259635
259636
259663
259664
259665
259666
259667
259668
259669
259670
259671
259672
259673
259674
259675
259676
259677
259678
259679
259680
259681
259682
259683
259684
259685
259686
259687
259688
259689
259691
259692
259693
259694
259695
259696
259697
259698
259699
259700
259701
259702
259703
259704
259705
259706
259707
259708
259709
259710
259711
259712
259713
259714
259767
259768
259769
259770
259771
259772
259773
259774
259775
259776
259777
259778
259779
259780
259781
259782
259783
259784
259785
259786
259787
259788
259789
259790
259791
259792
259819
259820
259821
259822
259823
259824
259826
259827
259828
259832
259833
259834
259835
259836
259837
259840
259841
259842
259843
259844
259845
259846
259847
259849
259851
259852
259853
259855
259856
259857
259858
259860
259863
259864
259865
259866
259867
259868
259869
259870
259923
259926
259927
259929
259930
259934
259936
259937
259939
259940
