259942
259943
259944
259945
259946
259947
259948
259949
259950
259952
259953
259955
259956
259957
259958
259959
259960
259961
259962
259963
259964
259965
259966
259967
259968
259969
259970
259971
259972
259973
259974
260027
260028
260029
260030
260031
260032
260033
260034
260035
260036
260037
260038
260039
260040
260041
260042
260043
260044
260045
260046
260047
260048
260049
260050
260051
260052
260053
260054
260055
260056
260057
260058
260059
260060
260061
260062
260063
260064
260065
260066
260067
260068
260069
260070
260071
260072
260073
260074
260075
260076
260077
260078
260132
260133
260134
260135
260136
260137
260138
260139
260140
260141
260142
260143
260144
260145
260146
260147
260148
260149
260150
260151
260152
260153
260154
260155
260156
260183
260184
260185
260186
260187
260188
260189
260190
260191
260192
260193
260194
260195
260196
260197
260198
260199
260200
260201
260202
260203
260204
260205
260206
260207
260208
260210
260211
260212
260213
260214
260215
260216
260217
260218
260219
260220
260221
260222
260223
260224
260225
260226
260227
260228
260229
260230
260231
260232
260233
260234
260261
260262
260263
260264
260265
260266
260267
260268
260269
260271
260272
260273
260274
260275
260276
260277
260278
260279
260280
260281
260282
260283
260284
260286
260339
260340
260341
260342
260343
260344
260345
260346
260347
260348
260349
260350
260351
260352
260353
260354
260355
260356
260357
260358
260359
260360
260361
260362
260363
260364
260365
260366
260367
260368
260369
260370
260371
260372
260373
260374
260375
260376
260377
260378
260379
260380
260381
260382
260383
260384
260385
260386
260387
260388
260389
260390
260417
260418
260419
260420
260421
260422
260423
260424
260425
260426
260427
260428
260429
260430
260431
260432
260433
260434
260435
260436
260437
260438
260439
260440
260441
260442
260469
260470
260471
260472
260473
260474
260475
260476
260477
260478
260479
260480
260481
260482
260483
260484
260485
260486
260487
260488
260489
260490
260491
260492
260493
260494
260495
260496
260497
260498
260499
260500
260501
260502
260503
260504
260505
260506
260507
260508
260509
260510
260511
260512
260513
260514
260515
260516
260517
260518
260519
260520
260547
260548
260549
260550
260551
260552
260553
260554
260555
260556
260557
260558
260559
260560
260561
260562
260563
260564
260565
260566
260567
260568
260569
260570
260571
260572
260625
260626
260627
260628
260629
260630
260631
260632
260633
260634
260635
260636
260637
260638
260639
260640
260641
260642
260643
260644
260645
260646
260647
260648
260649
260650
260677
260678
260679
260680
260681
260682
260683
260684
260685
260686
260687
260688
260689
260690
260691
260692
260693
260694
260695
260696
260697
260698
260699
260700
260701
260702
260704
260706
260707
260708
260709
260710
260711
260712
260713
260714
260715
260716
260717
260718
260719
260720
260721
260722
260723
260724
260725
260726
260727
260728
260781
260782
260783
260784
260785
260786
260787
260788
260789
260790
260791
260792
260793
260794
260795
260796
260797
260798
260799
260800
260801
260802
260803
260804
260805
260806
260807
260808
260809
260810
260811
260812
260813
260814
260815
260816
260817
260818
260819
260820
260821
260822
260823
260824
260825
260826
260827
260828
260829
260830
260831
260832
260859
260860
260861
260862
260863
260864
260865
260866
260867
260868
260869
260870
260871
260872
260873
260874
260875
260876
260877
260878
260879
260880
260881
260882
260883
260884
260937
260938
260939
260940
260941
260943
260944
260945
260946
260947
260948
260949
260950
260951
260952
260953
260954
260955
260956
260957
260958
260959
260960
260961
260962
260989
260990
260991
260992
260993
260994
260995
260996
260997
260998
260999
261000
261001
261002
261003
261004
261005
261006
261007
261008
261009
261010
261011
261012
261013
261014
261018
261019
261020
261021
261022
261023
261024
261025
261026
261027
261028
261029
261030
261031
261032
261033
261034
261035
261036
261037
261038
261039
261040
261067
261068
261069
261070
261071
261072
261073
261074
261075
261076
261077
261078
261079
261080
261081
261082
261083
261084
261085
261086
261087
261088
261089
261090
261091
261092
261093
261094
261097
261098
261099
261100
261101
261102
261104
261105
261106
261107
261108
261109
261110
261111
261112
261113
261114
261115
261116
261117
261118
261171
261172
261173
261174
261175
261176
261177
261178
261179
261180
261181
261182
261183
261184
261185
261186
261187
261188
261189
261190
261191
261192
261193
261194
261195
261196
261199
261200
261201
261202
261203
261204
261205
261206
261207
261208
261209
261210
261211
261212
261213
261214
261215
261216
261217
261218
261219
261220
261221
261222
261275
261276
261277
261278
261279
261280
261281
261282
261283
261284
261285
261286
261287
261288
261289
261290
261291
261292
261293
261294
261295
261296
261297
261298
261299
261300
261353
261354
261355
261356
261357
261358
261359
261360
261361
261362
261363
261364
261365
261366
261367
261368
261369
261370
261371
261372
261373
261374
261375
261376
261377
261378
261379
261380
261381
261382
261383
261384
261385
261386
261387
261388
261389
261390
261391
261392
261393
261394
261395
261396
261397
261398
261399
261400
261401
261402
261403
261404
261457
261458
261459
261460
261461
261462
261463
261465
261466
261467
261468
261469
261470
261471
261472
261473
261474
261475
261476
261477
261478
261479
261480
261481
261482
261483
261484
261485
261487
261488
261489
261490
261491
261492
261493
261494
261495
261496
261497
261498
261499
261500
261501
261502
261503
261504
261505
261506
261507
261508
261561
261562
261563
261564
261565
261566
261567
261568
261569
261570
261571
261572
261573
261574
261575
261576
261577
261578
261579
261580
261581
261582
261583
261584
261585
261586
261587
261588
261589
261590
261591
261592
261593
261594
261595
261596
261597
261598
261599
261600
261601
261602
261603
261604
261605
261606
261607
261608
261609
261610
261611
261612
261639
261640
261641
261642
261643
261644
261645
261646
261647
261648
261649
261650
261651
261652
261653
261654
261655
261656
261657
261658
261659
261660
261661
261662
261663
261664
261717
261718
261719
261720
261721
261722
261723
261724
261725
261726
261727
261728
261729
261730
261731
261732
261733
261734
261735
261736
261737
261738
261739
261740
261741
261742
261769
261770
261771
261772
261773
261774
261775
261776
261777
261778
261779
261780
261781
261782
261783
261784
261785
261786
261787
261788
261789
261790
261791
261792
261793
261794
261821
261822
261823
261824
261825
261826
261827
261828
261829
261830
261831
261832
261833
261834
261835
261836
261837
261838
261839
261840
261841
261842
261843
261844
261845
261846
261849
261850
261851
261852
261853
261854
261855
261856
261857
261858
261859
261860
261861
261862
261863
261864
261865
261866
261867
261868
261869
261870
261871
261872
261925
261926
261927
261928
261929
261930
261931
261932
261933
261934
261935
261936
261937
261938
261939
261940
261941
261942
261943
261944
261945
261946
261947
261948
261949
261950
261951
261952
261953
261954
261955
261956
261957
261958
261959
261960
261961
261962
261963
261964
261965
261966
261967
261968
261969
261970
261971
261972
261973
261974
261975
261976
262029
262030
262031
262032
262033
262034
262035
262036
262037
262038
262039
262040
262041
262042
262043
262044
262045
262046
262047
262048
262049
262050
262051
262052
262053
262054
262081
262082
262083
262084
262085
262086
262087
262088
262089
262090
262091
262092
262093
262094
262095
262096
262097
262098
262099
262100
262101
262102
262103
262104
262105
262106
262108
262112
262113
262114
262115
262116
262117
262118
262119
262120
262121
262122
262123
262124
262125
262126
262127
262128
262129
262130
262131
262132
262185
262186
262187
262188
262189
262190
262191
262192
262193
262194
262195
262196
262197
262198
262199
262200
262201
262202
262203
262204
262205
262206
262207
262208
262209
262210
262211
262212
262213
262214
262215
262216
262217
262218
262219
262220
262221
262222
262223
262224
262225
262226
262227
262228
262229
262230
262231
262232
262233
262234
262235
262236
262289
262290
262291
262292
262293
262294
262295
262296
262297
262298
262299
262300
262301
262302
262303
262304
262305
262306
262307
262308
262309
262310
262311
262312
262313
262314
262315
262317
262318
262319
262320
262321
262322
262323
262324
262325
262326
262327
262328
262329
262330
262331
262332
262333
262334
262335
262336
262337
262338
262339
262340
262393
262394
262395
262396
262397
262398
262399
262400
262401
262402
262403
262404
262405
262406
262407
262408
262409
262410
262411
262412
262413
262414
262415
262416
262417
262418
262420
262421
262422
262423
262424
262425
262426
262427
262428
262429
262430
262431
262432
262433
262434
262435
262436
262437
262438
262439
262440
262441
262442
262443
262444
262497
262498
262499
262500
262501
262502
262503
262504
262505
262506
262507
262508
262509
262510
262511
262512
262513
262514
262515
262516
262517
262518
262519
262520
262521
262522
262523
262524
262526
262527
262528
262529
262530
262531
262532
262533
262534
262535
262536
262537
262538
262539
262540
262541
262542
262543
262544
262545
262546
262547
262548
262575
262576
262577
262578
262579
262580
262581
262582
262583
262584
262585
262586
262587
262588
262589
262590
262591
262592
262593
262594
262595
262596
262597
262598
262599
262600
262653
262654
262655
262656
262657
262658
262659
262660
262661
262662
262663
262664
262665
262666
262667
262668
262669
262670
262671
262672
262673
262674
262675
262676
262677
262678
262705
262706
262707
262708
262709
262710
262711
262712
262713
262714
262715
262716
262717
262718
262719
262720
262721
262722
262723
262724
262725
262726
262727
262728
262729
262730
262731
262732
262733
262734
262735
262736
262737
262738
262739
262740
262741
262742
262743
262744
262745
262746
262747
262748
262749
262750
262751
262752
262753
262754
262755
262756
262757
262761
262762
262763
262764
262765
262766
262767
262768
262769
262770
262771
262772
262773
262774
262775
262776
262777
262778
262779
262780
262781
262782
262835
262836
262837
262838
262839
262840
262841
262842
262843
262844
262845
262846
262847
262848
262849
262850
262851
262852
262853
262854
262855
262856
262857
262858
262859
262860
262887
262888
262889
262890
262891
262892
262893
262894
262895
262896
262897
262898
262899
262900
262901
262902
262903
262904
262905
262906
262907
262908
262909
262910
262911
262912
262965
262966
262967
262968
262969
262970
262971
262972
262973
262974
262975
262976
262977
262978
262979
262980
262981
262982
262983
262984
262985
262986
262987
262988
262989
262990
263017
263018
263019
263020
263021
263022
263023
263024
263025
263026
263027
263028
263029
263030
263031
263032
263033
263034
263035
263036
263037
263038
263039
263040
263041
263042
263043
263044
263046
263047
263048
263049
263050
263051
263052
263053
263054
263055
263056
263057
263058
263059
263060
263061
263062
263063
263064
263065
263066
263067
263068
263095
263096
263097
263098
263099
263100
263101
263103
263104
263105
263106
263107
263108
263109
263110
263111
263112
263113
263114
263115
263116
263117
263118
263119
263120
263121
263122
263123
263124
263125
263126
263127
263128
263129
263130
263131
263132
263133
263134
263135
263136
263137
263138
263139
263140
263141
263142
263143
263144
263145
263146
263173
263174
263175
263176
263177
263178
263179
263180
263181
263182
263183
263184
263185
263186
263188
263189
263190
263191
263192
263193
263194
263195
263196
263197
263198
263251
263252
263253
263254
263255
263256
263258
263259
263260
263261
263262
263263
263264
263265
263266
263267
263268
263269
263270
263271
263272
263273
263274
263275
263276
263303
263304
263305
263306
263307
263308
263309
263310
263311
263312
263313
263314
263315
263316
263317
263318
263319
263320
263321
263322
263323
263324
263325
263326
263327
263328
263329
263330
263331
263332
263334
263335
263336
263337
263338
263339
263340
263341
263342
263343
263344
263345
263346
263347
263348
263349
263350
263351
263352
263353
263354
263407
263408
263409
263410
263411
263412
263413
263414
263415
263416
263417
263418
263419
263420
263421
263422
263423
263424
263425
263427
263428
263429
263430
263431
263432
263433
263434
263435
263436
263438
263439
263440
263441
263442
263443
263444
263445
263446
263447
263448
263450
263451
263452
263453
263454
263455
263456
263457
263458
263485
263486
263487
263488
263489
263490
263491
263492
263493
263494
263495
263496
263497
263498
263499
263500
263501
263502
263503
263504
263505
263506
263507
263508
263509
263510
263537
263538
263539
263540
263541
263542
263543
263544
263545
263546
263547
263548
263549
263550
263551
263552
263553
263554
263555
263556
263557
263558
263559
263560
263561
263562
263615
263616
263617
263618
263619
263620
263621
263622
263623
263624
263625
263626
263627
263628
263629
263630
263631
263632
263633
263634
263635
263636
263637
263638
263639
263640
263667
263668
263669
263670
263671
263672
263673
263674
263675
263676
263677
263678
263679
263680
263681
263682
263683
263684
263685
263686
263687
263688
263689
263690
263691
263692
263719
263720
263721
263722
263723
263724
263725
263726
263727
263728
263729
263730
263731
263732
263734
263735
263736
263737
263738
263739
263740
263741
263742
263743
263744
263771
263772
263773
263774
263775
263776
263777
263778
263779
263780
263781
263782
263783
263784
263785
263786
263787
263788
263789
263790
263791
263792
263793
263794
263795
263796
263797
263799
263801
263802
263803
263804
263805
263806
263807
263808
263809
263810
263811
263812
263813
263814
263815
263816
263817
263818
263819
263820
263821
263822
263849
263850
263851
263852
263853
263854
263855
263856
263857
263858
263859
263861
263862
263863
263864
263865
263866
263867
263868
263869
263870
263871
263872
263873
263874
263901
263902
263903
263904
263905
263906
263907
263908
263909
263910
263911
263912
263913
263914
263915
263916
263917
263918
263920
263921
263922
263923
263924
263925
263926
263953
263954
263955
263956
263958
263959
263960
263961
263962
263963
263964
263965
263966
263967
263968
263969
263970
263971
263972
263973
263974
263975
263976
263977
263978
264005
264006
264007
264008
264009
264010
264011
264012
264013
264014
264015
264016
264017
264018
264019
264020
264021
264022
264023
264024
264025
264026
264027
264028
264029
264030
264057
264058
264059
264060
264061
264062
264063
264064
264065
264066
264067
264068
264069
264070
264071
264072
264073
264074
264075
264076
264077
264078
264079
264080
264081
264082
264135
264136
264137
264138
264139
264140
264142
264144
264145
264146
264147
264148
264149
264150
264151
264152
264153
264154
264155
264156
264157
264159
264160
264187
264189
264190
264191
264192
264194
264195
264196
264197
264198
264199
264200
264201
264202
264203
264204
264205
264206
264207
264208
264209
264211
264212
264214
264215
264216
264217
264218
264219
264220
264221
264222
264223
264224
264225
264226
264227
264228
264229
264230
264231
264232
264233
264234
264235
264236
264237
264238
264291
264292
264293
264294
264295
264296
264297
264298
264299
264300
264301
264302
264303
264304
264305
264306
264307
264308
264309
264310
264311
264312
264313
264314
264315
264343
264344
264345
264346
264347
264348
264349
264350
264351
264352
264353
264354
264355
264356
264357
264358
264359
264360
264361
264362
264363
264364
264365
264366
264367
264368
264395
264396
264397
264398
264399
264400
264401
264402
264403
264404
264405
264406
264407
264408
264409
264410
264411
264412
264413
264414
264415
264416
264417
264418
264419
264420
264421
264422
264423
264424
264425
264426
264427
264428
264429
264430
264431
264432
264433
264434
264435
264436
264437
264438
264439
264440
264441
264442
264443
264444
264445
264446
264499
264500
264501
264502
264503
264504
264505
264506
264507
264508
264509
264510
264511
264512
264513
264514
264515
264516
264517
264518
264519
264520
264521
264522
264523
264524
264551
264552
264553
264554
264555
264556
264557
264558
264559
264560
264561
264562
264563
264564
264565
264566
264567
264568
264569
264570
264571
264572
264573
264574
264575
264576
264603
264604
264605
264606
264607
264608
264609
264610
264611
264612
264613
264614
264615
264616
264617
264618
264619
264620
264621
264622
264623
264624
264625
264626
264627
264628
264655
264656
264657
264658
264659
264660
264661
264662
264663
264664
264665
264666
264667
264668
264669
264670
264671
264672
264673
264674
264675
264676
264677
264678
264679
264680
264682
264683
264684
264685
264686
264687
264688
264689
264690
264691
264692
264693
264694
264695
264696
264697
264698
264699
264700
264701
264702
264703
264704
264705
264706
264733
264734
264735
264736
264737
264738
264739
264740
264741
264742
264743
264744
264745
264746
264747
264748
264749
264750
264751
264752
264753
264754
264755
264756
264757
264758
264811
264812
264813
264814
264815
264816
264817
264818
264819
264820
264821
264822
264823
264824
264825
264826
264827
264828
264829
264830
264831
264832
264833
264834
264835
264836
264838
264840
264841
264842
264843
264845
264846
264847
264848
264849
264850
264851
264852
264853
264854
264855
264856
264857
264858
264859
264860
264861
264862
264889
264890
264891
264893
264894
264895
264896
264897
264899
264900
264901
264902
264903
264905
264907
264908
264910
264911
264912
264913
264914
264967
264968
264971
264972
264973
264974
264975
264976
264977
264978
264979
264980
264981
264982
264983
264984
264987
264988
264990
264991
264992
264993
264994
264995
264996
264997
265000
265001
265004
265005
265006
265007
265008
265012
