265014
265015
265016
265017
265018
265045
265046
265047
265048
265049
265050
265051
265052
265053
265054
265055
265056
265057
265058
265059
265060
265061
265062
265063
265064
265065
265066
265067
265068
265069
265070
265123
265124
265125
265126
265127
265128
265129
265130
265131
265132
265133
265134
265135
265136
265137
265138
265139
265140
265141
265142
265143
265144
265145
265146
265147
265148
265149
265150
265151
265152
265153
265154
265155
265156
265157
265158
265159
265160
265161
265162
265163
265164
265165
265166
265167
265168
265169
265170
265171
265172
265173
265174
265227
265228
265229
265230
265231
265232
265233
265234
265235
265236
265237
265238
265239
265240
265241
265242
265243
265244
265245
265246
265247
265248
265249
265250
265251
265252
265253
265254
265255
265256
265257
265258
265259
265260
265261
265262
265263
265264
265265
265266
265267
265268
265269
265270
265271
265272
265273
265274
265275
265276
265277
265278
265305
265306
265307
265308
265309
265310
265311
265312
265313
265314
265315
265316
265317
265318
265319
265320
265321
265322
265323
265324
265325
265326
265327
265328
265329
265330
265357
265358
265359
265360
265361
265362
265363
265364
265365
265366
265367
265368
265369
265370
265371
265372
265373
265374
265375
265376
265377
265378
265379
265380
265381
265382
265409
265410
265411
265412
265413
265414
265415
265416
265417
265418
265419
265420
265421
265422
265423
265424
265425
265426
265427
265428
265429
265430
265431
265432
265433
265434
265461
265462
265463
265464
265465
265466
265467
265468
265469
265470
265471
265472
265473
265474
265475
265476
265477
265478
265479
265480
265481
265482
265483
265484
265485
265486
265513
265514
265515
265516
265517
265518
265519
265520
265521
265522
265523
265524
265525
265526
265527
265528
265529
265530
265531
265532
265533
265534
265535
265536
265537
265538
265591
265592
265593
265594
265595
265596
265597
265598
265599
265600
265601
265602
265603
265604
265605
265606
265607
265608
265609
265610
265611
265612
265613
265614
265615
265616
265617
265618
265620
265621
265622
265623
265624
265625
265626
265627
265628
265629
265630
265631
265632
265633
265634
265635
265636
265637
265638
265640
265641
265642
265695
265696
265697
265698
265699
265700
265701
265702
265703
265704
265705
265706
265707
265708
265709
265710
265711
265712
265713
265714
265715
265716
265717
265718
265719
265720
265721
265722
265724
265725
265726
265727
265728
265729
265730
265731
265732
265733
265734
265735
265736
265737
265738
265739
265740
265741
265742
265743
265744
265746
265748
265749
265750
265751
265752
265753
265754
265755
265756
265757
265758
265759
265760
265761
265762
265763
265764
265765
265766
265767
265768
265769
265770
265771
265772
265799
265800
265801
265802
265803
265804
265805
265806
265807
265808
265809
265810
265811
265812
265813
265814
265815
265816
265817
265818
265819
265820
265821
265822
265823
265824
265851
265852
265853
265854
265855
265856
265857
265858
265859
265860
265861
265862
265863
265864
265865
265866
265867
265868
265869
265870
265871
265872
265873
265874
265875
265876
265903
265904
265905
265906
265907
265908
265909
265910
265911
265912
265913
265914
265915
265916
265917
265918
265919
265920
265921
265922
265923
265924
265925
265926
265927
265928
265955
265956
265957
265958
265959
265960
265961
265962
265963
265964
265965
265966
265967
265968
265969
265970
265971
265972
265973
265974
265975
265976
265977
265978
265979
265980
266007
266008
266009
266010
266011
266012
266013
266014
266015
266016
266017
266018
266019
266020
266021
266022
266023
266024
266025
266026
266027
266028
266029
266030
266031
266032
266085
266086
266087
266088
266089
266090
266091
266092
266093
266094
266095
266096
266097
266098
266099
266100
266101
266102
266103
266104
266105
266106
266107
266108
266109
266110
266137
266138
266139
266140
266141
266142
266143
266144
266145
266146
266147
266148
266149
266150
266151
266152
266153
266154
266155
266156
266157
266158
266159
266160
266161
266162
266189
266190
266191
266192
266193
266194
266195
266196
266197
266198
266199
266200
266201
266202
266203
266204
266205
266206
266207
266208
266209
266210
266211
266212
266213
266214
266241
266242
266243
266244
266245
266246
266247
266248
266249
266250
266251
266252
266253
266254
266255
266256
266257
266258
266259
266260
266261
266262
266263
266264
266265
266266
266267
266268
266269
266270
266271
266272
266273
266274
266275
266276
266277
266278
266279
266280
266281
266282
266283
266284
266285
266286
266287
266288
266289
266290
266291
266292
266345
266346
266347
266348
266349
266350
266351
266352
266353
266354
266355
266356
266357
266358
266359
266360
266361
266362
266363
266364
266365
266366
266367
266368
266369
266370
266397
266398
266399
266400
266401
266402
266403
266404
266405
266406
266407
266408
266409
266410
266411
266412
266413
266414
266415
266416
266417
266418
266419
266420
266421
266422
266449
266450
266451
266452
266453
266454
266455
266456
266457
266458
266459
266460
266461
266462
266463
266464
266465
266466
266467
266468
266469
266470
266471
266472
266473
266474
266501
266502
266503
266504
266505
266506
266507
266508
266509
266510
266511
266512
266513
266514
266515
266516
266517
266518
266519
266520
266521
266522
266523
266524
266525
266526
266553
266554
266555
266556
266557
266558
266559
266560
266561
266562
266563
266564
266565
266566
266567
266568
266569
266570
266571
266572
266573
266574
266575
266576
266577
266578
266605
266606
266607
266608
266609
266610
266611
266612
266613
266614
266615
266616
266617
266618
266619
266620
266621
266622
266623
266624
266625
266626
266627
266628
266629
266630
266632
266633
266634
266635
266636
266637
266638
266639
266640
266641
266642
266643
266644
266645
266646
266647
266648
266649
266650
266651
266652
266653
266654
266655
266656
266683
266684
266685
266686
266687
266688
266689
266690
266691
266692
266693
266694
266695
266696
266697
266698
266699
266700
266701
266702
266703
266704
266705
266706
266707
266708
266761
266762
266763
266764
266765
266766
266767
266768
266769
266770
266771
266772
266773
266774
266775
266776
266777
266779
266780
266781
266782
266783
266784
266785
266786
266813
266814
266815
266816
266817
266818
266819
266820
266821
266822
266823
266824
266825
266826
266827
266828
266829
266830
266831
266832
266833
266834
266835
266836
266837
266838
266865
266866
266867
266868
266869
266870
266871
266872
266873
266874
266875
266876
266877
266878
266879
266880
266881
266882
266883
266884
266885
266886
266887
266888
266889
266890
266917
266918
266919
266920
266921
266922
266923
266924
266925
266926
266927
266928
266929
266930
266931
266932
266933
266934
266935
266936
266937
266938
266939
266940
266941
266942
266969
266970
266971
266972
266973
266974
266975
266976
266977
266978
266979
266980
266981
266982
266983
266984
266985
266986
266987
266988
266989
266990
266991
266992
266993
266994
266997
266998
266999
267000
267001
267002
267003
267004
267005
267006
267007
267008
267009
267010
267011
267012
267013
267014
267015
267016
267017
267018
267019
267020
267021
267022
267023
267024
267025
267026
267027
267028
267029
267030
267031
267032
267033
267034
267035
267036
267037
267038
267039
267040
267041
267042
267043
267044
267045
267046
267099
267100
267101
267102
267103
267104
267105
267106
267107
267108
267109
267110
267111
267112
267113
267114
267115
267116
267117
267118
267119
267120
267121
267122
267123
267124
267125
267127
267128
267129
267130
267131
267132
267133
267134
267135
267136
267137
267138
267139
267140
267141
267142
267143
267144
267145
267146
267147
267148
267149
267150
267203
267204
267205
267206
267207
267208
267209
267210
267211
267212
267213
267214
267215
267216
267217
267218
267219
267220
267221
267222
267223
267224
267225
267226
267227
267228
267255
267256
267257
267258
267259
267260
267261
267262
267263
267264
267265
267266
267267
267268
267269
267270
267271
267272
267273
267274
267275
267276
267277
267278
267279
267280
267281
267282
267283
267284
267286
267287
267288
267289
267290
267291
267292
267293
267294
267295
267296
267297
267298
267299
267300
267301
267302
267303
267304
267305
267306
267359
267360
267361
267362
267363
267364
267365
267366
267367
267368
267369
267370
267371
267372
267373
267374
267375
267376
267377
267378
267379
267380
267381
267382
267383
267384
267411
267412
267413
267414
267415
267416
267417
267418
267419
267420
267421
267422
267423
267424
267425
267426
267427
267428
267429
267430
267431
267432
267433
267434
267435
267436
267463
267464
267465
267466
267467
267468
267469
267470
267471
267472
267473
267474
267475
267476
267477
267478
267479
267480
267481
267482
267483
267484
267485
267486
267487
267488
267515
267516
267517
267518
267519
267520
267521
267522
267523
267524
267525
267526
267527
267528
267529
267530
267531
267532
267533
267534
267535
267536
267537
267538
267539
267540
267567
267568
267569
267570
267571
267572
267573
267574
267575
267576
267577
267578
267579
267580
267581
267582
267583
267584
267585
267586
267587
267588
267589
267590
267591
267592
267619
267620
267621
267622
267623
267624
267625
267626
267627
267628
267629
267630
267631
267632
267633
267634
267635
267636
267637
267638
267639
267640
267641
267642
267643
267644
267671
267672
267673
267674
267675
267676
267677
267678
267679
267680
267681
267682
267683
267684
267685
267686
267687
267688
267689
267690
267691
267692
267693
267694
267695
267696
267723
267724
267725
267726
267727
267728
267729
267730
267731
267732
267733
267734
267735
267736
267737
267738
267739
267740
267741
267742
267743
267744
267745
267746
267747
267748
267801
267802
267803
267804
267805
267806
267807
267808
267809
267810
267811
267812
267813
267814
267815
267816
267817
267818
267819
267820
267821
267822
267823
267824
267825
267826
267853
267854
267855
267856
267857
267858
267859
267860
267861
267862
267863
267864
267865
267866
267867
267868
267869
267870
267871
267872
267873
267874
267875
267876
267877
267878
267880
267881
267882
267883
267884
267885
267886
267887
267888
267889
267890
267891
267892
267893
267894
267895
267896
267897
267898
267899
267900
267901
267902
267903
267904
267931
267932
267933
267934
267935
267936
267937
267938
267939
267940
267941
267942
267943
267944
267945
267946
267947
267948
267949
267950
267951
267952
267953
267954
267955
267956
268009
268010
268011
268012
268013
268014
268015
268016
268017
268018
268019
268020
268021
268022
268023
268024
268025
268026
268027
268028
268029
268030
268031
268032
268033
268034
268061
268062
268063
268064
268065
268066
268067
268068
268069
268070
268071
268072
268073
268074
268075
268076
268077
268078
268079
268080
268081
268082
268083
268084
268085
268086
268087
268091
268092
268093
268094
268095
268096
268097
268098
268099
268100
268101
268102
268103
268104
268105
268106
268107
268108
268109
268110
268111
268112
268165
268166
268167
268168
268169
268170
268171
268172
268173
268174
268175
268176
268177
268178
268179
268180
268181
268182
268183
268184
268185
268186
268187
268188
268189
268190
268192
268193
268194
268195
268196
268197
268198
268199
268200
268201
268202
268203
268204
268205
268206
268207
268208
268209
268210
268211
268212
268213
268214
268215
268216
268269
268270
268271
268272
268273
268274
268275
268276
268277
268278
268279
268280
268281
268282
268283
268284
268285
268286
268287
268289
268290
268291
268292
268293
268294
268321
268322
268323
268324
268325
268326
268327
268328
268329
268330
268331
268332
268333
268334
268335
268336
268337
268338
268339
268340
268341
268342
268343
268344
268345
268346
268348
268349
268350
268351
268352
268353
268354
268355
268356
268357
268358
268359
268360
268361
268362
268363
268364
268365
268366
268367
268368
268369
268370
268372
268425
268426
268427
268428
268429
268430
268431
268432
268433
268434
268435
268436
268437
268438
268439
268440
268441
268442
268443
268444
268445
268446
268447
268448
268449
268450
268477
268478
268479
268480
268481
268482
268483
268484
268485
268486
268487
268488
268489
268490
268491
268492
268493
268494
268495
268496
268497
268498
268499
268500
268501
268502
268504
268505
268506
268507
268508
268509
268510
268511
268512
268513
268514
268515
268516
268517
268518
268519
268520
268521
268522
268523
268524
268525
268526
268527
268528
268581
268582
268583
268584
268585
268586
268587
268588
268589
268590
268591
268593
268594
268595
268596
268597
268598
268599
268600
268601
268602
268603
268604
268605
268606
268633
268634
268635
268636
268637
268638
268639
268640
268641
268642
268643
268644
268645
268646
268647
268648
268649
268650
268651
268652
268653
268654
268655
268656
268657
268658
268659
268660
268661
268662
268663
268664
268665
268666
268667
268668
268669
268670
268671
268672
268673
268674
268675
268676
268677
268678
268679
268680
268681
268682
268683
268684
268711
268712
268713
268714
268715
268716
268717
268718
268719
268720
268721
268722
268723
268724
268725
268726
268727
268728
268729
268730
268731
268732
268733
268734
268735
268736
268763
268764
268765
268766
268767
268768
268769
268770
268771
268772
268773
268774
268775
268776
268777
268778
268779
268780
268781
268782
268783
268784
268785
268786
268787
268788
268841
268842
268844
268845
268846
268847
268848
268849
268850
268851
268852
268853
268854
268855
268856
268857
268858
268859
268860
268861
268862
268863
268864
268865
268867
268868
268869
268871
268872
268873
268874
268875
268876
268877
268878
268879
268880
268881
268882
268883
268884
268885
268886
268887
268888
268889
268890
268891
268892
268945
268946
268947
268948
268949
268950
268951
268952
268953
268954
268955
268956
268957
268958
268959
268961
268962
268963
268964
268965
268966
268967
268968
268969
268970
269023
269024
269025
269026
269027
269028
269029
269030
269031
269032
269033
269034
269035
269036
269037
269038
269039
269040
269041
269042
269043
269044
269045
269046
269047
269048
269101
269102
269103
269104
269105
269106
269107
269108
269109
269110
269111
269112
269113
269114
269115
269116
269117
269118
269119
269120
269121
269122
269123
269124
269125
269126
269129
269130
269131
269132
269133
269134
269135
269136
269137
269138
269139
269140
269141
269142
269143
269144
269145
269146
269147
269148
269149
269150
269151
269152
269205
269206
269207
269208
269209
269210
269211
269213
269214
269215
269216
269217
269218
269219
269220
269221
269222
269223
269224
269226
269227
269228
269229
269231
269233
269234
269235
269236
269237
269239
269241
269242
269243
269245
269246
269247
269248
269249
269250
269251
269252
269254
269255
269256
269309
269310
269311
269312
269313
269314
269315
269316
269317
269318
269319
269320
269321
269322
269323
269324
269325
269326
269327
269328
269329
269330
269331
269332
269333
269334
269336
269337
269338
269340
269341
269342
269343
269344
269345
269346
269347
269348
269349
269350
269351
269352
269353
269354
269355
269356
269357
269358
269359
269360
269387
269388
269389
269390
269391
269392
269393
269394
269395
269396
269397
269398
269399
269400
269401
269402
269403
269404
269405
269406
269407
269408
269409
269410
269411
269412
269465
269466
269467
269468
269469
269470
269471
269472
269473
269474
269475
269476
269477
269478
269479
269480
269481
269482
269483
269484
269485
269486
269487
269488
269489
269490
269517
269518
269519
269520
269521
269522
269523
269524
269525
269526
269527
269528
269529
269530
269531
269532
269533
269534
269535
269536
269537
269538
269539
269540
269541
269542
269569
269570
269571
269572
269573
269574
269575
269576
269577
269578
269579
269580
269581
269582
269583
269584
269585
269586
269587
269588
269589
269590
269591
269592
269593
269594
269596
269597
269598
269599
269600
269601
269603
269604
269605
269606
269607
269608
269609
269610
269611
269612
269613
269614
269615
269616
269617
269618
269619
269620
269673
269674
269675
269676
269677
269678
269679
269680
269681
269682
269683
269684
269685
269686
269687
269688
269689
269690
269691
269692
269693
269694
269695
269696
269697
269698
269751
269752
269753
269754
269755
269756
269757
269758
269759
269760
269761
269762
269763
269764
269765
269766
269767
269768
269769
269770
269771
269772
269773
269774
269775
269803
269804
269806
269807
269808
269809
269810
269811
269814
269815
269816
269817
269818
269819
269820
269821
269824
269825
269826
269827
269828
269829
269830
269831
269832
269836
269840
269841
269845
269847
269848
269849
269850
269851
269853
