269933
269934
269935
269936
269937
269938
269939
269940
269941
269942
269943
269944
269945
269946
269947
269948
269949
269950
269951
269952
269953
269954
269955
269956
269957
269958
269960
269961
269962
269963
269964
269965
269966
269967
269968
269969
269970
269971
269972
269973
269974
269975
269976
269977
269978
269979
269980
269981
269982
269983
269984
270011
270012
270013
270014
270015
270016
270017
270018
270019
270020
270021
270022
270023
270024
270025
270026
270027
270028
270029
270030
270031
270032
270033
270034
270035
270036
270037
270039
270040
270041
270042
270043
270044
270045
270046
270047
270048
270049
270050
270051
270052
270053
270054
270055
270056
270057
270058
270059
270060
270061
270062
270064
270065
270066
270067
270068
270069
270070
270071
270072
270073
270074
270075
270076
270077
270078
270079
270080
270081
270082
270083
270084
270085
270086
270087
270088
270115
270116
270117
270118
270119
270120
270121
270122
270123
270124
270125
270126
270127
270128
270129
270130
270131
270132
270133
270134
270135
270136
270137
270138
270139
270140
270167
270168
270169
270170
270171
270172
270173
270174
270175
270176
270177
270178
270179
270180
270181
270182
270183
270184
270185
270186
270187
270188
270189
270190
270191
270192
270193
270194
270195
270196
270197
270198
270199
270200
270201
270202
270203
270204
270205
270206
270207
270208
270209
270210
270211
270212
270213
270214
270215
270216
270217
270218
270271
270272
270273
270274
270275
270276
270277
270278
270279
270280
270281
270282
270283
270284
270285
270286
270287
270288
270289
270290
270291
270292
270293
270294
270295
270296
270298
270299
270300
270301
270302
270303
270304
270305
270306
270307
270308
270309
270310
270311
270312
270313
270314
270315
270316
270317
270318
270319
270320
270321
270322
270323
270324
270325
270326
270327
270328
270329
270330
270331
270332
270333
270334
270335
270336
270337
270338
270339
270340
270341
270342
270343
270344
270345
270346
270347
270348
270427
270428
270429
270430
270431
270432
270433
270434
270435
270436
270437
270438
270439
270440
270441
270442
270443
270444
270445
270446
270447
270448
270449
270450
270451
270452
270479
270480
270481
270482
270483
270484
270485
270486
270487
270488
270489
270490
270491
270492
270493
270494
270495
270496
270497
270498
270499
270500
270501
270502
270503
270504
270505
270506
270507
270508
270509
270510
270511
270512
270513
270514
270515
270516
270517
270518
270519
270520
270521
270522
270523
270524
270525
270526
270527
270528
270529
270530
270609
270610
270611
270612
270613
270614
270615
270616
270617
270618
270619
270620
270621
270622
270624
270625
270626
270627
270628
270629
270630
270631
270632
270633
270634
270713
270714
270715
270716
270718
270719
270720
270721
270722
270723
270724
270725
270726
270727
270728
270729
270730
270731
270732
270733
270734
270735
270737
270738
270817
270818
270819
270820
270821
270822
270823
270824
270825
270826
270827
270828
270829
270830
270831
270832
270833
270834
270835
270836
270837
270838
270839
270840
270841
270842
