270973
270974
270975
270976
270977
270978
270979
270980
270981
270982
270983
270984
270985
270986
270987
270988
270989
270990
270991
270992
270993
270994
270995
270996
270997
270998
271025
271026
271027
271028
271029
271030
271031
271032
271033
271034
271035
271036
271037
271038
271039
271040
271041
271042
271043
271044
271045
271046
271047
271048
271049
271050
271129
271130
271131
271132
271133
271134
271135
271136
271137
271138
271139
271140
271141
271142
271143
271144
271145
271146
271147
271148
271149
271150
271151
271152
271153
271154
271155
271156
271157
271158
271159
271160
271161
271162
271163
271164
271165
271166
271167
271168
271169
271170
271171
271172
271173
271174
271175
271176
271177
271178
271179
271180
271233
271234
271235
271236
271237
271238
271239
271240
271241
271242
271243
271244
271245
271246
271247
271248
271249
271250
271251
271252
271253
271254
271255
271256
271257
271258
271259
271260
271261
271262
271263
271264
271265
271266
271267
271268
271269
271270
271271
271272
271273
271274
271275
271276
271277
271278
271279
271280
271281
271282
271283
271284
271311
271312
271313
271315
271316
271317
271318
271319
271320
271321
271322
271323
271324
271325
271326
271327
271328
271329
271330
271331
271332
271333
271334
271335
271336
271337
271338
271339
271340
271341
271342
271343
271344
271345
271346
271347
271348
271349
271350
271351
271353
271354
271355
271356
271357
271358
271359
271360
271361
271362
271389
271390
271391
271392
271393
271394
271395
271396
271397
271398
271399
271400
271402
271403
271404
271405
271406
271407
271408
271409
271410
271411
271412
271413
271414
271493
271494
271495
271496
271497
271498
271499
271500
271501
271502
271503
271504
271505
271506
271507
271508
271509
271510
271511
271512
271513
271514
271515
271516
271517
271518
271519
271520
271521
271522
271523
271524
271525
271526
271527
271528
271529
271530
271531
271532
271533
271534
271535
271536
271537
271538
271539
271540
271541
271542
271543
271544
271545
271547
271549
271550
271551
271552
271553
271554
271555
271556
271557
271558
271559
271560
271561
271562
271563
271564
271565
271566
271567
271568
271569
271570
271597
271598
271599
271600
271601
271603
271604
271605
271606
271607
271608
271609
271610
271611
271612
271613
271614
271615
271616
271617
271618
271619
271620
271621
271622
271753
271754
271755
271758
271760
271761
271762
271763
271764
271765
271766
271767
271768
271769
271770
271771
271772
271773
271774
271775
271776
271777
271778
271883
271884
271885
271886
271887
271888
271889
271890
271891
271892
271893
271894
271895
271896
271897
271898
271899
271900
271901
271902
271903
271904
271905
271906
271907
271908
271909
271910
271911
271912
271913
271914
271915
271916
271917
271918
271919
271920
271921
271922
271923
271924
271925
271926
271927
271928
271929
271930
271931
271932
271933
271934
271935
271936
271937
271938
271939
271940
271941
271942
271943
271944
271945
271946
271947
271948
271949
271950
271951
271952
271953
271954
271955
271956
271957
271958
271959
271960
272039
272040
272041
272042
272043
272044
272045
272046
272047
272048
272049
272050
272051
272052
272053
272054
272055
272056
272057
272058
272059
272060
272061
272062
272063
272064
272143
272144
272145
272146
272147
272148
272149
272150
272151
272152
272153
272154
272155
272156
272157
272158
272159
272160
272161
272162
272163
272164
272165
272166
272167
272168
272221
272222
272223
272224
272225
272226
272227
272228
272229
272230
272231
272232
272233
272234
