277265
277266
277267
277268
277269
277270
277271
277272
277273
277274
277275
277276
277277
277278
277279
277280
277281
277282
277283
277284
277285
277286
277287
277288
277289
277290
277317
277318
277319
277320
277321
277322
277323
277324
277325
277326
277327
277328
277329
277330
277331
277332
277333
277334
277335
277336
277337
277338
277339
277340
277341
277342
277369
277370
277371
277372
277373
277374
277376
277377
277378
277379
277380
277381
277382
277383
277384
277385
277386
277387
277388
277389
277390
277391
277392
277393
277394
277421
277422
277423
277424
277425
277426
277427
277428
277429
277430
277431
277432
277433
277434
277435
277436
277437
277438
277439
277440
277441
277442
277443
277444
277445
277446
277499
277500
277501
277502
277503
277504
277505
277506
277507
277508
277509
277510
277511
277512
277513
277514
277515
277516
277517
277518
277519
277520
277521
277522
277523
277524
277551
277552
277553
277554
277555
277556
277557
277558
277559
277560
277561
277562
277563
277564
277565
277566
277567
277568
277569
277570
277571
277572
277573
277574
277575
277576
277603
277604
277605
277606
277607
277608
277609
277610
277611
277612
277613
277614
277615
277616
277617
277618
277619
277620
277621
277622
277623
277624
277625
277626
277627
277628
277629
277630
277631
277632
277633
277634
277635
277636
277637
277638
277639
277640
277641
277642
277643
277644
277645
277646
277647
277648
277649
277650
277651
277652
277653
277654
277707
277708
277709
277710
277711
277712
277713
277714
277715
277716
277717
277718
277719
277720
277721
277722
277723
277724
277725
277726
277727
277728
277729
277730
277731
277732
277733
277734
277735
277736
277737
277738
277739
277740
277741
277742
277743
277744
277745
277746
277747
277748
277749
277750
277751
277752
277753
277754
277756
277757
277758
277785
277786
277787
277788
277789
277790
277791
277792
277793
277794
277795
277796
277797
277798
277799
277800
277801
277802
277803
277804
277805
277806
277807
277808
277809
277810
277837
277838
277839
277840
277841
277842
277843
277844
277845
277846
277847
277848
277849
277850
277851
277852
277853
277854
277855
277856
277857
277858
277859
277860
277861
277862
277863
277864
277865
277866
277867
277868
277869
277870
277871
277872
277873
277874
277875
277876
277877
277878
277879
277880
277881
277882
277883
277884
277885
277886
277887
277888
277967
277968
277969
277970
277971
277972
277973
277974
277975
277976
277977
277978
277979
277980
277981
277983
277984
277985
277986
277987
277988
277989
277990
277991
277992
277993
277994
277996
277997
277998
277999
278000
278001
278002
278003
278004
278005
278006
278007
278008
278009
278010
278011
278012
278013
278014
278015
278016
278017
278018
278019
278020
278021
278022
278023
278026
278027
278028
278029
278030
278031
278032
278033
278034
278035
278036
278037
278038
278039
278040
278041
278042
278043
278044
278149
278150
278151
278152
278153
278154
278155
278156
278157
278158
278159
278160
278161
278162
278163
278164
278165
278166
278167
278168
278169
278170
278171
278172
278173
278174
278176
278177
278178
278179
278180
278181
278182
278183
278184
278185
278186
278187
278188
278189
278190
278191
278192
278193
278194
278195
278196
278197
278198
278199
278200
278331
278332
278333
278334
278335
278336
278337
278338
278339
278340
278341
278342
278343
278344
278345
278346
278347
278348
278349
278350
278351
278352
278353
278354
278355
278356
278357
278359
278360
278361
278362
278363
278364
278365
278366
278367
278368
278369
278370
278371
278372
278373
278374
278375
278376
278377
278378
278379
278380
278381
278382
278409
278410
278411
278412
278413
278414
278415
278416
278417
278418
278419
278420
278421
278422
278423
278424
278425
278426
278427
278428
278429
278430
278431
278432
278433
278434
278461
278462
278463
278464
278465
278466
278467
278468
278469
278470
278471
278472
278473
278474
278475
278476
278477
278478
278479
278480
278481
278482
278483
278484
278485
278486
278487
278488
278489
278490
278491
278492
278493
278494
278495
278496
278497
278498
278499
278500
278501
278502
278503
278504
278505
278506
278507
278508
278509
278510
278511
278512
278514
278515
278516
278517
278518
278519
278520
278521
278522
278523
278524
278525
278526
278527
278528
278529
278530
278531
278532
278533
278534
278535
278536
278537
278538
278539
278540
278541
278543
278544
278548
278549
278550
278551
278552
278553
278554
278555
278556
278557
278558
278559
278560
278561
278562
278563
278564
278566
278567
278568
278569
278570
278571
278572
278573
278574
278575
278576
278577
278578
278579
278580
278581
278582
278583
278584
278585
278586
278587
278588
278589
278590
278669
278670
278671
278672
278673
278674
278675
278676
278677
278678
278679
278680
278681
278682
278683
278684
278685
278686
278687
278688
278689
278690
278691
278692
278693
278694
278722
278723
278724
278725
278726
278727
278728
278729
278730
278731
278732
278733
278734
278735
278736
278737
278738
278739
278740
278741
278742
278743
278744
278745
278746
278748
278749
278750
278751
278752
278753
278754
278755
278756
278757
278758
278759
278760
278761
278762
278763
278764
278765
278766
278767
278768
278769
278770
278771
278772
278825
278826
278827
278828
278829
278830
278831
278832
278833
278834
278835
278836
278837
278838
278839
278840
278841
278842
278843
278844
278845
278846
278847
278848
278849
278850
278852
278853
278854
278855
278856
278857
278858
278859
278860
278861
278862
278863
278864
278865
278866
278867
278868
278869
278870
278871
278872
278873
278874
278875
278876
278903
278904
278905
278906
278907
278908
278909
278910
278911
278912
278913
278914
278915
278916
278917
278918
278919
278920
278921
278922
278923
278924
278925
278926
278927
278928
278929
278931
278932
278933
278934
278935
278936
278937
278938
278939
278940
278941
278942
278943
278944
278945
278946
278947
278948
278949
278950
278951
278952
278953
278954
278957
278958
278959
278960
278961
278962
278963
278964
278965
278966
278967
278968
278969
278970
278971
278972
278973
278974
278975
278976
278977
278978
278979
278980
279007
279008
279009
279010
279011
279012
279013
279014
279015
279016
279017
279018
279019
279020
279021
279022
279023
279024
279025
279026
279028
279029
279030
279031
279032
279111
279112
279113
279114
279115
279116
279117
279118
279119
279120
279121
279122
279123
279124
279125
279126
279127
279128
279129
279130
279131
279132
279133
279134
279135
279136
279215
279216
279217
279218
279219
279220
279221
279222
279223
279224
279225
279226
279227
279228
279229
279230
279231
279232
279233
279234
279235
279236
279237
279238
279239
279240
279242
279243
279244
279245
279246
279247
279248
279249
279250
279251
279252
279253
279254
279255
279256
279257
279258
279259
279260
279261
279262
279263
279264
279265
279266
279293
279294
279295
279296
279297
279298
279299
279300
279301
279302
279303
279304
279305
279306
279307
279308
279309
279310
279311
279312
279313
279314
279315
279316
279317
279318
279371
279372
279373
279374
279375
279376
279377
279378
279379
279380
279381
279382
279383
279384
279385
279386
279387
279388
279389
279390
279391
279392
279393
279394
279395
279396
279423
279424
279425
279426
279427
279428
279429
279430
279431
279432
279433
279434
279435
279436
279437
279438
279439
279440
279441
279442
279443
279444
279445
279446
279447
279448
279449
279450
279451
279452
279453
279454
279455
279456
279457
279458
279459
279460
279461
279462
279463
279464
279465
279466
279467
279468
279469
279470
279471
279472
279473
279474
279475
279476
279477
279478
279479
279480
279481
279482
279483
279484
279485
279486
279487
279488
279489
279490
279491
279493
279494
279495
279496
279497
279498
279499
279500
279502
279503
279504
279505
279506
279507
279508
279509
279510
279511
279512
279513
279514
279515
279516
279517
279518
279519
279520
279521
279522
279523
279524
279525
279526
279631
279632
279633
279634
279635
279636
279637
279638
279639
279640
279641
279642
279643
279644
279645
279646
279647
279648
279649
279650
279651
279652
279653
279654
279655
279656
279683
279684
279685
279686
279687
279688
279689
279690
279691
279692
279693
279694
279695
279696
279697
279698
279699
279700
279701
279702
279703
279704
279705
279706
279707
279708
279710
279711
279712
279713
279714
279715
279716
279717
279718
279719
279720
279721
279722
279723
279724
279725
279726
279727
279728
279729
279730
279731
279732
279733
279734
279761
279762
279763
279764
279765
279766
279767
279768
279769
279770
279771
279772
279773
279774
279776
279777
279778
279779
279780
279781
279782
279783
279784
279785
279786
279813
279814
279815
279816
279817
279818
279819
279820
279821
279822
279823
279824
279825
279826
279827
279828
279829
279830
279831
279832
279833
279834
279835
279836
279837
279838
279917
279918
279919
279921
279922
279923
279924
279925
279926
279927
279928
279929
279930
279931
279932
279933
279934
279935
279936
279937
279938
279939
279940
279941
279942
279969
279970
279971
279972
279973
279974
279975
279976
279977
279978
279979
279980
279981
279982
279983
279984
279985
279986
279987
279988
279989
279990
279991
279992
279993
279994
279996
279997
279998
279999
280000
280001
280002
280003
280004
280005
280006
280007
280008
280009
280010
280011
280012
280013
280014
280015
280016
280017
280018
280019
280020
280047
280048
280049
280050
280051
280052
280053
280054
280055
280056
280057
280058
280059
280060
280061
280062
280063
280064
280065
280066
280067
280068
280069
280070
280071
280072
280074
280075
280076
280077
280078
280079
280080
280081
280082
280083
280084
280085
280086
280087
280088
280089
280090
280091
280092
280093
280094
280095
280096
280097
280098
280177
280178
280179
280180
280181
280182
280183
280184
280185
280186
280187
280188
280189
280190
280191
280192
280193
280194
280195
280196
280197
280198
280199
280200
280201
280202
280203
280205
280206
280207
280208
280209
280210
280211
280212
280213
280214
280215
280216
280217
280218
280219
280220
280221
280222
280223
280224
280225
280226
280227
280228
280230
280231
280232
280233
280234
280235
280236
280237
280238
280239
280240
280241
280242
280243
280244
280245
280246
280247
280248
280249
280250
280251
280252
280253
280254
280255
280256
280257
280259
280260
280261
280262
280263
280264
280265
280266
280267
280268
280269
280270
280271
280272
280273
280274
280275
280276
280277
280278
280279
280280
280307
280308
280309
280310
280311
280312
280313
280314
280315
280316
280317
280318
280319
280320
280321
280322
280323
280324
280325
280326
280327
280328
280329
280330
280331
280332
280359
280360
280361
280362
280363
280364
280365
280366
280367
280368
280369
280370
280371
280372
280373
280374
280375
280377
280378
280379
280380
280381
280382
280383
280384
280385
280388
280389
280390
280391
280393
280394
280395
280396
280397
280398
280399
280400
280401
280402
280403
280404
280405
280406
280407
280408
280409
280410
280515
280516
280517
280518
280519
280520
280521
280522
280523
280524
280525
280526
280527
280528
280529
280530
280531
280532
280533
280534
280535
280536
280537
280538
280539
280540
280543
280544
280545
280546
280547
280548
280549
280550
280551
280552
280553
280554
280555
280556
280557
280558
280559
280560
280561
280562
280563
280564
280565
280566
280567
280569
280570
280571
280573
280574
280575
280576
280577
280578
280579
280580
280581
280582
280583
280584
280585
280586
280587
280588
280589
280590
280591
280592
280619
280620
280621
280622
280623
280624
280625
280626
280627
280628
280629
280630
280631
280632
280633
280634
280635
280636
280637
280638
280639
280640
280641
280642
280643
280644
280671
280672
280673
280674
280675
280676
280677
280678
280679
280680
280681
280682
280683
280684
280685
280686
280687
280688
280689
280690
280691
280692
280693
280694
280695
280696
280775
280776
280777
280778
280779
280780
280781
280782
280783
280784
280785
280786
280787
280788
280789
280790
280791
280792
280793
280794
280795
280796
280797
280798
280799
280800
280802
280803
280804
280805
280806
280807
280808
280809
280810
280811
280812
280813
280814
280815
280816
280817
280818
280819
280820
280821
280822
280823
280824
280825
280826
280853
280854
280855
280856
280857
280858
280860
280861
280862
280863
280864
280865
280866
280867
280868
280869
280870
280871
280872
280873
280874
280875
280876
280877
280905
280906
280907
280908
280909
280910
280911
280912
280913
280914
280915
280916
280917
280918
280919
280920
280921
280922
280923
280924
280925
280926
280927
280928
280929
280930
280957
280958
280959
280960
280961
280962
280963
280964
280965
280966
280968
280969
280970
280971
280973
280974
280975
280976
280977
280978
280979
280980
280981
280982
280984
280986
280987
280988
280990
280991
280992
280993
280994
280995
280997
280998
281000
281001
281002
281003
281004
281005
281006
281007
281008
281009
281010
281012
281013
281014
281015
281016
281017
281018
281019
281020
281021
281022
281023
281024
281025
281026
281027
281028
281029
281030
281031
281032
281033
281034
281035
281037
281038
281039
281040
281041
281042
281043
281044
281045
281046
281047
281048
281049
281050
281051
281052
281053
281054
281055
281056
281057
281058
281059
281060
281087
281088
281089
281090
281091
281092
281093
281094
281095
281096
281097
281098
281099
281100
281101
281102
281103
281104
281105
281106
281107
281108
281109
281110
281111
281112
281114
281115
281117
281118
281119
281120
281121
281122
281123
281124
281125
281126
281127
281128
281129
281130
281131
281132
281133
281134
281135
281136
281137
281138
281165
281166
281167
281168
281169
281170
281171
281172
281173
281174
281175
281176
281177
281178
281179
281180
281181
281182
281183
281184
281185
281186
281187
281188
281189
281190
281217
281218
281219
281220
281221
281222
281223
281224
281225
281226
281227
281228
281229
281230
281231
281232
281233
281235
281236
281237
281238
281239
281240
281241
281242
281347
281348
281349
281350
281351
281352
281353
281354
281355
281356
281357
281358
281359
281360
281361
281362
281363
281364
281365
281366
281367
281368
281369
281370
281371
281372
281374
281377
281380
281381
281382
281383
281384
281385
281386
281387
281388
281389
281390
281391
281392
281393
281394
281395
281396
281397
281398
281555
281556
281557
281558
281559
281560
281561
281562
281563
281564
281565
281566
281567
281568
281569
281570
281571
281572
281573
281574
281575
281576
281577
281578
281579
281580
281607
281608
281609
281610
281611
281612
281613
281614
281615
281616
281617
281618
281619
281620
281621
281622
281623
281624
281625
281626
281627
281628
281629
281630
281631
281632
281634
281636
281637
281638
281639
281640
281641
281642
281643
281644
281645
281646
281647
281648
281649
281650
281651
281652
281653
281654
281655
281656
281657
281658
281685
281686
281687
281688
281689
281690
281691
281692
281693
281694
281695
281696
281697
281698
281699
281700
281701
281702
281703
281704
281705
281706
281707
281708
281709
281710
281737
281738
281739
281740
281741
281742
281743
281744
281745
281746
281747
281748
281749
281750
281751
281752
281753
281754
281755
281756
281757
281758
281759
281760
281761
281762
281763
281765
281766
281767
281768
281769
281770
281771
281772
281773
281774
281775
281776
281777
281778
281779
281780
281781
281782
281783
281784
281785
281786
281787
281788
281867
281868
281869
281870
281871
281872
281873
281874
281875
281876
281877
281878
281879
281880
281881
281882
281883
281884
281885
281886
281887
281888
281889
281890
281891
281892
281919
281920
281921
281922
281923
281924
281925
281926
281928
281929
281930
281931
281932
281933
281934
281935
281936
281937
281938
281939
281940
281941
281942
281943
281944
281971
281972
281973
281974
281975
281976
281977
281978
281979
281980
281981
281982
281983
281984
281986
281987
281989
281990
281991
281992
281993
281994
281995
282023
282025
282026
282028
282029
282030
282031
282032
282033
282034
282035
282036
282037
282038
282040
282041
282042
282044
282045
282046
282047
282048
282050
282051
282052
282055
282056
282057
282058
282059
282061
282062
282064
282066
282067
282069
282070
282072
282074
