287198
287199
287200
287201
287202
287203
287204
287205
287206
287207
287208
287209
287210
287211
287212
287213
287214
287215
287216
287217
287218
287219
287220
287221
287222
287223
287224
287225
287226
287227
287228
287229
287230
287231
287232
287233
287234
287235
287236
287237
287238
287239
287240
287241
287242
287243
287244
287245
287246
287247
287248
287275
287276
287277
287278
287279
287280
287281
287282
287283
287284
287285
287286
287287
287288
287289
287291
287292
287293
287294
287295
287296
287297
287298
287299
287300
287327
287328
287329
287330
287331
287332
287333
287334
287335
287336
287337
287338
287339
287340
287341
287342
287343
287344
287345
287346
287347
287348
287349
287350
287351
287352
287353
287354
287355
287356
287357
287358
287359
287360
287361
287362
287363
287364
287365
287366
287367
287368
287369
287370
287371
287372
287373
287374
287375
287376
287377
287378
287405
287406
287407
287408
287409
287410
287411
287412
287413
287414
287415
287416
287417
287418
287419
287420
287421
287422
287423
287424
287425
287426
287427
287428
287429
287430
287483
287484
287485
287486
287487
287488
287489
287490
287491
287492
287493
287494
287495
287496
287497
287498
287499
287500
287501
287502
287503
287504
287505
287506
287507
287508
287587
287588
287589
287590
287591
287592
287593
287594
287595
287596
287597
287598
287599
287600
287601
287602
287603
287604
287605
287606
287607
287608
287609
287610
287611
287612
287613
287614
287615
287616
287617
287618
287619
287620
287621
287622
287623
287624
287625
287626
287627
287628
287629
287630
287631
287632
287633
287634
287635
287636
287637
287638
287691
287692
287693
287694
287695
287696
287697
287698
287699
287700
287701
287702
287703
287704
287705
287706
287707
287708
287709
287710
287711
287712
287713
287714
287715
287716
287743
287744
287745
287746
287747
287748
287749
287750
287751
287752
287753
287754
287755
287756
287757
287758
287759
287760
287761
287762
287763
287764
287765
287766
287767
287768
287770
287771
287772
287773
287774
287775
287776
287777
287778
287779
287780
287781
287782
287783
287784
287785
287786
287787
287788
287789
287790
287791
287792
287793
287794
287795
287796
287797
287798
287799
287800
287801
287802
287803
287804
287805
287806
287807
287808
287809
287810
287811
287812
287813
287814
287815
287816
287817
287818
287819
287820
287821
287822
287823
287824
287825
287826
287827
287828
287829
287830
287831
287832
287833
287834
287835
287836
287837
287838
287839
287840
287841
287842
287843
287844
287845
287846
287873
287874
287875
287876
287877
287878
287879
287880
287881
287882
287883
287884
287886
287887
287888
287889
287890
287891
287892
287893
287894
287895
287896
287897
287898
287925
287926
287927
287928
287929
287930
287931
287932
287933
287934
287935
287936
287937
287938
287939
287940
287941
287942
287943
287944
287945
287946
287947
287948
287949
287950
287953
287954
287955
287956
287957
287958
287959
287960
287961
287962
287963
287964
287965
287966
287967
287968
287969
287970
287971
287972
287973
287974
287975
287976
287977
287978
287979
287980
287981
287982
287983
287984
287985
287986
287987
287988
287989
287990
287991
287992
287993
287994
287995
287996
287997
287998
287999
288000
288001
288002
288029
288030
288031
288032
288033
288034
288035
288036
288037
288038
288039
288040
288041
288042
288043
288044
288045
288046
288047
288048
288049
288050
288051
288052
288053
288054
288056
288057
288058
288059
288060
288061
288062
288063
288064
288065
288066
288067
288068
288069
288070
288071
288072
288073
288074
288075
288076
288077
288078
288079
288080
288185
288186
288187
288188
288189
288190
288191
288192
288193
288194
288195
288196
288197
288198
288199
288200
288201
288202
288203
288204
288205
288206
288207
288208
288209
288210
288211
288213
288214
288215
288216
288217
288218
288219
288220
288221
288222
288223
288224
288225
288226
288227
288228
288229
288230
288231
288232
288233
288234
288235
288236
288238
288239
288240
288241
288242
288243
288244
288245
288246
288247
288248
288249
288250
288251
288252
288253
288254
288255
288256
288257
288258
288259
288260
288261
288262
288289
288290
288291
288292
288293
288294
288295
288296
288297
288298
288299
288300
288301
288302
288303
288304
288305
288306
288307
288308
288309
288310
288311
288312
288313
288314
288393
288394
288395
288396
288397
288398
288399
288400
288401
288403
288404
288405
288406
288407
288408
288409
288410
288411
288412
288413
288414
288415
288416
288417
288418
288419
288420
288421
288422
288423
288424
288425
288426
288427
288428
288429
288430
288431
288432
288433
288434
288435
288436
288437
288438
288439
288440
288441
288442
288443
288444
288446
288447
288448
288449
288450
288451
288452
288453
288454
288455
288456
288457
288458
288459
288460
288461
288462
288463
288464
288465
288466
288467
288468
288469
288470
288471
288472
288474
288475
288476
288477
288478
288479
288480
288481
288482
288483
288484
288485
288486
288487
288488
288489
288490
288491
288492
288493
288494
288495
288496
288549
288550
288551
288552
288553
288554
288555
288556
288557
288558
288559
288560
288561
288562
288563
288564
288565
288566
288567
288568
288569
288570
288571
288572
288573
288574
288576
288578
288579
288580
288581
288582
288583
288584
288585
288586
288587
288588
288589
288590
288591
288592
288593
288594
288595
288596
288597
288598
288599
288600
288627
288628
288629
288630
288631
288633
288634
288635
288636
288637
288638
288639
288640
288641
288642
288643
288644
288645
288646
288647
288648
288649
288650
288651
288652
288653
288654
288655
288656
288657
288658
288659
288660
288661
288662
288663
288664
288665
288666
288667
288668
288669
288670
288671
288672
288673
288674
288675
288676
288677
288678
288679
288680
288681
288682
288683
288684
288685
288686
288687
288688
288689
288690
288691
288692
288693
288694
288695
288696
288697
288698
288699
288700
288701
288702
288703
288704
288731
288732
288733
288734
288735
288736
288737
288738
288739
288740
288741
288742
288743
288744
288745
288746
288747
288748
288749
288750
288751
288752
288753
288754
288755
288756
288757
288758
288759
288760
288761
288762
288763
288764
288765
288766
288767
288768
288769
288770
288771
288772
288773
288774
288775
288776
288777
288778
288779
288780
288781
288782
288809
288810
288811
288812
288813
288814
288815
288816
288817
288818
288819
288820
288821
288822
288823
288824
288825
288826
288827
288828
288829
288830
288831
288832
288833
288834
288861
288862
288863
288864
288865
288866
288867
288868
288869
288870
288871
288872
288873
288874
288875
288876
288877
288878
288879
288880
288881
288882
288883
288884
288885
288886
288965
288966
288967
288968
288969
288970
288971
288972
288973
288974
288975
288976
288977
288978
288979
288980
288981
288982
288983
288984
288985
288986
288987
288988
288989
288990
288991
288992
288993
288994
288995
288996
288997
288998
288999
289000
289001
289002
289003
289004
289005
289006
289007
289008
289009
289010
289011
289012
289013
289014
289015
289016
289121
289122
289123
289124
289125
289126
289127
289128
289129
289130
289131
289132
289133
289134
289135
289136
289137
289138
289139
289140
289141
289142
289143
289144
289145
289146
289225
289226
289227
289228
289229
289230
289231
289232
289233
289234
289235
289236
289237
289238
289239
289240
289241
289242
289243
289244
289245
289246
289247
289248
289249
289250
289329
289330
289331
289332
289333
289334
289335
289336
289337
289338
289339
289340
289341
289342
289343
289344
289345
289346
289347
289348
289349
289350
289351
289352
289353
289354
289355
289356
289357
289359
289360
289361
289362
289363
289364
289365
289366
289367
289368
289369
289370
289371
289372
289373
289374
289375
289376
289377
289378
289379
289380
289407
289408
289409
289410
289411
289412
289414
289415
289416
289417
289418
289419
289420
289421
289422
289423
289424
289425
289426
289427
289428
289429
289430
289431
289432
289485
289486
289487
289488
289489
289490
289491
289492
289493
289494
289495
289496
289497
289498
289499
289500
289501
289502
289503
289504
289505
289506
289507
289508
289509
289510
289537
289538
289539
289540
289541
289542
289543
289544
289545
289546
289547
289548
289549
289550
289551
289552
289553
289554
289555
289556
289557
289558
289559
289560
289561
289562
289563
289564
289565
289566
289567
289568
289569
289570
289571
289572
289573
289574
289575
289576
289577
289578
289579
289580
289581
289582
289583
289584
289585
289586
289587
289588
289615
289616
289617
289618
289619
289620
289621
289622
289623
289624
289625
289626
289627
289628
289629
289630
289631
289632
289633
289634
289635
289636
289637
289638
289639
289640
289641
289642
289643
289644
289645
289646
289647
289648
289649
289650
289651
289652
289653
289654
289655
289656
289657
289658
289659
289660
289661
289662
289663
289664
289665
289666
289667
289668
289669
289670
289671
289672
289673
289674
289675
289676
289677
289678
289679
289680
289681
289682
289683
289684
289685
289686
289687
289688
289689
289690
289691
289692
289719
289720
289721
289722
289723
289724
289725
289726
289727
289728
289729
289730
289731
289732
289733
289734
289735
289736
289737
289738
289739
289740
289741
289742
289743
289744
289745
289746
289747
289748
289749
289750
289751
289752
289753
289754
289755
289756
289757
289758
289759
289760
289761
289762
289763
289764
289765
289767
289768
289769
289770
289953
289954
289955
289956
289957
289958
289959
289960
289961
289962
289963
289964
289965
289966
289967
289968
289969
289970
289971
289972
289973
289974
289975
289976
289977
289978
289981
289982
289983
289985
289988
289989
289990
289991
289992
289993
289994
289995
289996
289997
289998
289999
290000
290001
290002
290003
290004
290007
290008
290009
290010
290011
290012
290013
290014
290015
290016
290017
290018
290019
290020
290021
290022
290023
290024
290025
290026
290027
290028
290029
290030
290057
290058
290059
290060
290061
290062
290063
290064
290065
290066
290067
290068
290069
290070
290071
290072
290073
290074
290075
290076
290077
290078
290079
290080
290081
290082
290109
290110
290111
290112
290113
290114
290115
290116
290117
290118
290119
290120
290121
290122
290123
290124
290125
290126
290127
290128
290129
290130
290131
290132
290133
290134
290135
290136
290137
290138
290140
290141
290142
290143
290144
290145
290146
290147
290148
290149
290150
290151
290152
290153
290154
290155
290156
290157
290158
290159
290160
290187
290188
290189
290190
290191
290192
290193
290194
290195
290196
290197
290198
290199
290200
290201
290202
290203
290204
290205
290206
290207
290208
290209
290210
290211
290212
290291
290292
290293
290294
290295
290296
290297
290298
290299
290300
290301
290302
290303
290304
290305
290306
290307
290308
290309
290310
290311
290312
290313
290314
290315
290316
290317
290319
290320
290321
290322
290323
290324
290325
290326
290327
290328
290329
290330
290331
290332
290333
290334
290335
290336
290337
290338
290339
290340
290341
290342
290395
290396
290397
290398
290399
290400
290401
290402
290403
290404
290405
290406
290407
290408
290409
290410
290411
290412
290413
290414
290415
290416
290417
290418
290419
290420
290422
290423
290424
290425
290426
290427
290428
290429
290430
290431
290432
290433
290434
290435
290436
290437
290438
290439
290440
290441
290442
290443
290444
290445
290446
290473
290474
290475
290476
290477
290478
290479
290480
290482
290483
290484
290485
290486
290487
290488
290489
290490
290491
290492
290493
290494
290495
290496
290497
290498
290499
290500
290501
290502
290503
290504
290505
290506
290507
290508
290509
290510
290511
290512
290513
290514
290515
290516
290517
290518
290519
290520
290521
290522
290523
290524
290551
290552
290553
290555
290556
290557
290558
290559
290560
290561
290562
290563
290564
290565
290566
290567
290568
290569
290570
290571
290572
290573
290574
290575
290576
290603
290604
290605
290606
290607
290608
290609
290610
290611
290612
290613
290614
290616
290617
290618
290619
290620
290621
290622
290623
290624
290625
290626
290627
290628
290629
290632
290633
290634
290635
290636
290637
290639
290640
290641
290642
290643
290644
290645
290646
290647
290648
290649
290650
290651
290652
290653
290654
290682
290684
290685
290686
290687
290688
290689
290690
290691
290692
290693
290694
290695
290696
290697
290698
290699
290700
290701
290702
290703
290704
290705
290706
290707
290708
290709
290710
290711
290712
290713
290714
290715
290716
290717
290718
290719
290720
290721
290722
290723
290724
290725
290726
290727
290728
290729
290730
290731
290732
290733
290734
290735
290736
290737
290738
290739
290740
290741
290742
290743
290744
290745
290746
290747
290748
290749
290750
290751
290752
290753
290754
290755
290756
290757
290758
290759
290761
290762
290763
290764
290765
290766
290767
290768
290769
290770
290771
290772
290773
290774
290775
290776
290777
290778
290779
290780
290781
290782
290783
290784
290915
290916
290917
290918
290919
290920
290921
290922
290923
290924
290925
290926
290927
290928
290929
290930
290931
290932
290933
290934
290935
290936
290937
290938
290939
290940
290942
290943
290945
290950
290951
290952
290953
290954
290955
290956
290957
290958
290959
290960
290961
290962
290963
290964
290965
290966
290967
290968
290969
290970
290972
290973
290974
290975
290976
290977
290978
290979
290980
290981
290982
290983
290984
290985
290986
290987
290988
290989
290990
290991
290992
291019
291020
291021
291022
291023
291024
291025
291026
291027
291028
291029
291030
291031
291032
291033
291034
291035
291036
291037
291038
291039
291040
291041
291042
291043
291044
291045
291046
291047
291048
291049
291050
291051
291052
291053
291054
291055
291056
291057
291058
291059
291060
291061
291062
291063
291064
291065
291066
291067
291068
291069
291070
291123
291124
291125
291126
291127
291128
291129
291130
291131
291132
291133
291134
291135
291136
291137
291138
291139
291140
291141
291142
291143
291144
291145
291146
291147
291148
291149
291150
291152
291153
291154
291155
291156
291157
291158
291159
291160
291161
291162
291163
291164
291165
291166
291168
291169
291170
291171
291172
291173
291174
291201
291202
291203
291204
291205
291206
291207
291208
291209
291210
291211
291212
291213
291214
291215
291216
291218
291219
291220
291221
291222
291223
291224
291225
291226
291227
291228
291229
291230
291231
291232
291233
291234
291235
291236
291237
291238
291239
291241
291242
291243
291244
291245
291246
291247
291248
291249
291250
291251
291252
291253
291254
291255
291256
291257
291258
291259
291260
291261
291262
291263
291264
291265
291266
291267
291268
291269
291270
291271
291272
291273
291274
291275
291276
291277
291278
291281
291282
291284
291285
291287
291288
291289
291290
291291
291292
291293
291294
291295
291296
291297
291298
291299
291300
291301
291302
291304
291306
291307
291308
291309
291310
291311
291312
291313
291314
291315
291316
291317
291318
291319
291320
291321
291322
291323
291324
291326
291327
291328
291329
291330
291357
291358
291359
291360
291361
291362
291363
291364
291365
291366
291367
291368
291369
291370
291371
291373
291374
291375
291376
291377
291378
291379
291380
291381
291382
291383
291384
291385
291386
291387
291388
291389
291390
291391
291392
291393
291394
291395
291396
291397
291398
291399
291400
291401
291402
291403
291404
291405
291406
291407
291408
291435
291436
291437
291438
291439
291440
291441
291442
291443
291445
291446
291447
291448
291449
291450
291451
291452
291453
291454
291456
291457
291458
291459
291460
291462
291463
291464
291465
291466
291467
291468
291469
291470
291471
291472
291473
291474
291475
291476
291477
291478
291479
291480
291481
291482
291483
291484
291485
291486
291513
291514
291515
291516
291517
291518
291519
291520
291521
291522
291523
291524
291525
291526
291527
291528
291529
291530
291531
291532
291533
291534
291535
291536
291537
291538
291565
291566
291567
291568
291569
291571
291572
291573
291574
291575
291576
291577
291578
291579
291580
291581
291582
291583
291584
291585
291586
291587
291588
291617
291618
291619
291620
291621
291622
291623
291624
291625
291626
291627
291628
291629
291630
291631
291632
291633
291634
291635
291636
291637
291638
291639
291640
291641
291642
291643
291647
291648
291649
291650
291651
291652
291653
291654
291655
291656
291657
291658
291659
291660
291661
291662
291663
291664
291665
291666
291667
291668
291695
291696
291697
291698
291699
291700
291701
291702
291703
291704
291705
291706
291707
291708
291709
291710
291711
291712
291713
291714
291715
291716
291717
291718
291719
291720
291799
291800
291801
291802
291803
291804
291805
291806
291807
291808
291809
291810
291811
291812
291813
291814
291815
291816
291817
291818
291819
291820
291821
291822
291823
291824
291825
291827
291830
291831
291832
291833
291834
291835
291836
291837
291838
291839
291840
291841
291842
291843
291844
291845
291846
291847
291848
291849
291850
291955
291956
291957
291958
291959
291960
291961
291962
291963
291964
291965
291966
291967
291968
291969
291970
291971
291972
291973
291974
291975
291976
291977
291978
291979
291980
291981
291982
291983
291984
291985
291986
291987
291988
291989
291990
291991
291992
291993
291994
291995
291996
291997
291998
291999
292000
292001
292002
292003
292004
292005
292006
292085
292086
292087
292088
292089
292090
292091
292092
292093
292094
292095
292096
292097
292098
292099
292100
292101
292102
292103
292104
292105
292106
292107
292108
292109
292110
292111
292112
292113
292114
292115
292116
292117
292118
292119
292120
292121
292122
292123
292124
292125
292126
292127
292128
292129
292130
292131
292132
292133
292134
292135
292136
292137
292138
292139
292140
292141
292142
292143
292144
292145
292146
292147
292148
292149
292150
292151
292152
292153
292154
292156
292157
292158
292159
292160
292161
292162
292163
292164
292165
292166
292167
292168
292169
292170
292171
292172
292173
292174
292175
292176
292177
292178
292179
292180
292181
292182
292183
292184
292185
292188
292241
292242
292243
292244
292245
292247
292248
292249
292250
292251
292252
292253
292254
292255
292256
292257
292258
292259
292260
292261
292262
292263
292264
292265
292266
292319
292320
292321
292322
292323
292324
292325
292326
292327
292328
292329
292330
292331
292332
292333
292334
292335
292336
292337
292338
292339
292340
292342
292343
292344
292345
292346
292347
292348
292349
292350
292352
292353
292354
292355
292356
292357
292358
292359
292360
292361
292362
292363
292364
292365
292366
292367
292368
292370
292371
292372
292373
292374
292377
292378
292381
292382
292385
292387
292388
292389
292391
292392
292393
292395
292396
292397
292399
292400
292401
292402
292405
292408
292410
292411
292412
292413
292415
292417
292419
292421
292422
