292449
292450
292451
292452
292453
292454
292455
292456
292457
292458
292459
292460
292461
292462
292463
292464
292465
292466
292467
292468
292469
292470
292471
292472
292473
292474
292501
292502
292503
292504
292505
292506
292507
292508
292509
292510
292511
292512
292513
292514
292515
292516
292517
292518
292519
292520
292521
292522
292523
292524
292525
292526
292527
292528
292529
292530
292531
292532
292533
292534
292535
292536
292537
292538
292539
292540
292541
292542
292543
292544
292545
292546
292547
292548
292549
292550
292551
292552
292553
292554
292555
292556
292557
292558
292559
292560
292561
292563
292564
292565
292566
292567
292568
292569
292570
292571
292572
292573
292574
292575
292576
292577
292578
292606
292607
292608
292609
292610
292611
292612
292613
292614
292615
292616
292617
292618
292619
292620
292621
292622
292623
292624
292625
292626
292627
292628
292629
292630
292632
292633
292634
292635
292636
292637
292638
292639
292640
292641
292642
292643
292644
292645
292646
292647
292648
292649
292650
292651
292652
292653
292654
292655
292656
292709
292710
292711
292712
292713
292714
292715
292716
292717
292718
292719
292720
292721
292722
292723
292724
292725
292726
292727
292728
292729
292730
292731
292732
292733
292734
292761
292762
292763
292764
292765
292766
292767
292768
292769
292770
292771
292772
292773
292774
292775
292776
292777
292778
292779
292780
292781
292782
292783
292784
292785
292786
292839
292840
292841
292842
292843
292844
292845
292846
292847
292848
292849
292850
292851
292852
292853
292854
292855
292856
292857
292858
292859
292860
292861
292862
292863
292864
292891
292892
292893
292894
292895
292896
292897
292898
292899
292900
292901
292902
292903
292904
292905
292906
292907
292908
292909
292910
292911
292912
292913
292914
292915
292916
292943
292944
292945
292946
292947
292948
292949
292950
292951
292952
292953
292954
292955
292956
292957
292958
292959
292960
292961
292962
292963
292964
292965
292966
292967
292968
292995
292996
292997
292998
292999
293000
293001
293002
293003
293004
293005
293006
293007
293008
293009
293010
293011
293012
293013
293014
293015
293016
293017
293018
293019
293020
293021
293022
293023
293024
293025
293026
293027
293028
293029
293030
293031
293032
293033
293034
293035
293036
293037
293038
293039
293040
293041
293042
293043
293044
293045
293046
293047
293048
293049
293050
293051
293052
293053
293054
293055
293056
293057
293058
293059
293060
293061
293062
293063
293064
293065
293066
293067
293068
293069
293070
293071
293072
293125
293126
293127
293128
293129
293130
293131
293132
293133
293134
293135
293136
293137
293138
293139
293140
293141
293142
293143
293144
293145
293146
293147
293148
293149
293150
293229
293230
293231
293232
293233
293234
293235
293236
293237
293238
293239
293240
293241
293242
293243
293244
293245
293246
293247
293248
293249
293250
293251
293252
293253
293254
293255
293256
293257
293258
293259
293260
293261
293262
293263
293264
293265
293266
293267
293268
293269
293270
293271
293272
293273
293274
293275
293276
293277
293278
293279
293280
293281
293282
293283
293286
293287
293288
293289
293290
293291
293292
293293
293294
293295
293296
293297
293298
293299
293300
293301
293302
293303
293304
293305
293306
293437
293438
293439
293440
293441
293442
293443
293444
293445
293446
293447
293448
293449
293450
293451
293452
293453
293454
293455
293456
293457
293458
293459
293460
293461
293462
293541
293542
293543
293544
293545
293546
293547
293548
293549
293550
293551
293552
293553
293554
293555
293556
293557
293558
293559
293560
293561
293562
293563
293564
293565
293566
293567
293569
293570
293571
293572
293573
293574
293575
293576
293577
293578
293579
293580
293581
293582
293583
293584
293585
293586
293587
293588
293589
293590
293591
293592
293645
293646
293647
293648
293649
293650
293651
293652
293653
293654
293655
293656
293657
293658
293659
293660
293661
293662
293663
293664
293665
293666
293667
293668
293669
293670
293671
293673
293674
293675
293676
293677
293678
293679
293680
293681
293682
293683
293684
293685
293686
293687
293688
293689
293690
293691
293692
293693
293694
293695
293696
293697
293698
293699
293700
293701
293702
293703
293704
293705
293706
293707
293708
293709
293710
293711
293712
293713
293714
293715
293716
293717
293718
293719
293720
293721
293722
293749
293750
293751
293752
293753
293754
293755
293756
293757
293758
293759
293760
293761
293762
293763
293764
293765
293766
293767
293768
293769
293770
293771
293772
293773
293774
293775
293776
293777
293778
293779
293780
293781
293782
293783
293784
293785
293786
293787
293788
293789
293790
293791
293792
293793
293794
293795
293796
293797
293798
293799
293800
293957
293958
293959
293960
293961
293962
293963
293964
293965
293966
293967
293968
293969
293970
293971
293972
293973
293974
293975
293976
293977
293978
293979
293980
293981
293982
293983
293986
293987
293988
293989
293990
293991
293992
293993
293994
293995
293996
293997
293998
293999
294000
294001
294002
294003
294004
294005
294006
294007
294008
294087
294088
294089
294090
294091
294092
294093
294094
294095
294096
294097
294098
294099
294100
294101
294102
294103
294104
294105
294106
294107
294108
294109
294110
294111
294112
294191
294192
294193
294194
294195
294196
294197
294198
294199
294200
294201
294202
294203
294204
294205
294206
294207
294208
294209
294210
294211
294212
294213
294214
294215
294216
294243
294244
294245
294246
294247
294248
294249
294250
294251
294252
294253
294254
294255
294256
294257
294258
294259
294260
294261
294262
294263
294264
294265
294266
294267
294268
294271
294272
294273
294274
294275
294276
294277
294278
294279
294281
294282
294283
294284
294285
294286
294287
294288
294289
294290
294291
294292
294293
294294
294297
294298
294299
294300
294301
294302
294303
294304
294305
294306
294307
294308
294309
294310
294311
294312
294313
294314
294315
294316
294317
294318
294319
294320
294347
294348
294349
294350
294351
294352
294353
294354
294355
294356
294357
294358
294359
294360
294361
294362
294363
294364
294365
294366
294367
294368
294369
294370
294371
294372
294399
294400
294401
294402
294403
294404
294405
294406
294407
294408
294409
294410
294411
294412
294413
294414
294415
294416
294417
294418
294419
294420
294421
294422
294423
294424
294477
294478
294479
294480
294481
294482
294483
294484
294485
294486
294487
294488
294489
294490
294491
294492
294493
294494
294495
294496
294497
294498
294499
294500
294501
294502
294581
294582
294583
294584
294585
294586
294587
294588
294589
294590
294591
294592
294593
294594
294595
294596
294597
294598
294599
294600
294601
294602
294603
294604
294605
294606
294607
294608
294609
294610
294611
294612
294613
294614
294615
294616
294617
294618
294619
294620
294621
294622
294623
294624
294625
294626
294627
294628
294629
294630
294631
294632
294633
294635
294636
294637
294638
294639
294640
294641
294642
294643
294644
294645
294646
294647
294648
294649
294650
294651
294652
294653
294654
294655
294656
294657
294658
294685
294686
294687
294688
294689
294690
294691
294692
294693
294694
294695
294696
294697
294698
294699
294700
294701
294702
294703
294704
294705
294706
294707
294708
294709
294710
294737
294738
294739
294741
294742
294743
294744
294745
294746
294747
294748
294749
294750
294751
294752
294753
294754
294755
294756
294757
294758
294759
294760
294761
294762
294763
294764
294765
294766
294767
294768
294769
294770
294771
294772
294773
294774
294775
294776
294777
294778
294779
294780
294781
294782
294784
294785
294786
294787
294788
294815
294816
294817
294818
294819
294820
294821
294822
294823
294824
294825
294826
294827
294828
294829
294830
294831
294832
294833
294834
294835
294836
294837
294838
294839
294840
294893
294894
294895
294896
294897
294898
294899
294900
294901
294902
294903
294904
294905
294906
294907
294908
294909
294910
294911
294912
294913
294914
294915
294916
294917
294918
294919
294920
294922
294923
294924
294925
294926
294927
294928
294929
294930
294931
294932
294933
294934
294935
294936
294937
294938
294939
294940
294941
294942
294943
294944
294971
294972
294973
294974
294975
294976
294977
294978
294979
294980
294981
294982
294983
294984
294985
294986
294987
294988
294989
294990
294991
294992
294993
294994
294995
294996
295023
295024
295025
295026
295027
295028
295029
295030
295031
295032
295033
295034
295035
295036
295037
295038
295039
295040
295041
295042
295043
295044
295045
295046
295047
295048
295075
295076
295077
295078
295079
295080
295081
295082
295083
295084
295085
295086
295087
295088
295089
295090
295091
295092
295093
295094
295095
295096
295097
295098
295099
295100
295127
295128
295129
295130
295131
295132
295133
295134
295135
295136
295137
295138
295139
295140
295141
295142
295143
295144
295145
295146
295148
295149
295150
295151
295152
295179
295180
295181
295182
295183
295184
295185
295186
295187
295188
295189
295190
295191
295192
295193
295194
295195
295196
295197
295198
295199
295200
295201
295202
295203
295204
295257
295258
295259
295260
295261
295262
295263
295264
295265
295266
295267
295268
295269
295270
295271
295272
295273
295275
295276
295277
295278
295279
295280
295281
295282
295387
295388
295389
295390
295391
295392
295393
295394
295395
295396
295397
295398
295399
295400
295401
295402
295403
295404
295405
295406
295407
295408
295409
295410
295411
295412
295465
295466
295467
295468
295469
295470
295471
295472
295473
295474
295475
295476
295477
295478
295479
295480
295481
295482
295483
295484
295485
295486
295487
295488
295489
295490
295543
295544
295545
295546
295547
295548
295549
295550
295551
295552
295553
295554
295555
295556
295557
295558
295559
295561
295562
295563
295564
295565
295566
295567
295568
295569
295570
295571
295572
295573
295575
295576
295577
295578
295579
295580
295581
295582
295583
295584
295585
295586
295587
295588
295589
295590
295591
295592
295593
295594
295699
295700
295701
295702
295703
295704
295705
295706
295707
295708
295709
295710
295711
295712
295713
295714
295715
295716
295717
295718
295719
295720
295721
295722
295723
295724
295725
295726
295729
295730
295731
295733
295734
295735
295736
295737
295738
295739
295740
295741
295742
295743
295744
295745
295746
295747
295748
295749
295750
295751
295752
295753
295754
295757
295758
295759
295760
295761
295762
295763
295764
295765
295766
295767
295768
295769
295770
295771
295772
295773
295774
295775
295776
295778
295779
295780
295781
295782
295783
295784
295785
295786
295787
295788
295789
295790
295791
295792
295793
295794
295795
295796
295797
295798
295799
295800
295801
295802
295829
295830
295831
295832
295833
295834
295835
295836
295837
295838
295839
295840
295841
295842
295843
295844
295845
295846
295847
295848
295849
295850
295851
295852
295853
295854
295881
295882
295883
295884
295885
295886
295887
295888
295889
295890
295891
295892
295893
295894
295895
295896
295897
295898
295899
295900
295901
295902
295903
295904
295905
295906
295908
295909
295910
295911
295912
295913
295914
295915
295916
295917
295918
295919
295920
295921
295922
295923
295924
295925
295926
295927
295928
295929
295931
295932
295985
295986
295987
295988
295989
295990
295991
295992
295993
295994
295995
295996
295997
295998
295999
296000
296001
296002
296003
296004
296005
296006
296007
296008
296009
296010
296063
296064
296065
296066
296067
296068
296069
296070
296071
296072
296073
296074
296075
296076
296077
296078
296079
296081
296082
296083
296084
296085
296086
296087
296088
296193
296194
296195
296196
296197
296198
296199
296200
296201
296202
296203
296204
296205
296206
296207
296208
296209
296210
296211
296212
296213
296214
296215
296216
296217
296218
296220
296221
296222
296223
296224
296226
296227
296228
296229
296230
296231
296232
296233
296234
296235
296236
296237
296238
296239
296240
296241
296242
296243
296244
296271
296272
296273
296274
296275
296276
296277
296278
296279
296280
296281
296282
296283
296284
296285
296286
296287
296289
296290
296291
296292
296293
296294
296295
296297
296298
296300
296301
296302
296303
296304
296305
296306
296307
296308
296309
296310
296311
296313
296314
296315
296316
296317
296318
296319
296320
296321
296322
296324
296325
296326
296327
296328
296330
296331
296332
296334
296335
296336
296337
296338
296339
296340
296341
296342
296343
296344
296345
296346
296348
296351
296352
296353
296354
296355
296356
296357
296359
296360
296361
296362
296363
296364
296365
296366
296367
296368
296369
296370
296371
296372
296373
296374
296401
296402
296403
296404
296405
296406
296407
296408
296409
296410
296411
296412
296413
296414
296415
296416
296417
296418
296419
296420
296421
296422
296423
296424
296425
296426
296427
296429
296430
296431
296432
296433
296434
296435
296436
296437
296438
296439
296440
296441
296442
296443
296444
296445
296446
296447
296448
296449
296450
296451
296452
296531
296532
296533
296534
296535
296536
296537
296538
296539
296540
296541
296542
296543
296544
296545
296546
296547
296548
296549
296551
296552
296553
296554
296555
296556
296558
296559
296561
296562
296563
296564
296565
296566
296567
296568
296569
296570
296571
296572
296573
296574
296575
296576
296577
296578
296579
296580
296581
296582
296609
296610
296611
296613
296614
296615
296616
296617
296618
296619
296620
296621
296622
296623
296624
296625
296626
296627
296628
296629
296630
296631
296632
296633
296634
296635
296636
296637
296638
296639
296640
296641
296642
296643
296644
296646
296647
296648
296649
296650
296651
296652
296653
296654
296655
296656
296657
296658
296659
296660
296687
296688
296689
296690
296691
296692
296693
296694
296695
296696
296697
296698
296699
296700
296701
296702
296703
296704
296705
296706
296707
296708
296709
296710
296711
296712
296714
296715
296716
296717
296718
296719
296720
296721
296722
296723
296724
296725
296726
296727
296728
296729
296730
296731
296732
296733
296734
296735
296736
296738
296739
296741
296742
296743
296744
296745
296746
296747
296748
296750
296751
296752
296754
296755
296757
296758
296759
296760
296761
296762
296763
296764
296765
296766
296767
296768
296769
296770
296771
296772
296773
296774
296775
296776
296777
296778
296779
296780
296781
296782
296783
296784
296785
296786
296787
296788
296789
296790
296895
296896
296897
296898
296899
296900
296901
296902
296903
296904
296905
296906
296907
296908
296909
296910
296911
296912
296913
296914
296915
296916
296917
296918
296919
296920
296922
296923
296924
296925
296926
296927
296928
296929
296930
296931
296932
296933
296934
296935
296936
296937
296938
296939
296940
296941
296942
296943
296944
296945
296946
296947
296949
296950
296951
296952
296953
296954
296955
296956
296957
296958
296959
296960
296961
296962
296963
296964
296965
296966
296967
296968
296969
296970
296971
296972
296973
296974
296975
296976
296977
296978
296979
296980
296981
296982
296983
296984
296985
296986
296987
296988
296989
296990
296991
296992
296993
296994
296995
296996
296997
296998
297025
297026
297027
297028
297029
297030
297031
297032
297033
297034
297035
297036
297037
297038
297039
297040
297041
297042
297043
297044
297045
297046
297047
297048
297049
297050
297077
297078
297079
297080
297081
297082
297083
297084
297085
297086
297087
297088
297089
297090
297091
297092
297093
297094
297095
297096
297097
297098
297099
297100
297101
297102
297129
297130
297131
297132
297133
297134
297135
297136
297137
297138
297139
297140
297141
297142
297143
297144
297145
297146
297147
297148
297149
297150
297151
297152
297153
297154
297285
297286
297287
297288
297289
297290
297291
297292
297293
297294
297295
297296
297297
297298
297299
297300
297301
297302
297303
297304
297305
297306
297307
297308
297309
297310
297337
297338
297339
297340
297341
297342
297343
297344
297345
297347
297348
297349
297350
297351
297352
297353
297354
297355
297356
297358
297359
297360
297361
297362
297389
297390
297391
297392
297393
297394
297395
297396
297397
297398
297399
297400
297401
297402
297403
297404
297405
297406
297407
297408
297409
297411
297412
297413
297414
297415
297420
297421
297423
297424
297426
297427
297428
297430
297432
297433
297434
297438
297440
297495
297500
297502
297503
297504
297505
297506
297507
297508
297510
297512
297513
297514
297515
297516
297517
297518
297521
297522
297523
297524
297525
