297527
297528
297529
297530
297531
297532
297533
297534
297535
297536
297537
297538
297539
297540
297541
297542
297543
297544
297545
297546
297547
297548
297549
297550
297551
297552
297553
297554
297555
297556
297557
297558
297559
297560
297561
297562
297563
297564
297565
297566
297567
297568
297569
297570
297597
297598
297599
297600
297601
297602
297603
297604
297605
297606
297607
297608
297609
297610
297611
297612
297613
297614
297615
297616
297617
297618
297619
297620
297621
297622
297753
297754
297755
297756
297757
297758
297759
297760
297761
297762
297763
297764
297765
297766
297767
297768
297769
297770
297771
297772
297773
297774
297775
297776
297777
297778
297805
297806
297807
297808
297809
297810
297811
297812
297813
297814
297815
297816
297817
297818
297819
297820
297821
297822
297823
297824
297825
297826
297827
297828
297829
297830
297831
297832
297833
297834
297835
297836
297837
297838
297839
297840
297841
297842
297843
297844
297845
297846
297847
297848
297849
297850
297851
297852
297853
297854
297855
297856
297909
297910
297911
297912
297913
297914
297915
297916
297917
297918
297919
297920
297921
297922
297923
297924
297925
297926
297927
297928
297929
297930
297931
297932
297933
297934
297935
297936
297937
297938
297939
297940
297941
297942
297943
297945
297946
297947
297949
297950
297951
297952
297953
297954
297955
297956
297957
297958
297959
297960
297961
297962
297963
297964
297965
297966
297967
297968
297969
297970
297971
297972
297973
297974
297975
297976
297977
297978
297979
297980
297981
297982
297983
297984
297985
297986
297987
297988
297989
297990
297991
297992
297993
297994
297995
297996
297997
297998
297999
298000
298001
298002
298003
298004
298005
298006
298007
298008
298009
298010
298011
298012
298013
298014
298015
298016
298017
298018
298019
298020
298021
298022
298023
298024
298025
298026
298027
298028
298029
298030
298031
298032
298033
298034
298035
298036
298037
298038
298117
298118
298119
298120
298121
298122
298123
298124
298125
298126
298127
298128
298129
298130
298131
298133
298134
298135
298136
298137
298138
298140
298141
298142
298143
298144
298145
298146
298147
298148
298149
298150
298151
298152
298153
298154
298155
298156
298157
298158
298159
298160
298161
298162
298163
298164
298165
298166
298167
298168
298195
298196
298197
298198
298199
298200
298201
298202
298203
298204
298205
298206
298207
298209
298210
298211
298212
298213
298214
298215
298216
298217
298218
298219
298220
298222
298223
298224
298225
298226
298227
298228
298229
298230
298231
298232
298233
298234
298235
298236
298237
298238
298239
298240
298241
298242
298243
298245
298246
298299
298300
298301
298302
298303
298304
298305
298306
298307
298308
298309
298310
298311
298312
298313
298314
298315
298316
298317
298318
298320
298321
298322
298323
298324
298403
298404
298405
298406
298407
298408
298409
298410
298411
298412
298413
298414
298415
298416
298417
298418
298419
298420
298421
298422
298423
298424
298425
298426
298427
298428
298455
298456
298457
298458
298459
298460
298461
298462
298463
298464
298465
298466
298467
298468
298469
298470
298471
298472
298473
298474
298475
298476
298477
298478
298479
298480
