298559
298560
298561
298562
298563
298564
298565
298566
298567
298568
298569
298570
298571
298572
298573
298574
298575
298576
298577
298578
298579
298580
298581
298582
298583
298584
298637
298638
298639
298640
298641
298642
298643
298644
298645
298646
298647
298648
298649
298650
298651
298652
298653
298654
298655
298656
298657
298658
298659
298660
298661
298662
298664
298665
298666
298667
298668
298669
298670
298671
298672
298673
298674
298675
298676
298677
298678
298679
298680
298681
298682
298683
298684
298685
298686
298687
298688
298741
298742
298743
298744
298745
298746
298747
298748
298749
298750
298751
298752
298753
298754
298755
298756
298757
298758
298759
298760
298761
298762
298763
298764
298765
298766
298767
298769
298770
298771
298772
298773
298774
298776
298777
298778
298779
298780
298781
298782
298783
298784
298785
298786
298787
298788
298789
298790
298791
298792
298871
298872
298873
298874
298875
298876
298877
298878
298879
298880
298881
298882
298883
298884
298885
298886
298887
298888
298889
298890
298891
298892
298893
298894
298895
298896
298923
298924
298925
298926
298927
298928
298929
298930
298931
298932
298933
298934
298935
298936
298937
298938
298939
298940
298941
298942
298943
298944
298945
298946
298947
298948
298949
298950
298951
298952
298953
298954
298955
298956
298957
298958
298959
298960
298961
298962
298963
298965
298966
298967
298968
298969
298970
298971
298972
298973
298974
298975
298977
298978
298979
298980
298981
298982
298983
298984
298985
298986
298987
298988
298989
298990
298991
298992
298993
298994
298995
298996
298997
298998
298999
299000
299027
299028
299029
299030
299031
299032
299033
299034
299035
299036
299037
299038
299039
299040
299041
299042
299043
299044
299046
299047
299048
299049
299050
299051
299052
299053
299054
299055
299056
299057
299058
299059
299060
299061
299062
299063
299064
299065
299066
299067
299068
299069
299070
299071
299072
299073
299074
299075
299076
299077
299078
299105
299106
299107
299108
299110
299111
299112
299113
299114
299115
299117
299118
299119
299120
299121
299122
299123
299124
299125
299126
299127
299128
299129
299130
299184
299185
299186
299188
299189
299190
299191
299192
299193
299194
299195
299196
299197
299198
299199
299200
299201
299202
299203
299204
299205
299206
299207
299208
299235
299236
299237
299238
299239
299240
299241
299242
299243
299244
299245
299246
299247
299248
299249
299250
299251
299252
299253
299254
299255
299256
299257
299258
299259
299260
299313
299314
299315
299316
299317
299318
299319
299320
299321
299322
299323
299324
299325
299326
299327
299328
299329
299330
299331
299332
299333
299334
299335
299337
299338
299341
299342
299343
299345
299346
299347
299348
299349
299350
299351
299352
299353
299354
299355
299356
299357
299358
299359
299360
299361
299362
299363
299364
299365
299366
299367
299368
299369
299370
299371
299372
299373
299374
299375
299376
299377
299378
299379
299380
299381
299382
299383
299384
299385
299386
299387
299388
299389
299390
299495
299496
299497
299498
299499
299500
299501
299502
299503
299504
299505
299506
299507
299508
299509
299510
299511
299512
299513
299514
299515
299516
299517
299518
299519
299520
299599
299600
299601
299602
299603
299604
299605
299606
299607
299608
299609
299610
299611
299612
299613
299614
299615
299616
299617
299618
299619
299620
299621
299622
299623
299624
299677
299678
299679
299680
299681
299682
299683
299684
299685
299686
299687
299688
299689
299690
299691
299692
299693
299694
299695
299696
299697
299698
299699
299700
299701
299702
299755
299756
299757
299758
299759
299760
299761
299762
299763
299764
299765
299766
299767
299768
299769
299770
299771
299772
299773
299774
299775
299776
299777
299778
299779
299780
299781
299782
299783
299784
299785
299786
299787
299788
299789
299790
299791
299792
299793
299794
299795
299796
299797
299798
299799
299800
299801
299802
299803
299804
299805
299806
299807
299808
299809
299810
299811
299812
299813
299814
299815
299816
299817
299818
299819
299820
299821
299822
299823
299824
299825
299826
299827
299828
299829
299830
299831
299832
299833
299834
299835
299836
299837
299838
299839
299840
299841
299842
299843
299844
299845
299846
299847
299848
299849
299850
299851
299852
299853
299854
299855
299856
299857
299858
299859
299860
299861
299862
299863
299864
299865
299866
299867
299868
299869
299870
299871
299872
299873
299874
299875
299876
299877
299878
299879
299880
299881
299882
299883
299884
299937
299938
299939
299940
299941
299942
299943
299944
299945
299946
299947
299948
299949
299950
299951
299952
299953
299954
299955
299956
299957
299958
299959
299960
299961
299962
