299989
299990
299991
299992
299993
299994
299995
299996
299997
299998
299999
300000
300001
300002
300003
300004
300005
300006
300007
300008
300009
300010
300011
300012
300013
300014
300015
300016
300017
300018
300019
300020
300021
300022
300023
300024
300025
300026
300027
300028
300029
300030
300031
300032
300033
300034
300035
300036
300037
300038
300039
300040
300093
300094
300095
300096
300097
300098
300099
300100
300101
300102
300103
300104
300105
300106
300107
300108
300109
300110
300111
300112
300113
300114
300115
300116
300117
300118
300145
300146
300147
300148
300149
300150
300151
300152
300153
300154
300155
300156
300157
300158
300159
300160
300161
300162
300163
300164
300165
300166
300167
300168
300169
300170
300172
300173
300174
300175
300176
300177
300178
300179
300180
300181
300182
300183
300184
300185
300186
300187
300188
300189
300190
300191
300192
300193
300194
300195
300196
300223
300224
300225
300226
300227
300228
300229
300230
300231
300232
300233
300234
300235
300236
300237
300238
300239
300240
300241
300242
300243
300244
300245
300246
300247
300248
300250
300251
300252
300253
300254
300255
300256
300257
300258
300259
300260
300261
300262
300263
300264
300265
300266
300267
300268
300269
300270
300271
300272
300273
300274
300301
300302
300303
300304
300305
300306
300307
300308
300309
300310
300311
300312
300313
300314
300315
300316
300317
300318
300319
300320
300321
300322
300323
300324
300325
300326
300431
300432
300433
300434
300435
300436
300437
300438
300439
300440
300441
300442
300443
300444
300445
300446
300447
300448
300449
300450
300451
300452
300453
300454
300455
300456
300457
300458
300459
300460
300461
300462
300463
300464
300465
300466
300467
300468
300469
300470
300471
300472
300473
300474
300475
300476
300477
300478
300479
300480
300481
300482
300483
300484
300485
300486
300487
300488
300489
300490
300491
300492
300493
300494
300495
300496
300497
300498
300499
300500
300501
300502
300503
300504
300505
300506
300507
300508
300535
300536
300537
300538
300539
300540
300541
300542
300543
300544
300545
300546
300547
300548
300549
300550
300551
300553
300554
300555
300556
300557
300558
300559
300560
300665
300666
300667
300668
300669
300670
300671
300672
300673
300674
300675
300676
300677
300678
300679
300680
300681
300682
300683
300684
300685
300686
300687
300688
300689
300690
300691
300692
300694
300695
300696
300697
300698
300699
300700
300701
300702
300703
300704
300705
300706
300707
300708
300709
300710
300711
300712
300713
300714
300715
300716
300718
300719
300720
300721
300722
300723
300724
300725
300726
300727
300728
300729
300730
300731
300732
300733
300734
300735
300736
300737
300738
300739
300740
300741
300742
300873
300874
300875
300876
300877
300878
300879
300880
300881
300882
300883
300884
300885
300886
300887
300888
300889
300890
300891
300892
300893
300894
300895
300896
300897
300898
300925
300926
300927
300928
300929
300930
300931
300932
300933
300934
300935
300936
300937
300938
300939
300940
300941
300942
300943
300944
300945
300946
300947
300948
300949
300950
300977
300978
300979
300980
300981
300982
300983
300984
300985
300986
300987
300988
300989
300990
300991
300992
300993
300994
300995
300996
300997
300998
300999
301000
301001
301002
301029
301030
301031
301032
301033
301034
301035
301036
301037
301038
301039
301040
301041
301042
301043
301044
301045
301046
301047
301048
301049
301050
301051
301052
301053
301054
301056
301057
301058
301059
301060
301061
301062
301063
301064
301065
301066
301067
301068
301069
301070
301071
301072
301073
301074
301075
301076
301077
301078
301079
301080
301081
301083
301084
301085
301086
301087
301088
301089
301090
301091
301092
301093
301094
301095
301096
301097
301098
301099
301100
301101
301102
301103
301104
301105
301106
301159
301160
301161
301162
301163
301164
301165
301166
301167
301168
301169
301170
301171
301172
301173
301174
301175
301176
301177
301178
301179
301180
301181
301182
301183
301184
301211
301212
301213
301214
301215
301216
301217
301218
301219
301220
301221
301222
301223
301224
301225
301226
301227
301228
301229
301230
301231
301232
301233
301234
301235
301236
301239
301240
301241
301242
301243
301244
301245
301246
301247
301248
301249
301250
301251
301252
301253
301254
301255
301256
301257
301258
301259
301260
301261
301262
301264
301265
301266
301267
301268
301269
301270
301271
301272
301273
301274
301275
301276
301277
301278
301279
301280
301281
301282
301283
301284
301285
301286
301287
301288
301315
301316
301317
301318
301319
301320
301321
301322
301323
301324
301325
301326
301327
301328
301329
301330
301331
301332
301333
301334
301335
301336
301337
301338
301339
301340
301419
301420
301421
301422
301423
301424
301425
301426
301427
301428
301429
301430
301431
301432
301433
301434
301435
301436
301437
301438
301439
301440
301441
301442
301443
301444
301523
301524
301525
301526
301527
301528
301529
301530
301531
301532
301533
301534
301535
301536
301537
301538
301539
301540
301541
301542
301543
301544
301545
301546
301547
301548
301550
301551
301552
301553
301554
301555
301556
301557
301558
301559
301560
301561
301562
301563
301564
301565
301566
301567
301568
301569
301570
301571
301572
301573
301574
301601
301602
301603
301604
301605
301606
301607
301608
301609
301610
301611
301612
301613
301614
301615
301616
301617
301618
301619
301620
301621
301622
301623
301624
301625
301626
301628
301629
301631
301632
301633
301634
301635
301636
301637
301638
301639
301640
301641
301642
301643
301644
301645
301646
301647
301648
301649
301650
301651
301652
301653
301654
301655
301656
301657
301658
301659
301660
301661
301662
301663
301664
301665
301666
301667
301668
301669
301670
301671
301672
301673
301674
301675
301676
301677
301678
301679
301680
301681
301682
301683
301684
301685
301686
301687
301688
301689
301690
301691
301692
301693
301694
301695
301696
301697
301698
301699
301700
301701
301702
301703
301704
301705
301706
301707
301708
301709
301710
301711
301712
301713
301714
301715
301716
301717
301718
301719
301720
301721
301722
301723
301724
301725
301726
301727
301728
301729
301730
301757
301758
301759
301760
301761
301762
301763
301764
301765
301766
301767
301768
301769
301770
301771
301772
301773
301774
301775
301776
301777
301778
301779
301781
301782
301809
301810
301811
301812
301813
301814
301815
301816
301817
301818
301819
301820
301821
301822
301823
301824
301825
301826
301827
301828
301829
301830
301831
301832
301833
301834
301861
301862
301863
301864
301865
301866
301867
301868
301869
301870
301871
301872
301873
301874
301875
301876
301877
301878
301879
301880
301881
301882
301883
301884
301885
301886
301913
301914
301915
301917
301918
301919
301920
301921
301922
301923
301924
301925
301926
301927
301928
301929
301930
301931
301932
301933
301934
301935
301936
301937
301938
302251
302252
302253
302254
302255
302256
302257
302258
302259
302260
302261
302262
302263
302264
302265
302266
302267
302268
302269
302270
302271
302272
302273
302274
302275
302276
302277
302278
302279
302280
302281
302282
302283
302284
302285
302286
302287
302288
302289
302290
302291
302292
302293
302294
302295
302296
302297
302298
302299
302300
302301
302302
302355
302356
302357
302358
302359
302360
302361
302362
302363
302364
302365
302366
302367
302368
302369
302370
302371
302372
302373
302374
302375
302376
302377
302378
302379
302380
302407
302408
302409
302410
302411
302412
302413
302414
302415
302416
302417
302418
302419
302420
302421
302422
302423
302424
302425
302426
302427
302428
302429
302430
302431
302432
302563
302564
302565
302566
302567
302568
302569
302570
302571
302572
302573
302574
302575
302576
302577
302578
302579
302580
302581
302582
302583
302584
302585
302586
302587
302588
302615
302616
302617
302618
302619
302620
302621
302622
302623
302624
302625
302626
302627
302628
302629
302630
302631
302632
302633
302634
302635
302636
302637
302638
302639
302640
302667
302668
302669
302670
302671
302672
302673
302674
302675
302676
302677
302678
302679
302680
302681
302682
302683
302684
302685
302686
302687
302688
302689
302690
302691
302692
302823
302824
302825
302826
302827
302828
302829
302830
302831
302832
302833
302834
302835
302836
302837
302838
302839
302840
302841
302842
302843
302844
302845
302846
302847
302848
302849
302850
302852
302853
302854
302856
302857
302858
302859
302860
302861
302862
302863
302864
302865
302866
302867
302868
302869
302870
302871
302872
302873
302874
302901
302902
302903
302904
302905
302906
302907
302908
302909
302910
302911
302912
302913
302914
302915
302916
302917
302918
302919
302920
302921
302922
302923
302924
302925
302926
303005
303006
303007
303008
303009
303010
303011
303012
303013
303014
303015
303016
303017
303018
303019
303020
303021
303022
303023
303024
303025
303026
303027
303028
303030
303032
303033
303034
303035
303036
303037
303038
303039
303040
303041
303042
303043
303044
303045
303046
303047
303049
303050
303051
303052
303053
303054
303055
303056
303083
303084
303085
303086
303087
303088
303089
303090
303091
303092
303093
303094
303095
303096
303097
303098
303099
303100
303101
303102
303103
303104
303105
303106
303107
303108
303110
303111
303113
303114
303115
303116
303117
303118
303120
303121
303122
303123
303124
303125
303126
303127
303128
303129
303130
303131
303132
303133
303134
303135
303139
303140
303141
303142
303143
303144
303145
303146
303147
303148
303149
303150
303151
303152
303153
303154
303155
303156
303157
303158
303159
303160
303187
303188
303189
303190
303191
303192
303193
303194
303195
303196
303197
303198
303200
303201
303202
303203
303204
303205
303206
303207
303208
303209
303210
303211
303212
303239
303240
303241
303242
303243
303244
303245
303246
303247
303248
303249
303250
303251
303252
303253
303254
303255
303256
303257
303258
303259
303260
303261
303262
303263
303264
303266
303267
303268
303269
303270
303271
303272
303273
303274
303275
303276
303277
303278
303279
303280
303281
303282
303283
303284
303285
303286
303287
303288
303289
303290
303343
303344
303345
303346
303347
303348
303349
303350
303351
303352
303353
303354
303355
303356
303357
303358
303359
303360
303361
303362
303364
303365
303366
303367
303368
303369
303370
303371
303372
303373
303374
303375
303376
303377
303378
303379
303380
303381
303382
303383
303384
303385
303386
303387
303388
303389
303390
303391
303392
303393
303394
303422
303423
303424
303425
303426
303427
303428
303429
303430
303431
303432
303433
303434
303435
303436
303437
303438
303439
303440
303441
303442
303443
303444
303445
303446
303499
303500
303501
303502
303503
303504
303505
303506
303507
303508
303509
303511
303512
303513
303514
303515
303516
303517
303518
303519
303520
303521
303522
303523
303524
303525
303526
303527
303529
303530
303531
303532
303533
303534
303535
303537
303538
303539
303540
303541
303542
303543
303544
303545
303546
303547
303548
303549
303550
303551
303552
303553
303555
303556
303557
303558
303559
303560
303561
303562
303563
303564
303565
303566
303567
303568
303569
303571
303572
303573
303574
303575
303576
303655
303656
303657
303658
303659
303660
303661
303662
303663
303664
303665
303666
303667
303668
303669
303670
303673
303674
303676
303677
303678
303679
303680
303681
303683
303684
303685
303686
303687
303688
303689
303690
303691
303692
303693
303694
303695
303696
303697
303698
303699
303700
303701
303702
303703
303704
303705
303706
303733
303734
303735
303736
303737
303738
303739
303740
303741
303742
303743
303744
303745
303746
303747
303748
303749
303750
303751
303752
303754
303755
303756
303757
303758
303759
303761
303762
303763
303764
303766
303767
303768
303769
303770
303771
303772
303773
303774
303775
303776
303777
303778
303779
303780
303781
303782
303784
303786
303787
303788
303789
303791
303792
303793
303794
303795
303796
303797
303798
303799
303801
303802
303803
303804
303805
303806
303807
303808
303809
303810
303863
303864
303865
303866
303867
303868
303869
303870
303871
303872
303873
303874
303875
303876
303877
303878
303880
303882
303883
303884
303885
303886
303887
303888
303967
303968
303969
303970
303971
303972
303973
303974
303975
303976
303977
303978
303979
303980
303981
303982
303983
303984
303985
303986
303987
303988
303989
303990
303991
303992
303993
303994
303995
303996
303997
303998
303999
304000
304001
304002
304003
304004
304005
304007
304008
304009
304010
304011
304012
304013
304014
304015
304016
304017
304018
304020
304021
304022
304023
304024
304025
304026
304027
304028
304029
304030
304031
304033
304034
304035
304036
304037
304038
304039
304041
304044
304097
304098
304099
304100
304101
304102
304103
304104
304105
304106
304107
304108
304109
304110
304111
304112
304113
304114
304115
304116
304117
304118
304119
304120
304121
304122
304175
304176
304177
304178
304179
304180
304181
304182
304183
304184
304185
304186
304187
304188
304189
304190
304191
304192
304193
304194
304195
304196
304197
304198
304199
304200
304201
304202
304203
304204
304205
304206
304207
304208
304209
304210
304211
304212
304213
304214
304215
304216
304217
304218
304219
304220
304221
304222
304223
304224
304225
304226
304227
304228
304229
304230
304231
304232
304233
304234
304235
304236
304237
304238
304239
304240
304241
304242
304243
304244
304245
304246
304247
304248
304249
304250
304251
304252
304253
304255
304256
304258
304259
304260
304261
304262
304263
304264
304265
304266
304267
304268
304269
304270
304271
304272
304273
304274
304275
304276
304277
304278
304357
304358
304359
304360
304361
304362
304363
304364
304365
304366
304367
304368
304369
304370
304371
304372
304373
304374
304375
304376
304377
304378
304379
304380
304381
304382
304435
304436
304437
304438
304439
304440
304441
304442
304443
304444
304445
304446
304447
304448
304449
304450
304451
304452
304453
304454
304455
304456
304457
304458
304459
304460
304539
304540
304541
304542
304543
304544
304545
304546
304547
304548
304549
304550
304551
304552
304553
304554
304555
304556
304557
304559
304560
304561
304562
304563
304564
304591
304592
304593
304594
304595
304596
304597
304598
304599
304600
304601
304602
304603
304604
304605
304606
304607
304608
304609
304610
304611
304612
304613
304614
304615
304616
304618
304619
304620
304621
304622
304623
304624
304625
304626
304627
304628
304629
304630
304631
304632
304633
304634
304635
304636
304637
304638
304639
304640
304641
304642
304721
304722
304723
304724
304725
304726
304727
304728
304729
304730
304731
304732
304733
304734
304735
304736
304737
304738
304739
304740
304741
304742
304743
304744
304745
304746
304747
304752
304754
304755
304756
304757
304758
304759
304760
304763
304764
304766
304767
304768
304769
304770
304771
