304825
304826
304827
304828
304829
304830
304831
304832
304833
304834
304835
304837
304838
304839
304840
304841
304842
304843
304844
304845
304846
304847
304848
304849
304850
304851
304852
304853
304854
304855
304856
304857
304858
304859
304860
304861
304862
304863
304864
304865
304866
304867
304868
304869
304870
304871
304872
304873
304874
304875
304876
304904
304905
304906
304907
304908
304909
304910
304911
304912
304913
304914
304915
304916
304917
304918
304919
304920
304921
304922
304923
304924
304926
304927
304928
304955
304956
304957
304958
304959
304960
304961
304962
304963
304964
304965
304966
304967
304968
304969
304970
304971
304972
304973
304974
304975
304976
304977
304978
304979
304980
304982
304983
304984
304985
304986
304987
304988
304989
304990
304991
304992
304993
304994
304995
304996
304997
304998
304999
305000
305001
305002
305003
305004
305005
305006
305007
305008
305009
305010
305011
305012
305013
305014
305015
305016
305017
305018
305019
305020
305021
305022
305023
305024
305025
305026
305027
305028
305029
305030
305031
305032
305034
305035
305036
305037
305038
305039
305040
305041
305042
305043
305044
305045
305046
305047
305048
305049
305050
305051
305052
305053
305054
305055
305056
305057
305058
305085
305086
305087
305088
305089
305090
305091
305092
305093
305094
305095
305096
305097
305098
305099
305100
305101
305102
305103
305104
305105
305106
305107
305108
305109
305110
305137
305138
305139
305140
305141
305142
305143
305144
305145
305146
305147
305148
305149
305150
305151
305152
305153
305154
305155
305156
305157
305158
305159
305160
305161
305162
305163
305165
305166
305167
305168
305169
305170
305171
305172
305173
305174
305175
305176
305177
305178
305179
305180
305181
305182
305183
305184
305185
305186
305187
305188
305267
305268
305269
305270
305271
305272
305273
305274
305275
305276
305277
305278
305279
305280
305281
305282
305283
305284
305285
305286
305287
305288
305289
305290
305291
305292
305294
305295
305296
305297
305298
305299
305300
305301
305302
305303
305304
305305
305306
305307
305308
305309
305310
305311
305312
305313
305314
305315
305316
305317
305318
305345
305346
305347
305348
305349
305351
305352
305353
305354
305355
305356
305357
305358
305359
305360
305361
305362
305363
305364
305365
305366
305367
305368
305369
305370
305423
305424
305425
305426
305427
305428
305429
305430
305431
305432
305433
305434
305435
305436
305437
305438
305439
305440
305441
305442
305443
305444
305445
305446
305447
305448
305527
305528
305529
305530
305531
305532
305533
305534
305535
305536
305537
305538
305539
305540
305541
305542
305543
305544
305545
305546
305547
305548
305549
305550
305551
305552
305579
305580
305581
305582
305583
305584
305585
305586
305587
305588
305589
305590
305591
305592
305593
305594
305595
305596
305597
305598
305599
305600
305601
305602
305603
305604
305709
305710
305711
305712
305713
305714
305715
305716
305717
305718
305719
305720
305721
305722
305723
305724
305725
305726
305727
305728
305729
305730
305731
305732
305733
305734
305736
305738
305739
305740
305741
305742
305743
305744
305745
305746
305747
305748
305749
305750
305751
305752
305753
305754
305755
305756
305757
305758
305759
305760
305761
305762
305763
305764
305765
305766
305767
305768
305769
305770
305771
305772
305773
305774
305775
305776
305777
305778
305779
305780
305781
305782
305783
305784
305785
305786
305839
305840
305841
305842
305843
305844
305845
305846
305847
305848
305849
305850
305851
305852
305853
305854
305855
305856
305857
305858
305859
305860
305861
305862
305863
305864
305866
305867
305868
305869
305870
305871
305872
305873
305874
305875
305876
305877
305878
305879
305880
305881
305882
305883
305884
305885
305886
305887
305888
305889
305890
305917
305918
305919
305920
305921
305922
305923
305924
305925
305926
305927
305928
305929
305930
305931
305932
305933
305934
305935
305936
305937
305938
305939
305940
305941
305942
305944
305945
305946
305947
305948
305949
305950
305951
305952
305953
305954
305955
305956
305957
305958
305959
305960
305961
305962
305963
305964
305965
305966
305967
305968
305972
305973
305974
305975
305976
305977
305978
305979
305980
305981
305982
305983
305984
305985
305986
305987
305988
305989
305990
305991
305992
305993
305994
306021
306022
306023
306024
306025
306026
306027
306028
306029
306030
306031
306032
306033
306034
306035
306036
306037
306038
306039
306040
306041
306042
306043
306044
306045
306046
306125
306126
306127
306128
306129
306130
306131
306132
306133
306134
306135
306136
306137
306138
306139
306140
306141
306142
306143
306144
306145
306146
306147
306148
306149
306150
306151
306153
306154
306155
306156
306157
306158
306159
306160
306161
306162
306163
306164
306165
306166
306167
306168
306169
306170
306171
306172
306173
306174
306175
306176
306255
306256
306257
306258
306259
306260
306261
306262
306263
306264
306265
306266
306267
306268
306269
306270
306271
306272
306273
306274
306275
306276
306277
306278
306279
306280
306282
306283
306284
306285
306286
306287
306288
306289
306290
306291
306292
306293
306294
306295
306296
306297
306298
306299
306300
306301
306302
306303
306304
306305
306306
306307
306310
306311
306312
306313
306314
306315
306316
306317
306318
306319
306320
306321
306322
306323
306324
306325
306326
306327
306328
306329
306330
306331
306332
306333
306334
306335
306336
306337
306338
306339
306340
306341
306342
306343
306344
306345
306346
306347
306348
306349
306350
306351
306352
306353
306354
306355
306356
306357
306358
306385
306386
306387
306388
306389
306390
306391
306392
306393
306394
306395
306396
306397
306398
306399
306400
306401
306402
306403
306404
306405
306406
306407
306408
306409
306410
306411
306412
306413
306414
306415
306416
306417
306418
306419
306420
306421
306422
306423
306424
306425
306426
306428
306429
306430
306431
306432
306433
306434
306435
306436
306437
306439
306440
306441
306442
306443
306444
306445
306446
306447
306448
306449
306450
306451
306452
306453
306454
306455
306456
306457
306458
306459
306460
306461
306462
306489
306490
306491
306492
306493
306494
306495
306496
306497
306498
306499
306500
306501
306502
306503
306504
306505
306506
306507
306508
306509
306510
306511
306512
306513
306514
306516
306517
306518
306519
306520
306521
306522
306523
306524
306525
306526
306527
306528
306529
306530
306531
306532
306533
306534
306535
306536
306537
306538
306539
306540
306671
306672
306673
306674
306675
306676
306677
306678
306679
306680
306681
306682
306683
306684
306685
306686
306687
306688
306689
306690
306691
306692
306693
306694
306695
306696
306723
306724
306725
306726
306727
306728
306729
306730
306731
306732
306733
306734
306735
306736
306737
306738
306739
306740
306741
306742
306743
306744
306745
306746
306747
306748
306751
306752
306753
306754
306755
306756
306757
306758
306759
306760
306761
306762
306763
306764
306765
306766
306767
306768
306769
306770
306771
306772
306773
306774
306775
306776
306777
306778
306779
306780
306781
306782
306783
306784
306785
306786
306787
306788
306789
306790
306791
306792
306793
306794
306795
306796
306797
306798
306799
306800
306827
306828
306829
306830
306831
306832
306833
306834
306835
306836
306837
306838
306839
306840
306841
306842
306843
306844
306845
306846
306847
306848
306849
306850
306851
306852
306931
306932
306933
306934
306935
306936
306937
306938
306939
306940
306941
306942
306943
306944
306945
306946
306947
306948
306949
306950
306951
306952
306953
306954
306955
306956
306957
306958
306959
306960
306961
306962
306963
306964
306965
306966
306967
306968
306969
306970
306971
306972
306973
306974
306975
306976
306977
306978
306979
306980
306981
306982
306983
306984
306985
306986
306987
306988
306989
306990
306991
306992
306993
306994
306995
306996
306997
306998
306999
307000
307001
307002
307003
307004
307005
307006
307007
307008
307010
307011
307012
307013
307014
307015
307016
307017
307018
307019
307020
307021
307022
307023
307024
307025
307026
307027
307028
307029
307030
307031
307032
307033
307034
307113
307114
307115
307116
307117
307118
307119
307120
307121
307122
307123
307124
307125
307126
307127
307128
307129
307130
307131
307132
307133
307134
307135
307136
307137
307138
307165
307166
307167
307168
307169
307170
307171
307172
307173
307174
307175
307176
307177
307178
307179
307180
307181
307182
307183
307184
307185
307186
307187
307188
307189
307190
307191
307192
307193
307194
307195
307197
307198
307199
307200
307201
307202
307203
307204
307205
307206
307207
307208
307209
307210
307211
307212
307213
307214
307215
307216
307269
307270
307271
307272
307273
307274
307275
307276
307277
307278
307279
307280
307281
307282
307283
307284
307285
307286
307287
307288
307289
307290
307291
307292
307293
307294
307295
307296
307297
307298
307299
307300
307301
307302
307303
307304
307305
307306
307307
307308
307309
307311
307312
307313
307314
307315
307316
307317
307318
307319
307320
307347
307348
307349
307350
307351
307352
307353
307354
307355
307356
307357
307358
307359
307360
307361
307362
307363
307364
307365
307366
307367
307368
307369
307370
307371
307372
307373
307375
307377
307378
307379
307380
307381
307382
307383
307384
307385
307386
307387
307388
307389
307390
307391
307392
307393
307394
307395
307396
307397
307398
307399
307401
307402
307403
307404
307405
307406
307407
307408
307409
307410
307411
307412
307413
307414
307415
307416
307417
307418
307419
307420
307421
307422
307423
307424
307425
307426
307427
307428
307429
307430
307431
307432
307433
307434
307435
307436
307437
307438
307439
307440
307441
307442
307443
307444
307445
307446
307447
307448
307449
307450
307451
307452
307453
307454
307455
307456
307457
307458
307459
307460
307461
307462
307463
307464
307465
307466
307467
307468
307469
307470
307471
307472
307473
307474
307475
307476
307503
307504
307505
307506
307507
307508
307509
307510
307511
307512
307513
307514
307515
307516
307517
307518
307519
307520
307521
307522
307523
307524
307525
307526
307527
307528
307529
307530
307531
307532
307533
307534
307535
307536
307537
307538
307539
307540
307541
307542
307543
307544
307545
307546
307547
307548
307549
307550
307551
307552
307553
307554
307581
307582
307583
307584
307585
307586
307587
307588
307589
307590
307591
307592
307593
307594
307595
307596
307597
307598
307599
307600
307601
307602
307603
307604
307605
307606
307659
307660
307661
307662
307663
307664
307665
307666
307667
307668
307669
307670
307671
307672
307673
307674
307675
307676
307677
307678
307679
307680
307681
307682
307683
307684
307711
307712
307713
307714
307715
307716
307717
307718
307719
307720
307721
307722
307723
307724
307725
307726
307727
307728
307729
307730
307731
307732
307733
307734
307735
307736
307789
307790
307791
307792
307793
307794
307795
307796
307797
307798
307799
307800
307801
307802
307803
307804
307805
307806
307807
307808
307809
307810
307811
307812
307813
307814
307815
307816
307817
307819
307820
307821
307822
307823
307824
307825
307826
307827
307828
307829
307830
307831
307832
307833
307834
307835
307836
307837
307838
307839
307840
307893
307894
307895
307896
307898
307899
307900
307901
307902
307903
307904
307905
307906
307907
307908
307909
307910
307911
307912
307913
307914
307915
307916
307917
307918
307945
307946
307947
307948
307949
307950
307951
307952
307953
307954
307955
307956
307957
307958
307959
307960
307961
307962
307963
307964
307965
307966
307967
307968
307969
307970
307997
307998
307999
308000
308001
308002
308003
308004
308005
308006
308007
308008
308009
308010
308011
308012
308013
308014
308015
308016
308017
308018
308019
308020
308021
308022
308024
308026
308027
308028
308029
308030
308031
308032
308033
308034
308035
308036
308037
308038
308039
308040
308041
308042
308043
308044
308045
308046
308047
308048
308049
308050
308051
308052
308054
308055
308056
308057
308058
308059
308060
308061
308062
308063
308064
308065
308066
308067
308068
308069
308070
308071
308072
308073
308074
308127
308128
308129
308130
308131
308132
308133
308134
308135
308136
308137
308138
308139
308140
308141
308142
308143
308144
308145
308146
308147
308148
308149
308150
308151
308152
308153
308154
308155
308156
308157
308158
308159
308160
308161
308162
308163
308164
308165
308166
308167
308168
308169
308170
308171
308172
308173
308174
308175
308176
308177
308178
308179
308180
308181
308182
308183
308184
308185
308186
308187
308188
308189
308190
308191
308192
308193
308194
308195
308196
308197
308198
308199
308200
308201
308202
308203
308204
308205
308206
308207
308209
308210
308211
308212
308213
308214
308215
308216
308217
308218
308219
308220
308221
308222
308223
308224
308225
308226
308227
308228
308229
308230
308231
308232
308233
308234
308235
308236
308237
308238
308239
308240
308241
308242
308243
308244
308245
308246
308247
308248
308249
308250
308251
308252
308253
308255
308256
308257
308258
308260
308261
308262
308263
308264
308265
308266
308267
308268
308269
308270
308271
308272
308273
308274
308275
308276
308277
308278
308279
308280
308281
308282
308283
308284
308285
308286
308287
308288
308289
308290
308291
308292
308293
308294
308295
308296
308297
308298
308299
308300
308301
308302
308303
308304
308305
308306
308307
308308
308361
308362
308363
308364
308365
308366
308367
308368
308369
308370
308371
308372
308373
308374
308375
308376
308377
308378
308379
308380
308381
308382
308383
308384
308385
308386
308389
308390
308391
308392
308393
308394
308395
308396
308397
308398
308399
308400
308401
308402
308403
308404
308405
308406
308407
308409
308410
308411
308412
308465
308466
308467
308468
308469
308470
308471
308472
308473
308474
308475
308476
308477
308478
308479
308480
308481
308482
308483
308484
308485
308486
308487
308488
308489
308490
308491
308493
308494
308495
308496
308497
308498
308499
308500
308501
308502
308503
308504
308505
308506
308507
308508
308509
308510
308511
308512
308513
308514
308515
308516
308521
308522
308523
308524
308525
308526
308527
308528
308529
308530
308531
308532
308533
308534
308535
308536
308537
308538
308539
308540
308541
308542
308544
308546
308547
308548
308549
308550
308551
308552
308553
308554
308555
308556
308557
308558
308559
308560
308561
308562
308563
308564
308565
308566
308567
308568
308596
308597
308598
308599
308600
308601
308602
308603
308604
308605
308606
308607
308608
308609
308610
308611
308612
308613
308614
308615
308616
308617
308618
308619
308620
308647
308648
308649
308650
308651
308653
308655
308656
308657
308658
308659
308660
308661
308662
308664
308665
308666
308667
308668
308669
308670
308671
308674
308675
308676
308678
308679
308680
308681
308682
308683
308684
308685
308686
308687
308688
308689
308690
308691
308692
308693
308694
308695
308696
308697
308698
308751
308752
308753
308754
308755
308757
308758
308759
308760
308761
308762
308764
308765
308766
308767
308768
308769
308770
308771
308772
308773
308774
308775
308776
308803
308804
308805
308806
308807
308808
308809
308810
308811
308812
308813
308814
308815
308816
308817
308818
308819
308821
308822
308823
308824
308825
308826
308827
308828
308907
308908
308909
308910
308911
308912
308913
308914
308915
308916
308917
308918
308919
308920
308921
308922
308923
308924
308925
308926
308927
308928
308929
308930
308931
308932
308959
308960
308961
308962
308963
308964
308965
308966
308967
308968
308969
308970
308971
308972
308973
308974
308975
308976
308977
308978
308979
308980
308981
308982
308983
309063
309064
309065
309066
309067
309068
309069
309070
309071
309072
309073
309074
309075
309076
309077
309078
309079
309080
309081
309082
309083
309084
309085
309086
309087
309088
309089
309090
309091
309092
309093
309094
309095
309096
309097
309098
309099
309100
309101
309102
309103
309104
309105
309106
309107
309108
309109
309110
309111
309112
309113
309114
309141
309142
309143
309144
309145
309146
309147
309148
309149
309150
309151
309152
309153
309154
309155
309156
309157
309158
309159
309160
309161
309162
309163
309164
309165
309166
309167
309168
309169
309170
309171
309172
309173
309174
309175
309176
309177
309178
309179
309180
309181
309182
309183
309185
309186
309187
309188
309189
309190
309191
309192
309194
309195
309196
309197
309198
309199
309200
309201
309202
309203
309204
309205
309206
309207
309208
309209
309210
309211
309212
309213
309214
309215
309216
309217
309218
309297
309298
309299
309300
309301
309302
309303
309304
309305
309306
309307
309308
309309
309310
309311
309312
309313
309314
309315
309316
309317
309318
309319
309320
309321
309322
309349
309350
309351
309352
309353
309354
309355
309356
309357
309358
309359
309360
309361
309362
309363
309364
309365
309366
309367
309368
309369
309370
309371
309372
309373
309374
309375
309377
309378
309379
309380
309381
309382
309383
309384
309385
309386
309387
309388
309389
309390
309391
309392
309393
309394
309395
309396
309397
309398
309399
309400
309479
309480
309481
309482
309483
309484
309485
309486
309487
309488
309489
309490
309491
309492
309493
309494
309495
309496
309497
309498
309499
309500
309501
309502
309503
309504
309531
309532
309533
309534
309535
309536
309537
309538
309540
309541
309542
309543
309544
309545
309546
309547
309548
309549
309550
309551
309552
309553
309554
309555
309556
309557
309559
309561
309563
309564
309566
309568
309570
309571
309572
309573
309574
309575
309576
309577
309578
309581
309584
309586
309587
309590
309591
309592
309593
309595
309596
309599
309600
309601
309602
309604
309605
309608
309609
309610
309612
309613
309614
309615
309616
309617
309618
309619
309620
309621
309622
309623
309624
309625
309627
309628
309629
309630
309631
309632
309633
309634
309663
309664
309666
309668
309672
309673
309674
309676
309677
309678
309679
309681
309684
309685
309686
309715
309716
309717
309718
309719
309720
309722
309723
309724
309725
309726
309727
309728
309729
309730
309731
309732
309733
309734
309736
309738
