309817
309818
309819
309820
309821
309822
309823
309824
309825
309826
309827
309828
309829
309830
309831
309832
309833
309834
309835
309836
309837
309838
309839
309840
309841
309842
309843
309844
309845
309846
309847
309848
309849
309850
309851
309852
309853
309854
309855
309856
309857
309858
309859
309860
309861
309862
309863
309864
309865
309866
309867
309868
309869
309870
309871
309872
309873
309874
309875
309876
309877
309878
309879
309880
309881
309882
309883
309884
309885
309886
309887
309888
309889
309890
309891
309892
309893
309894
310025
310026
310027
310028
310029
310030
310031
310032
310033
310034
310035
310036
310037
310038
310039
310040
310041
310042
310043
310044
310045
310046
310047
310048
310049
310050
310051
310052
310053
310054
310055
310056
310057
310058
310059
310060
310061
310062
310063
310064
310065
310066
310067
310068
310069
310070
310071
310072
310073
310074
310075
310076
310077
310079
310080
310081
310082
310083
310084
310085
310086
310087
310088
310089
310090
310091
310092
310093
310094
310095
310096
310097
310098
310099
310100
310101
310102
310103
310104
310105
310106
310107
310108
310109
310110
310111
310112
310113
310114
310115
310116
310117
310118
310119
310120
310121
310122
310123
310124
310125
310126
310127
310128
310155
310156
310157
310158
310159
310160
310161
310162
310163
310164
310165
310166
310167
310168
310169
310170
310171
310172
310173
310174
310175
310176
310177
310178
310179
310180
310233
310234
310235
310236
310237
310238
310239
310240
310241
310242
310243
310244
310245
310246
310247
310248
310249
310250
310251
310252
310253
310254
310255
310256
310257
310258
310259
310260
310261
310262
310263
310264
310265
310266
310267
310268
310269
310270
310271
310272
310273
310274
310275
310276
310277
310278
310279
310280
310281
310282
310283
310284
310285
310286
310287
310288
310289
310290
310291
310292
310293
310294
310295
310296
310297
310298
310299
310300
310301
310302
310303
310304
310305
310306
310307
310308
310309
310310
310337
310338
310339
310340
310341
310342
310343
310344
310345
310346
310347
310348
310349
310350
310351
310352
310353
310354
310355
310356
310357
310358
310359
310360
310361
310362
310389
310390
310391
310392
310393
310394
310395
310396
310397
310398
310399
310400
310401
310402
310403
310404
310405
310406
310407
310408
310409
310410
310411
310412
310413
310414
310416
310417
310418
310419
310420
310421
310422
310423
310424
310425
310426
310427
310428
310429
310430
310431
310432
310433
310434
310435
310436
310437
310438
310439
310440
310441
310442
310443
310444
310445
310446
310447
310448
310449
310450
310451
310452
310453
310454
310455
310456
310457
310458
310459
310460
310461
310462
310463
310464
310465
310466
310493
310494
310495
310496
310497
310498
310499
310500
310501
310502
310503
310504
310505
310506
310507
310508
310509
310510
310511
310512
310513
310514
310515
310516
310517
310518
310520
310521
310522
310523
310524
310525
310526
310527
310528
310530
310531
310532
310533
310534
310535
310536
310537
310538
310539
310540
310541
310542
310543
310544
310545
310547
310548
310549
310550
310551
310552
310553
310554
310555
310556
310557
310558
310559
310560
310561
310562
310563
310564
310565
310566
310567
310568
310569
310570
310649
310650
310651
310652
310653
310654
310655
310656
310657
310658
310659
310660
310661
310662
310663
310664
310665
310666
310667
310668
310669
310670
310671
310672
310673
310674
310701
310702
310703
310704
310705
310706
310707
310708
310709
310710
310711
310712
310713
310714
310715
310716
310717
310718
310719
310720
310721
310722
310723
310724
310725
310726
310727
310728
310729
310730
310731
310732
310733
310734
310735
310736
310737
310738
310739
310740
310741
310742
310743
310744
310745
310746
310747
310748
310749
310750
310751
310752
310779
310780
310781
310782
310783
310784
310785
310786
310787
310788
310789
310790
310791
310792
310793
310794
310795
310796
310797
310798
310799
310800
310801
310802
310803
310804
310935
310936
310937
310938
310939
310940
310941
310942
310943
310944
310945
310946
310947
310948
310949
310950
310951
310952
310953
310954
310955
310956
310957
310958
310959
310960
310987
310988
310989
310990
310992
310993
310994
310995
310996
310997
310998
310999
311000
311001
311002
311003
311004
311005
311006
311007
311008
311009
311010
311011
311012
311015
311016
311017
311018
311019
311020
311021
311022
311023
311024
311025
311026
311027
311028
311029
311030
311031
311032
311033
311034
311036
311037
311038
311039
311041
311042
311043
311044
311045
311046
311047
311048
311049
311050
311051
311052
311053
311054
311055
311056
311057
311058
311059
311060
311061
311062
311063
311064
311117
311118
311119
311120
311121
311122
311123
311124
311125
311126
311127
311128
311129
311130
311131
311132
311133
311134
311135
311136
311137
311138
311139
311140
311141
311142
311144
311145
311146
311147
311148
311150
311151
311152
311153
311154
311155
311156
311157
311158
311159
311160
311161
311162
311163
311164
311165
311166
311167
311168
311195
311196
311197
311198
311199
311200
311201
311202
311203
311204
311205
311206
311207
311208
311209
311210
311211
311212
311213
311214
311215
311216
311217
311218
311219
311220
311221
311223
311224
311225
311226
311227
311228
311229
311230
311231
311232
311233
311234
311235
311236
311237
311238
311239
311240
311241
311242
311243
311244
311245
311246
311248
311249
311250
311251
311252
311253
311254
311255
311256
311257
311258
311259
311260
311261
311262
311263
311264
311265
311266
311267
311268
311269
311270
311271
311272
311273
311274
311276
311277
311278
311279
311280
311281
311282
311283
311284
311285
311286
311287
311288
311289
311290
311291
311292
311294
311295
311296
311297
311298
311325
311326
311327
311329
311330
311331
311332
311333
311334
311335
311336
311337
311338
311339
311340
311341
311342
311343
311344
311345
311346
311347
311348
311349
311350
311377
311378
311379
311380
311381
311382
311383
311384
311385
311386
311387
311388
311389
311390
311391
311392
311393
311394
311395
311396
311397
311398
311399
311400
311401
311402
311429
311430
311431
311432
311433
311434
311435
311436
311437
311438
311439
311440
311441
311442
311443
311444
311445
311446
311447
311448
311449
311450
311451
311452
311453
311454
311507
311508
311509
311510
311511
311512
311513
311514
311515
311516
311517
311518
311519
311520
311521
311522
311523
311524
311525
311526
311527
311528
311529
311530
311531
311532
311533
311535
311536
311537
311538
311539
311540
311541
311542
311543
311544
311545
311546
311547
311548
311549
311550
311551
311552
311553
311554
311555
311556
311557
311558
311585
311586
311587
311588
311589
311590
311591
311592
311593
311594
311595
311596
311597
311598
311599
311600
311601
311602
311603
311604
311605
311606
311607
311608
311609
311610
311689
311690
311691
311692
311693
311694
311696
311697
311698
311699
311700
311701
311702
311703
311704
311705
311706
311707
311708
311709
311710
311711
311712
311713
311714
311741
311742
311743
311744
311745
311746
311747
311748
311749
311750
311751
311752
311753
311754
311755
311756
311757
311758
311759
311760
311761
311762
311763
311764
311765
311766
311793
311794
311795
311796
311797
311798
311799
311800
311801
311802
311803
311804
311805
311806
311807
311808
311809
311810
311811
311812
311813
311814
311815
311816
311817
311818
311845
311846
311847
311848
311849
311850
311851
311852
311853
311854
311855
311856
311857
311858
311859
311860
311861
311862
311863
311864
311865
311866
311867
311868
311869
311870
311949
311950
311951
311952
311953
311954
311955
311956
311957
311958
311959
311960
311961
311962
311963
311964
311965
311966
311967
311968
311969
311970
311971
311972
311973
311974
312053
312054
312055
312056
312057
312058
312059
312060
312061
312062
312063
312064
312065
312066
312067
312068
312069
312070
312071
312072
312073
312074
312075
312076
312077
312078
312105
312106
312107
312108
312109
312110
312111
312112
312113
312114
312115
312116
312117
312118
312119
312120
312121
312122
312123
312124
312125
312126
312127
312128
312129
312130
312131
312132
312133
312134
312135
312136
312137
312138
312139
312140
312141
312142
312143
312144
312145
312146
312147
312148
312149
312150
312151
312152
312153
312154
312155
312156
312157
312158
312159
312160
312161
312162
312163
312164
312165
312166
312167
312168
312169
312170
312171
312172
312173
312174
312175
312176
312177
312178
312179
312180
312181
312182
312183
312185
312186
312187
312188
312189
312190
312191
312192
312193
312194
312195
312196
312197
312198
312199
312200
312201
312202
312203
312204
312205
312206
312207
312208
312235
312236
312237
312238
312239
312240
312241
312242
312243
312244
312245
312246
312247
312248
312249
312250
312251
312252
312253
312254
312255
312256
312257
312258
312259
312260
312365
312366
312367
312368
312369
312370
312371
312372
312373
312374
312375
312376
312377
312378
312379
312380
312381
312382
312383
312384
312385
312386
312387
312388
312389
312390
312443
312444
312445
312446
312447
312448
312449
312450
312451
312452
312453
312454
312455
312456
312457
312458
312459
312460
312461
312462
312463
312464
312465
312466
312467
312468
312469
312470
312471
312472
312473
312474
312475
312476
312477
312478
312479
312480
312481
312482
312483
312484
312485
312486
312487
312488
312489
312490
312491
312492
312493
312494
312599
312600
312601
312602
312603
312604
312605
312606
312607
312608
312609
312610
312611
312612
312613
312614
312615
312616
312617
312618
312619
312620
312621
312622
312623
312624
312651
312652
312653
312654
312655
312656
312657
312658
312659
312660
312661
312662
312663
312664
312665
312666
312667
312668
312669
312670
312671
312672
312673
312674
312675
312676
312677
312678
312680
312681
312683
312684
312685
312686
312687
312688
312689
312690
312691
312692
312693
312694
312695
312696
312697
312698
312699
312700
312701
312702
312703
312704
312705
312706
312707
312708
312709
312710
312711
312712
312713
312714
312715
312716
312717
312718
312719
312720
312721
312722
312723
312724
312725
312726
312727
312728
312755
312756
312757
312758
312759
312760
312761
312762
312763
312764
312765
312766
312767
312768
312769
312770
312771
312772
312773
312774
312775
312776
312777
312778
312779
312780
312833
312834
312835
312836
312837
312838
312839
312840
312841
312842
312843
312844
312845
312846
312847
312848
312849
312850
312851
312852
312853
312855
312856
312857
312858
312859
312860
312861
312862
312863
312864
312866
312867
312868
312869
312870
312871
312872
312873
312874
312875
312876
312877
312878
312879
312880
312881
312882
312883
312884
312911
312912
312913
312914
312915
312916
312917
312918
312919
312920
312921
312922
312923
312924
312925
312927
312928
312929
312930
312931
312932
312933
312934
312935
312936
312963
312964
312965
312966
312967
312968
312969
312970
312971
312972
312973
312974
312975
312976
312977
312978
312979
312980
312981
312982
312983
312984
312985
312986
312987
312988
313067
313068
313069
313070
313071
313072
313073
313074
313075
313076
313077
313078
313079
313081
313082
313083
313084
313085
313086
313087
313088
313089
313090
313091
313092
313119
313120
313121
313122
313123
313124
313125
313126
313127
313128
313129
313130
313131
313132
313133
313134
313135
313136
313137
313138
313139
313140
313141
313142
313143
313144
313171
313172
313173
313174
313175
313176
313177
313178
313179
313180
313181
313182
313183
313184
313185
313186
313187
313188
313189
313190
313191
313192
313193
313194
313195
313196
313197
313200
313201
313202
313203
313204
313205
313206
313207
313208
313209
313210
313211
313212
313213
313214
313215
313216
313217
313218
313219
313220
313221
313222
313249
313250
313251
313252
313253
313254
313255
313256
313257
313258
313259
313260
313261
313262
313263
313264
313265
313266
313267
313268
313269
313270
313271
313273
313274
313276
313278
313279
313280
313281
313282
313283
313284
313285
313286
313287
313288
313289
313290
313291
313292
313293
313294
313295
313296
313297
313298
313299
313300
313301
313302
313304
313305
313306
313307
313308
313309
313310
313311
313312
313313
313314
313315
313316
313317
313318
313319
313320
313321
313322
313323
313324
313325
313326
313379
313380
313381
313382
313383
313384
313386
313387
313388
313389
313390
313391
313392
313393
313394
313395
313396
313397
313398
313399
313400
313401
313402
313403
313404
313405
313406
313407
313408
313409
313410
313411
313412
313413
313414
313415
313416
313417
313418
313419
313420
313421
313422
313423
313424
313425
313426
313427
313428
313429
313430
313433
313435
313436
313437
313438
313439
313440
313441
313442
313443
313444
313445
313446
313447
313448
313449
313450
313451
313452
313453
313454
313456
313510
313511
313512
313513
313514
313515
313516
313517
313518
313519
313520
313521
313522
313523
313524
313525
313526
313528
313529
313530
313531
313532
313533
313534
313537
313538
313539
313540
313541
313542
313543
313544
313545
313546
313547
313548
313549
313551
313552
313553
313554
313555
313556
313557
313558
313559
313560
313561
313562
313565
313566
313567
313568
313570
313571
313572
313573
313574
313575
313576
313577
313578
313579
313580
313581
313582
313583
313584
313585
313586
313614
313615
313616
313617
313618
313619
313620
313621
313622
313623
313624
313625
313626
313627
313629
313630
313631
313632
313633
313634
313635
313636
313637
313638
313743
313744
313745
313746
313747
313748
313749
313750
313751
313752
313753
313754
313755
313756
313757
313758
313759
313760
313761
313762
313763
313764
313765
313766
313767
313768
313771
313772
313773
313774
313775
313776
313777
313778
313779
313780
313781
313782
313783
313784
313785
313786
313787
313788
313789
313790
313791
313792
313793
313794
313795
313797
313798
313799
313800
313801
313802
313803
313804
313805
313806
313807
313808
313809
313810
313811
313812
313814
313815
313816
313818
313819
313820
313899
313900
313901
313902
313903
313904
313905
313906
313907
313908
313909
313910
313911
313912
313913
313914
313915
313916
313917
313918
313919
313920
313921
313922
313923
313924
313926
313927
313928
313929
313930
313932
313933
313934
313935
313936
313937
313938
313939
313940
313941
313942
313943
313944
313946
313947
313948
313950
313951
313952
313953
313954
313955
313956
313957
313958
313959
313960
313961
313962
313964
313965
313966
313967
313968
313969
313970
313971
313972
313973
313974
313975
313976
314003
314004
314005
314006
314007
314008
314009
314010
314011
314012
314013
314014
314015
314016
314017
314018
314019
314020
314021
314022
314023
314024
314025
314026
314027
314028
314081
314082
314083
314084
314085
314086
314087
314088
314089
314090
314091
314092
314093
314094
314095
314096
314097
314098
314099
314100
314101
314102
314103
314104
314105
314106
314107
314108
314109
314111
314112
314113
314114
314115
314116
314117
314118
314119
314120
314121
314122
314123
314124
314125
314126
314127
314128
314129
314130
314131
314132
314159
314160
314161
314162
314163
314164
314165
314166
314167
314168
314169
314170
314171
314172
314173
314174
314175
314176
314177
314178
314179
314180
314181
314182
314183
314184
314237
314238
314239
314240
314241
314242
314243
314244
314245
314246
314247
314248
314249
314250
314251
314252
314253
314254
314255
314256
314257
314258
314259
314260
314261
314262
314263
314264
314265
314266
314267
314268
314269
314270
314271
314272
314273
314274
314275
314276
314277
314278
314279
314280
314281
314282
314283
314284
314285
314286
314287
314288
314341
314342
314343
314344
314345
314346
314347
314348
314349
314350
314351
314352
314353
314354
314355
314356
314357
314358
314359
314360
314361
314362
314363
314364
314365
314366
314367
314368
314369
314370
314371
314372
314373
314374
314375
314376
314377
314378
314379
314380
314381
314382
314383
314384
314385
314386
314387
314388
314389
314390
314391
314392
314393
314394
314395
314396
314397
314398
314399
314400
314401
314402
314403
314404
314405
314406
314407
314408
314409
314410
314411
314412
314413
314414
314415
314416
314417
314418
314445
314446
314447
314448
314449
314450
314451
314452
314453
314454
314455
314456
314457
314458
314459
314460
314461
314462
314463
314464
314465
314466
314467
314468
314469
314470
314497
314498
314499
314500
314501
314502
314503
314504
314508
314509
314510
314511
314512
314513
314514
314515
314517
314518
314519
314520
314521
314522
314523
314525
314526
314527
314531
314532
314534
314536
314537
314538
314539
314540
314541
314543
314544
314545
314546
314547
314627
314628
314631
314632
314633
314634
314636
314637
314638
314640
314641
314643
314644
314645
314646
314648
314649
314650
314651
314652
314653
314654
314655
314657
314658
314659
314662
314665
314666
