314667
314668
314669
314670
314671
314672
314673
314674
314675
314676
314677
314678
314681
314683
314684
314685
314686
314687
314688
314689
314690
314691
314692
314693
314694
314695
314696
314697
314698
314699
314700
314701
314702
314703
314704
314706
314707
314708
314709
314710
314711
314712
314713
314714
314715
314716
314717
314718
314719
314720
314721
314722
314723
314724
314725
314726
314727
314728
314729
314730
314731
314732
314735
314736
314737
314738
314739
314740
314741
314742
314743
314744
314745
314746
314747
314748
314749
314750
314751
314752
314753
314754
314755
314756
314783
314784
314785
314786
314787
314788
314789
314790
314791
314792
314793
314794
314795
314796
314797
314798
314799
314800
314801
314802
314803
314804
314805
314806
314807
314808
314809
314810
314811
314812
314813
314814
314815
314816
314817
314818
314819
314820
314821
314822
314823
314824
314825
314826
314827
314828
314829
314830
314831
314832
314833
314834
314861
314862
314863
314864
314865
314866
314867
314868
314869
314870
314871
314872
314873
314874
314875
314876
314877
314878
314879
314880
314881
314882
314883
314884
314885
314886
314939
314940
314941
314942
314943
314944
314945
314946
314947
314948
314949
314950
314951
314952
314953
314954
314955
314956
314957
314958
314959
314960
314961
314962
314963
314964
314966
314967
314968
314969
314970
314971
314972
314973
314974
314975
314976
314977
314978
314979
314980
314981
314982
314983
314984
314985
314986
314987
314988
314989
314990
314991
314992
314993
314994
314995
314996
314997
314998
314999
315000
315001
315002
315003
315004
315005
315006
315007
315008
315009
315010
315011
315012
315013
315014
315015
315016
315017
315018
315019
315020
315021
315022
315023
315024
315026
315027
315028
315029
315030
315031
315032
315033
315034
315035
315036
315037
315038
315039
315040
315041
315042
315147
315148
315149
315150
315151
315152
315153
315154
315155
315156
315157
315158
315159
315160
315161
315162
315163
315164
315165
315166
315167
315168
315169
315170
315171
315172
315173
315174
315175
315176
315177
315178
315179
315180
315181
315182
315183
315184
315185
315186
315187
315188
315189
315190
315191
315192
315193
315194
315195
315196
315197
315198
315329
315330
315331
315332
315333
315334
315335
315337
315338
315339
315340
315341
315342
315343
315344
315345
315346
315347
315348
315349
315350
315351
315352
315353
315354
315381
315382
315383
315384
315385
315386
315387
315388
315389
315390
315391
315392
315393
315394
315395
315396
315397
315398
315399
315400
315401
315402
315403
315404
315405
315406
315407
315408
315409
315410
315411
315412
315413
315414
315415
315416
315417
315418
315419
315420
315421
315422
315423
315424
315425
315426
315427
315428
315429
315430
315431
315432
315459
315460
315461
315462
315463
315464
315465
315466
315467
315468
315469
315470
315471
315472
315473
315474
315475
315476
315477
315478
315479
315480
315481
315482
315483
315484
315511
315512
315513
315514
315515
315516
315517
315518
315519
315520
315521
315522
315523
315524
315525
315526
315527
315528
315529
315530
315531
315532
315533
315534
315535
315536
315589
315590
315591
315592
315593
315594
315596
315597
315598
315599
315600
315601
315602
315603
315604
315605
315606
315607
315608
315609
315610
315611
315612
315613
315614
315616
315617
315618
315619
315620
315621
315622
315623
315624
315625
315626
315627
315628
315629
315630
315631
315632
315633
315634
315635
315636
315637
315638
315639
315640
315641
315642
315643
315644
315646
315647
315648
315649
315650
315651
315652
315653
315654
315655
315656
315657
315658
315659
315660
315661
315662
315663
315664
315665
315666
315719
315720
315721
315722
315723
315724
315725
315726
315727
315728
315729
315730
315731
315732
315733
315734
315735
315736
315737
315738
315739
315740
315741
315742
315743
315744
315745
315746
315747
315748
315750
315751
315752
315753
315754
315755
315756
315757
315758
315759
315760
315761
315762
315763
315764
315765
315766
315767
315768
315769
315770
315823
315824
315825
315826
315827
315828
315829
315830
315831
315832
315833
315834
315835
315836
315837
315838
315839
315840
315841
315842
315843
315844
315845
315846
315847
315848
315927
315928
315929
315930
315931
315932
315933
315934
315935
315936
315937
315938
315939
315940
315941
315942
315943
315944
315945
315946
315947
315948
315949
315950
315951
315952
315953
315955
315956
315957
315959
315960
315961
315962
315963
315964
315965
315966
315967
315968
315969
315970
315971
315972
315973
315974
315975
315976
315977
315978
316031
316032
316033
316034
316035
316036
316037
316038
316039
316040
316041
316042
316043
316044
316045
316046
316047
316048
316049
316050
316051
316052
316053
316054
316055
316056
316057
316058
316060
316061
316062
316063
316064
316065
316066
316067
316068
316069
316070
316071
316072
316073
316074
316075
316076
316077
316078
316079
316080
316081
316082
316135
316136
316137
316138
316139
316140
316141
316142
316143
316144
316145
316146
316147
316148
316149
316150
316151
316152
316153
316154
316155
316156
316157
316158
316159
316160
316187
316188
316189
316190
316191
316192
316193
316194
316195
316196
316197
316198
316199
316200
316201
316202
316203
316204
316205
316206
316207
316208
316209
316210
316211
316212
316214
316215
316216
316217
316218
316219
316220
316221
316222
316223
316224
316225
316226
316227
316228
316229
316230
316231
316232
316233
316234
316235
316236
316237
316238
316291
316292
316293
316294
316295
316296
316297
316298
316299
316300
316301
316302
316303
316304
316305
316306
316307
316308
316309
316310
316311
316312
316313
316314
316315
316316
316317
316318
316319
316320
316322
316323
316324
316325
316326
316327
316328
316329
316330
316331
316332
316333
316334
316335
316336
316337
316338
316339
316340
316341
316342
316343
316344
316345
316346
316347
316349
316350
316351
316352
316353
316354
316355
316356
316357
316358
316359
316360
316361
316362
316363
316364
316365
316366
316367
316368
316395
316396
316397
316398
316399
316400
316401
316402
316403
316404
316405
316406
316407
316408
316409
316410
316411
316412
316413
316414
316415
316416
316417
316418
316419
316420
316422
316423
316424
316426
316427
316428
316429
316430
316431
316432
316433
316434
316435
316436
316437
316438
316439
316440
316441
316442
316443
316444
316445
316446
316473
316474
316475
316476
316477
316478
316479
316480
316481
316482
316483
316484
316485
316486
316487
316488
316489
316490
316491
316492
316493
316494
316495
316496
316497
316498
316499
316500
316501
316502
316503
316504
316505
316506
316507
316508
316509
316510
316511
316512
316513
316514
316515
316516
316517
316518
316519
316520
316521
316522
316523
316524
316525
316526
316527
316528
316530
316531
316532
316533
316534
316535
316536
316537
316538
316539
316540
316541
316542
316543
316544
316545
316546
316547
316548
316549
316550
316577
316578
316579
316580
316581
316582
316583
316584
316585
316586
316587
316588
316589
316590
316591
316592
316593
316594
316595
316596
316597
316598
316599
316600
316601
316602
316604
316605
316606
316607
316608
316609
316610
316611
316612
316613
316614
316615
316616
316617
316618
316619
316620
316621
316622
316623
316624
316625
316626
316627
316628
316629
316630
316632
316633
316634
316635
316636
316637
316638
316639
316640
316641
316642
316643
316644
316645
316646
316647
316648
316649
316650
316651
316652
316653
316654
316681
316682
316683
316684
316685
316686
316687
316688
316689
316690
316691
316692
316693
316694
316695
316696
316697
316698
316699
316700
316701
316702
316703
316704
316705
316706
316708
316709
316710
316711
316712
316713
316714
316715
316716
316717
316718
316719
316720
316721
316722
316723
316724
316725
316726
316727
316728
316729
316730
316731
316732
316733
316734
316735
316736
316738
316739
316740
316741
316742
316743
316744
316745
316746
316748
316749
316750
316751
316752
316753
316754
316755
316756
316757
316758
316785
316786
316787
316788
316789
316790
316791
316792
316793
316794
316795
316796
316797
316798
316799
316800
316801
316802
316803
316804
316805
316806
316807
316808
316809
316810
316837
316838
316839
316840
316841
316842
316843
316844
316845
316846
316847
316848
316849
316850
316851
316852
316853
316854
316855
316857
316858
316859
316860
316861
316862
316941
316942
316943
316944
316945
316946
316947
316948
316949
316950
316951
316952
316953
316954
316955
316956
316957
316958
316959
316960
316961
316962
316963
316964
316965
316966
316967
316969
316970
316971
316972
316973
316974
316975
316976
316977
316978
316979
316980
316981
316982
316983
316984
316985
316986
316987
316988
316989
316990
316991
316992
317045
317046
317047
317048
317049
317050
317051
317052
317053
317054
317055
317056
317057
317058
317059
317060
317061
317062
317063
317064
317065
317066
317067
317068
317069
317070
317071
317072
317073
317074
317075
317076
317077
317078
317079
317080
317081
317082
317083
317084
317085
317086
317087
317088
317089
317090
317091
317092
317093
317094
317095
317096
317097
317098
317099
317100
317101
317102
317103
317104
317105
317106
317107
317108
317109
317110
317111
317112
317113
317114
317115
317116
317117
317118
317119
317120
317121
317122
317123
317124
317125
317126
317127
317128
317129
317130
317131
317132
317133
317134
317135
317136
317137
317138
317139
317140
317141
317142
317143
317144
317145
317146
317147
317148
317175
317176
317177
317178
317179
317180
317181
317182
317183
317184
317185
317186
317187
317188
317189
317190
317191
317192
317193
317194
317195
317196
317197
317198
317199
317200
317227
317228
317229
317230
317231
317232
317234
317235
317236
317237
317238
317239
317240
317241
317242
317243
317244
317245
317246
317247
317248
317249
317250
317251
317252
317409
317410
317411
317412
317413
317414
317415
317416
317417
317418
317419
317420
317421
317422
317423
317424
317425
317426
317427
317428
317429
317430
317431
317432
317433
317434
317436
317437
317438
317439
317440
317441
317442
317443
317444
317445
317446
317447
317448
317449
317450
317451
317452
317453
317454
317455
317456
317457
317458
317459
317460
317487
317488
317489
317490
317491
317492
317493
317494
317495
317496
317497
317498
317499
317500
317501
317502
317503
317504
317505
317506
317507
317508
317509
317510
317511
317512
317513
317514
317515
317516
317517
317518
317519
317520
317521
317522
317523
317524
317525
317526
317527
317528
317529
317530
317531
317532
317533
317534
317535
317536
317537
317538
317539
317541
317542
317543
317544
317545
317546
317547
317548
317549
317550
317551
317552
317553
317554
317555
317556
317557
317558
317559
317560
317561
317562
317563
317564
317567
317568
317569
317570
317571
317572
317573
317574
317575
317576
317577
317578
317579
317580
317581
317582
317583
317584
317585
317586
317587
317588
317589
317590
317643
317644
317645
317646
317647
317648
317649
317650
317651
317652
317653
317654
317655
317656
317657
317658
317659
317660
317661
317662
317663
317664
317665
317666
317667
317668
317671
317672
317673
317674
317675
317676
317677
317678
317679
317680
317681
317682
317683
317684
317685
317686
317687
317688
317689
317690
317691
317692
317693
317694
317697
317698
317699
317700
317701
317702
317703
317704
317705
317706
317707
317708
317709
317710
317711
317712
317713
317714
317715
317716
317717
317718
317719
317720
317721
317722
317723
317724
317725
317726
317727
317728
317729
317730
317731
317732
317733
317734
317735
317736
317737
317738
317739
317740
317741
317742
317743
317744
317745
317746
317748
317749
317750
317751
317752
317753
317754
317755
317756
317757
317758
317759
317760
317761
317762
317763
317764
317765
317766
317767
317768
317769
317770
317771
317772
317773
317774
317775
317776
317777
317778
317779
317780
317781
317782
317783
317784
317785
317786
317787
317788
317789
317790
317791
317792
317793
317794
317795
317796
317797
317798
317799
317800
317801
317802
317803
317804
317805
317806
317807
317808
317809
317810
317811
317812
317813
317814
317815
317816
317817
317818
317819
317820
317821
317822
317823
317824
317826
317827
317828
317829
317830
317831
317832
317833
317834
317835
317836
317837
317838
317839
317840
317841
317842
317843
317844
317845
317846
317847
317848
317849
317850
317852
317853
317854
317855
317856
317857
317858
317859
317860
317861
317862
317863
317864
317865
317866
317867
317868
317869
317870
317871
317872
317873
317874
317875
317876
317877
317878
317879
317880
317881
317882
317883
317884
317885
317886
317887
317888
317889
317890
317891
317892
317893
317894
317895
317896
317897
317898
317899
317900
317901
317902
317905
317908
317910
317911
317912
317913
317914
317915
317916
317917
317918
317919
317920
317921
317922
317923
317924
317925
317926
317927
317928
317929
317930
317931
317932
317933
317934
317935
317936
317937
317938
317939
317940
317941
317942
317943
317944
317945
317946
317947
317948
317949
317950
317951
317952
317953
317954
317981
317982
317983
317984
317985
317986
317987
317988
317989
317990
317991
317992
317993
317994
317995
317996
317997
317998
317999
318000
318001
318002
318003
318004
318005
318006
318033
318034
318035
318036
318037
318038
318039
318040
318041
318042
318043
318044
318045
318046
318047
318048
318049
318050
318051
318052
318053
318054
318055
318056
318057
318058
318060
318061
318062
318063
318064
318065
318066
318067
318068
318069
318070
318071
318072
318073
318074
318075
318076
318077
318078
318079
318080
318081
318082
318083
318084
318163
318164
318165
318166
318167
318168
318169
318170
318171
318172
318173
318174
318175
318176
318177
318179
318180
318181
318182
318183
318184
318185
318186
318187
318188
318241
318242
318243
318244
318245
318248
318249
318250
318251
318252
318253
318254
318255
318256
318257
318258
318259
318260
318261
318262
318263
318264
318265
318266
318293
318294
318295
318296
318298
318300
318301
318302
318303
318304
318305
318306
318307
318308
318309
318310
318311
318312
318313
318314
318316
318317
318318
318320
318321
318322
318323
318324
318325
318326
318327
318328
318329
318330
318331
318332
318333
318334
318335
318338
318339
318342
318343
318344
318372
318373
318374
318375
318376
318377
318378
318379
318380
318381
318382
318383
318384
318385
318386
318387
318389
318390
318391
318392
318393
318394
318395
318399
318400
318401
318402
318403
318404
318405
318406
318407
318408
318409
318410
318411
318412
318413
318414
318415
318416
318417
318418
318419
318420
318421
318422
318449
318450
318451
318452
318453
318454
318455
318456
318457
318458
318459
318460
318461
318462
318463
318464
318465
318466
318467
318468
318469
318470
318471
318472
318473
318474
318579
318580
318581
318582
318583
318584
318585
318586
318587
318588
318589
318590
318591
318592
318593
318595
318596
318597
318598
318599
318600
318601
318602
318604
318632
318633
318634
318635
318636
318637
318638
318639
318640
318641
318642
318643
318644
318645
318646
318647
318648
318649
318650
318651
318652
318653
318654
318655
318656
318735
318736
318737
318738
318739
318740
318741
318742
318743
318744
318745
318746
318747
318748
318749
318750
318751
318752
318753
318754
318755
318756
318757
318758
318759
318760
318787
318788
318789
318790
318791
318792
318793
318794
318795
318796
318797
318798
318799
318800
318801
318802
318803
318804
318805
318806
318807
318808
318809
318810
318811
318812
318813
318814
318815
318816
318817
318818
318819
318820
318821
318822
318823
318824
318825
318826
318827
318828
318829
318830
318831
318832
318833
318834
318835
318836
318837
318838
318839
318840
318841
318842
318843
318844
318845
318846
318847
318848
318849
318850
318851
318852
318853
318854
318855
318856
318857
318858
318859
318860
318861
318862
318863
318864
318943
318944
318945
318946
318947
318948
318949
318950
318951
318952
318953
318954
318955
318956
318957
318958
318959
318960
318961
318962
318963
318964
318965
318966
318967
318968
318995
318996
318997
318998
318999
319000
319001
319002
319003
319004
319005
319006
319007
319008
319009
319010
319011
319012
319013
319014
319015
319016
319017
319018
319019
319020
319073
319074
319075
319076
319077
319078
319079
319080
319081
319082
319083
319084
319085
319086
319087
319088
319089
319090
319091
319092
319093
319094
319095
319096
319097
319098
319101
319102
319104
319105
319106
319108
319109
319110
319111
319112
319113
319114
319115
319116
319117
319118
319119
319120
319122
319123
319124
319127
319129
319130
319131
319132
319133
319134
319135
319136
319137
319138
319139
319140
319141
319142
319143
319144
319145
319146
319147
319148
319149
319150
319203
319204
319205
319206
319207
319208
319209
319210
319211
319212
319213
319214
319215
319216
319217
319218
319219
319221
319222
319225
319226
319227
319228
319256
319257
319258
319259
319260
319261
319263
319264
319266
319267
319268
319269
319270
319271
319272
319273
319274
319275
319276
319279
319280
319281
319282
319283
319284
319287
319289
319290
319292
319294
319296
319300
319301
319302
319303
319304
319306
