319385
319386
319388
319389
319390
319391
319392
319393
319394
319395
319396
319397
319398
319399
319400
319401
319402
319403
319404
319405
319406
319407
319408
319409
319410
319463
319464
319465
319466
319467
319468
319469
319470
319471
319472
319473
319474
319475
319476
319477
319478
319479
319480
319481
319482
319483
319484
319485
319486
319488
319515
319516
319517
319518
319519
319520
319521
319522
319523
319524
319525
319526
319527
319528
319529
319530
319531
319532
319533
319534
319535
319536
319537
319538
319539
319540
319542
319543
319544
319545
319546
319547
319548
319549
319550
319551
319552
319553
319554
319555
319556
319557
319558
319559
319560
319561
319562
319563
319564
319565
319566
319593
319594
319595
319596
319597
319598
319599
319600
319601
319602
319603
319604
319605
319606
319607
319608
319609
319610
319611
319612
319613
319614
319615
319616
319617
319618
319645
319646
319647
319648
319649
319650
319651
319652
319653
319654
319655
319656
319657
319658
319659
319660
319661
319662
319663
319664
319665
319666
319667
319668
319669
319670
319697
319698
319699
319700
319701
319702
319703
319704
319705
319706
319707
319708
319709
319710
319712
319713
319714
319715
319716
319717
319718
319719
319720
319721
319722
319775
319776
319777
319778
319779
319780
319781
319782
319783
319784
319785
319786
319787
319788
319789
319790
319792
319793
319794
319795
319796
319797
319798
319799
319800
319879
319880
319881
319882
319883
319884
319885
319886
319887
319888
319889
319890
319891
319892
319893
319894
319895
319896
319897
319898
319899
319900
319901
319902
319903
319904
319906
319907
319908
319909
319910
319911
319912
319913
319914
319915
319916
319917
319918
319919
319920
319921
319922
319923
319924
319925
319926
319927
319928
319929
319930
319983
319985
319986
319987
319988
319989
319990
319991
319992
319993
319994
319995
319996
319997
319998
319999
320000
320001
320002
320003
320004
320005
320006
320007
320008
320010
320012
320013
320014
320015
320016
320017
320018
320019
320020
320021
320022
320023
320024
320025
320026
320027
320028
320030
320031
320032
320033
320035
320036
320037
320038
320039
320040
320041
320042
320043
320044
320045
320046
320047
320048
320049
320050
320051
320052
320053
320054
320055
320056
320057
320058
320059
320060
320061
320062
320064
320065
320066
320067
320069
320070
320071
320072
320073
320074
320075
320076
320077
320078
320079
320080
320081
320082
320083
320084
320085
320086
320087
320088
320089
320090
320091
320092
320093
320094
320095
320096
320097
320098
320099
320100
320101
320102
320103
320104
320105
320106
320107
320108
320109
320110
320111
320112
