320191
320192
320193
320194
320195
320196
320197
320198
320199
320200
320201
320202
320203
320204
320205
320206
320207
320208
320209
320210
320211
320212
320213
320214
320215
320216
320217
320218
320219
320220
320221
320222
320223
320224
320225
320226
320227
320228
320229
320230
320231
320232
320233
320234
320235
320236
320237
320238
320239
320240
320241
320242
320269
320270
320271
320272
320273
320274
320275
320276
320277
320278
320279
320280
320281
320282
320283
320284
320285
320286
320287
320288
320289
320290
320291
320292
320293
320294
320295
320296
320297
320298
320299
320300
320301
320302
320303
320304
320305
320306
320307
320308
320309
320310
320311
320312
320313
320314
320315
320316
320317
320318
320319
320320
320321
320322
320323
320324
320325
320326
320327
320328
320329
320330
320331
320332
320333
320334
320335
320336
320337
320339
320340
320341
320342
320343
320344
320345
320346
320373
320374
320375
320376
320377
320378
320379
320380
320381
320382
320383
320384
320385
320386
320387
320388
320389
320390
320391
320392
320393
320394
320395
320396
320397
320398
320426
320427
320428
320429
320430
320431
320432
320433
320434
320435
320436
320437
320438
320439
320440
320441
320442
320443
320444
320445
320446
320447
320448
320449
320450
320477
320478
320479
320480
320481
320482
320483
320484
320485
320486
320487
320488
320489
320490
320491
320492
320493
320494
320495
320496
320497
320498
320499
320500
320501
320502
320503
320504
320505
320506
320507
320508
320509
320510
320512
320513
320514
320515
320516
320517
320518
320519
320520
320521
320522
320523
320524
320525
320526
320527
320528
320555
320556
320557
320558
320559
320560
320561
320562
320563
320564
320565
320566
320567
320568
320569
320570
320571
320572
320573
320574
320575
320576
320577
320578
320579
320580
320581
320582
320584
320585
320586
320587
320588
320589
320590
320592
320593
320594
320595
320596
320597
320598
320599
320600
320601
320602
320603
320604
320605
320606
320607
320608
320609
320610
320611
320612
320613
320614
320615
320616
320617
320618
320619
320620
320621
320622
320623
320624
320625
320626
320627
320628
320629
320630
320631
320632
320659
320660
320661
320662
320663
320664
320665
320666
320667
320668
320669
320670
320671
320672
320673
320674
320675
320676
320677
320678
320679
320680
320681
320682
320683
320684
320711
320712
320713
320715
320716
320717
320718
320719
320720
320721
320722
320723
320724
320725
320726
320727
320728
320729
320732
320733
320734
320735
320736
320789
320790
320791
320792
320793
320794
320795
320796
320797
320798
320799
320800
320801
320802
320803
320804
320805
320806
320807
320808
320809
320810
320811
320812
320813
320814
320894
320895
320896
320898
320899
320900
320901
320902
320903
320904
320905
320906
320907
320908
320909
320910
320911
320912
320913
320914
320915
320916
320917
320918
