320971
320972
320973
320974
320975
320976
320977
320978
320979
320980
320981
320982
320983
320984
320985
320986
320987
320988
320989
320990
320991
320992
320993
320994
320995
320996
320997
320998
320999
321000
321001
321002
321003
321004
321005
321006
321007
321008
321009
321010
321011
321012
321013
321014
321015
321016
321017
321018
321019
321020
321021
321022
321023
321024
321025
321026
321027
321028
321029
321030
321031
321032
321033
321034
321035
321036
321038
321039
321040
321041
321042
321043
321044
321045
321046
321047
321048
321050
321051
321052
321053
321054
321055
321056
321057
321058
321059
321060
321061
321062
321063
321064
321065
321066
321067
321068
321069
321070
321071
321072
321073
321074
321075
321076
321077
321078
321079
321080
321081
321082
321083
321084
321085
321086
321087
321088
321089
321090
321091
321092
321093
321094
321095
321096
321097
321098
321099
321100
321153
321154
321155
321156
321157
321158
321159
321160
321161
321162
321163
321164
321165
321166
321167
321168
321169
321170
321171
321172
321173
321174
321175
321176
321177
321178
321257
321258
321259
321260
321261
321262
321263
321264
321265
321266
321267
321268
321269
321270
321271
321272
321273
321274
321275
321276
321277
321278
321279
321280
321281
321282
321283
321284
321285
321286
321287
321288
321289
321290
321291
321292
321293
321294
321295
321296
321297
321298
321299
321300
321301
321302
321303
321304
321305
321306
321307
321308
321335
321336
321337
321338
321339
321340
321341
321342
321343
321344
321345
321346
321347
321348
321349
321350
321351
321352
321353
321354
321356
321357
321358
321359
321360
321361
321363
321366
321368
321370
321371
321372
321373
321374
321375
321376
321377
321378
321379
321380
321381
321382
321383
321385
321386
321387
321388
321389
321390
321391
321392
321393
321394
321395
321396
321397
321398
321399
321400
321401
321402
321403
321404
321405
321406
321407
321408
321409
321410
321411
321412
321413
321414
321415
321416
321417
321418
321419
321420
321421
321422
321423
321424
321425
321426
321427
321428
321429
321430
321431
321432
321433
321434
321435
321436
321437
321438
321465
321466
321467
321468
321469
321470
321471
321472
321473
321474
321475
321476
321477
321478
321479
321480
321481
321482
321483
321484
321485
321486
321487
321488
321489
321490
321517
321518
321519
321520
321521
321522
321523
321524
321525
321526
321527
321528
321529
321530
321531
321533
321534
321535
321536
321537
321538
321539
321540
321541
321542
321569
321570
321571
321572
321573
321574
321575
321576
321577
321578
321579
321580
321581
321582
321583
321584
321585
321586
321587
321588
321589
321590
321591
321592
321593
321594
321725
321726
321727
321728
321729
321730
321731
321732
321733
321734
321735
321736
321737
321738
321739
321740
321741
321742
321743
321744
321745
321746
321747
321748
321749
321750
321829
321830
321831
321832
321833
321834
321835
321836
321837
321838
321839
321840
321841
321842
321843
321844
321845
321846
321847
321848
321849
321850
321851
321852
321853
321854
321933
321934
321935
321936
321937
321938
321939
321940
321941
321942
321943
321944
321945
321946
321947
321948
321949
321950
321951
321952
321953
321954
321955
321956
321957
321958
321959
321960
321961
321962
321963
321964
321965
321966
321967
321968
321969
321970
321971
321972
321973
321974
321975
321976
321977
321978
321979
321980
321981
321982
321983
321984
321985
321986
321987
321988
321989
321990
321991
321992
321993
321994
321995
321996
321997
321998
321999
322000
322001
322002
322003
322004
322005
322006
322007
322008
322009
322010
322089
322090
322091
322092
322093
322094
322095
322096
322097
322098
322099
322100
322101
322102
322103
322104
322105
322106
322107
322108
322109
322110
322111
322112
322113
322114
322116
322117
322118
322119
322120
322121
322122
322123
322124
322125
322126
322127
322128
322129
322130
322131
322132
322133
322134
322135
322136
322137
322138
322139
322140
322167
322168
322169
322170
322171
322172
322173
322174
322175
322176
322177
322178
322179
322180
322181
322182
322183
322184
322185
322186
322187
322188
322189
322190
322191
322192
322194
322195
322196
322197
322198
322199
322200
322201
322202
322203
322204
322205
322206
322207
322208
322209
322210
322211
322212
322213
322214
322215
322216
322217
322218
322219
322220
322221
322222
322223
322224
322225
322226
322227
322228
322229
322230
322231
322232
322233
322234
322235
322236
322237
322238
322239
322240
322241
322242
322243
322244
322245
322246
322247
322250
322251
322252
322253
322254
322255
322256
322257
322258
322259
322260
322261
322262
322263
322265
322266
322267
322268
322269
322298
322299
322300
322301
322302
322303
322304
