322306
322307
322308
322309
322310
322311
322312
322313
322314
322315
322316
322317
322318
322319
322320
322321
322322
322349
322350
322351
322352
322353
322354
322355
322356
322357
322358
322359
322360
322361
322362
322363
322364
322365
322366
322367
322368
322369
322370
322371
322372
322373
322374
322376
322377
322378
322379
322380
322381
322382
322383
322384
322385
322386
322387
322388
322389
322390
322391
322392
322393
322394
322395
322396
322397
322398
322399
322400
322401
322402
322403
322404
322405
322406
322407
322408
322409
322410
322411
322412
322413
322414
322415
322416
322417
322418
322419
322420
322421
322422
322423
322424
322425
322426
322427
322428
322429
322430
322431
322432
322433
322434
322435
322436
322437
322438
322439
322440
322441
322442
322443
322444
322445
322446
322447
322448
322449
322450
322451
322452
322453
322454
322455
322456
322457
322458
322459
322460
322461
322462
322463
322464
322465
322466
322467
322468
322469
322470
322471
322472
322473
322474
322475
322476
322477
322478
322505
322506
322508
322509
322510
322511
322512
322514
322515
322516
322517
322518
322519
322520
322521
322522
322523
322524
322525
322526
322527
322528
322529
322530
322533
322534
322535
322536
322537
322538
322539
322540
322541
322542
322543
322544
322545
322546
322547
322548
322549
322550
322551
322552
322553
322554
322555
322556
322583
322584
322585
322586
322587
322588
322589
322590
322591
322592
322593
322594
322595
322596
322597
322598
322599
322600
322601
322602
322603
322604
322605
322606
322607
322608
322635
322636
322637
322638
322639
322640
322641
322642
322643
322644
322645
322646
322647
322648
322649
322650
322651
322652
322653
322654
322655
322656
322657
322658
322659
322660
322661
322662
322663
322664
322665
322666
322667
322668
322669
322670
322671
322672
322673
322675
322676
322677
322678
322679
322680
322681
322682
322683
322684
322685
322686
322687
322688
322690
322691
322692
322693
322694
322695
322696
322697
322698
322699
322700
322701
322702
322703
322704
322705
322706
322707
322708
322709
322710
322711
322712
322713
322714
322715
322716
322717
322718
322719
322720
322721
322722
322723
322724
322725
322726
322727
322728
322729
322730
322731
322732
322733
322734
322735
322736
322737
322738
322740
322741
322742
322743
322744
322745
322746
322747
322748
322749
322750
322751
322752
322753
322754
322755
322756
322757
322758
322759
322760
322761
322762
322763
322764
322817
322818
322819
322820
322821
322822
322823
322824
322825
322826
322827
322828
322829
322830
322831
322832
322833
322834
322835
322836
322837
322838
322839
322840
322841
322842
322895
322896
322897
322898
322899
322900
322901
322902
322903
322904
322905
322906
322907
322908
322909
322910
322911
322912
322913
322914
322915
322916
322917
322918
322919
322920
322922
322923
322924
322925
322926
322927
322928
322929
322930
322931
322932
322933
322934
322935
322936
322937
322938
322939
322940
322941
322942
322943
322944
322945
322946
322947
322948
322949
322950
322951
322952
322953
322954
322955
322956
322957
322958
322959
322960
322961
322962
322963
322964
322965
322966
322967
322968
322969
322970
322971
322972
322999
323000
323001
323002
323003
323004
323005
323006
323007
323008
323009
323010
323011
323012
323013
323014
323015
323016
323017
323018
323019
323020
323021
323022
323023
323024
323077
323078
323079
323080
323081
323082
323083
323084
323085
323086
323087
323088
323089
323090
323091
323092
323093
323094
323095
323096
323097
323098
323099
323100
323101
323102
323207
323208
323209
323210
323211
323212
323213
323214
323215
323216
323217
323218
323219
323220
323221
323222
323223
323224
323225
323226
323227
323228
323229
323230
323231
323232
323235
323236
323237
323238
323239
323240
323241
323242
323243
323244
323245
323246
323247
323248
323249
323250
323251
323252
323253
323254
323255
323256
323257
323258
323285
323286
323287
323288
323289
323290
323291
323292
323293
323294
323295
323296
323297
323298
323299
323300
323301
323302
323303
323304
323305
323306
323307
323308
323309
323310
323389
323390
323391
323392
323393
323394
323395
323396
323397
323398
323399
323400
323401
323402
323403
323404
323405
323406
323407
323408
323409
323410
323411
323412
323413
323414
323441
323442
323443
323444
323445
323446
323447
323448
323449
323450
323451
323452
323453
323454
323455
323456
323457
323458
323459
323460
323461
323462
323463
323464
323465
323466
323467
323469
323470
323471
323472
323473
323474
323475
323476
323477
323478
323479
323480
323481
323482
323483
323484
323485
323486
323487
323488
323489
323490
323491
323492
323519
323520
323521
323522
323523
323524
323525
323526
323527
323528
323529
323530
323531
323532
323533
323534
323535
323536
323537
323538
323539
323540
323541
323542
323543
323544
323623
323624
323625
323626
323627
323628
323629
323630
323631
323632
323633
323634
323635
323636
323637
323638
323639
323640
323641
323642
323643
323644
323645
323646
323647
323648
323701
323702
323703
323704
323705
323706
323707
323708
323709
323710
323711
323712
323713
323714
323715
323716
323717
323718
323719
323720
323721
323722
323723
323724
323725
323726
323753
323754
323755
323756
323757
323758
323759
323760
323761
323762
323763
323764
323765
323766
323767
323768
323769
323770
323771
323772
323773
323774
323775
323776
323777
323778
323805
323806
323807
323808
323809
323810
323811
323812
323813
323814
323815
323816
323817
323818
323819
323820
323821
323822
323823
323824
323825
323826
323827
323828
323829
323830
323883
323884
323885
323886
323887
323888
323889
323890
323891
323892
323893
323894
323895
323896
323897
323898
323899
323900
323901
323902
323903
323904
323905
323906
323907
323908
323935
323936
323937
323938
323939
323940
323941
323942
323943
323944
323945
323946
323947
323948
323949
323950
323951
323952
323953
323954
323955
323956
323957
323958
323959
323960
324013
324014
324015
324016
324017
324018
324019
324020
324021
324022
324023
324024
324025
324026
324027
324028
324029
324030
324031
324032
324033
324034
324035
324036
324037
324038
324091
324092
324093
324094
324095
324096
324097
324098
324099
324100
324101
324102
324103
324104
324105
324106
324107
324108
324109
324110
324111
324112
324113
324114
324115
324116
324169
324170
324171
324172
324173
324174
324175
324176
324177
324178
324179
324180
324181
324182
324183
324184
324185
324186
324187
324188
324189
324190
324191
324192
324193
324194
324247
324248
324249
324250
324251
324252
324253
324254
324255
324257
324258
324259
324260
324261
324262
324263
324264
324265
324266
324267
324268
324269
324270
324271
324272
324273
324274
324275
324276
324277
324278
324279
324280
324281
324282
324283
324284
324285
324286
324287
324288
324289
324290
324291
324292
324293
324294
324295
324296
324297
324298
324377
324378
324379
324380
324381
324382
324383
324384
324385
324386
324387
324388
324389
324390
324391
324392
324393
324394
324395
324396
324397
324398
324399
324400
324401
324402
324429
324430
324431
324432
324433
324434
324435
324436
324437
324438
324439
324440
324441
324442
324443
324444
324445
324446
324447
324448
324449
324450
324451
324452
324453
324454
324456
324457
324458
324459
324460
324461
324462
324463
324464
324465
324466
324467
324468
324469
324470
324471
324472
324473
324474
324475
324476
324477
324478
324479
324480
324507
324508
324509
324510
324511
324512
324513
324514
324515
324516
324517
324518
324519
324520
324521
324522
324523
324524
324525
324526
324527
324528
324529
324530
324531
324532
324559
324560
324561
324562
324563
324564
324565
324566
324567
324568
324569
324570
324571
324572
324573
324574
324575
324576
324577
324578
324579
324580
324581
324582
324583
324584
324689
324690
324691
324692
324693
324694
324695
324696
324697
324698
324699
324700
324701
324702
324703
324704
324705
324706
324707
324708
324709
324710
324711
324712
324713
324714
324717
324718
324719
324720
324721
324722
324723
324724
324725
324726
324727
324728
324729
324730
324731
324732
324733
324734
324735
324736
324737
324738
324739
324740
324742
324743
324744
324745
324746
324747
324748
324749
324750
324751
324752
324753
324754
324755
324756
324757
324758
324759
324760
324761
324762
324763
324764
324765
324766
324794
324795
324796
324797
324798
324799
324800
324801
324802
324803
324804
324805
324806
324807
324808
324809
324810
324811
324812
324813
324814
324815
324816
324817
324818
324871
324872
324873
324874
324875
324876
324877
324878
324879
324880
324882
324883
324884
324885
324886
324887
324888
324889
324890
324891
324892
324893
324894
324895
324896
324923
324924
324925
324926
324927
324928
324929
324930
324931
324932
324933
324934
324935
324936
324937
324938
324939
324940
324941
324942
324943
324944
324945
324946
324947
324948
325001
325002
325003
325004
325005
325006
325007
325008
325009
325010
325011
325012
325013
325014
325015
325016
325017
325018
325019
325020
325021
325022
325023
325024
325025
325026
325028
325029
325030
325031
325032
325033
325034
325035
325036
325037
325038
325039
325040
325041
325042
325043
325044
325045
325046
325047
325048
325049
325050
325052
325079
325080
325081
325082
325083
325084
325085
325086
325087
325088
325089
325090
325091
325092
325093
325094
325095
325096
325097
325098
325099
325100
325101
325102
325103
325104
325105
325106
325107
325109
325110
325111
325112
325113
325114
325115
325116
325117
325118
325119
325120
325121
325122
325123
325124
325125
325126
325127
325128
325129
325130
325131
325132
325133
325134
325135
325136
325137
325138
325139
325140
325141
325142
325143
325144
325145
325146
325147
325148
325149
325150
325151
325152
325153
325154
325155
325156
325158
325159
325160
325161
325162
325163
325164
325165
325166
325167
325168
325169
325170
325171
325172
325173
325174
325175
325176
325177
325178
325179
325180
325181
325182
325209
325210
325211
325212
325213
325214
325215
325216
325217
325218
325219
325220
325221
325222
325223
325224
325225
325226
325227
325228
325229
325230
325231
325232
325233
325234
325237
325239
325240
325241
325243
325244
325245
325246
325247
325248
325249
325250
325251
325252
325253
325254
325255
325256
325257
325258
325259
325260
325287
325288
325289
325290
325291
325292
325293
325294
325295
325296
325297
325298
325299
325300
325301
325302
325303
325304
325305
325306
325307
325308
325309
325310
325311
325312
325314
325315
325316
325317
325318
325319
325320
325321
325322
325323
325324
325325
325326
325327
325328
325329
325330
325331
325332
325333
325334
325335
325336
325337
325338
325417
325418
325419
325420
325421
325422
325423
325424
325426
325427
325428
325429
325430
325431
325432
325433
325434
325435
325436
325437
325438
325439
325440
325441
325442
325495
325496
325497
325498
325499
325500
325501
325502
325503
325504
325505
325506
325507
325508
325510
325511
325512
325513
325514
325515
325516
325517
325518
325519
325520
325573
325574
325575
325576
325577
325578
325579
325580
325581
325582
325583
325584
325585
325586
325587
325588
325589
325590
325591
325592
325593
325594
325595
325596
325597
325598
325600
325601
325602
325603
325604
325605
325606
325607
325608
325609
325610
325611
325612
325613
325614
325615
325616
325617
325618
325619
325620
325621
325622
325623
325624
325651
325652
325653
325654
325655
325656
325657
325658
325659
325660
325661
325662
325663
325664
325665
325666
325667
325668
325669
325670
325671
325672
325673
325674
325675
325676
325703
325704
325705
325706
325707
325708
325709
325710
325711
325712
325713
325714
325715
325716
325717
325718
325719
325720
325721
325722
325723
325724
325725
325726
325727
325728
325729
325730
325731
325732
325734
325735
325736
325737
325738
325739
325740
325741
325742
325743
325744
325745
325746
325747
325748
325749
325750
325751
325752
325753
325754
325755
325756
325758
325759
325760
325761
325762
325763
325764
325765
325766
325767
325768
325769
325770
325771
325772
325773
325775
325776
325777
325778
325779
325780
325781
325783
325784
325785
325786
325787
325788
325789
325790
325791
325792
325793
325794
325795
325796
325797
325798
325799
325800
325801
325802
325803
325804
325805
325806
325833
325834
325835
325836
325837
325838
325839
325840
325841
325842
325843
325844
325845
325846
325847
325848
325849
325850
325851
325852
325853
325854
325855
325856
325857
325858
325885
325886
325887
325888
325889
325890
325891
325892
325893
325894
325895
325896
325897
325898
325900
325901
325902
325904
325905
325906
325907
325908
325909
325910
326067
326068
326069
326070
326071
326072
326073
326074
326075
326076
326077
326078
326079
326080
326081
326082
326083
326084
326085
326086
326087
326088
326089
326090
326091
326092
326093
326094
326095
326096
326097
326098
326099
326100
326101
326102
326103
326104
326105
326106
326107
326108
326109
326110
326111
326112
326113
326114
326115
326116
326117
326118
326172
326173
326174
326175
326176
326177
326178
326180
326181
326182
326183
326184
326185
326186
326187
326188
326189
326190
326191
326192
326193
326194
326195
326196
326197
326198
326199
326200
326201
326202
326203
326204
326205
326206
326207
326208
326209
326210
326211
326212
326213
326214
326215
326216
326217
326218
326219
326220
326221
326222
326301
326302
326303
326304
326305
326306
326308
326309
326310
326311
326312
326313
326314
326315
326316
326317
326318
326319
326320
326321
326322
326323
326324
326509
326510
326511
326512
326513
326514
326515
326516
326517
326518
326519
326520
326521
326522
326523
326524
326525
326526
326527
326528
326529
326530
326531
326532
326533
326534
326535
326537
326538
326539
326540
326541
326542
326543
326544
326545
326546
326547
326548
326549
326550
326551
326552
326553
326554
326555
326556
326557
326558
326559
326560
326561
326562
326563
326564
326565
326566
326567
326568
326569
326570
326571
326572
326573
326574
326575
326576
326577
326578
326579
326580
326581
326582
326583
326584
326585
326586
326717
326718
326719
326720
326721
326722
326723
326724
326725
326726
326727
326728
326729
326730
326731
326732
326733
326734
326735
326736
326737
326738
326739
326740
326741
326742
326795
326796
326797
326798
326799
326800
326801
326802
326803
326804
326805
326806
326807
326808
326809
326810
326811
326812
326813
326814
326815
326816
326817
326818
326819
326820
326822
326823
326824
326825
326826
326827
326828
326829
326830
326831
326832
326833
326834
326835
326836
326837
326838
326839
326840
326841
326842
326843
326844
326845
326846
326873
326874
326875
326876
326877
326878
326879
326880
326881
326882
326883
326884
326885
326886
326887
326888
326889
326890
326891
326892
326893
326894
326895
326896
326897
326898
326925
326926
326927
326928
326929
326930
326931
326932
326933
326934
326935
326936
326937
326938
326939
326940
326941
326942
326943
326944
326945
326946
326947
326948
326949
326950
326951
326952
326953
326954
326955
326956
326957
326958
326959
326960
326961
326962
326963
326964
326965
326966
326967
326968
326969
326970
326971
326972
326973
326974
326975
326976
327055
327056
327057
327058
327059
327060
327061
327062
327063
327064
327065
327066
327067
327068
327069
327070
327071
327073
327074
327075
327076
327077
327078
327080
327107
327108
327109
327110
327111
327112
327113
327114
327115
327116
327117
327118
327119
327120
327121
327122
327123
327124
327125
327126
327127
327128
327129
327130
327159
327160
327161
327162
327163
327164
327165
327166
327167
327168
327169
327170
327171
327172
327173
327174
327175
327176
327177
327178
327179
327180
327181
327182
327183
327184
327185
327193
327194
327195
327196
327199
327200
327201
327202
327203
327204
327205
327207
327208
327209
327210
