327237
327238
327239
327240
327241
327242
327243
327244
327245
327246
327247
327248
327249
327250
327251
327252
327253
327254
327255
327256
327257
327258
327259
327260
327261
327262
327289
327290
327291
327292
327293
327294
327295
327296
327297
327298
327299
327300
327301
327302
327303
327304
327305
327306
327307
327308
327309
327310
327311
327312
327313
327314
327367
327368
327369
327370
327371
327372
327373
327374
327375
327376
327377
327378
327379
327380
327381
327382
327383
327384
327385
327386
327387
327388
327389
327390
327391
327392
327471
327472
327473
327474
327475
327476
327477
327478
327479
327480
327481
327482
327483
327484
327485
327486
327487
327488
327489
327490
327491
327492
327493
327494
327495
327496
327497
327498
327499
327500
327501
327502
327503
327504
327505
327506
327507
327508
327509
327510
327511
327512
327513
327514
327515
327516
327517
327518
327519
327520
327521
327522
327575
327576
327577
327578
327579
327580
327581
327582
327583
327584
327585
327586
327587
327588
327589
327590
327591
327592
327593
327594
327595
327596
327597
327598
327599
327600
327653
327654
327655
327656
327657
327658
327659
327660
327661
327662
327663
327664
327665
327666
327667
327668
327669
327670
327671
327672
327673
327674
327676
327677
327678
327731
327732
327733
327734
327735
327736
327737
327738
327739
327740
327741
327742
327743
327744
327745
327746
327747
327748
327749
327750
327751
327752
327753
327754
327755
327756
327758
327759
327760
327761
327762
327763
327764
327765
327766
327767
327768
327769
327770
327771
327772
327773
327774
327775
327776
327777
327778
327779
327780
327781
327782
327809
327810
327811
327812
327813
327814
327815
327816
327817
327818
327819
327820
327821
327822
327823
327824
327825
327826
327827
327828
327829
327830
327831
327832
327833
327834
327861
327862
327863
327864
327865
327866
327867
327868
327869
327870
327871
327872
327873
327874
327875
327876
327877
327878
327879
327880
327881
327882
327883
327884
327885
327886
327913
327914
327915
327916
327917
327918
327919
327920
327921
327922
327923
327924
327925
327926
327927
327928
327929
327930
327931
327932
327933
327934
327935
327936
327937
327938
327941
327943
327944
327945
327946
327947
327948
327949
327950
327951
327952
327953
327954
327955
327956
327957
327958
327959
327960
327961
327962
327963
327964
327966
327970
327971
327972
327973
327974
327975
327976
327977
327978
327979
327980
327981
327982
327983
327984
327985
327986
327987
327988
327989
327990
328017
328018
328019
328020
328021
328022
328023
328024
328025
328026
328027
328028
328029
328030
328031
328032
328033
328034
328035
328036
328037
328038
328039
328040
328041
328042
328043
328044
328045
328046
328047
328048
328049
328050
328051
328052
328053
328054
328055
328056
328057
328058
328059
328060
328061
328062
328063
328064
328065
328066
328067
328068
328147
328148
328149
328150
328151
328152
328153
328154
328155
328156
328157
328158
328159
328160
328161
328162
328163
328164
328165
328166
328167
328168
328169
328170
328171
328172
328174
328175
328176
328177
328178
328179
328180
328181
328182
328183
328184
328185
328186
328187
328188
328189
328190
328191
328192
328193
328194
328195
328196
328197
328198
328225
328226
328227
328228
328229
328230
328231
328232
328233
328234
328235
328236
328237
328238
328239
328240
328241
328242
328243
328244
328245
328246
328247
328248
328249
328250
328252
328253
328254
328255
328257
328259
328260
328261
328262
328263
328264
328265
328266
328267
328268
328269
328270
328271
328272
328273
328274
328275
328276
328277
328278
328279
328280
328282
328283
328284
328285
328286
328287
328288
328289
328290
328291
328292
328293
328294
328295
328296
328297
328298
328299
328300
328301
328302
328355
328356
328357
328358
328359
328360
328361
328362
328363
328364
328365
328366
328367
328368
328369
328370
328371
328372
328373
328374
328375
328376
328377
328378
328379
328380
328433
328434
328435
328436
328437
328438
328439
328440
328441
328442
328443
328444
328445
328446
328447
328448
328449
328450
328451
328452
328453
328454
328455
328456
328457
328458
328460
328461
328462
328463
328464
328465
328466
328467
328468
328469
328470
328471
328472
328473
328474
328475
328476
328477
328478
328479
328480
328481
328482
328483
328484
328537
328538
328539
328540
328541
328542
328543
328544
328545
328546
328547
328548
328549
328550
328551
328552
328553
328554
328555
328556
328557
328558
328559
328560
328561
328562
328615
328616
328617
328618
328619
328620
328621
328622
328623
328624
328625
328626
328627
328628
328629
328630
328631
328632
328633
328634
328635
328636
328637
328638
328639
328640
328719
328720
328721
328722
328723
328724
328725
328726
328727
328728
328729
328730
328731
328732
328733
328734
328735
328736
328737
328738
328739
328740
328741
328742
328743
328744
328746
328748
328749
328750
328751
328752
328753
328754
328755
328756
328757
328758
328759
328760
328761
328762
328763
328764
328765
328766
328767
328768
328769
328770
328953
328954
328955
328956
328957
328958
328959
328960
328961
328962
328963
328964
328965
328966
328967
328968
328969
328970
328971
328972
328973
328974
328975
328976
328977
328978
329031
329032
329033
329034
329035
329036
329037
329038
329039
329040
329041
329042
329043
329044
329045
329046
329047
329048
329049
329050
329051
329052
329053
329054
329055
329056
329109
329110
329111
329112
329113
329114
329115
329116
329117
329118
329119
329120
329121
329122
329123
329124
329125
329126
329127
329128
329129
329130
329131
329132
329133
329134
329187
329188
329189
329190
329191
329192
329193
329194
329195
329196
329197
329198
329199
329200
329201
329202
329203
329204
329205
329206
329207
329208
329209
329210
329211
329212
329265
329266
329267
329268
329269
329270
329271
329272
329273
329274
329275
329276
329277
329278
329279
329280
329281
329282
329283
329284
329285
329286
329287
329288
329289
329290
329291
329292
329294
329295
329296
329297
329298
329299
329300
329301
329302
329303
329304
329305
329306
329307
329308
329309
329310
329311
329312
329313
329314
329315
329316
329317
329319
329320
329321
329322
329323
329324
329325
329326
329327
329328
329329
329330
329331
329332
329333
329334
329335
329336
329337
329338
329339
329340
329341
329342
329369
329370
329371
329372
329373
329374
329375
329376
329377
329378
329379
329380
329381
329382
329383
329384
329385
329386
329387
329388
329389
329390
329391
329392
329393
329394
329395
329396
329397
329398
329399
329400
329401
329402
329403
329404
329405
329406
329407
329408
329409
329410
329411
329412
329413
329414
329415
329416
329417
329418
329419
329420
329447
329448
329449
329450
329451
329452
329453
329454
329455
329456
329457
329458
329459
329460
329461
329462
329463
329464
329465
329466
329467
329468
329469
329470
329471
329472
329499
329500
329501
329502
329503
329504
329505
329506
329507
329508
329509
329510
329511
329512
329513
329514
329515
329516
329517
329518
329519
329520
329521
329522
329523
329524
329525
329526
329527
329528
329529
329530
329531
329532
329533
329534
329535
329536
329537
329538
329539
329540
329541
329542
329543
329544
329545
329546
329547
329548
329549
329550
329603
329604
329605
329607
329608
329609
329610
329611
329612
329613
329614
329615
329616
329617
329618
329619
329620
329621
329622
329623
329624
329625
329626
329627
329628
329629
329630
329631
329632
329633
329634
329635
329636
329637
329638
329639
329640
329641
329642
329643
329644
329645
329646
329647
329648
329649
329650
329651
329652
329653
329654
329707
329708
329709
329710
329711
329712
329713
329714
329715
329716
329717
329718
329719
329720
329721
329722
329723
329724
329725
329726
329727
329728
329729
329730
329731
329732
329734
329735
329736
329737
329738
329739
329740
329741
329742
329743
329744
329745
329746
329747
329748
329749
329750
329751
329752
329753
329754
329755
329756
329757
329758
329785
329786
329787
329788
329789
329790
329791
329792
329793
329794
329795
329796
329797
329798
329799
329800
329801
329802
329803
329804
329805
329806
329807
329808
329809
329810
329863
329864
329865
329866
329867
329868
329869
329870
329871
329872
329873
329874
329875
329876
329877
329879
329880
329881
329882
329883
329884
329885
329886
329887
329888
329889
329890
329891
329892
329893
329894
329895
329896
329897
329898
329899
329900
329901
329902
329903
329904
329905
329906
329907
329908
329909
329910
329911
329912
329913
329914
329941
329942
329943
329944
329945
329946
329947
329948
329949
329950
329951
329952
329953
329954
329955
329956
329957
329958
329959
329960
329961
329962
329963
329964
329965
329966
329993
329994
329995
329996
329997
329998
329999
330000
330001
330002
330003
330004
330005
330006
330007
330008
330009
330010
330011
330012
330013
330014
330015
330016
330017
330018
330019
330020
330021
330022
330023
330024
330025
330026
330027
330028
330029
330030
330031
330032
330033
330034
330035
330036
330037
330038
330039
330040
330041
330042
330043
330044
330047
330048
330049
330050
330051
330052
330053
330054
330055
330056
330057
330058
330059
330060
330061
330062
330063
330064
330065
330066
330067
330068
330069
330070
330123
330124
330125
330126
330127
330128
330129
330130
330131
330132
330133
330134
330135
330136
330137
330138
330139
330140
330141
330142
330143
330144
330145
330146
330147
330148
330201
330202
330203
330204
330205
330206
330207
330208
330209
330210
330211
330212
330213
330215
330216
330217
330218
330219
330220
330221
330222
330223
330224
330225
330226
330227
330228
330229
330230
330231
330232
330233
330234
330235
330236
330237
330238
330239
330240
330241
330242
330243
330244
330245
330246
330247
330248
330249
330250
330251
330252
330305
330306
330307
330308
330309
330310
330311
330312
330313
330314
330315
330316
330317
330318
330319
330320
330321
330322
330323
330324
330325
330326
330327
330328
330329
330330
330383
330384
330385
330386
330387
330388
330389
330390
330391
330392
330393
330394
330395
330396
330397
330398
330399
330400
330401
330402
330403
330404
330405
330406
330407
330408
330410
330411
330412
330413
330414
330415
330416
330417
330418
330419
330420
330421
330422
330423
330424
330425
330426
330427
330428
330429
330430
330431
330432
330433
330434
330487
330488
330489
330490
330491
330492
330493
330494
330495
330496
330497
330498
330499
330500
330501
330502
330503
330504
330505
330506
330507
330508
330509
330510
330511
330512
330513
330514
330516
330517
330518
330519
330520
330521
330522
330523
330524
330525
330526
330527
330528
330529
330530
330531
330532
330533
330534
330535
330536
330537
330538
330591
330592
330593
330594
330595
330596
330597
330598
330599
330600
330601
330602
330604
330605
330606
330607
330608
330609
330610
330611
330612
330613
330614
330615
330616
330618
330619
330620
330621
330622
330623
330625
330626
330627
330628
330629
330630
330631
330632
330633
330634
330635
330636
330637
330638
330639
330640
330641
330642
330644
330646
330647
330648
330649
330650
330651
330652
330653
330654
330655
330656
330657
330658
330659
330660
330661
330662
330663
330664
330665
330666
330667
330668
330670
330671
330672
330673
330674
330675
330676
330677
330678
330679
330680
330681
330682
330683
330684
330685
330686
330687
330688
330689
330690
330691
330692
330693
330694
330799
330800
330801
330802
330803
330804
330805
330806
330807
330808
330809
330810
330812
330813
330814
330815
330816
330817
330818
330819
330820
330821
330822
330823
330824
330825
330826
330827
330833
330834
330835
330836
330837
330838
330839
330840
330841
330842
330843
330844
330845
330847
330848
330849
330850
330852
330853
330854
330855
330856
330857
330858
330859
330861
330862
330863
330864
330866
330867
330868
330869
330870
330871
330872
330873
330874
330875
330876
330877
330878
330879
330880
330881
330882
330883
330884
330885
330886
330887
330888
330890
330891
330892
330893
330894
330895
330896
330897
330898
330899
330900
330901
330902
331059
331060
331061
331062
331063
331065
331066
331067
331068
331069
331070
331071
331072
331073
331074
331075
331076
331077
331078
331079
331080
331081
331082
331083
331084
331163
331164
331165
331166
331167
331168
331169
331170
331171
331172
331173
331174
331175
331176
331177
331178
331179
331180
331181
331182
331184
331185
331186
331187
331188
331215
331216
331217
331218
331219
331220
331221
331222
331223
331224
331225
331226
331227
331228
331229
331230
331231
331232
331233
331234
331235
331236
331237
331238
331239
331240
331319
331320
331321
331322
331323
331324
331325
331326
331327
331328
331329
331330
331332
331333
331334
331335
331336
331337
331338
331339
331340
331341
331342
331343
331344
331347
331348
331349
331350
331352
331353
331354
331355
331356
331357
331358
331359
331360
331361
331362
331363
331364
331365
331366
331367
331368
331369
331370
331397
331398
331399
331400
331401
331402
331403
331404
331405
331406
331407
331408
331409
331410
331411
331412
331413
331414
331415
331416
331417
331418
331419
331420
331421
331422
331424
331427
331428
331429
331430
331431
331432
331433
331434
331435
331436
331437
331438
331439
331440
331441
331442
331443
331444
331445
331446
331447
331448
331451
331452
331453
331454
331455
331456
331457
331458
331459
331461
331462
331463
331464
331465
331466
331467
331468
331469
331470
331473
331474
331476
331477
331478
331479
331480
331482
331483
331484
331485
331486
331487
331488
331489
331490
331491
331493
331494
331495
331496
331497
331498
331499
331500
331502
331503
331504
331505
331506
331507
331508
331509
331510
331511
331512
331513
331514
331515
331516
331517
331518
331519
331520
331521
331522
331523
331524
331525
331526
331527
331528
331529
331530
331531
331532
331533
331534
331535
331536
331537
331538
331539
331540
331541
331542
331543
331544
331545
331546
331547
331548
331549
331550
331551
331552
331787
331788
331789
331790
331791
331792
331793
331794
331795
331796
331797
331798
331799
331800
331801
331802
331803
331804
331805
331806
331807
331808
331809
331810
331811
331812
331839
331840
331841
331842
331843
331844
331845
331846
331847
331848
331849
331850
331851
331852
331853
331854
331855
331856
331857
331858
331859
331860
331861
331862
331863
331864
331969
331970
331971
331972
331973
331974
331975
331976
331977
331978
331979
331980
331981
331982
331983
331984
331985
331986
331987
331988
331989
331990
331991
331992
331993
331994
331996
331997
331998
331999
332000
332001
332002
332003
332004
332005
332006
332007
332008
332009
332010
332011
332012
332013
332014
332015
332016
332017
332018
332019
332020
332125
332126
332127
332128
332129
332130
332131
332132
332133
332134
332135
332136
332137
332138
332139
332140
332141
332142
332143
332144
332145
332146
332147
332148
332149
332150
332151
332154
332157
332158
332159
332160
332161
332162
332163
332164
332165
332166
332167
332168
332169
332170
332171
332172
332173
332174
332175
332176
