332203
332204
332205
332206
332207
332208
332209
332210
332211
332212
332213
332214
332215
332216
332217
332218
332219
332220
332221
332222
332223
332224
332225
332226
332227
332228
332230
332231
332232
332233
332234
332235
332236
332237
332238
332239
332240
332241
332242
332243
332244
332245
332246
332247
332248
332249
332250
332251
332252
332253
332254
332257
332258
332259
332260
332261
332262
332263
332264
332265
332266
332267
332268
332269
332270
332271
332272
332273
332276
332277
332278
332279
332280
332281
332282
332283
332284
332285
332286
332287
332288
332289
332290
332291
332292
332293
332294
332295
332296
332297
332298
332299
332300
332301
332302
332303
332304
332305
332306
332463
332464
332465
332466
332467
332468
332469
332470
332471
332472
332473
332474
332475
332476
332477
332478
332479
332480
332481
332482
332483
332484
332485
332486
332487
332488
332489
332490
332491
332492
332493
332494
332495
332496
332497
332498
332499
332500
332501
332502
332503
332504
332505
332506
332507
332508
332509
332510
332511
332512
332513
332514
332515
332516
332517
332518
332519
332520
332521
332522
332523
332524
332525
332526
332527
332528
332529
332530
332531
332532
332533
332534
332535
332536
332537
332538
332539
332540
332541
332542
332543
332544
332545
332546
332547
332548
332549
332550
332551
332552
332553
332554
332555
332556
332557
332558
332559
332560
332561
332562
332563
332564
332565
332566
332593
332594
332595
332596
332597
332598
332599
332600
332601
332602
332603
332604
332605
332606
332607
332608
332609
332610
332611
332612
332613
332614
332615
332616
332617
332618
332645
332646
332647
332648
332650
332651
332652
332653
332654
332655
332656
332657
332658
332659
332660
332661
332662
332663
332664
332665
332666
332667
332668
332669
332670
332671
332672
332673
332674
332675
332676
332677
332678
332679
332680
332681
332682
332683
332684
332685
332686
332687
332688
332689
332690
332691
332692
332693
332694
332695
332696
332698
332699
332701
332702
332703
332704
332705
332706
332707
332708
332709
332710
332711
332712
332713
332714
332715
332716
332717
332718
332719
332720
332721
332722
332723
332724
332725
332726
332727
332728
332729
332731
332732
332733
332734
332735
332736
332737
332738
332739
332740
332741
332742
332743
332744
332745
332746
332747
332748
332801
332802
332803
332804
332805
332806
332807
332808
332809
332810
332811
332812
332813
332814
332815
332816
332817
332818
332819
332820
332821
332822
332823
332824
332825
332826
332853
332854
332855
332856
332857
332858
332859
332860
332861
332862
332863
332864
332865
332866
332867
332868
332869
332870
332871
332872
332873
332874
332875
332876
332877
332878
332879
332881
332882
332883
332884
332885
332886
332887
332888
332889
332890
332891
332892
332893
332894
332895
332896
332897
332898
332899
332900
332901
332902
332903
332904
332957
332958
332959
332960
332961
332962
332963
332964
332965
332966
332967
332968
332969
332970
332971
332972
332973
332974
332975
332976
332977
332978
332979
332980
332981
332982
332983
332984
332985
332986
332987
332988
332989
332990
332991
332992
332993
332994
332995
332996
332997
332998
332999
333000
333001
333002
333003
333004
333005
333006
333007
333008
333035
333036
333037
333038
333039
333040
333041
333042
333043
333044
333045
333046
333047
333048
333049
333050
333051
333052
333053
333054
333055
333056
333057
333058
333059
333060
333165
333166
333167
333168
333169
333170
333171
333172
333173
333174
333175
333176
333177
333178
333179
333180
333181
333182
333183
333184
333185
333186
333187
333188
333189
333190
333217
333218
333219
333220
333221
333222
333223
333224
333225
333226
333227
333228
333229
333230
333231
333232
333233
333234
333235
333236
333237
333238
333239
333240
333241
333242
333269
333270
333271
333272
333273
333274
333275
333276
333277
333278
333279
333280
333281
333282
333283
333284
333285
333286
333287
333288
333289
333290
333291
333292
333293
333294
333297
333298
333299
333300
333301
333302
333303
333304
333305
333306
333307
333308
333309
333310
333311
333312
333313
333314
333315
333316
333317
333318
333319
333320
333322
333323
333324
333325
333326
333327
333328
333329
333330
333331
333332
333333
333334
333335
333336
333337
333338
333339
333340
333341
333342
333343
333344
333345
333346
333373
333374
333375
333376
333377
333378
333379
333380
333381
333382
333383
333384
333385
333386
333387
333388
333389
333390
333391
333392
333393
333394
333395
333396
333397
333398
333477
333478
333479
333480
333481
333482
333483
333484
333485
333486
333487
333488
333489
333490
333491
333492
333493
333494
333495
333496
333497
333498
333499
333500
333501
333502
333555
333556
333557
333558
333559
333560
333561
333562
333563
333564
333565
333566
333567
333568
333569
333570
333571
333572
333573
333574
333575
333576
333577
333578
333579
333580
333607
333608
333609
333610
333611
333612
333613
333614
333615
333616
333617
333618
333619
333620
333621
333622
333623
333624
333625
333626
333627
333628
333629
333630
333631
333632
333633
333634
333635
333636
333637
333638
333639
333640
333641
333642
333643
333644
333645
333646
333647
333648
333649
333650
333651
333652
333653
333654
333655
333656
333657
333658
333659
333661
333662
333663
333664
333665
333666
333667
333668
333669
333671
333672
333673
333674
333675
333676
333677
333678
333679
333680
333681
333682
333683
333684
333711
333712
333713
333714
333715
333716
333717
333718
333719
333720
333721
333722
333723
333724
333725
333726
333727
333728
333729
333731
333732
333733
333734
333735
333736
333841
333842
333843
333844
333845
333846
333847
333848
333849
333850
333851
333852
333853
333854
333855
333856
333857
333858
333859
333860
333861
333862
333863
333864
333865
333866
333867
333869
333870
333871
333872
333873
333874
333875
333876
333877
333878
333879
333880
333881
333882
333883
333884
333885
333886
333887
333888
333889
333890
333891
333892
333919
333920
333921
333922
333923
333924
333925
333926
333927
333928
333929
333930
333931
333932
333933
333934
333935
333936
333937
333938
333939
333940
333941
333942
333943
333944
333971
333972
333973
333974
333975
333976
333977
333978
333979
333980
333981
333982
333983
333984
333985
333986
333987
333988
333989
333990
333991
333992
333993
333994
333995
333996
334023
334024
334025
334026
334027
334028
334029
334030
334031
334032
334033
334034
334035
334036
334037
334038
334039
334040
334041
334042
334043
334044
334045
334046
334047
334048
334075
334076
334077
334078
334079
334080
334081
334082
334083
334084
334085
334086
334087
334088
334089
334090
334091
334092
334093
334094
334095
334096
334097
334098
334099
334100
334127
334128
334129
334130
334131
334132
334133
334134
334135
334136
334137
334138
334139
334140
334141
334142
334143
334144
334145
334146
334147
334148
334149
334150
334151
334152
334283
334284
334285
334286
334287
334288
334289
334290
334291
334292
334293
334294
334295
334296
334297
334298
334299
334300
334301
334302
334303
334304
334305
334306
334307
334308
334309
334310
334312
334313
334314
334315
334316
334317
334318
334319
334320
334321
334322
334323
334324
334325
334326
334327
334328
334329
334330
334331
334332
334333
334334
334336
334337
334338
334339
334340
334341
334342
334343
334344
334345
334346
334347
334348
334349
334350
334351
334352
334353
334354
334355
334356
334357
334358
334359
334360
334362
334364
334365
334366
334368
334370
334373
334374
334375
334376
334377
334378
334379
334380
334381
334382
334383
334384
334385
334386
334387
334389
334390
334392
334393
334394
334395
334396
334397
334398
334399
334400
334401
334402
334403
334404
334405
334406
334407
334408
334409
334410
334411
334412
334439
334440
334441
334442
334443
334444
334445
334446
334447
334448
334449
334450
334452
334453
334454
334455
334456
334457
334458
334459
334460
334461
334462
334463
334464
334465
334466
334467
334468
334469
334470
334471
334472
334473
334474
334475
334476
334477
334478
334479
334480
334481
334482
334483
334484
334485
334486
334487
334488
334489
334490
334517
334518
334519
334520
334521
334522
334523
334524
334525
334526
334527
334528
334529
334530
334531
334532
334533
334534
334535
334536
334537
334538
334539
334540
334541
334542
334543
334545
334546
334547
334548
334549
334550
334551
334552
334553
334554
334555
334556
334557
334558
334559
334560
334561
334562
334563
334564
334565
334566
334567
334568
334570
334571
334572
334573
334574
334575
334576
334577
334578
334579
334580
334581
334582
334583
334584
334585
334586
334587
334588
334589
334590
334591
334592
334593
334594
334595
334596
334597
334598
334599
334600
334601
334602
334603
334604
334605
334606
334607
334608
334609
334610
334611
334612
334613
334614
334615
334616
334617
334618
334619
334620
334699
334700
334701
334702
334703
334704
334705
334706
334707
334708
334709
334710
334711
334712
334713
334714
334715
334716
334717
334718
334719
334720
334721
334722
334723
334726
334727
334728
334729
334730
334731
334732
334733
334734
334735
334736
334737
334738
334739
334740
334741
334742
334743
334744
334745
334746
334747
334748
334749
334750
334777
334778
334779
334780
334781
334782
334783
334784
334785
334786
334787
334788
334789
334790
334791
334792
334793
334794
334795
334796
334797
334798
334799
334800
334801
334802
334855
334856
334857
334858
334859
334860
334861
334862
334863
334864
334865
334866
334867
334868
334869
334870
334871
334872
334873
334874
334875
334876
334877
334878
334879
334880
334881
334883
334884
334885
334886
334887
334888
334889
334890
334891
334892
334893
334894
334895
334896
334897
334898
334899
334900
334901
334902
334903
334904
334905
334906
334907
334909
334910
334911
334912
334913
334914
334915
334916
334917
334918
334919
334920
334921
334922
334923
334924
334925
334926
334927
334928
334929
334930
334931
334932
334933
334934
334935
334936
334937
334938
334939
334940
334941
334942
334943
334944
334945
334946
334947
334948
334949
334950
334951
334952
334953
334954
334955
334956
334957
334958
334960
334961
334962
334963
334964
334965
334966
334967
334968
334969
334970
334971
334972
334973
334974
334975
334976
334977
334978
334979
334980
334981
334982
334983
334984
335089
335090
335091
335092
335093
335094
335095
335096
335097
335098
335099
335100
335101
335102
335103
335104
335105
335106
335107
335108
335109
335110
335111
335112
335114
335141
335142
335143
335144
335145
335146
335147
335148
335149
335150
335151
335152
335153
335154
335155
335156
335157
335158
335159
335160
335161
335162
335163
335164
335165
335193
335194
335195
335196
335197
335198
335199
335200
335201
335202
335203
335204
335205
335206
335207
335208
335209
335210
335211
335212
335213
335214
335215
335216
335217
335218
335245
335246
335247
335248
335249
335250
335251
335252
335253
335254
335255
335256
335257
335258
335259
335260
335261
335263
335264
335265
335266
335267
335268
335269
335270
335297
335298
335299
335300
335301
335302
335303
335304
335305
335306
335307
335308
335309
335310
335311
335312
335313
335314
335315
335316
335317
335318
335319
335320
335321
335322
335349
335350
335351
335352
335353
335354
335355
335356
335357
335358
335359
335360
335361
335362
335363
335364
335365
335366
335367
335368
335369
335370
335371
335372
335373
335374
335453
335454
335455
335456
335457
335458
335459
335460
335461
335462
335463
335464
335465
335466
335467
335468
335469
335470
335471
335472
335473
335474
335475
335477
335478
335479
335480
335481
335482
335483
335485
335486
335487
335488
335489
335490
335491
335492
335493
335494
335495
335496
335497
335498
335499
335500
335501
335502
335503
335504
335531
335532
335533
335534
335535
335536
335537
335538
335539
335540
335541
335542
335543
335544
335545
335546
335547
335548
335549
335550
335551
335552
335553
335554
335555
335556
335583
335584
335585
335586
335587
335588
335589
335590
335591
335592
335593
335594
335595
335596
335597
335598
335599
335600
335601
335602
335603
335604
335605
335606
335607
335608
335609
335610
335612
335613
335614
335615
335616
335617
335618
335619
335620
335621
335622
335623
335624
335625
335627
335628
335629
335630
335631
335632
335633
335634
335635
335638
335639
335640
335641
335642
335643
335644
335645
335646
335647
335648
335649
335650
335651
335652
335653
335654
335655
335656
335657
335658
335659
335660
335664
335665
335666
335667
335668
335669
335670
335671
335672
335673
335674
335675
335676
335677
335678
335679
335680
335681
335682
335683
335684
335685
335686
335765
335766
335767
335768
335769
335770
335771
335772
335773
335774
335775
335776
335777
335778
335779
335780
335781
335782
335783
335784
335785
335786
335787
335788
335789
335790
335792
335793
335794
335795
335796
335797
335798
335799
335800
335801
335802
335803
335804
335805
335806
335807
335808
335809
335810
335811
335812
335813
335814
335815
335816
335843
335844
335845
335846
335847
335848
335849
335850
335851
335852
335853
335854
335855
335856
335857
335858
335859
335860
335861
335862
335863
335864
335865
335866
335867
335868
335895
335896
335897
335899
335900
335901
335902
335903
335904
335905
335906
335907
335908
335909
335910
335911
335912
335913
335914
335915
335916
335917
335918
335919
335920
335947
335948
335949
335950
335951
335952
335953
335954
335955
335956
335957
335958
335959
335960
335961
335962
335963
335964
335965
335966
335967
335968
335969
335970
335971
335972
335975
335976
335977
335978
335979
335980
335981
335982
335983
335984
335985
335986
335987
335988
335989
335990
335991
335992
335993
335994
335995
335996
335997
335998
336025
336026
336027
336028
336029
336030
336031
336032
336033
336034
336035
336036
336037
336038
336039
336040
336041
336042
336043
336044
336045
336046
336047
336048
336049
336050
336077
336078
336079
336080
336081
336082
336084
336085
336086
336087
336088
336089
336090
336091
336092
336093
336094
336095
336096
336097
336098
336099
336100
336101
336102
336207
336208
336209
336210
336211
336212
336213
336214
336215
336216
336217
336218
336219
336220
336221
336222
336223
336224
336225
336226
336227
336228
336229
336230
336231
336232
336259
336260
336261
336262
336263
336264
336265
336266
336267
336268
336269
336270
336271
336272
336273
336274
336275
336276
336277
336278
336279
336280
336281
336282
336283
336284
336286
336287
336288
336289
336290
336291
336292
336293
336294
336295
336296
336297
336298
336299
336300
336301
336302
336303
336304
336306
336307
336308
336309
336310
336311
336312
336313
336316
336317
336318
336319
336320
336321
336323
336324
336325
336326
336327
336328
336329
336330
336331
336332
336333
336334
336335
336336
336363
336364
336365
336366
336367
336368
336369
336370
336373
336374
336375
336376
336377
336378
336379
336380
336381
336382
336383
336384
336385
336386
336387
336388
336389
336390
336391
336392
336393
336394
336395
336396
336397
336398
336399
336400
336401
336402
336403
336404
336405
336406
336407
336408
336409
336410
336411
336412
336413
336414
336416
336417
336418
336419
336420
336421
336422
336423
336425
336426
336427
336428
336429
336430
336432
336433
336434
336435
336436
336437
336438
336439
336440
336441
336442
336443
336444
336445
336446
336447
336448
336449
336450
336451
336452
336453
336454
336455
336456
336457
336458
336459
336460
336461
336462
336463
336464
336465
336466
336493
336494
336495
336496
336497
336498
336499
336500
336501
336502
336503
336504
336505
336506
336507
336508
336509
336510
336511
336512
336513
336514
336515
336516
336517
336518
336623
336624
336625
336626
336627
336628
336629
336630
336631
336632
336633
336634
336635
336636
336637
336638
336639
336640
336641
336642
336643
336644
336645
336646
336647
336648
336675
336676
336678
336679
336681
336682
336683
336684
336685
336686
336687
336688
336689
336690
336691
336692
336693
336694
336695
336696
336697
336698
336699
336700
336727
336728
336729
336730
336731
336732
336733
336734
336735
336736
336737
336738
336739
336740
336741
336742
336743
336744
336745
336746
336747
336748
336749
336750
336751
336752
336753
336754
336755
336756
336757
336758
336759
336760
336761
336762
336763
336764
336765
336766
336767
336768
336769
336770
336771
336772
336773
336774
336775
336776
336777
336778
336805
336806
336807
336808
336809
336810
336811
336812
336813
336814
336815
336816
336817
336818
336819
336820
336821
336822
336823
336824
336825
336826
336827
336828
336829
336830
336831
336832
336833
336834
336835
336836
336837
336838
336839
336840
336841
336842
336843
336844
336845
336846
336847
336848
336849
336850
336851
336852
336853
336854
336855
336856
336883
336884
336885
336886
336887
336888
336889
336890
336891
336892
336893
336894
336895
336896
336897
336898
336899
336900
336901
336902
336903
336904
336905
336906
336907
336908
336961
336962
336963
336964
336965
336966
336967
336968
336969
336970
336971
336972
336973
336974
336975
336976
336977
336978
336979
336980
336981
336982
336983
336984
336985
336986
337013
337014
337015
337016
337017
337018
337019
337020
337021
337022
337023
337024
337025
337026
337027
337028
337029
337030
337031
337032
337033
337034
337035
337036
337037
337038
337065
337066
337067
337068
337069
337070
337071
337072
337073
337074
337075
337076
337077
337078
337079
337080
337081
337082
337083
337084
337085
337086
337087
337088
337089
337090
337117
337118
337119
337120
337121
337122
337123
337124
337125
337126
337127
337128
337129
337130
337131
337132
337133
337134
337135
337136
337137
337138
337139
337140
337141
337142
337144
337145
337146
337147
337148
337149
337150
337151
337152
337153
337154
337155
337156
337157
337158
337159
337160
337161
337162
337163
337164
337165
337166
337167
337168
337195
337196
337197
337198
337199
337200
337201
337202
337203
337204
337205
337206
337207
337208
337209
337210
337211
337212
337213
337214
337215
337216
337217
337218
337219
337220
337222
337223
337224
337225
337226
337227
337228
337229
337230
337231
337232
337233
337234
337235
337236
337237
337238
337239
337240
337241
337242
337243
337244
337245
337246
337299
337300
337301
337302
337303
337304
337305
337306
337307
337309
337310
337311
337312
337313
337314
337315
337316
337317
337318
337319
337320
337321
337322
337323
337324
337326
337327
337328
337329
337330
337331
337333
337334
337335
337336
337338
337339
337341
337342
337343
337344
337345
337346
337347
337348
337350
