337403
337404
337405
337406
337407
337408
337409
337410
337411
337412
337413
337414
337415
337416
337417
337418
337419
337420
337421
337422
337423
337424
337425
337426
337427
337428
337430
337431
337432
337433
337434
337435
337436
337437
337438
337439
337440
337441
337442
337443
337444
337445
337446
337447
337448
337449
337450
337451
337452
337453
337454
337611
337612
337613
337614
337615
337616
337617
337618
337619
337620
337621
337622
337623
337624
337625
337626
337627
337628
337629
337630
337631
337632
337633
337634
337635
337636
337663
337664
337665
337666
337667
337668
337669
337670
337671
337672
337673
337674
337675
337676
337677
337678
337679
337680
337681
337682
337683
337684
337685
337686
337687
337688
337690
337691
337692
337693
337694
337695
337696
337697
337698
337699
337700
337701
337702
337703
337704
337705
337706
337707
337708
337709
337710
337711
337712
337713
337714
337715
337716
337717
337718
337719
337720
337721
337722
337723
337724
337725
337726
337727
337728
337729
337730
337731
337732
337733
337734
337735
337736
337737
337738
337739
337740
337767
337768
337769
337770
337771
337772
337773
337775
337776
337777
337778
337779
337780
337781
337782
337783
337784
337785
337786
337787
337788
337789
337790
337791
337792
337819
337820
337821
337822
337823
337824
337825
337826
337827
337828
337829
337830
337831
337832
337833
337834
337835
337836
337837
337838
337839
337840
337841
337842
337843
337844
337871
337872
337873
337874
337875
337876
337877
337878
337879
337880
337881
337882
337883
337884
337885
337886
337887
337888
337889
337890
337891
337892
337893
337894
337895
337896
337897
337898
337900
337901
337902
337903
337904
337905
337906
337907
337908
337909
337910
337911
337912
337913
337914
337915
337916
337917
337918
337919
337920
337921
337922
337949
337950
337951
337952
337953
337954
337955
337956
337958
337959
337960
337961
337962
337963
337964
337965
337966
337967
337968
337969
337970
337971
337972
337973
337974
337975
337976
337977
337978
337979
337980
337981
337982
337983
337984
337985
337986
337987
337988
337989
337990
337991
337992
337993
337994
337995
337996
337997
337998
337999
338000
338001
338002
338003
338004
338005
338006
338007
338008
338009
338010
338011
338012
338013
338014
338015
338016
338017
338018
338019
338020
338021
338022
338023
338024
338025
338026
338053
338054
338055
338056
338057
338058
338059
338060
338061
338062
338063
338064
338065
338066
338067
338068
338069
338070
338071
338072
338073
338074
338075
338076
338077
338078
338105
338106
338107
338108
338109
338110
338111
338112
338113
338114
338115
338116
338117
338118
338119
338120
338121
338122
338123
338124
338125
338126
338127
338128
338129
338130
338132
338133
338134
338135
338136
338137
338138
338139
338140
338141
338142
338143
338144
338145
338146
338147
338148
338149
338150
338151
338152
338153
338154
338155
338156
338183
338184
338185
338186
338187
338188
338189
338190
338191
338192
338193
338194
338195
338196
338197
338198
338199
338200
338201
338202
338203
338204
338205
338206
338207
338208
338209
338210
338211
338212
338213
338214
338215
338216
338217
338218
338219
338220
338221
338222
338223
338224
338225
338226
338227
338228
338229
338230
338231
338232
338233
338234
338339
338340
338341
338342
338343
338344
338345
338346
338347
338348
338349
338350
338351
338352
338353
338354
338355
338356
338357
338358
338359
338360
338361
338362
338363
338364
338521
338522
338523
338524
338525
338526
338527
338528
338529
338530
338531
338532
338533
338534
338535
338536
338537
338538
338539
338540
338541
338542
338543
338544
338545
338546
338548
338549
338550
338551
338552
338553
338554
338555
338556
338557
338558
338559
338560
338561
338562
338563
338564
338565
338566
338567
338568
338569
338570
338571
338572
338599
338600
338601
338602
338603
338604
338605
338606
338607
338608
338609
338610
338611
338612
338613
338614
338615
338616
338617
338618
338619
338620
338621
338622
338623
338624
338703
338704
338705
338706
338707
338708
338709
338710
338711
338712
338713
338714
338715
338716
338717
338718
338719
338720
338721
338722
338723
338724
338725
338726
338727
338728
338859
338860
338861
338862
338863
338864
338865
338866
338867
338868
338869
338870
338871
338872
338873
338874
338875
338876
338877
338878
338879
338880
338881
338882
338883
338884
338885
338887
338888
338891
338892
338893
338894
338895
338896
338897
338898
338899
338900
338901
338902
338903
338904
338905
338906
338907
338908
338909
338910
338937
338938
338939
338940
338941
338942
338943
338944
338945
338946
338947
338948
338949
338950
338951
338952
338953
338954
338955
338956
338957
338958
338959
338960
338961
338962
338989
338990
338991
338992
338993
338994
338995
338996
338997
338998
338999
339000
339001
339002
339003
339004
339005
339006
339007
339008
339009
339010
339011
339012
339013
339014
339041
339042
339043
339044
339045
339046
339047
339048
339049
339050
339051
339052
339053
339054
339055
339056
339057
339058
339059
339060
339061
339062
339063
339064
339065
339066
339145
339146
339147
339148
339149
339150
339151
339152
339153
339154
339155
339156
339157
339158
339159
339160
339161
339162
339163
339164
339165
339166
339167
339168
339169
339170
339223
339224
339225
339226
339227
339228
339229
339230
339231
339232
339233
339234
339235
339236
339237
339238
339239
339240
339241
339242
339243
339244
339245
339246
339247
339248
339301
339302
339303
339304
339305
339306
339307
339308
339309
339310
339311
339312
339313
339314
339315
339316
339317
339318
339319
339320
339321
339322
339323
339324
339325
339326
339353
339354
339355
339356
339357
339358
339359
339360
339361
339362
339363
339364
339365
339366
339367
339368
339369
339370
339371
339372
339373
339374
339375
339376
339377
339378
339483
339484
339485
339486
339487
339488
339489
339490
339491
339492
339493
339494
339495
339496
339497
339498
339499
339500
339501
339502
339503
339504
339505
339506
339507
339508
339639
339640
339641
339642
339643
339644
339645
339646
339647
339648
339649
339650
339651
339652
339653
339654
339655
339656
339657
339658
339659
339660
339661
339662
339663
339664
339665
339666
339667
339668
339669
339670
339671
339672
339673
339674
339675
339676
339677
339678
339679
339680
339681
339682
339683
339684
339685
339686
339687
339688
339689
339690
339717
339718
339719
339720
339721
339722
339723
339724
339725
339726
339727
339728
339729
339730
339731
339732
339733
339734
339735
339736
339737
339738
339739
339740
339741
339742
339769
339770
339771
339772
339773
339774
339775
339776
339777
339778
339779
339780
339781
339782
339783
339784
339786
339787
339788
339789
339790
339791
339792
339793
339794
339795
339796
339797
339798
339799
339800
339801
339802
339803
339804
339805
339806
339807
339808
339809
339810
339811
339812
339813
339814
339815
339816
339817
339818
339819
339820
339847
339848
339849
339850
339851
339852
339853
339854
339855
339856
339857
339858
339859
339860
339861
339862
339863
339864
339865
339866
339867
339868
339869
339870
339871
339872
339899
339900
339901
339902
339903
339904
339905
339906
339907
339908
339909
339910
339911
339912
339913
339914
339915
339916
339917
339918
339919
339920
339921
339922
339923
339924
339925
339926
339927
339928
339929
339930
339931
339932
339933
339934
339935
339936
339937
339938
339939
339940
339941
339942
339943
339944
339945
339946
339947
339948
339949
339950
340029
340030
340031
340032
340033
340034
340035
340036
340037
340038
340039
340040
340041
340042
340043
340044
340045
340046
340047
340048
340049
340050
340051
340052
340053
340054
340057
340058
340060
340061
340062
340063
340064
340065
340066
340067
340068
340069
340070
340071
340072
340073
340074
340075
340076
340077
340078
340079
340080
340081
340082
340083
340089
340090
340091
340092
340093
340094
340095
340096
340097
340098
340099
340100
340101
340102
340103
340104
340105
340106
340108
340109
340110
340112
340113
340114
340115
340116
340117
340118
340119
340120
340121
340122
340123
340124
340125
340127
340128
340129
340130
340131
340132
340159
340160
340161
340162
340163
340164
340165
340166
340167
340168
340169
340170
340171
340172
340173
340174
340175
340176
340177
340178
340179
340180
340181
340182
340183
340184
340211
340212
340213
340214
340215
340216
340217
340218
340219
340220
340221
340222
340223
340224
340225
340226
340227
340228
340229
340230
340231
340233
340234
340235
340236
340263
340264
340265
340266
340267
340268
340269
340270
340271
340272
340273
340274
340275
340276
340277
340278
340279
340280
340281
340282
340283
340284
340285
340286
340287
340288
340289
340290
340291
340292
340294
340295
340296
340297
340298
340299
340300
340302
340303
340304
340305
340306
340307
340308
340309
340310
340311
340312
340313
340314
340367
340368
340369
340370
340371
340372
340373
340374
340375
340376
340377
340378
340379
340380
340381
340382
340383
340384
340385
340386
340388
340389
340390
340391
340392
340419
340420
340421
340422
340423
340424
340425
340426
340427
340428
340429
340430
340432
340433
340435
340436
340437
340438
340439
340440
340441
340442
340443
340444
340471
340473
340474
340475
340476
340477
340478
340479
340480
340481
340482
340483
340484
340486
340487
340488
340489
340490
340491
340492
340493
340494
340495
340496
340653
340654
340655
340656
340657
340658
340659
340660
340661
340662
340663
340664
340665
340666
340667
340668
340669
340670
340671
340672
340673
340674
340675
340676
340677
340678
340705
340706
340707
340708
340709
340710
340711
340712
340713
340714
340715
340716
340717
340718
340719
340720
340721
340722
340723
340724
340725
340726
340727
340728
340729
340730
340731
340732
340733
340735
340736
340737
340738
340739
340740
340741
340742
340743
340744
340745
340746
340747
340748
340749
340750
340751
340752
340753
340754
340755
340756
340757
340758
340759
340760
340762
340763
340764
340765
340766
340767
340768
340769
340770
340771
340772
340773
340774
340775
340776
340777
340778
340779
340780
340781
340782
340887
340888
340889
340890
340891
340892
340893
340894
340895
340896
340897
340898
340899
340900
340901
340902
340903
340904
340905
340906
340907
340908
340909
340910
340911
340912
340914
340915
340916
340917
340918
340919
340920
340921
340922
340923
340924
340925
340926
340927
340928
340929
340930
340931
340932
340933
340934
340935
340936
340937
340938
340965
340966
340967
340968
340969
340970
340972
340973
340974
340975
340976
340977
340978
340979
340980
340981
340982
340983
340984
340985
340986
340987
340988
340989
340990
341017
341018
341019
341020
341021
341022
341023
341024
341025
341026
341027
341028
341029
341030
341031
341032
341033
341034
341035
341036
341037
341038
341039
341040
341041
341042
341044
341046
341047
341048
341049
341050
341051
341052
341053
341054
341055
341056
341057
341058
341059
341060
341061
341062
341063
341064
341065
341066
341067
341068
341121
341122
341123
341124
341125
341126
341127
341128
341129
341130
341131
341132
341133
341134
341135
341136
341137
341138
341139
341140
341142
341143
341144
341145
341304
341306
341307
341308
341309
341310
341311
341312
341313
341314
341315
341316
341317
341318
341319
341320
341321
341322
341323
341324
341325
341326
341327
341328
341355
341356
341357
341358
341359
341360
341361
341362
341363
341364
341365
341366
341367
341368
341369
341370
341371
341372
341373
341374
341375
341377
341378
341379
341380
341381
341382
341383
341384
341385
341386
341387
341388
341389
341390
341391
341392
341393
341394
341395
341396
341397
341398
341399
341400
341401
341402
341403
341404
341405
341406
341407
341408
341409
341411
341412
341413
341414
341415
341417
341420
341421
341422
341423
341424
341425
341426
341427
341428
341429
341430
341431
341432
341485
341486
341487
341488
341489
341490
341491
341492
341494
341495
341496
341497
341498
341499
341500
341501
341502
341503
341504
341505
341506
341507
341508
341509
341510
341537
341538
341539
341540
341541
341542
341543
341544
341545
341546
341547
341548
341549
341550
341551
341552
341553
341554
341555
341556
341557
341558
341559
341560
341561
341562
341589
341590
341591
341592
341593
341594
341595
341596
341597
341598
341599
341600
341601
341602
341603
341604
341605
341606
341607
341608
341609
341610
341611
341612
341613
341614
341641
341642
341643
341644
341645
341646
341647
341648
341649
341650
341651
341652
341653
341654
341655
341656
341657
341658
341659
341660
341661
341662
341663
341664
341665
341666
341693
341694
341695
341696
341697
341698
341699
341700
341701
341702
341703
341704
341705
341706
341707
341708
341709
341710
341711
341712
341713
341714
341715
341716
341717
341718
341720
341721
341722
341723
341724
341725
341726
341727
341728
341729
341730
341731
341732
341733
341734
341735
341736
341737
341738
341739
341740
341741
341742
341743
341744
341745
341746
341747
341750
341753
341754
341756
341758
341760
341761
341762
341763
341764
341765
341766
341767
341768
341769
341770
341823
341824
341825
341826
341827
341828
341829
341830
341831
341832
341833
341834
341835
341836
341837
341838
341839
341840
341841
341842
341843
341844
341845
341846
341847
341848
341953
341954
341955
341956
341957
341958
341959
341960
341961
341962
341963
341964
341965
341966
341967
341968
341969
341970
341971
341972
341973
341974
341975
341976
341977
341978
341979
341980
341981
341982
341983
341984
341985
341986
341987
341988
341989
341990
341991
341992
341993
341994
341995
341996
341997
341998
341999
342000
342001
342002
342003
342004
342006
342007
342008
342009
342010
342011
342012
342013
342014
342015
342016
342017
342018
342019
342020
342021
342022
342023
342024
342025
342026
342027
342028
342029
342030
342057
342058
342059
342060
342061
342062
342063
342064
342065
342066
342067
342068
342069
342070
342072
342073
342074
342075
342076
342077
342078
342079
342080
342081
342082
342084
342085
342087
342088
342089
342090
342091
342092
342093
342095
342097
342098
342099
342102
342103
342105
342106
342107
342108
342110
342111
342112
342113
342115
342118
342119
342120
342121
342122
342123
342125
342126
342127
342128
342130
342131
342134
342161
342162
342163
342164
342165
342166
342167
342168
342169
342170
342171
342172
342173
342174
342175
342176
342177
342178
342179
342180
342181
342183
342184
342185
342186
