342265
342266
342267
342268
342269
342270
342271
342272
342275
342276
342277
342278
342279
342280
342281
342282
342283
342285
342286
342287
342288
342289
342290
342317
342318
342319
342320
342321
342322
342323
342324
342325
342326
342327
342328
342329
342330
342331
342332
342333
342334
342335
342336
342337
342338
342339
342340
342341
342342
342421
342422
342423
342424
342425
342426
342427
342428
342429
342430
342431
342432
342433
342434
342435
342436
342437
342438
342439
342440
342441
342442
342443
342444
342445
342446
342448
342449
342450
342451
342452
342453
342454
342455
342456
342457
342458
342459
342460
342461
342462
342463
342464
342465
342466
342467
342468
342469
342470
342471
342472
342551
342552
342553
342554
342555
342556
342557
342558
342559
342560
342561
342562
342563
342564
342565
342566
342567
342568
342569
342570
342571
342572
342573
342574
342575
342576
342577
342578
342579
342580
342581
342582
342583
342584
342585
342586
342587
342588
342589
342590
342591
342592
342593
342594
342595
342596
342597
342598
342599
342600
342601
342602
342603
342604
342605
342607
342608
342609
342610
342611
342612
342613
342614
342615
342616
342617
342618
342619
342620
342621
342622
342623
342624
342625
342626
342627
342628
342655
342656
342657
342658
342659
342660
342661
342662
342663
342664
342665
342666
342667
342668
342669
342670
342671
342672
342673
342674
342675
342676
342677
342678
342679
342680
342707
342708
342709
342710
342711
342712
342713
342714
342715
342716
342717
342718
342719
342720
342721
342722
342723
342724
342725
342726
342727
342728
342729
342730
342731
342732
342733
342734
342735
342736
342737
342738
342739
342740
342741
342742
342743
342744
342745
342746
342747
342748
342749
342750
342751
342752
342753
342754
342755
342756
342757
342758
342811
342812
342813
342814
342815
342816
342817
342818
342819
342820
342821
342822
342823
342824
342825
342826
342827
342828
342829
342830
342831
342832
342833
342834
342835
342836
342838
342839
342840
342841
342842
342843
342844
342845
342846
342847
342848
342849
342850
342851
342852
342853
342854
342855
342856
342857
342858
342859
342860
342861
342862
342915
342916
342917
342918
342919
342920
342921
342922
342923
342924
342925
342926
342927
342928
342929
342930
342931
342932
342933
342934
342935
342936
342937
342938
342939
342940
342967
342968
342969
342970
342971
342972
342973
342974
342975
342976
342977
342978
342979
342980
342981
342982
342983
342984
342985
342986
342987
342988
342989
342990
342991
342992
343071
343072
343073
343074
343075
343076
343077
343078
343079
343080
343081
343082
343083
343084
343085
343086
343087
343088
343089
343090
343091
343092
343093
343094
343095
343096
343097
343098
343099
343100
343101
343102
343103
343104
343105
343106
343107
343108
343109
343110
343111
343112
343113
343114
343115
343116
343117
343118
343119
343120
343121
343122
343124
343125
343126
343127
343128
343129
343130
343131
343132
343133
343134
343135
343136
343137
343138
343140
343141
343142
343143
343144
343145
343146
343147
343148
343149
343150
343151
343152
343155
343156
343157
343158
343159
343160
343161
343162
343163
343164
343165
343166
343170
343171
343172
343173
343174
343177
343179
343180
343183
343184
343185
343186
343187
343188
343189
343190
343191
343192
343193
343194
343195
343196
343197
343198
343199
343200
343201
343202
343203
343204
343205
343206
343207
343208
343209
343210
343211
343212
343213
343214
343215
343216
343218
343219
343220
343221
343222
343223
343224
343225
343226
343279
343280
343281
343282
343283
343284
343285
343286
343287
343288
343289
343291
343292
343293
343294
343295
343296
343297
343298
343299
343300
343301
343302
343303
343304
343383
343384
343385
343386
343387
343388
343389
343390
343391
343392
343393
343394
343395
343397
343398
343399
343400
343401
343402
343403
343404
343405
343406
343407
343408
343409
343410
343411
343412
343413
343414
343415
343416
343417
343418
343419
343420
343421
343422
343423
343424
343425
343426
343427
343428
343429
343430
343431
343432
343433
343434
343461
343462
343463
343464
343465
343466
343467
343468
343469
343470
343471
343472
343473
343474
343475
343476
343477
343478
343479
343480
343481
343482
343483
343484
343485
343486
343539
343540
343541
343542
343543
343544
343545
343546
343547
343548
343549
343550
343551
343552
343553
343554
343555
343556
343557
343558
343559
343560
343561
343562
343563
343564
343670
343671
343672
343673
343674
343675
343676
343677
343678
343679
343680
343681
343682
343683
343684
343685
343686
343687
343688
343689
343690
343691
343692
343693
343694
343799
343800
343801
343802
343803
343804
343805
343806
343807
343808
343809
343810
343811
343812
343813
343814
343815
343816
343817
343818
343819
343820
343821
343822
343823
343824
343851
343852
343853
343854
343855
343856
343857
343858
343859
343860
343861
343862
343863
343864
343865
343866
343867
343868
343869
343870
343871
343872
343873
343874
343875
343876
343929
343930
343931
343932
343933
343934
343935
343936
343937
343938
343939
343940
343941
343942
343943
343944
343945
343946
343947
343948
343949
343950
343951
343952
343953
343954
343981
343982
343983
343984
343985
343986
343987
343988
343989
343990
343991
343992
343993
343994
343995
343996
343997
343998
343999
344000
344001
344002
344003
344004
344005
344006
344033
344034
344035
344036
344037
344038
344039
344040
344041
344042
344043
344044
344045
344046
344047
344048
344049
344050
344051
344052
344053
344054
344055
344056
344057
344058
344163
344164
344165
344166
344167
344168
344169
344170
344171
344172
344173
344174
344175
344176
344177
344178
344179
344180
344181
344182
344183
344184
344185
344186
344187
344188
344189
344190
344191
344192
344193
344194
344195
344196
344197
344198
344199
344200
344201
344202
344203
344204
344205
344206
344207
344208
344209
344210
344211
344212
344213
344214
344241
344243
344244
344245
344246
344247
344248
344249
344250
344251
344252
344253
344254
344255
344256
344257
344258
344259
344260
344261
344262
344263
344264
344265
344266
344293
344294
344295
344296
344297
344298
344299
344300
344301
344302
344303
344304
344305
344306
344307
344308
344309
344310
344311
344312
344313
344314
344316
344317
344318
344319
344320
344321
344322
344323
344324
344325
344326
344327
344328
344329
344330
344331
344332
344333
344334
344335
344336
344337
344338
344339
344340
344341
344342
344343
344344
344371
344372
344373
344374
344375
344376
344377
344378
344379
344380
344381
344382
344383
344384
344385
344386
344387
344388
344389
344390
344391
344392
344393
344394
344395
344396
344501
344502
344503
344504
344505
344506
344507
344508
344509
344510
344511
344512
344513
344514
344515
344516
344517
344518
344519
344520
344521
344522
344523
344524
344525
344526
344528
344529
344530
344531
344532
344533
344534
344535
344536
344537
344538
344539
344540
344541
344542
344543
344544
344545
344546
344547
344548
344549
344550
344551
344552
344553
344554
344555
344556
344557
344558
344559
344560
344561
344562
344563
344564
344565
344566
344567
344568
344569
344570
344571
344572
344573
344574
344575
344576
344577
344578
344579
344580
344581
344582
344583
344584
344585
344586
344587
344588
344589
344590
344591
344592
344593
344594
344595
344596
344597
344598
344599
344600
344601
344602
344603
344604
344657
344658
344659
344660
344661
344662
344663
344664
344665
344666
344667
344668
344669
344670
344671
344672
344673
344674
344675
344676
344677
344678
344679
344680
344681
344682
344813
344814
344815
344816
344817
344818
344819
344820
344821
344822
344823
344824
344825
344826
344827
344828
344829
344830
344831
344832
344833
344834
344835
344836
344837
344838
344839
344840
344841
344842
344843
344844
344845
344846
344847
344848
344849
344850
344851
344852
344853
344854
344855
344856
344857
344858
344859
344860
344861
344862
344863
344864
344866
344868
344869
344870
344871
344872
344873
344874
344875
344876
344877
344878
344879
344880
344881
344882
344883
344884
344885
344886
344887
344888
344889
344890
344891
344893
344894
344895
344896
344897
344898
344899
344900
344901
344902
344903
344904
344905
344906
344907
344908
344909
344910
344911
344912
344913
344914
344915
344916
344943
344944
344945
344946
344947
344948
344949
344950
344951
344952
344953
344954
344955
344956
344957
344958
344959
344960
344961
344963
344964
344965
344966
344967
344968
345047
345048
345049
345050
345051
345052
345053
345054
345055
345056
345057
345058
345059
345060
345061
345062
345063
345064
345065
345066
345067
345068
345069
345070
345071
345072
345099
345100
345101
345102
345103
345104
345105
345106
345107
345108
345109
345110
345111
345112
345113
345114
345115
345116
345117
345118
345119
345120
345121
345122
345123
345124
345151
345152
345153
345154
345155
345156
345157
345158
345159
345160
345161
345162
345163
345164
345165
345166
345167
345168
345169
345170
345171
345172
345173
345174
345175
345176
345178
345179
345180
345181
345182
345183
345184
345185
345186
345187
345188
345189
345190
345191
345192
345193
345194
345195
345196
345197
345198
345199
345200
345201
345202
345229
345230
345231
345232
345233
345234
345235
345236
345237
345238
345239
345240
345241
345242
345243
345244
345245
345246
345247
345248
345249
345250
345251
345252
345253
345254
345255
345257
345258
345259
345260
345261
345262
345263
345264
345265
345266
345267
345268
345269
345270
345271
345272
345273
345274
345275
345276
345277
345278
345279
345280
345411
345412
345413
345414
345415
345416
345417
345418
345419
345420
345421
345422
345423
345424
345425
345426
345427
345428
345429
345430
345431
345432
345433
345434
345435
345436
345437
345438
345439
345440
345441
345442
345443
345444
345445
345446
345447
345448
345449
345450
345451
345452
345453
345454
345455
345456
345457
345458
345459
345460
345461
345462
345463
345464
345465
345466
345467
345468
345469
345470
345471
345472
345473
345474
345475
345476
345477
345478
345479
345480
345481
345482
345483
345484
345485
345486
345487
345488
345489
345492
345493
345494
345495
345496
345497
345498
345499
345500
345501
345502
345503
345504
345505
345506
345507
345508
345509
345510
345511
345512
345513
345514
345541
345542
345543
345544
345545
345546
345547
345548
345549
345550
345551
345552
345553
345554
345555
345556
345557
345558
345559
345560
345561
345562
345563
345564
345565
345566
345568
345569
345570
345571
345572
345573
345574
345575
345576
345577
345578
345579
345580
345581
345582
345583
345584
345585
345586
345587
345588
345589
345590
345591
345592
345619
345620
345621
345622
345623
345624
345625
345626
345627
345628
345629
345630
345631
345632
345633
345634
345635
345636
345637
345638
345639
345640
345641
345642
345643
345644
345646
345648
345649
345650
345651
345652
345653
345654
345655
345656
345657
345658
345659
345660
345661
345662
345663
345664
345665
345666
345667
345668
345669
345670
345697
345698
345699
345700
345701
345702
345703
345704
345705
345706
345707
345708
345709
345710
345711
345712
345713
345714
345715
345716
345717
345718
345719
345720
345721
345722
345775
345776
345777
345778
345779
345780
345781
345782
345783
345784
345785
345786
345787
345788
345789
345790
345791
345792
345793
345794
345795
345796
345797
345798
345799
345800
345853
345854
345855
345856
345857
345858
345859
345860
345861
345862
345863
345864
345865
345866
345867
345868
345869
345870
345871
345872
345873
345874
345875
345876
345877
345878
345957
345958
345959
345960
345961
345962
345963
345964
345966
345967
345968
345969
345970
345971
345972
345973
345974
345975
345976
345977
345979
345980
345981
345982
346035
346036
346037
346038
346039
346040
346041
346042
346044
346045
346046
346047
346048
346049
346050
346051
346052
346053
346054
346056
346058
346059
346087
346088
346089
346090
346091
346092
346094
346096
346098
346099
346100
346101
346102
346103
346104
346105
346107
346108
346109
346110
346111
346112
346113
346114
346115
346116
346118
346119
346120
346121
346122
346123
346124
346125
346126
346127
346128
346129
346130
346131
346133
346134
346135
346136
346137
346138
346217
346219
346220
346221
346222
346223
346224
346225
346226
346227
346228
346229
346230
346231
346232
346233
346234
346235
346236
346237
346238
346239
346240
346241
346242
346295
346296
346297
346298
346299
346300
346301
346302
346303
346304
346305
346306
346307
346308
346309
346310
346311
346312
346313
346314
346315
346316
346317
346318
346319
346320
346373
346374
346375
346376
346377
346378
346379
346380
346381
346382
346383
346384
346385
346386
346387
346388
346389
346390
346391
346392
346393
346394
346395
346396
346397
346398
346451
346452
346453
346454
346455
346456
346457
346458
346459
346460
346461
346462
346463
346464
346465
346466
346467
346468
346469
346470
346471
346472
346473
346474
346475
346476
346529
346530
346531
346532
346533
346534
346535
346536
346537
346538
346539
346540
346541
346542
346543
346544
346545
346546
346547
346548
346549
346550
346551
346552
346553
346554
346556
346557
346558
346559
346560
346561
346562
346563
346564
346565
346566
346567
346568
346569
346570
346571
346572
346573
346574
346575
346576
346577
346578
346579
346580
346607
346608
346609
346610
346611
346612
346613
346614
346615
346616
346617
346618
346619
346620
346621
346622
346623
346624
346625
346626
346627
346628
346629
346630
346631
346632
346659
346660
346661
346662
346663
346664
346665
346666
346667
346668
346669
346670
346671
346672
346673
346674
346675
346676
346677
346678
346679
346680
346681
346682
346683
346684
346686
346687
346688
346689
346690
346691
346692
346693
346694
346695
346696
346697
346698
346699
346700
346701
346702
346703
346704
346705
346706
346707
346708
346709
346710
346711
346712
346713
346714
346715
346716
346717
346718
346719
346720
346721
346722
346723
346724
346725
346726
346727
346728
346729
346730
346731
346732
346733
346734
346735
346736
346737
346738
346739
346740
346741
346742
346743
346744
346745
346746
346747
346748
346749
346750
346751
346752
346753
346754
346755
346756
346757
346758
346759
346760
346761
346762
346764
346765
346766
346767
346768
346769
346770
346771
346772
346773
346774
346775
346776
346777
346778
346779
346780
346781
346782
346783
346784
346785
346786
346787
346788
346789
346791
346792
346793
346794
346795
346796
346797
346798
346799
346800
346801
346802
346803
346804
346805
346806
346807
346808
346809
346810
346811
346812
346813
346814
346867
346868
346869
346870
346871
346872
346873
346874
346875
346876
346877
346878
346879
346880
346881
346882
346883
346884
346885
346886
346887
346888
346889
346890
346891
346892
346894
346895
346897
346898
346899
346900
346902
346903
346904
346905
346906
346907
346909
346911
346913
346914
346915
346916
346917
346918
346971
346972
346973
346974
346976
346977
346978
346980
346981
346982
346983
346984
346985
346986
346987
346988
346990
346991
346992
346994
346995
346996
