347075
347076
347077
347078
347079
347080
347081
347082
347083
347084
347085
347086
347087
347088
347089
347090
347091
347092
347093
347094
347095
347096
347097
347098
347099
347100
347102
347103
347104
347105
347106
347107
347108
347109
347110
347111
347112
347113
347114
347115
347116
347117
347118
347119
347120
347121
347122
347123
347124
347125
347126
347153
347154
347155
347156
347157
347158
347159
347160
347161
347162
347163
347164
347165
347166
347167
347168
347169
347170
347171
347172
347173
347174
347175
347176
347177
347178
347180
347181
347182
347183
347184
347185
347186
347187
347188
347189
347190
347191
347192
347193
347194
347195
347196
347197
347198
347199
347200
347201
347202
347203
347204
347205
347206
347207
347208
347209
347210
347211
347212
347213
347214
347215
347216
347217
347218
347219
347220
347221
347222
347223
347224
347225
347226
347227
347228
347229
347230
347231
347232
347233
347234
347235
347236
347237
347238
347239
347240
347241
347242
347243
347244
347245
347246
347247
347248
347249
347250
347251
347252
347253
347255
347256
347283
347284
347285
347286
347287
347288
347289
347290
347291
347292
347293
347294
347295
347296
347297
347298
347299
347300
347301
347302
347303
347304
347305
347306
347307
347308
347335
347336
347337
347338
347339
347340
347341
347342
347343
347344
347345
347346
347347
347348
347349
347350
347351
347352
347353
347354
347355
347356
347357
347358
347359
347360
347362
347363
347364
347365
347366
347367
347368
347369
347370
347371
347372
347373
347374
347375
347376
347377
347378
347379
347380
347381
347382
347383
347384
347385
347386
347413
347414
347415
347416
347417
347418
347419
347420
347421
347422
347423
347424
347425
347426
347427
347428
347429
347430
347431
347432
347433
347434
347435
347436
347437
347438
347491
347492
347493
347494
347496
347497
347498
347499
347500
347501
347502
347503
347504
347505
347506
347507
347508
347509
347510
347511
347512
347513
347514
347515
347516
347569
347570
347571
347572
347573
347574
347575
347576
347578
347579
347580
347581
347582
347583
347584
347585
347586
347587
347588
347589
347590
347591
347592
347593
347594
347622
347623
347624
347625
347626
347627
347628
347629
347630
347631
347632
347633
347634
347636
347637
347638
347639
347640
347641
347643
347644
347645
347646
347647
347648
347649
347650
347651
347652
347653
347654
347655
347656
347657
347658
347659
347660
347661
347662
347663
347664
347665
347666
347667
347668
347669
347670
347671
347672
347673
347674
347675
347676
347677
347678
347679
347680
347681
347682
347683
347684
347686
347687
347688
347689
347690
347691
347692
347693
347694
347695
347696
347697
347698
347725
347726
347727
347728
347729
347730
347731
347732
347733
347734
347735
347736
347737
347738
347739
347740
347741
347742
347743
347744
347745
347746
347747
347748
347749
347750
347751
347752
347754
347755
347756
347757
347758
347759
347760
347761
347762
347763
347764
347765
347766
347767
347768
347769
347770
347771
347772
347773
347774
347775
347776
347803
347804
347805
347806
347807
347810
347811
347812
347813
347814
347815
347816
347817
347818
347819
347820
347821
347822
347823
347824
347825
347826
347828
347959
347960
347961
347962
347963
347964
347965
347966
347967
347968
347969
347970
347971
347972
347973
347974
347975
347976
347977
347978
347979
347980
347981
347982
347983
347984
347985
347986
347987
347988
347989
347990
347991
347992
347993
347994
347995
347996
347997
347998
347999
348000
348001
348002
348003
348004
348005
348006
348007
348008
348009
348010
348011
348012
348013
348014
348015
348016
