348018
348019
348020
348021
348022
348023
348024
348025
348026
348027
348028
348029
348030
348031
348032
348033
348034
348035
348036
348115
348116
348117
348118
348119
348120
348121
348122
348123
348124
348125
348126
348127
348128
348129
348130
348131
348132
348133
348134
348135
348136
348137
348138
348139
348140
348141
348142
348143
348144
348145
348146
348147
348148
348149
348150
348151
348152
348153
348154
348155
348156
348157
348158
348159
348160
348161
348162
348163
348164
348165
348166
348193
348194
348195
348196
348197
348198
348199
348200
348201
348202
348203
348204
348205
348206
348207
348208
348209
348210
348211
348212
348213
348214
348215
348216
348217
348218
348271
348272
348273
348274
348275
348276
348277
348278
348279
348280
348281
348282
348283
348284
348285
348286
348287
348288
348289
348290
348291
348292
348293
348294
348295
348296
348297
348298
348299
348300
348301
348302
348303
348304
348305
348306
348307
348308
348309
348310
348311
348312
348313
348314
348315
348316
348317
348318
348319
348320
348321
348322
348349
348350
348351
348352
348353
348354
348355
348356
348357
348358
348359
348360
348361
348362
348363
348364
348365
348366
348367
348368
348369
348370
348371
348372
348373
348374
348375
348376
348377
348378
348379
348380
348381
348382
348383
348384
348385
348386
348387
348388
348389
348390
348391
348392
348393
348394
348395
348396
348397
348398
348399
348400
348453
348454
348455
348456
348457
348458
348459
348460
348461
348462
348463
348464
348465
348466
348467
348468
348469
348470
348471
348472
348473
348474
348475
348476
348477
348478
348505
348506
348507
348508
348509
348510
348512
348513
348514
348515
348517
348518
348519
348521
348522
348523
348524
348525
348526
348527
348528
348529
348530
348532
348533
348534
348535
348536
348537
348538
348539
348540
348541
348542
348543
348544
348545
348546
348547
348548
348549
348550
348551
348552
348553
348554
348555
348556
348583
348584
348585
348586
348587
348588
348589
348590
348591
348592
348593
348594
348595
348596
348597
348598
348599
348600
348601
348602
348603
348604
348605
348606
348607
348608
348713
348714
348715
348716
348717
348718
348719
348720
348721
348722
348723
348724
348725
348726
348727
348728
348729
348730
348731
348732
348733
348734
348735
348736
348737
348738
348739
348740
348741
348742
348743
348744
348745
348746
348747
348748
348749
348750
348751
348752
348753
348754
348755
348756
348757
348758
348759
348761
348762
348763
348764
348765
348766
348767
348768
348769
348770
348771
348772
348773
348774
348775
348776
348777
348778
348779
348780
348781
348782
348783
348784
348785
348786
348787
348788
348789
348790
348895
348896
348897
348898
348899
348900
348901
348902
348903
348904
348905
348906
348907
348908
348909
348910
348911
348912
348913
348914
348915
348916
348917
348918
348919
348920
348921
348922
348923
348924
348925
348926
348927
348928
348929
348931
348933
348934
348935
348936
348937
348938
348939
348940
348941
348942
348943
348944
348945
348946
348947
348948
348949
348950
348951
348952
348953
348954
348955
348956
348957
348958
348959
348960
348961
348962
348963
348964
348965
348966
348967
348968
348969
348970
348971
348972
348973
348974
348975
348976
348978
348979
348980
348981
348982
348983
348984
348985
348986
348987
348988
348989
348990
348991
348992
348993
348994
348995
348996
348997
348998
349025
349026
349027
349028
349029
349030
349031
349032
349033
349034
349035
349036
349037
349038
349039
349040
349041
349042
349043
349044
349045
349046
349047
349048
349049
349050
349051
349052
349053
349054
349055
349056
349057
349058
349059
349060
349061
349062
349063
349064
349065
349066
349067
349068
349069
349070
349071
349072
349073
349074
349075
349076
349078
349079
349080
349081
349082
349083
349084
349085
349086
349087
349088
349089
349090
349091
349092
349093
349094
349095
349096
349097
349098
349099
349100
349101
349102
349129
349130
349131
349132
349133
349134
349135
349136
349137
349138
349139
349140
349141
349142
349143
349144
349145
349146
349147
349148
349149
349150
349151
349152
349153
349154
349155
349156
349157
349158
349159
349160
349161
349162
349163
349164
349165
349166
349167
349168
349169
349170
349171
349172
349173
349174
349175
349176
349177
349178
349179
349180
349181
349182
349183
349184
349185
349186
349187
349188
349189
349190
349191
349192
349193
349194
349195
349196
349197
349198
349199
349200
349201
349202
349203
349204
349205
349206
349207
349209
349210
349211
349212
349213
349214
349215
349216
349217
349218
349219
349220
349221
349222
349223
349224
349225
349226
349227
349228
349229
349230
349231
349232
349285
349286
349287
349288
349289
349290
349291
349292
349293
349294
349295
349296
349297
349298
349299
349300
349301
349302
349303
349304
349305
349306
349307
349308
349309
349310
349363
349364
349365
349366
349367
349368
349369
349370
349371
349372
349373
349374
349375
349376
349377
349378
349379
349380
349381
349382
349383
349384
349385
349386
349387
349388
