349415
349416
349417
349418
349419
349420
349421
349422
349423
349424
349425
349426
349427
349428
349429
349430
349431
349432
349433
349434
349435
349436
349437
349438
349439
349440
349467
349468
349469
349470
349471
349472
349473
349474
349475
349476
349477
349478
349479
349480
349481
349482
349483
349484
349485
349486
349487
349488
349489
349490
349491
349492
349493
349494
349495
349496
349497
349498
349499
349500
349501
349502
349503
349504
349505
349506
349507
349508
349509
349510
349511
349512
349513
349514
349515
349516
349517
349518
349623
349624
349625
349626
349627
349628
349629
349630
349631
349632
349633
349634
349635
349636
349637
349638
349639
349640
349641
349642
349643
349644
349645
349646
349647
349648
349650
349652
349653
349654
349655
349656
349657
349658
349659
349660
349661
349662
349663
349664
349665
349666
349667
349668
349669
349670
349671
349672
349673
349674
349701
349702
349703
349704
349705
349706
349707
349708
349709
349710
349711
349712
349713
349714
349715
349716
349717
349718
349719
349720
349721
349722
349723
349724
349725
349726
349727
349728
349729
349730
349731
349732
349733
349734
349735
349736
349737
349738
349739
349740
349741
349742
349743
349744
349745
349746
349747
349748
349749
349750
349751
349752
349805
349806
349807
349808
349809
349810
349811
349812
349813
349814
349815
349816
349817
349818
349819
349820
349821
349822
349823
349824
349825
349826
349827
349828
349829
349830
349909
349910
349911
349912
349913
349914
349915
349916
349917
349918
349919
349920
349921
349922
349923
349924
349925
349926
349927
349928
349929
349930
349931
349932
349933
349934
349935
349936
349938
349939
349940
349941
349942
349943
349944
349945
349946
349947
349948
349949
349950
349951
349952
349953
349954
349955
349956
349957
349958
349959
349960
349961
349962
349963
349964
349965
349966
349967
349968
349969
349970
349971
349972
349973
349974
349975
349976
349977
349978
349979
349980
349981
349982
349983
349984
349985
349986
349987
349988
349989
349990
349991
349992
349993
349994
349995
349996
349997
349998
349999
350000
350001
350002
350003
350004
350005
350006
350007
350008
350009
350010
350011
350012
350039
350040
350041
350042
350043
350044
350045
350046
350047
350048
350049
350050
350051
350052
350053
350054
350055
350056
350057
350058
350059
350060
350061
350062
350063
350064
350066
350067
350068
350069
350070
350071
350072
350073
350074
350075
350076
350077
350078
350079
350080
350081
350082
350083
350084
350085
350086
350087
350088
350089
350090
350117
350118
350119
350120
350121
350122
350123
350124
350125
350126
350127
350128
350129
350130
350131
350132
350133
350134
350135
350136
350137
350138
350139
350140
350141
350142
350169
350170
350171
350172
350173
350174
350175
350176
350177
350178
350179
350180
350181
350182
350183
350184
350185
350186
350187
350188
350189
350190
350191
350192
350193
350194
350196
350197
350198
350199
350200
350201
350202
350203
350204
350205
350206
350207
350208
350209
350210
350211
350212
350213
350214
350215
350216
350217
350218
350219
350220
350221
350222
350224
350225
350226
350227
350228
350229
350230
350231
350232
350233
350234
350235
350236
350237
350238
350239
350240
350241
350242
350243
350244
350245
350246
350299
350300
350301
350302
350303
350304
350305
350306
350307
350308
350309
350310
350311
350312
350313
350314
350315
350316
350317
350318
350319
350320
350321
350322
350323
350324
350325
350326
350327
350328
350329
350330
350331
350332
350333
350334
350335
350336
350337
350338
350339
350340
350341
350342
350343
350344
350345
350346
350347
350348
350349
350350
350377
350378
350379
350380
350381
350382
350383
350384
350385
350386
350387
350388
350389
350390
350391
350392
350393
350394
350395
350396
350397
350398
350399
350400
350401
350402
350403
350404
350405
350406
350408
350409
350410
350411
350412
350413
350414
350415
350416
350417
350418
350419
350420
350421
350422
350423
350424
350425
350426
350427
350428
350455
350456
350457
350458
350459
350460
350461
350462
350463
350464
350465
350466
350467
350468
350469
350470
350471
350472
350473
350474
350475
350476
350477
350478
350479
350480
350481
350482
350483
350484
350486
350487
350488
350489
350490
350491
350492
350493
350494
350495
350496
350497
350498
350499
350500
350501
350502
350503
350504
350505
350506
350585
350586
350587
350588
350589
350590
350591
350592
350593
350594
350595
350596
350597
350598
350599
350600
350601
350602
350603
350604
350605
350606
350607
350608
350609
350610
350611
350614
350615
350616
350617
350619
350620
350621
350622
350623
350624
350625
350626
350627
350628
350629
350630
350631
350632
350633
350634
350635
350636
350663
350664
350665
350666
350667
350668
350669
350670
350671
350672
350673
350674
350675
350676
350677
350678
350679
350680
350681
350682
350683
350684
350685
350686
350687
350688
350690
350691
350693
350694
350695
350696
350697
350698
350699
350700
350701
350702
350703
350704
350705
350706
350707
350708
350709
350710
350711
350712
350713
350714
350741
350742
350743
350744
350745
350746
350747
350748
350749
350750
350751
350752
350753
350754
350755
350756
350757
350758
350759
350760
350761
350762
350763
350764
350765
350766
350767
350768
350769
350770
350771
350773
350774
350775
350776
350777
350778
350779
350780
350781
350782
350783
350784
350785
350786
350787
350788
350789
350790
350791
350792
350793
350794
350795
350796
350797
350798
350799
350800
350801
350802
350803
350804
350805
350806
350807
350808
350809
350810
350811
350812
350813
350814
350815
350816
350817
350818
350819
350820
350821
350822
350823
350824
350825
350826
350827
350828
350829
350830
350831
350832
350833
350834
350835
350836
350837
350838
350839
350840
350841
350842
350843
350844
350871
350872
350873
350874
350875
350876
350877
350878
350879
350880
350881
350882
350883
350884
350885
350886
350887
350888
350889
350890
350891
350892
350893
350894
350895
350896
350897
350898
350899
350900
350901
350902
350903
350904
350905
350906
350907
350908
350909
350910
350911
350912
350913
350914
350915
350916
350917
350918
350919
350920
350921
350922
350923
350924
350925
350926
350927
350928
350929
350930
350931
350932
350933
350934
350935
350936
350937
350938
350939
350940
350941
350942
350943
350944
350945
350946
350947
350948
351053
351054
351055
351056
351057
351058
351059
351060
351061
351062
351063
351064
351065
351066
351067
351068
351069
351070
351071
351072
351073
351074
351075
351076
351077
351078
351105
351106
351107
351108
351109
351110
351111
351112
351113
351114
351115
351116
351117
351118
351119
351120
351121
351122
351123
351124
351125
351126
351127
351128
351129
351130
351209
351210
351211
351212
351213
351214
351215
351216
351217
351218
351219
351220
351221
351222
351223
351224
351225
351226
351227
351228
351229
351230
351231
351232
351233
351234
351261
351262
351263
351264
351265
351266
351267
351268
351269
351270
351271
351272
351273
351274
351275
351276
351277
351278
351279
351280
351281
351282
351283
351284
351285
351286
351287
351289
351290
351291
351292
351293
351294
351295
351296
351297
351298
351299
351300
351301
351302
351303
351304
351305
351306
351307
351308
351309
351310
351311
351312
351339
351340
351341
351342
351343
351344
351345
351346
351347
351348
351349
351350
351351
351352
351353
351354
351355
351356
351357
351358
351359
351360
351361
351362
351363
351364
351365
351366
351368
351369
351370
351371
351372
351373
351374
351375
351376
351377
351378
351379
351380
351381
351382
351383
351384
351385
351386
351387
351388
351389
351390
351443
351444
351445
351446
351447
351448
351449
351450
351451
351452
351453
351454
351455
351456
351457
351458
351459
351460
351461
351462
351463
351464
351465
351466
351467
351468
351495
351496
351497
351498
351499
351500
351501
351502
351503
351504
351505
351506
351507
351508
351509
351510
351511
351512
351513
351514
351515
351516
351517
351518
351519
351520
351573
351574
351575
351576
351577
351578
351579
351580
351581
351582
351583
351584
351585
351586
351587
351588
351589
351590
351591
351592
351593
351594
351595
351596
351597
351598
351600
351601
351602
351603
351604
351605
351606
351607
351608
351609
351610
351611
351612
351613
351614
351615
351616
351617
351618
351619
351620
351621
351622
351623
351624
351625
351626
351627
351628
351629
351630
351631
351632
351633
351634
351635
351636
351637
351638
351639
351640
351641
351642
351643
351644
351645
351646
351647
351648
351649
351650
351651
351652
351653
351654
351655
351656
351657
351658
351659
351660
351661
351662
351663
351664
351665
351666
351667
351668
351669
351670
351671
351672
351673
351674
351675
351676
351703
351704
351705
351706
351707
351708
351709
351710
351711
351712
351713
351714
351715
351716
351717
351718
351719
351720
351721
351722
351723
351724
351725
351726
351727
351728
351729
351730
351731
351732
351733
351734
351735
351736
351737
351738
351739
351740
351741
351742
351743
351744
351745
351746
351747
351748
351749
351750
351751
351752
351753
351754
351756
351757
351758
351759
351760
351761
351762
351763
351764
351765
351766
351767
351768
351769
351770
351771
351772
351773
351774
351775
351776
351777
351778
351779
351780
351781
351783
351785
351786
351787
351788
351789
351790
351791
351792
351793
351794
351795
351796
351797
351798
351799
351800
351801
351802
351803
351804
351805
351806
351989
351990
351991
351992
351993
351994
351995
351996
351997
351998
351999
352000
352001
352002
352003
352004
352005
352006
352007
352008
352009
352010
352011
352012
352013
352014
352041
352042
352043
352044
352045
352046
352047
352048
352049
352050
352051
352052
352053
352054
352055
352056
352057
352058
352059
352060
352061
352062
352063
352064
352065
352066
352068
352069
352070
352071
352072
352073
352074
352075
352076
352077
352078
352079
352080
352081
352082
352083
352084
352085
352086
352087
352088
352089
352090
352091
352092
352119
352120
352121
352122
352123
352124
352125
352126
352127
352128
352129
352130
352131
352132
352133
352134
352135
352136
352137
352138
352139
352140
352141
352142
352143
352144
352223
352224
352225
352226
352227
352228
352229
352230
352231
352232
352233
352234
352235
352236
352237
352238
352239
352240
352241
352242
352243
352244
352245
352246
352247
352248
352249
352250
352251
352252
352253
352254
352255
352256
352257
352258
352259
352260
352261
352262
352263
352264
352265
352266
352267
352268
352269
352270
352271
352272
352273
352274
352379
352380
352381
352382
352383
352384
352385
352386
352387
352388
352389
352390
352391
352392
352393
352394
352395
352396
352397
352398
352399
352400
352401
352402
352403
352404
352431
352432
352433
352434
352435
352436
352437
352438
352439
352440
352441
352442
352443
352444
352445
352446
352447
352448
352449
352450
352451
352452
352453
352454
352455
352456
352457
352459
352460
352461
352462
352463
352464
352465
352466
352467
352468
352469
352470
352471
352472
352473
352474
352475
352476
352477
352478
352479
352480
352481
352482
352485
352486
352487
352488
352489
352490
352491
352492
352493
352494
352495
352496
352497
352498
352499
352500
352501
352502
352503
352504
352505
352506
352507
352508
352535
352536
352537
352538
352539
352540
352541
352542
352543
352544
352545
352546
352547
352548
352549
352550
352551
352552
352553
352554
352555
352556
352557
352558
352559
352560
352561
352562
352563
352564
352566
352568
352570
352571
352572
352573
352574
352575
352576
352577
352578
352579
352580
352581
352582
352583
352584
352585
352586
352613
352614
352615
352616
352617
352618
352619
352620
352621
352622
352623
352624
352625
352626
352627
352628
352629
352630
352631
352632
352633
352634
352635
352636
352637
352638
352639
352640
352641
352642
352643
352644
352645
352646
352647
352648
352649
352650
352651
352652
352653
352654
352655
352656
352657
352658
352659
352660
352661
352662
352663
352664
352717
352718
352719
352720
352721
352722
352723
352724
352725
352726
352727
352729
352730
352731
352732
352734
352735
352736
352737
352738
352739
352740
352741
352742
352821
352822
352823
352824
352825
352826
352827
352828
352829
352830
352831
352832
352833
352834
352835
352836
352837
352839
352840
352841
352842
352843
352844
352845
352846
352847
352848
352849
352850
352851
352852
352853
352854
352855
352856
352857
352858
352859
352860
352861
352862
352863
352864
352865
352866
352867
352868
352869
352870
352871
352872
352899
352900
352901
352902
352903
352904
352905
352906
352907
352908
352909
352910
352911
352912
352913
352914
352915
352916
352917
352918
352919
352920
352921
352922
352923
352924
352925
352927
352928
352929
352930
352931
352932
352935
352936
352937
352938
352939
352940
352941
352942
352943
352944
352945
352946
352947
352948
352949
352950
352977
352978
352979
352980
352981
352982
352983
352984
352985
352986
352987
352988
352989
352990
352991
352992
352993
352994
352995
352996
352997
352998
352999
353000
353001
353002
353055
353056
353057
353058
353059
353060
353061
353062
353063
353064
353065
353066
353067
353068
353069
353070
353071
353073
353074
353075
353076
353077
353078
353079
353080
353133
353134
353135
353137
353138
353139
353140
353141
353142
353143
353144
353145
353146
353147
353148
353149
353150
353151
353152
353153
353154
353155
353156
353157
353158
353185
353186
353187
353188
353189
353190
353191
353192
353193
353195
353196
353197
353198
353199
353200
353202
353203
353204
353205
353206
353207
353208
353209
353210
353263
353264
353265
353266
353268
353269
353270
353271
353272
353273
353274
353275
353276
353277
353278
353279
353280
353281
353282
353283
353284
353285
353286
353287
353288
353291
353292
353293
353294
353295
353296
353297
353298
353299
353300
353301
353302
353303
353304
353305
353306
353307
353308
353309
353310
353311
353312
353313
353314
353315
353316
353317
353318
353319
353320
353321
353322
353323
353324
353325
353326
353327
353328
353329
353330
353331
353332
353333
353334
353335
353337
353338
353339
353340
353341
353342
353343
353344
353346
353347
353348
353349
353350
353351
353352
353353
353354
353355
353356
353357
353358
353359
353360
353361
353363
353364
353365
353366
353393
353394
353395
353396
353397
353398
353399
353400
353401
353402
353403
353404
353405
353406
353407
353408
353409
353410
353411
353412
353413
353414
353415
353416
353417
353418
353419
353420
353421
353422
353423
353424
353425
353426
353427
353428
353429
353430
353431
353432
353433
353434
353435
353436
353437
353438
353439
353440
353441
353442
353443
353444
353471
353472
353473
353474
353475
353476
353477
353478
353479
353480
353481
353482
353483
353484
353485
353486
353487
353488
353489
353490
353491
353492
353493
353494
353495
353496
353498
353499
353500
353501
353502
353503
353504
353505
353506
353507
353508
353509
353510
353511
353512
353513
353514
353515
353516
353517
353518
353519
353520
353521
353522
353549
353550
353551
353552
353553
353554
353555
353556
353557
353558
353559
353560
353561
353562
353563
353564
353565
353566
353567
353568
353569
353570
353571
353572
353573
353574
353705
353706
353707
353708
353709
353710
353711
353712
353713
353714
353715
353716
353717
353718
353719
353720
353721
353722
353723
353724
353725
353726
353727
353728
353729
353730
353757
353758
353759
353760
353761
353762
353763
353764
353765
353766
353767
353768
353769
353770
353771
353772
353773
353774
353775
353776
353777
353778
353779
353780
353781
353782
353809
353810
353811
353812
353813
353814
353815
353816
353817
353818
353819
353820
353821
353822
353823
353824
353825
353826
353827
353828
353829
353830
353831
353832
353833
353834
353835
353836
353837
353838
353839
353840
353841
353842
353843
353844
353845
353846
353847
353848
353849
353850
353851
353852
353853
353854
353855
353856
353857
353858
353859
353860
353887
353888
353889
353890
353891
353892
353893
353894
353895
353896
353897
353898
353899
353900
353901
353902
353903
353904
353905
353906
353907
353908
353909
353910
353911
353912
353939
353940
353941
353942
353943
353944
353945
353946
353947
353948
353949
353950
353951
353952
353953
353954
353955
353956
353957
353958
353959
353960
353961
353962
353963
353964
353991
353992
353993
353994
353995
353996
353997
353998
353999
354000
354001
354002
354003
354004
354005
354006
354007
354008
354009
354010
354011
354012
354013
354014
354015
354016
354017
354018
354019
354020
354021
354022
354023
354024
354025
354026
354027
354028
354029
354030
354031
354032
354033
354034
354035
354036
354037
354038
354039
354040
354041
354042
354044
354045
354046
354047
354048
354049
354050
354051
354052
354053
354054
354055
354056
354057
354058
354059
354060
354061
354062
354063
354064
354065
354066
354067
354068
354095
354096
354097
354098
354099
354100
354101
354102
354103
354104
354105
354106
354107
354108
354109
354110
354111
354112
354113
354114
354115
354116
354117
354118
354119
354120
354199
354200
354201
354202
354203
354204
354205
354206
354207
354208
354209
354210
354211
354212
354213
354214
354215
354216
354217
354218
354219
354220
354221
354222
354223
354224
354225
354226
354229
354231
354232
354233
354234
354236
354237
354239
354240
354241
354242
354243
354244
354245
354246
354247
354248
354249
354250
354277
354278
354279
354280
354281
354282
354283
354284
354285
354286
354288
354289
354290
354291
354292
354293
354294
354295
354296
354297
354298
354299
354300
354301
354302
354303
354304
354308
354309
354310
354311
354313
354315
354316
354317
354318
354319
354320
354321
354322
354323
354324
354325
354326
354328
