354355
354356
354357
354358
354359
354360
354361
354362
354363
354364
354365
354366
354367
354368
354369
354370
354371
354372
354373
354374
354375
354376
354377
354378
354379
354380
354511
354512
354513
354514
354515
354516
354517
354518
354519
354520
354521
354522
354524
354525
354526
354527
354528
354529
354530
354531
354532
354533
354534
354535
354536
354537
354538
354539
354540
354541
354542
354543
354544
354545
354546
354547
354548
354549
354550
354551
354552
354553
354554
354555
354556
354557
354558
354559
354560
354561
354562
354563
354564
354565
354566
354567
354568
354569
354570
354571
354572
354573
354574
354575
354576
354577
354578
354579
354580
354581
354582
354583
354584
354585
354586
354587
354588
354589
354590
354591
354592
354593
354594
354595
354596
354597
354598
354599
354600
354601
354602
354603
354604
354605
354606
354607
354608
354609
354610
354611
354612
354613
354614
354615
354616
354617
354618
354619
354620
354621
354622
354623
354624
354625
354626
354627
354628
354629
354630
354631
354632
354633
354634
354635
354636
354637
354638
354639
354640
354667
354668
354669
354670
354671
354672
354673
354674
354675
354676
354677
354678
354679
354680
354681
354682
354683
354684
354685
354686
354687
354688
354689
354690
354691
354692
354693
354694
354695
354696
354697
354698
354699
354700
354701
354702
354703
354704
354705
354706
354707
354708
354709
354710
354711
354712
354713
354714
354715
354716
354717
354718
354745
354746
354747
354748
354749
354750
354751
354752
354753
354754
354755
354756
354757
354758
354759
354760
354761
354762
354763
354764
354765
354766
354767
354768
354769
354770
354797
354798
354799
354800
354801
354802
354803
354804
354805
354806
354807
354808
354809
354810
354811
354812
354813
354814
354815
354816
354817
354818
354819
354820
354821
354822
354824
354825
354826
354827
354828
354829
354830
354831
354832
354833
354834
354835
354836
354838
354839
354840
354841
354842
354843
354844
354845
354846
354847
354848
354850
354851
354852
354853
354854
354855
354856
354857
354858
354859
354860
354861
354862
354863
354864
354865
354866
354867
354868
354869
354870
354871
354872
354873
354874
354953
354954
354955
354956
354957
354958
354959
354960
354961
354962
354963
354964
354965
354966
354967
354968
354969
354970
354971
354972
354973
354974
354975
354976
354977
354978
354979
354980
354981
354982
354983
354984
354985
354986
354987
354988
354989
354990
354991
354992
354993
354994
354995
354996
354997
354998
354999
355000
355001
355002
355003
355004
355083
355084
355085
355086
355087
355088
355089
355090
355091
355092
355093
355094
355095
355096
355097
355098
355099
355100
355101
355102
355103
355104
355105
355106
355107
355108
355135
355136
355137
355138
355139
355140
355141
355142
355143
355144
355145
355146
355147
355148
355149
355150
355151
355152
355153
355154
355155
355156
355157
355158
355159
355160
355161
355162
355163
355164
355165
355166
355167
355168
355169
355170
355171
355172
355173
355174
355175
355176
355177
355178
355179
355180
355181
355182
355183
355184
355185
355186
355213
355214
355215
355216
355217
355218
355219
355220
355221
355222
355223
355224
355225
355226
355227
355228
355229
355230
355231
355232
355233
355234
355235
355236
355237
355238
355239
355240
355241
355242
355243
355244
355245
355246
355247
355248
355249
355250
355251
355252
355253
355254
355255
355256
355257
355258
355259
355260
355261
355262
355263
355264
355291
355292
355293
355294
355295
355296
355297
355298
355299
355300
355301
355302
355303
355304
355305
355306
355307
355308
355309
355310
355311
355312
355313
355314
355315
355316
355318
355319
355320
355321
355322
355323
355324
355325
355326
355327
355328
355329
355330
355331
355332
355333
355334
355335
355336
355337
355338
355339
355340
355341
355342
355369
355370
355371
355372
355373
355374
355375
355376
355377
355378
355379
355380
355381
355382
355383
355384
355385
355386
355387
355388
355389
355390
355391
355392
355393
355394
355395
355396
355397
355398
355399
355400
355401
355402
355403
355404
355405
355406
355407
355408
355409
355410
355411
355412
355413
355414
355415
355416
355417
355418
355419
355420
355473
355474
355475
355476
355477
355478
355479
355480
355481
355482
355483
355484
355485
355486
355487
355488
355489
355490
355491
355492
355493
355494
355495
355496
355497
355498
355525
355526
355527
355528
355529
355530
355531
355532
355533
355534
355535
355536
355537
355538
355539
355540
355541
355542
355543
355544
355545
355546
355547
355548
355549
355550
355577
355578
355579
355580
355581
355582
355583
355584
355585
355586
355587
355588
355589
355590
355591
355592
355593
355594
355595
355596
355597
355598
355599
355600
355601
355602
355655
355656
355657
355658
355659
355660
355661
355662
355663
355664
355665
355666
355667
355668
355669
355670
355671
355672
355673
355674
355675
355676
355677
355678
355679
355680
355707
355708
355709
355710
355711
355712
355713
355714
355715
355716
355717
355718
355719
355720
355721
355722
355723
355724
355725
355726
355727
355728
355729
355730
355731
355732
355785
355786
355787
355788
355789
355790
355791
355792
355793
355794
355795
355796
355797
355798
355799
355800
355801
355802
355803
355804
355805
355806
355807
355808
355809
355810
355811
355812
355814
355816
355817
355818
355819
355820
355821
355822
355823
355824
355825
355826
355827
355828
355829
355830
355831
355832
355833
355834
355835
355836
355915
355916
355917
355918
355919
355920
355921
355922
355923
355924
355925
355926
355927
355928
355929
355930
355931
355932
355933
355934
355935
355936
355937
355938
355939
355940
355941
355942
355943
355944
355945
355946
355947
355948
355949
355950
355951
355952
355953
355954
355955
355956
355957
355958
355959
355960
355961
355962
355963
355964
355965
355966
355993
355994
355995
355996
355997
355998
355999
356000
356001
356002
356003
356004
356005
356006
356007
356008
356009
356010
356011
356012
356013
356014
356015
356016
356017
356018
356019
356020
356022
356023
356024
356025
356026
356027
356028
356029
356030
356031
356032
356033
356034
356035
356036
356037
356038
356039
356040
356041
356042
356043
356044
356071
356072
356073
356074
356075
356076
356077
356078
356079
356080
356082
356083
356084
356085
356086
356087
356088
356089
356090
356091
356092
356093
356094
356095
356096
356123
356124
356125
356126
356127
356128
356129
356130
356131
356132
356133
356134
356135
356136
356137
356138
356139
356140
356141
356142
356143
356144
356145
356146
356147
356148
356149
356150
356151
356152
356153
356154
356155
356156
356157
356158
356159
356160
356161
356162
356163
356164
356165
356166
356167
356168
356169
356170
356171
356172
356173
356174
356201
356202
356203
356204
356205
356206
356207
356208
356209
356210
356211
356212
356213
356214
356215
356216
356217
356218
356219
356220
356221
356222
356223
356224
356225
356226
356227
356228
356229
356230
356231
356232
356233
356234
356235
356236
356237
356238
356239
356240
356241
356242
356243
356244
356245
356246
356247
356248
356249
356250
356251
356252
356253
356254
356255
356256
356257
356258
356259
356260
356261
356262
356263
356264
356265
356266
356267
356268
356269
356270
356271
356272
356273
356274
356275
356276
356277
356278
356305
356306
356307
356308
356309
356310
356311
356312
356313
356314
356315
356316
356317
356318
356319
356320
356321
356322
356323
356324
356325
356326
356327
356328
356329
356330
356539
356540
356541
356542
356543
356544
356545
356546
356547
356548
356550
356551
356552
356553
356554
356555
356556
356557
356558
356559
356560
356561
356562
356563
356564
356565
356566
356567
356568
356569
356570
356571
356572
356573
356574
356575
356576
356577
356578
356579
356580
356581
356582
356583
356584
356585
356586
356587
356588
356589
356590
356669
356670
356671
356672
356673
356674
356675
356676
356677
356678
356679
356680
356681
356682
356683
356684
356685
356686
356687
356688
356689
356690
356691
356692
356693
356694
356695
356696
356697
356698
356699
356700
356701
356702
356703
356704
356705
356706
356707
356708
356709
356710
356711
356712
356713
356714
356715
356716
356717
356718
356719
356720
356773
356774
356775
356776
356777
356778
356779
356780
356781
356782
356783
356784
356785
356786
356787
356788
356789
356790
356791
356792
356793
356794
356795
356796
356797
356798
356851
356852
356853
356854
356855
356856
356857
356858
356859
356860
356861
356862
356863
356864
356865
356866
356867
356868
356869
356870
356871
356872
356873
356874
356875
356876
356903
356904
356905
356906
356907
356908
356909
356910
356911
356912
356913
356914
356915
356916
356917
356918
356919
356920
356921
356922
356923
356924
356925
356926
356927
356928
356929
356930
356931
356932
356933
356934
356935
356936
356937
356938
356939
356940
356941
356942
356943
356944
356945
356946
356947
356948
356949
356950
356951
356952
356953
356954
357033
357034
357035
357036
357037
357038
357039
357040
357041
357042
357043
357044
357045
357046
357047
357048
357049
357050
357051
357052
357053
357054
357055
357056
357057
357058
357137
357138
357139
357140
357141
357142
357143
357144
357145
357146
357147
357148
357149
357150
357151
357152
357153
357154
357155
357156
357157
357158
357159
357160
357161
357162
357164
357165
357166
357167
357168
357169
357170
357171
357172
357173
357174
357175
357176
357177
357178
357179
357180
357181
357182
357183
357184
357185
357186
357187
357188
357267
357268
357270
357271
357272
357273
357274
357275
357276
357277
357278
357279
357280
357281
357282
357283
357284
357285
357286
357287
357288
357289
357290
357291
357292
357319
357320
357321
357322
357323
357324
357325
357326
357327
357328
357329
357330
357331
357332
357333
357334
357335
357336
357337
357338
357339
357340
357341
357342
357343
357344
357371
357372
357373
357374
357375
357376
357377
357378
357379
357380
357381
357382
357383
357384
357385
357386
357387
357389
357390
357391
357392
357393
357394
357395
357396
357449
357450
357451
357452
357453
357454
357455
357456
357457
357458
357459
357460
357461
357462
357463
357464
357465
357466
357467
357468
357469
357470
357471
357472
357473
357474
357475
357479
357480
357482
357483
357484
357485
357486
357487
357488
357489
357490
357491
357492
357493
357494
357495
357496
357497
357498
357499
357500
357504
357505
357506
357507
357508
357509
357510
357511
357512
357513
357514
357515
357516
357517
357518
357519
357520
357521
357522
357523
357524
357525
357526
357553
357554
357555
357556
357557
357558
357559
357560
357561
357562
357563
357564
357565
357566
357567
357568
357569
357570
357571
357572
357573
357574
357575
357576
357577
357578
357579
357580
357581
357582
357583
357584
357585
357586
357587
357588
357589
357590
357591
357592
357594
357595
357596
357597
357598
357599
357600
357601
357602
357603
357604
357657
357658
357659
357660
357661
357662
357663
357664
357665
357666
357667
357668
357669
357670
357671
357672
357673
357674
357675
357676
357677
357678
357679
357680
357681
357682
357761
357762
357763
357764
357765
357766
357767
357768
357769
357770
357771
357772
357773
357774
357775
357776
357777
357778
357779
357780
357781
357782
357783
357784
357785
357786
357943
357944
357945
357946
357947
357948
357949
357950
357951
357952
357953
357954
357955
357956
357957
357958
357959
357960
357961
357962
357963
357964
357965
357966
357967
357968
357969
357970
357971
357972
357973
357974
357975
357976
357977
357978
357979
357980
357981
357982
357983
357984
357985
357986
357987
357988
357989
357990
357991
357992
357993
357994
357995
357996
357997
357999
358000
358001
358002
358003
358004
358005
358006
358007
358008
358009
358010
358011
358012
358013
358014
358015
358016
358017
358018
358019
358020
358022
358023
358024
358025
358026
358027
358028
358029
358030
358031
358032
358033
358034
358035
358036
358037
358038
358039
358040
358041
358042
358043
358044
358045
358046
358073
358074
358075
358076
358077
358078
358079
358080
358081
358082
358083
358084
358085
358086
358087
358088
358089
358090
358091
358092
358093
358094
358095
358096
358097
358098
358177
358179
358180
358181
358182
358183
358184
358185
358186
358187
358188
358189
358190
358191
358192
358193
358194
358195
358196
358197
358198
358199
358201
358202
358255
358256
358257
358258
358259
358260
358261
358262
358263
358264
358265
358268
358269
358271
358272
358273
358274
358275
358276
358277
358278
358279
358280
358307
358308
358309
358310
358311
358312
358313
358314
358315
358316
358317
358318
358319
358320
358321
358322
358323
358324
358325
358326
358327
358329
358330
358331
358332
358333
358334
358335
358336
358337
358338
358339
358340
358341
358342
358343
358344
358345
358346
358347
358348
358349
358350
358352
358353
358354
358355
358356
358357
358358
358359
358360
358361
358362
358363
358364
358365
358366
358367
358368
358369
358370
358371
358372
358374
358375
358376
358377
358378
358379
358380
358381
358382
358383
358384
358387
358388
358389
358390
358391
358392
358393
358394
358395
358396
358397
358398
358399
358400
358401
358402
358403
358404
358406
358407
358408
358409
358410
358412
358413
358414
358415
358416
358417
358418
358419
358420
358421
358422
358423
358424
358425
358426
358427
358428
358429
358430
358431
358432
358433
358434
358435
358436
358489
358490
358491
358492
358493
358494
358495
358496
358497
358498
358499
358500
358501
358502
358503
358505
358506
358507
358508
358509
358510
358511
358512
358513
358514
358671
358672
358673
358674
358675
358676
358677
358678
358679
358680
358681
358682
358683
358684
358685
358686
358687
358688
358689
358690
358691
358692
358693
358694
358695
358696
358697
358698
358699
358700
358701
358702
358703
358704
358705
358706
358707
358708
358709
358710
358711
358712
358713
358714
358715
358716
358717
358718
358719
358720
358721
358722
358723
358724
358725
358726
358727
358728
358729
358730
358731
358732
358733
358734
358735
358736
358737
358738
358739
358740
358741
358742
358743
358744
358745
358746
358747
358748
358749
358750
358751
358752
358753
358754
358755
358756
358757
358758
358759
358760
358761
358762
358763
358764
358765
358766
358767
358768
358769
358770
358771
358772
358773
358774
358775
358776
358777
358778
358779
358780
358781
358782
358783
358784
358785
358786
358787
358788
358789
358790
358791
358792
358793
358794
358795
358796
358797
358798
358799
358800
358801
358803
358804
358805
358806
358807
358808
358809
358810
358811
358812
358813
358814
358815
358816
358817
358818
358819
358820
358821
358822
358823
358824
358825
358826
358879
358880
358881
358882
358883
358884
358885
358886
358887
358888
358889
358890
358891
358892
358893
358894
358895
358896
358897
358898
358899
358900
358901
358902
358903
358904
358905
358906
358907
358908
358909
358910
358911
358912
358913
358914
358915
358916
358917
358918
358919
358920
358921
358922
358923
358924
358925
358926
358927
358928
358929
358930
358957
358958
358959
358960
358961
358962
358963
358964
358965
358966
358967
358968
358969
358970
358971
358972
358973
358974
358975
358976
358977
358978
358979
358980
358981
358982
358983
358984
358985
358986
358987
358988
358989
358990
358991
358992
358993
358994
358995
358996
358997
358998
358999
359000
359001
359002
359003
359004
359005
359006
359007
359008
359010
359011
359012
359013
359014
359015
359016
359017
359018
359019
359020
359021
359022
359023
359024
359025
359026
359027
359028
359029
359030
359031
359032
359033
359034
359061
359062
359063
359064
359065
359066
359067
359068
359069
359070
359071
359072
359073
359074
359075
359076
359077
359078
359079
359080
359081
359082
359083
359084
359085
359086
359087
359089
359090
359091
359092
359093
359094
359095
359096
359097
359098
359099
359100
359101
359102
359103
359104
359105
359106
359107
359108
359109
359110
359111
359112
359115
359116
359117
359118
359120
359121
359122
359124
359125
359126
359127
359128
359129
359130
359131
359133
359134
359135
359136
359137
359191
359192
359193
359194
359195
359196
359197
359198
359199
359200
359201
359202
359203
359204
359205
359206
359207
359208
359209
359210
359211
359212
359213
359214
359218
359219
359221
359222
359223
359224
359225
359226
359227
359228
359229
359230
359231
359232
359233
359235
359236
359237
359239
359240
359241
359242
